#              distance                     U_x                     U_y                     U_z                       T
                      0  -5.961969188977887e-19   3.139823951787167e-22                       0       299.9986642912788
  0.0003906250000000001  -3.371133410891428e-05    6.99649575603642e-08                       0       299.9986642912771
  0.0007812500000000004  -6.742266821782895e-05   1.399299151207305e-07                       0       299.9986642912781
   0.001171875000000001  -0.0001011340023267435   2.098948726810958e-07                       0       299.9986642912787
   0.001562500000000001  -0.0001258846005833539   4.216215411570322e-07                       0       299.9986645020511
            0.001953125  -0.0001483950148768891   6.687886373618629e-07                       0       299.9986647655186
   0.002343750000000001  -0.0001709054291704243   9.159557335666943e-07                       0       299.9986650289863
   0.002734375000000001  -0.0001934158434639595   1.163122829771518e-06                       0       299.9986652924537
   0.003125000000000001  -0.0002159262577574948    1.41028992597635e-06                       0       299.9986655559212
            0.003515625    -0.00023843667205103   1.657457022181182e-06                       0       299.9986658193887
             0.00390625  -0.0002574992342672039   1.946783979177455e-06                       0       299.9986648881772
            0.004296875  -0.0002713900183673356   2.299350727360892e-06                       0       299.9986621649469
   0.004687500000000001  -0.0002852808024674673   2.651917475544327e-06                       0       299.9986594417167
   0.005078125000000001   -0.000299171586567599   3.004484223727754e-06                       0       299.9986567184864
   0.005468750000000001  -0.0003130623706677307   3.357050971911215e-06                       0       299.9986539952561
   0.005859375000000001  -0.0003269531547678624   3.709617720094637e-06                       0       299.9986512720258
   0.006250000000000001   -0.000340843938867994   4.062184468278077e-06                       0       299.9986485487955
   0.006640625000000001  -0.0003485071968261796   4.444962563641575e-06                       0       299.9986472105784
   0.007031250000000001  -0.0003561704547843651   4.827740659005074e-06                       0       299.9986458723613
   0.007421875000000001  -0.0003638337127425507   5.210518754368572e-06                       0       299.9986445341441
   0.007812500000000002  -0.0003714969707007363   5.593296849732067e-06                       0       299.9986431959271
            0.008203125  -0.0003791602286589219   5.976074945095571e-06                       0         299.99864185771
   0.008593750000000002  -0.0003868234866171075   6.358853040459108e-06                       0       299.9986405194929
   0.008984375000000003  -0.0003918563126388771    6.72683316623587e-06                       0       299.9986411646893
   0.009375000000000001  -0.0003951355173697026   7.084947978954849e-06                       0       299.9986431321612
            0.009765625  -0.0003984147221005282   7.443062791673829e-06                       0       299.9986450996333
             0.01015625  -0.0004016939268313539   7.801177604392805e-06                       0       299.9986470671054
            0.010546875  -0.0004049731315621794   8.159292417111788e-06                       0       299.9986490345775
              0.0109375   -0.000408252336293005   8.517407229830774e-06                       0       299.9986510020494
            0.011328125  -0.0004109288479479724   8.864499340978881e-06                       0        299.998653721505
             0.01171875  -0.0004111945872995071   9.167500645843469e-06                       0       299.9986594488947
            0.012109375  -0.0004114603266510419   9.470501950708062e-06                       0       299.9986651762844
                 0.0125  -0.0004117260660025767   9.773503255572649e-06                       0       299.9986709036741
            0.012890625  -0.0004119918053541116   1.007650456043726e-05                       0       299.9986766310639
             0.01328125  -0.0004122575447056464   1.037950586530188e-05                       0       299.9986823584536
            0.013671875  -0.0004125232840571811   1.068250717016643e-05                       0       299.9986880858433
              0.0140625  -0.0004111717493603245   1.092777869199593e-05                       0       299.9986965485825
            0.014453125  -0.0004094158961513698   1.115861776806657e-05                       0        299.998705695159
             0.01484375  -0.0004076600429424152   1.138945684413722e-05                       0       299.9987148417355
            0.015234375  -0.0004059041897334606   1.162029592020787e-05                       0       299.9987239883121
               0.015625   -0.000404148336524506   1.185113499627855e-05                       0       299.9987331348886
    0.01601562500000001  -0.0004023924833155532    1.20819740723493e-05                       0       299.9987422814664
             0.01640625  -0.0004001077470649701   1.228133110629105e-05                       0       299.9987525172596
            0.016796875  -0.0003970296862519491   1.243346507703959e-05                       0        299.998764386881
              0.0171875   -0.000393951625438928   1.258559904778814e-05                       0       299.9987762565025
            0.017578125  -0.0003908735646259071   1.273773301853669e-05                       0       299.9987881261241
    0.01796875000000001   -0.000387795503812886   1.288986698928527e-05                       0       299.9987999957456
            0.018359375  -0.0003847174429998678   1.304200096003392e-05                       0       299.9988118653694
                0.01875  -0.0003816393821868443   1.319413493078236e-05                       0       299.9988237349889
            0.019140625   -0.000377720698518002   1.326870840044096e-05                       0       299.9988375452668
             0.01953125  -0.0003738020148491587   1.334328187009951e-05                       0       299.9988513555439
    0.01992187500000001  -0.0003698833311803161   1.341785533975806e-05                       0       299.9988651658217
              0.0203125  -0.0003659646475114746   1.349242880941672e-05                       0       299.9988789761003
    0.02070312500000001  -0.0003620459638426353   1.356700227907538e-05                       0       299.9988927863808
             0.02109375  -0.0003581272801737901   1.364157574873382e-05                       0       299.9989065966562
            0.021484375  -0.0003538991113130232   1.367330818854453e-05                       0       299.9989211394276
    0.02187500000000001  -0.0003494646189909725      1.367647994179e-05                       0       299.9989361705274
            0.022265625  -0.0003450301266689231   1.367965169503546e-05                       0       299.9989512016282
             0.02265625  -0.0003405956343468738   1.368282344828095e-05                       0       299.9989662327291
            0.023046875  -0.0003361611420248244   1.368599520152646e-05                       0       299.9989812638299
              0.0234375  -0.0003317266497027749   1.368916695477197e-05                       0       299.9989962949307
            0.023828125  -0.0003272320260588764   1.367984467247627e-05                       0       299.9990114524097
             0.02421875  -0.0003224968771275809   1.362054624801574e-05                       0        299.999027115401
            0.024609375  -0.0003177617281962853   1.356124782355521e-05                       0       299.9990427783924
                  0.025    -0.00031302657926499   1.350194939909467e-05                       0       299.9990584413839
            0.025390625  -0.0003082914303336943   1.344265097463417e-05                       0        299.999074104375
    0.02578125000000001  -0.0003035562814023991   1.338335255017367e-05                       0       299.9990897673669
            0.026171875  -0.0002988211324711064   1.332405412571325e-05                       0       299.9991054303609
              0.0265625  -0.0002939575228069546    1.32227726879503e-05                       0       299.9991212472193
            0.026953125  -0.0002890617979595908   1.311099549686183e-05                       0       299.9991371025466
             0.02734375  -0.0002841660731122279   1.299921830577336e-05                       0       299.9991529578746
    0.02773437500000001  -0.0002792703482648649   1.288744111468489e-05                       0       299.9991688132029
               0.028125   -0.000274374623417502   1.277566392359643e-05                       0       299.9991846685309
            0.028515625  -0.0002694788985701391   1.266388673250796e-05                       0        299.999200523859
             0.02890625  -0.0002645546909948235   1.253506514233471e-05                       0       299.9992163363387
            0.029296875  -0.0002595877593275791   1.238067695353425e-05                       0       299.9992320845457
              0.0296875  -0.0002546208276603346    1.22262887647338e-05                       0       299.9992478327528
            0.030078125  -0.0002496538959930901   1.207190057593334e-05                       0       299.9992635809598
             0.03046875   -0.000244686964325846   1.191751238713298e-05                       0       299.9992793291673
            0.030859375  -0.0002397200326586009   1.176312419833248e-05                       0       299.9992950773737
                0.03125  -0.0002347531009913571   1.160873600953208e-05                       0       299.9993108255816
    0.03164062500000001  -0.0002297702205107742   1.142076128707059e-05                       0       299.9993262851635
    0.03203125000000001   -0.000224787340030192   1.123278656460913e-05                       0       299.9993417447463
            0.032421875    -0.00021980445954961   1.104481184214768e-05                       0       299.9993572043291
              0.0328125  -0.0002148215790690278   1.085683711968625e-05                       0       299.9993726639119
            0.033203125  -0.0002098386985884462   1.066886239722489e-05                       0       299.9993881234955
             0.03359375  -0.0002048558181078644   1.048088767476347e-05                       0       299.9994035830787
    0.03398437500000001  -0.0001998826961681468   1.027745561106325e-05                       0       299.9994188159072
               0.034375  -0.0001949160799223409   1.006371865320394e-05                       0       299.9994338975686
    0.03476562500000001  -0.0001899494636765348   9.849981695344622e-06                       0         299.99944897923
    0.03515625000000001  -0.0001849828474307306   9.636244737485414e-06                       0       299.9994640608944
    0.03554687500000001  -0.0001800162311849234   9.422507779626054e-06                       0       299.9994791425536
              0.0359375   -0.000175049614939117   9.208770821766604e-06                       0       299.9994942242141
            0.036328125  -0.0001700895476956799   8.991186347614195e-06                       0       299.9995092260284
    0.03671874999999999  -0.0001651556764617185   8.758211808289495e-06                       0       299.9995239084544
            0.037109375  -0.0001602218052277568   8.525237268964708e-06                       0       299.9995385908804
    0.03750000000000001  -0.0001552879339937952   8.292262729639923e-06                       0       299.9995532733064
            0.037890625  -0.0001503540627598337    8.05928819031516e-06                       0       299.9995679557325
             0.03828125  -0.0001454201915258723   7.826313650990399e-06                       0       299.9995826381585
            0.038671875  -0.0001404863202919115   7.593339111665681e-06                       0       299.9995973205862
              0.0390625  -0.0001355831381437804   7.349208169953968e-06                       0       299.9996117046876
    0.03945312500000001  -0.0001306876282671078   7.102288127645566e-06                       0       299.9996260142099
             0.03984375  -0.0001257921183904354   6.855368085337173e-06                       0       299.9996403237323
    0.04023437500000001  -0.0001208966085137628   6.608448043028837e-06                       0       299.9996546332549
    0.04062500000000001  -0.0001160010986370902   6.361528000720381e-06                       0        299.999668942777
            0.041015625  -0.0001111055887604182   6.114607958412037e-06                       0       299.9996832523007
    0.04140625000000001  -0.0001062246537847208   5.863799425050576e-06                       0       299.9996974359252
    0.04179687500000001  -0.0001013655811604878   5.607158155109655e-06                       0       299.9997114307081
              0.0421875  -9.650650853625381e-05   5.350516885168604e-06                       0       299.9997254254875
    0.04257812499999999  -9.164743591202043e-05   5.093875615227726e-06                       0       299.9997394202687
             0.04296875  -8.678836328778688e-05   4.837234345286747e-06                       0       299.9997534150498
    0.04335937500000001  -8.192929066355332e-05   4.580593075345768e-06                       0        299.999767409831
    0.04375000000000001     -7.707021803932e-05   4.323951805404876e-06                       0        299.999781404613
            0.044140625  -7.224048975804561e-05   4.060961375404751e-06                       0       299.9997951630284
             0.04453125  -6.741076147677136e-05   3.797970945404707e-06                       0       299.9998089214445
            0.044921875  -6.258103319549711e-05   3.534980515404663e-06                       0       299.9998226798606
    0.04531250000000001  -5.775130491422274e-05   3.271990085404612e-06                       0       299.9998364382768
            0.045703125  -5.292157663294845e-05   3.008999655404566e-06                       0       299.9998501966928
             0.04609375  -4.809184835167416e-05    2.74600922540452e-06                       0       299.9998639551089
            0.046484375  -4.327344781197684e-05   2.480863910601467e-06                       0       299.9998776259335
               0.046875  -3.846259909999746e-05   2.214282005929742e-06                       0       299.9998912383637
    0.04726562500000001  -3.365175038801801e-05   1.947700101258012e-06                       0       299.9999048507939
             0.04765625  -2.884090167603864e-05   1.681118196586291e-06                       0        299.999918463224
            0.048046875  -2.403005296405927e-05   1.414536291914574e-06                       0       299.9999320756542
              0.0484375  -1.921920425207992e-05   1.147954387242857e-06                       0       299.9999456880844
            0.048828125  -1.440965677577536e-05   8.811318412347072e-07                       0       299.9999592906405
    0.04921875000000001  -9.605314242169921e-06   6.133467298808214e-07                       0       299.9999728537003
            0.049609375  -4.800971708564571e-06   3.455616185269405e-07                       0       299.9999864167602
    0.05000000000000001   3.370825040780425e-09   7.777650717305989e-08                       0       299.9999999798218
    0.05039062500000001   4.807713358646432e-06  -1.900086041807702e-07                       0       300.0000135428816
             0.05078125   9.612055892251738e-06  -4.577937155345815e-07                       0       300.0000271059397
    0.05117187500000001    1.44163984258573e-05  -7.255788268884067e-07                       0       300.0000406689995
              0.0515625   1.922592945041255e-05  -9.925146636782881e-07                       0        300.000054271393
    0.05195312500000001   2.403675759770561e-05  -1.259238181827205e-06                       0       300.0000678836216
    0.05234375000000001   2.884758574499832e-05  -1.525961699976103e-06                       0       300.0000814958469
            0.052734375   3.365841389229109e-05  -1.792685218124989e-06                       0       300.0000951080738
    0.05312500000000001    3.84692420395844e-05  -2.059408736273894e-06                       0       300.0001087203024
    0.05351562500000001   4.328007018687728e-05  -2.326132254422776e-06                       0       300.0001223325292
             0.05390625   4.809844197256437e-05  -2.591476297021919e-06                       0       300.0001360030736
    0.05429687500000001   5.292812921584305e-05  -2.854751126296471e-06                       0       300.0001497610941
    0.05468750000000001   5.775781645912165e-05  -3.118025955571018e-06                       0       300.0001635191147
    0.05507812500000001   6.258750370240009e-05  -3.381300784845557e-06                       0       300.0001772771336
             0.05546875    6.74171909456786e-05  -3.644575614120108e-06                       0       300.0001910351541
            0.055859375   7.224687818895719e-05  -3.907850443394663e-06                       0       300.0002047931746
                0.05625   7.707656543223579e-05  -4.171125272669218e-06                       0       300.0002185511952
            0.056640625   8.193557674623905e-05  -4.428196013755902e-06                       0       300.0002325454115
    0.05703125000000001   8.679458806024238e-05  -4.685266754842593e-06                       0       300.0002465396279
    0.05742187500000001   9.165359937424572e-05  -4.942337495929282e-06                       0       300.0002605338442
    0.05781250000000002   9.651261068824977e-05  -5.199408237015931e-06                       0       300.0002745280625
    0.05820312499999999    0.000101371622002252  -5.456478978102586e-06                       0       300.0002885222768
             0.05859375   0.0001062306333162553  -5.713549719189246e-06                       0       300.0003025164932
    0.05898437500000001   0.0001111114950243814  -5.964876727278261e-06                       0       300.0003166994745
    0.05937500000000001   0.0001160069236619226  -6.212374580035515e-06                       0       300.0003310082992
            0.059765625   0.0001209023522994636   -6.45987243279276e-06                       0       300.0003453171238
    0.06015625000000001    0.000125797780937005  -6.707370285549949e-06                       0       300.0003596259488
    0.06054687500000001    0.000130693209574546  -6.954868138307238e-06                       0       300.0003739347732
    0.06093750000000001   0.0001355886382120871  -7.202365991064542e-06                       0       300.0003882435979
            0.061328125   0.0001404917352399216  -7.447105217751546e-06                       0        300.000402626987
             0.06171875   0.0001454255058289302   -7.68080994015803e-06                       0       300.0004173086335
    0.06210937499999999   0.0001503592764179386  -7.914514662564511e-06                       0       300.0004319902802
                 0.0625   0.0001552930470069481  -8.148219384971046e-06                       0       300.0004466719285
    0.06289062500000002    0.000160226817595956  -8.381924107377463e-06                       0       300.0004613535735
    0.06328125000000001    0.000165160588184965  -8.615628829783913e-06                       0       300.0004760352211
    0.06367187500000002    0.000170094358773973  -8.849333552190369e-06                       0       300.0004907168669
    0.06406250000000001   0.0001750543104361382  -9.067773685017772e-06                       0       300.0005057178894
            0.064453125   0.0001800208073665925  -9.282397670450413e-06                       0       300.0005207987559
    0.06484375000000001    0.000184987304297047  -9.497021655883063e-06                       0       300.0005358796225
            0.065234375   0.0001899538012275013  -9.711645641315685e-06                       0        300.000550960489
    0.06562500000000002   0.0001949202981579559  -9.926269626748309e-06                       0       300.0005660413555
    0.06601562500000002   0.0001998867950884113  -1.014089361218095e-05                       0       300.0005811222234
             0.06640625   0.0002048597906330263   -1.03452772149493e-05                       0       300.0005963542831
    0.06679687500000001    0.000209842534098885  -1.053430024372135e-05                       0       300.0006118131358
              0.0671875   0.0002148252775647438  -1.072332327249335e-05                       0       300.0006272719889
    0.06757812500000002   0.0002198080210306024  -1.091234630126537e-05                       0       300.0006427308413
    0.06796874999999999   0.0002247907644964607  -1.110136933003746e-05                       0       300.0006581896939
            0.068359375   0.0002297735079623194  -1.129039235880949e-05                       0       300.0006736485467
    0.06875000000000001   0.0002347562514281795   -1.14794153875816e-05                       0       300.0006891074012
    0.06914062499999998    0.000239723029618598  -1.163501688346454e-05                       0       300.0007048550323
             0.06953125   0.0002446898078090184  -1.179061837934757e-05                       0       300.0007206026651
    0.06992187500000001   0.0002496565859994386   -1.19462198752306e-05                       0        300.000736350298
              0.0703125   0.0002546233641898601  -1.210182137111369e-05                       0       300.0007520979324
    0.07070312500000001   0.0002595901423802787  -1.225742286699665e-05                       0       300.0007678455636
             0.07109375   0.0002645569205706987  -1.241302436287967e-05                       0       300.0007835931964
    0.07148437500000002   0.0002694809657485212   -1.25431595013252e-05                       0       300.0007994052527
    0.07187500000000002   0.0002743765222512784  -1.265631706814572e-05                       0       300.0008152602579
            0.072265625   0.0002792720787540353  -1.276947463496623e-05                       0       300.0008311152631
    0.07265625000000001   0.0002841676352567924  -1.288263220178674e-05                       0       300.0008469702681
    0.07304687499999998   0.0002890631917595492  -1.299578976860724e-05                       0       300.0008628252733
              0.0734375   0.0002939587482623065  -1.310894733542782e-05                       0       300.0008786802784
    0.07382812499999999   0.0002988221870504168  -1.321164238502025e-05                       0       300.0008944968846
             0.07421875   0.0003035571549799402  -1.327248736570042e-05                       0       300.0009101598951
    0.07460937500000001   0.0003082921229094637  -1.333333234638051e-05                       0       300.0009258229056
    0.07500000000000001   0.0003130270908389888  -1.339417732706076e-05                       0       300.0009414859178
            0.075390625   0.0003177620587685106  -1.345502230774082e-05                       0       300.0009571489267
    0.07578125000000001   0.0003224970266980352  -1.351586728842098e-05                       0       300.0009728119383
            0.076171875    0.000327231994627561  -1.357671226910124e-05                       0        300.000988474951
    0.07656249999999999    0.000331726429867144  -1.358770954315012e-05                       0       300.0010036327806
            0.076953125   0.0003361607319342466  -1.358624489054142e-05                       0        300.001018664319
    0.07734374999999999   0.0003405950340013491  -1.358478023793265e-05                       0       300.0010336958573
    0.07773437500000002   0.0003450293360684522  -1.358331558532376e-05                       0        300.001048727396
               0.078125   0.0003494636381355551  -1.358185093271504e-05                       0       300.0010637589349
    0.07851562500000001   0.0003538979402026567  -1.358038628010633e-05                       0       300.0010787904725
    0.07890625000000001   0.0003581259173573815  -1.355042002505277e-05  -3.302462979379507e-28       300.0010933338695
    0.07929687499999999   0.0003620444071435389  -1.347770136633221e-05  -1.155862042782797e-27       300.0011071450544
    0.07968749999999999   0.0003659628969296968  -1.340498270761172e-05  -1.981477787627702e-27       300.0011209562394
            0.080078125   0.0003698813867158546  -1.333226404889108e-05  -2.807093532472637e-27       300.0011347674243
    0.08046875000000001   0.0003737998765020125  -1.325954539017052e-05  -3.632709277317542e-27       300.0011485786093
    0.08085937500000002   0.0003777183662881705  -1.318682673144995e-05  -4.458325022162477e-27       300.0011623897942
    0.08124999999999999   0.0003816368560743324  -1.311410807272962e-05  -5.283940767007415e-27       300.0011762009826
    0.08164062500000001   0.0003847147286976326  -1.296395328143136e-05  -5.210744614407025e-27        300.001188071994
             0.08203125    0.000387792601320937  -1.281379849013332e-05  -5.137548461806695e-27       300.0011999430087
    0.08242187500000001   0.0003908704739442414  -1.266364369883528e-05  -5.064352309206363e-27       300.0012118140234
    0.08281250000000001   0.0003939483465675457  -1.251348890753723e-05   -4.99115615660603e-27       300.0012236850381
            0.083203125     0.00039702621919085  -1.236333411623921e-05  -4.917960004005704e-27       300.0012355560529
    0.08359375000000001   0.0004001040918141564  -1.221317932494122e-05  -4.844763851405394e-27        300.001247427069
            0.083984375   0.0004023886520866352  -1.201585313476591e-05   -4.66642029279801e-27       300.0012576645292
    0.08437500000000001   0.0004041443374585674  -1.178707934533916e-05   -4.41797846351928e-27       300.0012668129556
    0.08476562500000001   0.0004059000228304994  -1.155830555591241e-05   -4.16953663424055e-27        300.001275961382
             0.08515625   0.0004076557082024312  -1.132953176648566e-05  -3.921094804961827e-27       300.0012851098082
    0.08554687500000001   0.0004094113935743642  -1.110075797705889e-05  -3.672652975683083e-27       300.0012942582352
              0.0859375   0.0004111670789462969  -1.087198418763217e-05   -3.42421114640437e-27        300.001303406662
    0.08632812500000001   0.0004125184541239092  -1.062878339090221e-05  -3.204511447263823e-27       300.0013118713247
    0.08671875000000001    0.000412252588524237   -1.03278745649593e-05  -3.099780268675995e-27       300.0013176009292
    0.08710937499999999   0.0004119867229245671  -1.002696573901646e-05   -2.99504909008819e-27       300.0013233305353
    0.08749999999999999   0.0004117208573248971  -9.726056913073605e-06  -2.890317911500377e-27       300.0013290601414
    0.08789062499999999   0.0004114549917252271  -9.425148087130752e-06  -2.785586732912564e-27       300.0013347897475
    0.08828124999999999   0.0004111891261255572  -9.124239261187898e-06  -2.680855554324753e-27       300.0013405193536
    0.08867187500000001   0.0004109232605258872  -8.823330435245033e-06  -2.576124375736939e-27       300.0013462489597
    0.08906249999999999   0.0004082466783178043  -8.478283583641988e-06  -2.027275499572802e-27        300.001348970806
    0.08945312499999999   0.0004049674169576179  -8.122202225623865e-06   -1.36739719901453e-27       300.0013509407125
    0.08984374999999999   0.0004016881555974316  -7.766120867605754e-06  -7.075188984562805e-28       300.0013529106189
    0.09023437500000001   0.0003984088942372452  -7.410039509587608e-06  -4.764059789794614e-29       300.0013548805255
    0.09062500000000001   0.0003951296328770588  -7.053958151569483e-06   6.122377026603271e-28        300.001356850432
            0.091015625   0.0003918503715168726  -6.697876793551372e-06   1.272116003218577e-27       300.0013588203384
    0.09140625000000001   0.0003868175303330083  -6.331858660781633e-06   1.592144357951215e-27       300.0013594679566
            0.091796875   0.0003791543194136268  -5.950935365884486e-06   1.402397793945303e-27       300.0013581321423
    0.09218750000000001   0.0003714911084942451  -5.570012070987328e-06   1.212651229939384e-27       300.0013567963282
    0.09257812500000001   0.0003638278975748634  -5.189088776090155e-06   1.022904665933456e-27       300.0013554605139
    0.09296874999999999   0.0003561646866554821  -4.808165481193018e-06   8.331581019275481e-28       300.0013541246997
    0.09335937500000001   0.0003485014757361001   -4.42724218629584e-06   6.434115379216205e-28       300.0013527888855
    0.09374999999999999   0.0003408382648167188  -4.046318891398704e-06   4.536649739157131e-28       300.0013514530713
    0.09414062500000001   0.0003269476712467247  -3.695246814761285e-06   3.827798217413824e-28        300.001348731889
    0.09453125000000001   0.0003130570776767309  -3.344174738123878e-06   3.118946695670542e-28       300.0013460107067
            0.094921875   0.0002991664841067378  -2.993102661486484e-06   2.410095173927285e-28       300.0013432895244
    0.09531250000000001    0.000285275890536744  -2.642030584849056e-06    1.70124365218391e-28        300.001340568342
            0.095703125   0.0002713852969667515  -2.290958508211652e-06   9.923921304406249e-29       300.0013378471606
    0.09609375000000002   0.0002574947033967577  -1.939886431574226e-06    2.83540608697289e-29       300.0013351259789
    0.09648437500000001    0.000238432446845702  -1.651688157979689e-06                       0       300.0013341962783
               0.096875   0.0002159224149739404  -1.405405753080404e-06                       0       300.0013344609011
    0.09726562500000002   0.0001934123831021772  -1.159123348181102e-06                       0       300.0013347255239
             0.09765625   0.0001709023512304162  -9.128409432818169e-07                       0       300.0013349901469
    0.09804687500000001   0.0001483923193586532  -6.665585383825179e-07                       0       300.0013352547696
    0.09843750000000001   0.0001258822874868907  -4.202761334832196e-07                       0       300.0013355193938
            0.098828125   0.0001011321206151373  -2.092970714660619e-07                       0       300.0013357310909
    0.09921875000000001   6.742141374342407e-05  -1.395313809773733e-07                       0       300.0013357310908
            0.099609375   3.371070687171203e-05  -6.976569048868711e-08                       0       300.0013357310909
                    0.1                       0                       0                       0       300.0013357310908
