/*--------------------------------*- C++ -*----------------------------------*\
  =========                 |
  \\      /  F ield         | OpenFOAM: The Open Source CFD Toolbox
   \\    /   O peration     | Website:  https://openfoam.org
    \\  /    A nd           | Version:  13
     \\/     M anipulation  |
\*---------------------------------------------------------------------------*/
FoamFile
{
    format      ascii;
    class       volScalarField;
    location    "2.9280963393185626";
    object      rho;
}
// * * * * * * * * * * * * * * * * * * * * * * * * * * * * * * * * * * * * * //

dimensions      [1 -3 0 0 0 0 0];

internalField   nonuniform List<scalar> 
2137
(
0.99999995106127382
0.99999996210255349
0.99999997075688385
0.99999997751573466
0.99999998277502344
0.99999998685244051
0.99999999000190032
0.99999999242554016
0.99999999428363817
0.99999999570277387
0.9999999967825125
0.99999999760085556
0.99999999821866414
0.99999999868323419
0.99999994819588933
0.99999995981676404
0.99999996894089027
0.99999997607889624
0.99999998164285886
0.99999998596403006
0.99999998930764811
0.99999999188525812
0.99999999386491412
0.99999999537959017
0.99999999653408322
0.99999999741065304
0.99999999807360884
0.99999999857302446
0.99999994515660207
0.99999995738711223
0.99999996700654881
0.99999997454523715
0.99999998043191851
0.99999998501187304
0.99999998856208872
0.99999999130390071
0.99999999341347967
0.99999999503049375
0.99999999626523228
0.99999999720443822
0.99999999791606187
0.9999999984531176
0.99999994192765207
0.99999995480025261
0.99999996494263388
0.99999997290537612
0.99999997913441252
0.99999998398954226
0.99999998775995147
0.99999999067717249
0.99999999292585495
0.99999999465268186
0.99999999597371547
0.99999999698042474
0.99999999774460879
0.99999999832239983
0.99999993849071656
0.99999995204066849
0.99999996273609137
0.999999971148402
0.99999997774127958
0.99999998288955938
0.99999998689510339
0.99999999000007378
0.99999999239798898
0.99999999424289165
0.99999999565691988
0.99999999673653206
0.99999999755760238
0.9999999981795743
0.99999993482431115
0.99999994909016399
0.99999996037161243
0.99999996926151868
0.99999997624189141
0.99999998170315252
0.99999998596034911
0.99999998926673894
0.99999999182512855
0.99999999379729432
0.99999999531177941
0.99999999647031879
0.99999999735310974
0.99999999802311912
0.99999993090301864
0.99999994592721309
0.99999995783108575
0.99999996722958628
0.9999999746236734
0.99999998041994309
0.9999999849471759
0.99999998847022842
0.99999999120165062
0.99999999331136058
0.99999999493466729
0.99999999617889734
0.99999999712884513
0.99999999785123506
0.99999992669649274
0.99999994252611513
0.9999999550928883
0.99999996503453026
0.99999997287161324
0.99999997902754145
0.9999999838454221
0.99999998760225872
0.99999999052084421
0.99999999277968576
0.99999999452125632
0.99999999585882393
0.99999999688208285
0.99999999766177672
0.99999992216816425
0.999999938855899
0.99999995213096282
0.99999996265457025
0.99999997096762283
0.99999997751102032
0.99999998264284629
0.9999999866528535
0.9999999897746279
0.99999999219576341
0.99999999406633899
0.99999999550595442
0.99999999660954453
0.99999999745216528
0.99999991727355242
0.99999993487889161
0.99999994891361355
0.99999996006321401
0.99999996888970188
0.99999997585222711
0.99999998132456491
0.99999998560988523
0.99999998895318087
0.99999999155168839
0.99999999356359071
0.99999999511525883
0.99999999630725245
0.99999999721927324
0.99999991195805527
0.9999999305488434
0.99999994540192727
0.99999995722793655
0.99999996661084278
0.99999997402887963
0.99999997987231171
0.99999998445847416
0.99999998804445744
0.99999999083776925
0.99999999300526088
0.99999999468057565
0.99999999597033751
0.99999999695927444
0.99999990615405121
0.99999992580846542
0.99999994154769623
0.99999995410844311
0.99999996409758651
0.99999997201337654
0.99999997826346432
0.99999998318019678
0.99999998703354809
0.99999999004201512
0.99999999238176529
0.9999999941942902
0.99999999559278563
0.99999999666744699
0.99999989977708903
0.99999992058618825
0.99999993729068293
0.99999995065437663
0.99999996130811786
0.99999996977122507
0.99999997646975591
0.99999998175203841
0.99999998590183381
0.99999998914945809
0.99999999168114584
0.99999999364690806
0.99999999516710336
0.99999999633791192
0.99999989272087575
0.9999999147918921
0.9999999325550103
0.99999994680229076
0.99999995818974508
0.99999996725895957
0.99999997445557032
0.99999998014500624
0.99999998462586681
0.99999998814125657
0.99999999088835789
0.99999999302649079
0.99999999468387601
0.99999999596328903
0.99999988485068214
0.99999990831127761
0.99999992724439624
0.9999999424716477
0.99999995467556657
0.99999996442138628
0.99999997217568071
0.99999997832228893
0.99999998317588357
0.99999998699350245
0.9999999899843206
0.99999999231790704
0.9999999941311789
0.99999999553423846
0.99999987599466789
0.99999990099844849
0.9999999212358629
0.99999993755952665
0.99999995068005554
0.99999996118792889
0.99999996957225046
0.99999997623681358
0.99999998151383018
0.99999998567563808
0.99999998894465725
0.99999999150183672
0.99999999349379709
0.99999999503885384
0.99999986593248691
0.99999989266614586
0.99999991437143887
0.99999993193363312
0.99999994609321852
0.99999995746778869
0.99999996657085499
0.99999997382800265
0.99999997959074016
0.99999998414835167
0.99999998773801946
0.99999999055344702
0.99999999275218798
0.99999999446185373
0.99999985438034489
0.99999988307291332
0.99999990644723047
0.99999992542307259
0.99999994077287513
0.99999995314353707
0.999999963075209
0.99999997101747118
0.99999997734325097
0.99999998236078147
0.99999998632386022
0.99999998944063351
0.99999999188110078
0.99999999378350868
0.99999984097145345
0.99999987190626616
0.99999989719905791
0.9999999178062009
0.99999993453446989
0.99999994806264891
0.99999995896019001
0.99999996770332644
0.99999997468898694
0.99999998024680559
0.99999998464947837
0.99999998812168278
0.99999999084774494
0.99999999297821529
0.99999982523054554
0.99999985876068598
0.99999988628362835
0.99999990879466449
0.99999992713766483
0.99999994202633835
0.99999995406262565
0.99999996375263289
0.99999997152044828
0.99999997772012872
0.99999998264610046
0.99999998654217548
0.99999998960936087
0.99999999201260692
0.99999980654076892
0.99999984310895218
0.9999998732539449
0.99999989801250211
0.99999991826874579
0.99999993477488358
0.99999994816916316
0.99999995899147465
0.99999996769694277
0.99999997466778967
0.99999998022370107
0.99999998463088857
0.99999998811000534
0.99999999084305236
0.99999978410087487
0.9999998242649526
0.99999985752731335
0.99999988496888859
0.99999990751762202
0.99999992596840159
0.99999994100035006
0.99999995319189583
0.99999996303397043
0.99999997094160886
0.99999997726417511
0.99999998229439147
0.9999999862763117
0.99999998941235746
0.99999975687013731
0.99999980133567579
0.99999983834391826
0.99999986902274496
0.99999989434788861
0.99999991516176967
0.99999993218982886
0.99999994605480458
0.99999995728930668
0.99999996634696597
0.99999997361236892
0.99999997940994356
0.9999999840119147
0.99999998764542664
0.99999972349790678
0.99999977315958999
0.99999981471347543
0.99999984933702613
0.99999987805805512
0.99999990177207021
0.99999992125727288
0.99999993718769409
0.99999995014484111
0.99999996062813556
0.99999996906435185
0.99999997581619982
0.99999998119015188
0.9999999854435826
0.99999968223410907
0.99999973822805099
0.99999978534695355
0.99999982482002858
0.99999985773161981
0.99999988503656334
0.99999990757336943
0.99999992607576338
0.99999994118299618
0.99999995344922232
0.99999996335215158
0.99999997130110552
0.99999997764455351
0.99999998267716328
0.99999963081639809
0.9999996945857953
0.99999974856979401
0.99999979405053552
0.99999983217320054
0.99999986395877416
0.99999989031479408
0.99999991204470517
0.9999999298562916
0.99999994436951922
0.99999995612400239
0.99999996558621884
0.99999997315651878
0.99999997917592565
0.99999956632908393
0.99999963970597983
0.9999997022124848
0.99999975518307616
0.99999979982742682
0.99999983723982544
0.99999986840671196
0.99999989421308011
0.99999991544831546
0.99999993281185939
0.99999994691894656
0.99999995830653421
0.99999996743944553
0.99999997471668467
0.99999948502848657
0.99999957033471742
0.99999964347380621
0.99999970582904196
0.99999975867679292
0.99999980319168003
0.99999984044992707
0.99999987143182911
0.9999998970240539
0.99999991802227128
0.99999993513441299
0.99999994898469946
0.99999996011843795
0.99999996900750043
0.99999938212910533
0.99999948229969304
0.99999956875164953
0.99999964290895804
0.99999970611422018
0.99999975962851984
0.99999980462939109
0.99999984220810412
0.99999987336720497
0.99999989901896713
0.99999991998516269
0.99999993699833312
0.99999995070456194
0.99999996166760985
0.99999925154512015
0.99999937027739805
0.9999994734361235
0.99999956247093169
0.99999963878575238
0.99999970373214631
0.99999975860044465
0.99999980461028604
0.99999984290181321
0.99999987452844197
0.99999990045177889
0.999999921538966
0.99999993856247615
0.99999995220217963
0.99999908558245221
0.99999922751395243
0.9999993516598773
0.99999945947034652
0.99999955239873273
0.9999996318871327
0.99999969934896671
0.99999975615083381
0.99999980359535035
0.99999984290626376
0.99999987521669864
0.99999990156098251
0.99999992287014028
0.99999993997086345
0.9999988745781998
0.99999904549565499
0.99999919600139309
0.99999932750641507
0.99999944149114006
0.99999953948162423
0.99999962302165946
0.99999969364359997
0.99999975284030485
0.99999980204005168
0.99999984258570185
0.99999987571885562
0.9999999025692291
0.99999992414907812
0.99999860648703442
0.99999881356760723
0.99999899713870222
0.99999915851247834
0.99999929915868779
0.99999942067034242
0.99999952472314935
0.99999961303252949
0.999999687311524
0.99999974923224788
0.99999980039282521
0.9999998422909957
0.99999987630489573
0.99999990368092395
0.99999826641848444
0.99999851850233845
0.9999987434538824
0.99999894239924714
0.99999911673808894
0.99999926809771278
0.99999939827760187
0.99999950918943015
0.99999960279711098
0.99999968106069048
0.99999974588696805
0.99999979908874803
0.99999984235367778
0.99999987722278516
0.99999783613529547
0.99999814402568932
0.99999842059313848
0.99999866665381909
0.99999888344781696
0.99999907258137
0.99999923595438478
0.99999937567990349
0.99999949400175914
0.99999959321581922
0.99999967559907199
0.99999974334953901
0.99999979853869692
0.99999984307691114
0.99999729353157951
0.99999767031462383
0.99999801099360186
0.99999831590262767
0.99999858599209313
0.99999882275986751
0.99999902816017361
0.99999920449881274
0.99999935432319587
0.9999994803147394
0.99999958518984222
0.99999967161400782
0.99999974213193765
0.99999979911477122
0.9999966121203866
0.99999707349136624
0.9999974933964737
0.99999787145374619
0.99999820813995588
0.99999850471350737
0.99999876310406521
0.99999898578002488
0.99999917560509877
0.99999933569449861
0.99999946927964323
0.99999957958825503
0.99999966974439869
0.99999974269074188
0.99999980113328291
0.99999984750715853
0.99999988396097761
0.99999991235643404
0.99999993427969014
0.99999995106109996
0.99999996380017186
0.99999997339314994
0.99999998056113548
0.99999998587722194
0.99999998979160698
0.9999999926540738
0.99999999473356627
0.99999999623483649
0.99999999731230971
0.99999999808142526
0.99999999862775701
0.99999999901424452
0.99999999928684591
0.99999999947890683
0.99999999961450037
0.9999957605735682
0.99999632515030701
0.99999684237688791
0.99999731084338772
0.99999773029935546
0.99999810157403046
0.99999842644794223
0.99999870748982278
0.99999894787362442
0.99999915118995808
0.99999932126460656
0.99999946199422907
0.99999957720637633
0.99999967054782779
0.99999974540241532
0.99999980483712314
0.99999985157349713
0.99999988798029427
0.99999991608280103
0.99999993758424721
0.99999995389510787
0.99999996616668685
0.99999997532608709
0.9999999821104063
0.999999987098667
0.99999999074057544
0.99999999338166823
0.99999999528475447
0.99999999664780592
0.99999999761860037
0.9999999983065021
0.99999999879179557
0.9999999991329771
0.99999999937238082
0.99999999954047036
0.9999947023717658
0.99999539196814535
0.99999602793367093
0.99999660742287555
0.99999712911623784
0.99999759314754488
0.99999800096163327
0.99999835511947532
0.99999865906968388
0.99999891690568743
0.99999913312622712
0.99999931241384077
0.99999945944215762
0.99999957871867307
0.99999967446570848
0.99999975053886514
0.99999981037967778
0.99999985699746041
0.99999989297445724
0.99999992048825426
0.99999994134579018
0.99999995702404276
0.99999996871339059
0.99999997736062141
0.99999998370946708
0.99999998833734338
0.99999999168760889
0.99999999409714979
0.999999995819432
0.99999999704338638
0.99999999790860317
0.99999999851736598
0.99999999894404468
0.99999999924233174
0.99999999945075224
0.99999339563785206
0.99999423546276989
0.99999501519639844
0.99999573003545494
0.99999637714034106
0.99999695558538126
0.99999746621130348
0.99999791139996175
0.99999829479536284
0.99999862099645076
0.99999889524588537
0.99999912313571127
0.9999993103460123
0.99999946242716664
0.99999958463088301
0.99999968179039278
0.9999997582463791
0.99999981781260572
0.9999998637737626
0.99999989890761332
0.99999992552388339
0.99999994551322069
0.99999996040074468
0.99999997139997665
0.9999999794641703
0.99999998533313783
0.99999998957454428
0.99999999261931682
0.99999999479128643
0.99999999633148973
0.99999999741772694
0.99999999818004326
0.99999999871280276
0.99999999908397752
0.99999999934220907
0.99999179324127274
0.99999281198104173
0.99999376432161136
0.99999464284606743
0.99999544261215023
0.99999616114905132
0.99999679831962696
0.99999735607058882
0.99999783810027298
0.999998249476997
0.99999859624075427
0.9999988850175161
0.99999912266960234
0.99999931599846992
0.99999947150892299
0.99999959523703508
0.99999969263861055
0.99999976853110562
0.99999982707962165
0.99999987181670313
0.99999990568592922
0.99999993110033425
0.99999995000819353
0.99999996396038648
0.99999997417517827
0.99999998159771653
0.9999999869527344
0.99999999078987034
0.99999999352167135
0.99999999545477614
0.99999999681501417
0.99999999776726545
0.99999999843093579
0.99999999889184787
0.99999999921126459
0.99998984327077101
0.99999107300712886
0.99999223066247089
0.99999330539996412
0.99999428943791369
0.99999517812718597
0.99999596984694028
0.99999666574266133
0.99999726934177513
0.99999778608876932
0.99999822284329032
0.999998587381561
0.99999888793466862
0.99999913278825081
0.99999932995830443
0.99999948694859697
0.99999961058739262
0.99999970693546858
0.99999978125382416
0.99999983801790016
0.99999988096516212
0.99999991316408765
0.99999993709448176
0.99999995473121506
0.99999996762564503
0.99999997698092113
0.99999998371899856
0.99999998853843164
0.99999999196292144
0.99999999438118281
0.99999999607903911
0.99999999726480682
0.99999999808905837
0.99999999865978961
0.99999999905390979
0.99998748997384856
0.9999889658881238
0.99999036530406815
0.99999167299555791
0.99999287742990406
0.99999397097270082
0.99999494985254089
0.99999581390856329
0.99999656616122912
0.99999721225828031
0.99999775985254091
0.99999821796622812
0.99999859638892474
0.99999890514515477
0.99999915405466133
0.99999935239589022
0.99999950867230158
0.99999963047283058
0.99999972441241614
0.9999997961358571
0.9999998503678813
0.99999989099359954
0.9999999211558428
0.99999994335867881
0.99999995956924992
0.99999997131265761
0.99999997975680011
0.99999998578575622
0.99999999006153717
0.99999999307484067
0.99999999518591387
0.99999999665686223
0.99999999767678016
0.99999999838101539
0.99999999886573998
0.99998467525260992
0.99998643506992668
0.99998811605653781
0.99998969746008048
0.99999116289460133
0.99999250073534607
0.99999370420282974
0.999994771154189
0.9999957036256123
0.99999650718842836
0.99999719019122191
0.99999776296079512
0.99999823702710411
0.99999862442378362
0.99999893709930632
0.99999918645692565
0.99999938302648439
0.99999953625934201
0.99999965442966909
0.9999997446210992
0.9999998127766585
0.99999986379119676
0.99999990162837193
0.99999992944781169
0.9999999497317873
0.99999996440415451
0.99999997493722237
0.99999998244447585
0.99999998775874177
0.99999999149648544
0.99999999410958706
0.99999999592626099
0.99999999718285748
0.99999999804821083
0.99999999864202804
0.99998134077696876
0.9999834239154668
0.99998542898529319
0.99998732840973514
0.99998909964902694
0.99999072586553539
0.99999219619587165
0.99999350563677181
0.9999946545885261
0.99999564812876263
0.99999649510698241
0.99999720715511198
0.9999977977025325
0.9999982810682978
0.99999867168230849
0.9999989834648475
0.99999922937330776
0.99999942110830109
0.99999956895970743
0.99999968176662957
0.99999976696303916
0.99999983068207365
0.99999987789531797
0.99999991256792276
0.9999999378152129
0.99999995605093461
0.99999996912112976
0.99999997842065624
0.99999998499159093
0.99999998960424152
0.99999999282239271
0.99999999505484849
0.99999999659545646
0.9999999976537135
0.99999999837784648
0.9999774307308319
0.99997987714227365
0.99998225053021339
0.99998451505597374
0.99998664053187181
0.99998860345698859
0.99999038756755265
0.9999919838886131
0.99999339032493761
0.99999461087215957
0.99999565455827466
0.99999653423779722
0.9999972653566791
0.99999786478860964
0.99999834981739133
0.99999873731094824
0.99999904310478316
0.99999928158962947
0.99999946548139951
0.99999960574161995
0.99999971161266354
0.99999979073288803
0.99999984930074193
0.99999989226254715
0.99999992350483402
0.99999994603796494
0.99999996216282572
0.9999999736163725
0.99999998169477267
0.99999998735486928
0.999999991295908
0.99999999402407136
0.99999999590254918
0.99999999718977994
0.99999999806824558
0.99997289514095011
0.99997574385932619
0.9999785302194153
0.9999812085831753
0.99998373944840813
0.99998609097546975
0.9999882399302894
0.99999017199768292
0.99999188148798501
0.99999337052184212
0.99999464782340819
0.99999572727582764
0.99999662639397602
0.99999736485128676
0.99999796316619927
0.99999844161640483
0.99999881941217394
0.99999911412848852
0.99999934137225943
0.99999951464635817
0.99999964536578867
0.99999974298139516
0.99999981517100467
0.99999986806489305
0.99999990648031833
0.99999993414743837
0.99999995391550678
0.9999999679335011
0.99999997780322314
0.99999998470555607
0.99999998950216995
0.9999999928157981
0.99999999509246407
0.99999999664895167
0.99999999770849535
0.9999676936517391
0.99997098110835725
0.9999742239191316
0.99997736506959678
0.99998035394492846
0.99998314848684267
0.9999857166691386
0.99998803719656049
0.99999009942193551
0.99999190256250126
0.99999345436421605
0.99999476940344612
0.99999586722579137
0.99999677050495117
0.99999750336785842
0.99999808998523976
0.99999855347837585
0.9999989151502382
0.99999919401666204
0.99999940659228037
0.99999956687592717
0.9999996864790146
0.99999977484538405
0.99999983951966598
0.99999988643111382
0.99999992016957318
0.99999994423876426
0.99999996127888879
0.99999997325565992
0.99999998161631287
0.99999998741529117
0.99999999141340068
0.99999999415460428
0.99999999602453038
0.99999999729439826
0.99996179951868502
0.99996555772858642
0.9999692974831792
0.99997294885515842
0.99997644825041876
0.99997974134966716
0.99998278528139961
0.99998554986055777
0.9999880178416406
0.99999018425115216
0.99999205496210208
0.9999936447381047
0.99999497499985668
0.99999607155433168
0.99999696248559478
0.99999767634792025
0.99999824073936561
0.99999868127723257
0.99999902095239923
0.99999927980997527
0.99999947488862484
0.99999962034771461
0.99999972771674883
0.99999980621187612
0.99999986307666444
0.99999990391667548
0.99999993300828205
0.99999995357098714
0.9999999679990853
0.99999997805300977
0.99999998501348897
0.99999998980310278
0.99999999308033827
0.99999999531116135
0.99999999682266882
0.99995520350284506
0.99995945827527466
0.9999637305812642
0.99996793618224245
0.99997199665431702
0.9999758432780137
0.99997942009561691
0.99998268587450934
0.99998561485540227
0.99998819631676916
0.99999043312336888
0.99999233952496325
0.99999393851898766
0.99999525908761311
0.99999633357494244
0.99999719539954512
0.99999787721790512
0.99999840957987107
0.99999882005732577
0.99999913278635799
0.99999936834115866
0.99999954385169509
0.99999967328256811
0.99999976780277589
0.99999983619148869
0.99999988524048034
0.99999992012772465
0.99999994474793319
0.99999996199423768
0.99999997399102403
0.99999998228151188
0.99999998797558154
0.99999999186405042
0.99999999450551946
0.99999999629137881
0.99999999749380231
0.99999999830074704
0.99999999884119362
0.99994791728262533
0.9999526866483669
0.99995752040823394
0.99996231885962594
0.99996698701739062
0.99997143961480328
0.99997560524819351
0.99997942927812722
0.99998287526649776
0.9999859249234152
0.9999885767229123
0.99999084348923684
0.99999274933539439
0.9999943263480221
0.99999561136748227
0.99999664312846126
0.99999745992653821
0.9999980978797115
0.99999858977440204
0.99999896442967939
0.99999924648208738
0.99999945648301791
0.99999961120557701
0.99999972407239368
0.99999980563470625
0.99999986405245656
0.99999990554257678
0.99999993477690419
0.99999995522186225
0.99999996941941405
0.99999997921339623
0.99999998592777739
0.9999999905043212
0.99999999360707337
0.99999999570044984
0.99999999710679321
0.99999999804826811
0.99999999867701339
0.99993997597542439
0.99994526904629621
0.99995068492289174
0.99995610763899234
0.99996142414949152
0.99996653059378393
0.99997133773743263
0.99997577504696566
0.99997979304220741
0.99998336381185327
0.99998647982207989
0.99998915134832556
0.99999140298475597
0.99999326972298386
0.9999947930502292
0.9999960174204422
0.99999698732872921
0.99999774509625639
0.99999832936882904
0.99999877425763939
0.99999910900712052
0.999999358058555
0.99999954138216007
0.99999967496724562
0.99999977138298546
0.99999984034633949
0.99999988925541039
0.99999992366437385
0.99999994768954603
0.99999996434543881
0.99999997581543465
0.99999998366482878
0.99999998900518094
0.99999999261889316
0.99999999505216974
0.99999999668341732
0.99999999777294324
0.99999999849865229
0.99993143939891782
0.99993725586999327
0.99994326525254007
0.99994933496406169
0.99995533274704007
0.99996113432086198
0.99996663032512656
0.99997173181726284
0.99997637379358373
0.99998051649358344
0.9999841445606914
0.99998726440523567
0.99998990029897872
0.99999208980363341
0.99999387910438919
0.99999531871070346
0.99999645983707508
0.99999735162150938
0.99999803920534913
0.99999856259972708
0.99999895620475387
0.99999924882346414
0.99999946401498441
0.99999962065073777
0.9999997335651446
0.99999981422164474
0.9999998713417162
0.99999991146667444
0.99999993943870813
0.99999995879914738
0.99999997210916614
0.99999998120200873
0.99999998737735507
0.99999999154844665
0.99999999435169917
0.99999999622721825
0.99999999747719259
0.9999999983077561
0.99992239180993914
0.99992872227609564
0.99993532694221565
0.99994205676860937
0.99994875957823448
0.99995528918522658
0.99996151402543743
0.99996732432706548
0.99997263707152584
0.99997739833448296
0.99998158298917528
0.99998519211455428
0.99998824871055836
0.99999079244576727
0.99999287414953597
0.99999455064197529
0.99999588031657738
0.99999691969802718
0.99999772102750861
0.99999833080028977
0.99999878910176998
0.99999912955401227
0.99999937968472674
0.99999956155260017
0.99999969249583709
0.99999978590638083
0.99999985196506502
0.99999989830002711
0.99999993055117486
0.99999995283765586
0.99999996813413805
0.99999997856649459
0.99999998563939108
0.99999999040831156
0.9999999936075189
0.99999999574388554
0.99999999716481636
0.99999999810685347
0.9999129400349398
0.99991976721833531
0.99992695983157931
0.99993435307009682
0.99994177464509282
0.99994905542778023
0.99995603991955329
0.99996259533193155
0.99996861826263561
0.99997403833913279
0.99997881867971039
0.99998295348630795
0.99998646343799946
0.99998938974298146
0.99999178772227215
0.99999372067308445
0.99999525455009997
0.99999645376784363
0.99999737821439416
0.99999808140419089
0.99999860959534626
0.99999900165017164
0.9999992894140709
0.9999994984125401
0.99999964870496572
0.99999975577664335
0.99999983139002135
0.99999988434896592
0.99999992115462621
0.99999994654863711
0.99999996395012247
0.99999997579876532
0.99999998381853195
0.99999998921671795
0.99999999283176466
0.99999999524145933
0.99999999684111962
0.99999999789943195
0.99990321013004735
0.99991051100934747
0.99991827650113518
0.99992632722885388
0.99993447114081446
0.99994251565359937
0.9999502800685951
0.99995760676779322
0.99996436986832993
0.99997048043750647
0.99997588794047165
0.9999805781759592
0.99998456842455519
0.99998790080683941
0.99999063490455542
0.99999284057093563
0.99999459161386872
0.99999596075243169
0.99999701598490998
0.99999781830291146
0.99999842055562005
0.99999886720638087
0.99999919471573595
0.99999943231234378
0.99999960295882906
0.99999972437035223
0.99999980999095106
0.9999998698719138
0.99999991142608124
0.99999994005247217
0.99999995963842903
0.9999999729533916
0.99999998195118667
0.99999998799782464
0.99999999204038559
0.99999999473042123
0.99999999651296145
0.99999999768996339
0.9998933429447906
0.99990109165313201
0.99990940942175577
0.99991810390451863
0.9999269641502655
0.99993577417284196
0.99994432736630157
0.99995243997836691
0.99995996197628156
0.99996678408710371
0.99997284045882973
0.99997810710462931
0.99998259689532909
0.9999863522406236
0.99998943670880447
0.99999192671162718
0.99999390410491751
0.99999545021917802
0.99999664151610212
0.99999754681633901
0.99999822588071563
0.99999872904758458
0.99999909761543959
0.99999936469008899
0.99999955626863901
0.99999969239216835
0.99999978825472691
0.99999985520257606
0.99999990159254304
0.99999993350249039
0.9999999553019393
0.99999997009897945
0.99999998008284097
0.99999998678162783
0.99999999125306538
0.9999999942236284
0.99999999618870539
0.99999999748386736
0.99988348916505587
0.99989166040026534
0.99990050713334788
0.99990982591489841
0.99991938819078963
0.99992895517711311
0.99993829426880532
0.99994719489561801
0.99995548178327598
0.99996302403672666
0.99996973921977161
0.99997559246512835
0.9999805914034241
0.99998477819536435
0.99998822012714295
0.99999100011584063
0.99999320816156367
0.99999493438908393
0.99999626394147112
0.99999727368513214
0.99999803048604663
0.99999859071760078
0.99999900064071701
0.99999929733019
0.99999950988212483
0.9999996607066971
0.99999976677540436
0.99999984074587989
0.99999989192797156
0.99999992708275487
0.99999995106351469
0.99999996731704099
0.99999997826726861
0.99999998560341519
0.99999999049284749
0.99999999373606108
0.99999999587804855
0.9999999972873963
0.99987380453048369
0.99988237711842143
0.99989172992873809
0.99990165035204559
0.99991189383091117
0.99992219988327424
0.99993231044497777
0.99994198814824709
0.99995103209638936
0.9999592891496103
0.99996665958395092
0.9999730969971079
0.99997860325582322
0.99998321991125938
0.99998701776264565
0.99999008615140994
0.99999252322383148
0.99999442794486582
0.99999589419864687
0.99999700695119664
0.99999784021175486
0.99999845640843132
0.99999890676769498
0.99999923232388011
0.99999946525458927
0.99999963031756278
0.99999974623927768
0.99999982696742462
0.999999882745916
0.99999992100296864
0.99999994706250728
0.99999996469962504
0.999999976564934
0.99999998450269811
0.99999998978542681
0.99999999328435307
0.99999999559171349
0.99999999710743459
0.99986444592304347
0.9998734061108181
0.99988324558838404
0.99989374439925849
0.99990464372303101
0.99991566287642042
0.99992651948543787
0.9999369501585833
0.99994672881360958
0.99995568024624704
0.99996368746151321
0.99997069245677417
0.9999766912436393
0.99998172467479829
0.99998586698212166
0.99998921385314865
0.99999187149426039
0.99999394760917459
0.99999554470394525
0.99999675571002955
0.99999766163682324
0.99999833082260647
0.99999881932047319
0.99999917199657751
0.99999942399709563
0.9999996023308606
0.99999972739937026
0.99999981437585195
0.99999987438744231
0.99999991549027911
0.99999994344923915
0.99999996234562682
0.99999997504054183
0.99999998352159469
0.9999999891580873
0.99999999288609931
0.9999999953409987
0.99999999695120789
0.99985556889167948
0.99986491293243629
0.99987522567319331
0.99988628129174451
0.99989780841414821
0.99990950793193567
0.99992107486879156
0.99993222135440829
0.99994269745177911
0.99995230699111637
0.99996091657661312
0.99996845725906636
0.99997491964706553
0.99998034416083326
0.99998480856247118
0.99998841483663414
0.99999127708092617
0.99999351147952797
0.99999522884439584
0.99999652972863029
0.99999750179584646
0.99999821896612973
0.99999874182172932
0.99999911880141579
0.99999938780146091
0.99999957790288219
0.99999971103936769
0.99999980349819295
0.99999986720442779
0.99999991077804762
0.99999994037750972
0.99999996035582195
0.99999997375976735
0.99999998270268875
0.99999998863830908
0.99999999255895367
0.99999999513719628
0.99999999682590868
0.99984732692310474
0.99985706254897688
0.99986784272919105
0.99987943675956337
0.9998915622392498
0.99990390357522008
0.99991613539276214
0.9999279476538393
0.99993906883643524
0.99994928390279736
0.99995844487603702
0.99996647332782473
0.9999733555391932
0.99997913217706103
0.99998388484433876
0.99998772181756646
0.99999076483295102
0.9999931381291437
0.9999949602953605
0.99999633893599271
0.99999736780435122
0.99999812587684078
0.99999867779837959
0.99999907518190756
0.9999993583443062
0.99999955817378694
0.99999969792821197
0.99999979484906454
0.9999998615388368
0.99999990709201425
0.99999993799542408
0.99999995882682635
0.99999997278530228
0.99999998208645591
0.99999998825210101
0.99999999231955294
0.99999999499090175
0.99999999673825535
0.99983987242467476
0.99985001888081027
0.99986126850425627
0.99987338609151566
0.99988607945635677
0.99989901854360086
0.99991186022970424
0.99992427537147155
0.99993597408765622
0.99994672560705866
0.99995637018783101
0.99996482224737626
0.99997206547077944
0.99997814188252643
0.99998313745485234
0.99998716678924282
0.99999035891240151
0.99999284550964518
0.99999475219263245
0.99999619280890972
0.99999726641020403
0.99999805630146898
0.99999863055215998
0.99999904341095602
0.99999933717535638
0.99999954419090087
0.99999968876793344
0.99999978889549801
0.99999985769919941
0.99999990463468225
0.99999993643509677
0.99999995784434992
0.99999997217245884
0.99999998170841453
0.99999998802216283
0.99999999218233826
0.99999999491126002
0.99999999669401274
0.99983335899998382
0.99984394541576083
0.99985567295876865
0.99986830169068475
0.99988153057114715
0.99989501716265694
0.9999084036699093
0.99992134564763391
0.9999335390303169
0.99994474147706258
0.99995478528029325
0.99996358086413051
0.99997111167649677
0.99997742260810907
0.99998260471208744
0.99998677895428978
0.9999900811823399
0.9999926497201137
0.99999461620987962
0.99999609969233993
0.99999720350077226
0.99999801434338087
0.99999860291117215
0.99999902541772423
0.99999932559812799
0.99999953682732312
0.99999968413863882
0.99999978602007089
0.99999985593609353
0.99999990356913016
0.9999999358020325
0.99999995747627057
0.99999997196467916
0.99999998159622827
0.99999998796602474
0.99999999215836433
0.99999999490520797
0.9999999966975105
0.99982794422227694
0.99983900621084787
0.99985122351673972
0.99986435070024549
0.99987807856099786
0.9998920544707921
0.99990590949739466
0.99991928843848321
0.99993187813866979
0.99994342982091799
0.99995377251096629
0.99996281653886554
0.99997054799970664
0.9999770164618399
0.99998231887335687
0.99998658254893424
0.99998994952513187
0.99999256373391543
0.99999456161281597
0.99999606610877279
0.9999971836064967
0.99999800311082132
0.99999859698385973
0.99999902261759244
0.99999932455366281
0.9999995367032054
0.99999968444568421
0.99999978648574461
0.9999998564189132
0.99999990400376404
0.99999993616518035
0.99999995776618489
0.99999997218937231
0.99999998176703242
0.99999998809433766
0.99999999225421121
0.99999999497678349
0.99999999675120799
0.99982379178829606
0.9998353662833166
0.99984808370456069
0.99986169201517394
0.99987587449401105
0.99989027076700165
0.99990450483998417
0.99991821605285003
0.99993108811546594
0.99994287179818309
0.99995339829642693
0.99996258230140267
0.99997041578588608
0.99997695495171801
0.99998230343293537
0.99998659473404317
0.99998997623350006
0.99999259619633096
0.99999459437737959
0.99999609612243157
0.9999972094495061
0.99999802440090491
0.99999861394055833
0.99999903576286731
0.99999933451955214
0.99999954411809056
0.99999968987472054
0.99999979040622278
0.99999985921645818
0.9999999059796888
0.9999999375487636
0.99999995872814895
0.99999997285454689
0.99999998222528663
0.99999998840950965
0.99999999247112203
0.99999999512658277
0.99999999685535268
0.99982107169702461
0.99983319015848771
0.99984641011274344
0.99986047181828341
0.99987505190501513
0.99988978517031435
0.99990429329392261
0.99991821621828769
0.99993124123085719
0.99994312528996099
0.99995370768516079
0.99996291221166245
0.99997074004275344
0.99997725589937903
0.99998257070728269
0.999986823751705
0.99999016663451923
0.99999275041821956
0.99999471646728444
0.99999619082926594
0.99999728158900736
0.99999807845640554
0.99999865384873265
0.99999906483239254
0.9999993554367087
0.9999995590027686
0.99999970036029195
0.99999979772561787
0.99999986428385301
0.99999990946233996
0.99999993992695524
0.99999996034330618
0.9999999739466845
0.99999998296143944
0.99999998890487085
0.99999999280448226
0.99999999535143691
0.99999999700778175
0.9998199569673839
0.99983263723485261
0.99984634654212623
0.99986081674391558
0.99987571929453101
0.99989068781757962
0.9999053471868371
0.99991934473697441
0.99993237862855344
0.99994421902474673
0.99995471938259817
0.99996381728416572
0.99997152620401109
0.99997792094397875
0.99998311996133993
0.99998726755380596
0.99999051810908579
0.99999302369004228
0.99999492536367385
0.99999634804041138
0.99999739821190059
0.99999816382945539
0.99999871558556219
0.99999910897626398
0.9999993866748571
0.99999958089800101
0.99999971557287504
0.99999980821064527
0.99999987145789926
0.99999991433874846
0.99999994322228725
0.99999996255897472
0.9999999754302229
0.99999998395164091
0.99999998956451619
0.99999999324373723
0.99999999564437048
0.99999999720390143
0.99982061541490086
0.99983385268846148
0.99984801431167403
0.99986282393359427
0.99987795030842341
0.99989303053088685
0.99990769904236565
0.99992161797133994
0.99993450395527472
0.9999461473752721
0.99995642165527321
0.99996528237972837
0.99997275785531725
0.99997893393922455
0.99998393632132176
0.99998791309447155
0.99999101965232218
0.99999340702359607
0.99999521392428214
0.99999656221379185
0.99999755510656341
0.99999827737807456
0.9999987968453502
0.99999916652729015
0.99999942704442024
0.99999960896513496
0.99999973492761596
0.99999982145744937
0.99999988046221244
0.99999992042130015
0.99999994730834119
0.99999996529053958
0.99999997724886758
0.99999998515863997
0.99999999036391429
0.99999999377279969
0.99999999599487321
0.99999999743686818
0.99982319520144314
0.99983695292656305
0.9998514980657135
0.99986654765157879
0.99988177156853975
0.99989681617491599
0.99991133264903809
0.99992500567214104
0.99993757786975679
0.99994886637218428
0.99995876961166985
0.99996726449196149
0.9999743957721936
0.99998026051749433
0.99998499068055924
0.99998873643687414
0.99999165208122531
0.99999388539446199
0.99999557062094602
0.99999682466577255
0.9999977458401843
0.99999841440828485
0.99999889424957822
0.99999923508390798
0.99999947485758445
0.99999964203022118
0.99999975761568427
0.99999983691356875
0.99999989092242059
0.99999992745813626
0.99999995201679714
0.99999996842618677
0.99999997932874729
0.99999998653387345
0.99999999127128114
0.99999999437094966
0.99999999638948578
0.9999999976979681
0.99982780334159616
0.99984200518798882
0.9998568270749808
0.99987198279844913
0.99988714875559115
0.99990198747352743
0.99991617457571913
0.99992942498175963
0.99994151419272415
0.99995229158654142
0.99996168438640831
0.99996969283154624
0.99997637856245114
0.99998184902250864
0.9999862407294855
0.99998970375432739
0.99999238893436559
0.99999443850728398
0.99999598016387758
0.99999712406367292
0.99999796213675285
0.99999856895752393
0.99999900355519677
0.99999931166062495
0.99999952803531333
0.99999967865911654
0.99999978265635159
0.99999985391366519
0.99999990239044023
0.99999993514950591
0.99999995714836254
0.99999997183415779
0.99999998158319725
0.99999998802060164
0.99999999224962444
0.99999999501416048
0.99999999681265583
0.99999999797716654
0.99983447720556462
0.99984900183986403
0.99986395299286501
0.99987904656605353
0.99989397232736177
0.99990841667432551
0.99992208741865207
0.99993473671946109
0.99994617858861645
0.99995629855090196
0.99996505469561137
0.9999724710075405
0.99997862508255031
0.99998363288758052
0.99998763312648753
0.99999077320710394
0.9999931980276906
0.99999504204228362
0.99999642447239556
0.99999744716365646
0.99999819442635196
0.99999873419614527
0.99999911994341861
0.99999939289280115
0.99999958425072533
0.99999971725673342
0.99999980896499419
0.99999987172568927
0.99999991437555746
0.99999994316853302
0.99999996248655199
0.99999997537183438
0.99999998391871514
0.99999998955779179
0.99999999325926314
0.99999999567672504
0.99999999724778299
0.99999999826377661
0.99984315037729998
0.99985783122758787
0.99987272622229018
0.9998875604795654
0.99990204502007063
0.99991589796512736
0.99992886634874256
0.99994074514619413
0.99995139061725569
0.99996072624297971
0.99996874103645128
0.99997548139545622
0.999981038596647
0.99998553435840487
0.99998910667696372
0.99999189755645379
0.99999404353749466
0.99999566927139583
0.99999688390035457
0.99999777972146642
0.99999843251018905
0.99999890290551474
0.99999923835868476
0.99999947527401001
0.99999964109346129
0.99999975617972225
0.99999983542964532
0.99999988960245867
0.99999992637891932
0.99999995118412333
0.99999996781280565
0.99999997889565884
0.9999999862414346
0.99999999108432081
0.99999999426054254
0.99999999633300096
0.99999999767833436
0.99999999854716737
0.99985361592209954
0.99986824840434296
0.99988287420479938
0.99989723587493173
0.99991107373514121
0.99992414469544699
0.99993624043817975
0.99994720215376509
0.99995692964940608
0.99996538377951683
0.99997258243863096
0.99997859145448764
0.99998351237060312
0.99998746923658655
0.99999059621520958
0.99999302724761019
0.99999488838682449
0.99999629286469127
0.99999733857705009
0.99999810747074436
0.99999866626352563
0.99999906797622429
0.99999935385749428
0.99999955539760654
0.99999969623532425
0.99999979384903559
0.99999986098686855
0.99999990683242279
0.99999993792726771
0.99999995888324211
0.99999997292111487
0.99999998227068376
0.99999998846332894
0.99999999254298455
0.99999999521641203
0.99999999695905939
0.99999999808889206
0.99999999881742252
0.9998654917689761
0.99987985019929193
0.9998939855478608
0.99990766598511815
0.99992066815191716
0.99993279292242132
0.99994387955650876
0.99995381608097078
0.99996254442248333
0.99997005982549447
0.99997640513389019
0.99998166132172173
0.99998593605899255
0.99998935207218653
0.99999203670561043
0.99999411356906931
0.9999956966266651
0.99999688665102637
0.99999776968717879
0.99999841703965875
0.99999888628337852
0.99999922286031973
0.99999946192077926
0.99999963017042215
0.99999974757519616
0.99999982884742522
0.99999988468687973
0.99999992278287209
0.99999994860143626
0.99999996598960017
0.99999997763021087
0.99999998537848223
0.9999999905073178
0.99999999388377836
0.99999999609451995
0.9999999975340127
0.99999999846598653
0.9999999990658579
0.9998781936227833
0.99989205902228051
0.99990550320787042
0.99991832665069136
0.99993034698066041
0.99994141128242364
0.99995140615798539
0.99996026403880722
0.99996796489383588
0.99997453332314878
0.9999800318167803
0.99998455149958554
0.9999882018793429
0.99999110098374688
0.99999336691360985
0.9999951113885297
0.99999643543650774
0.99999742705647476
0.99999816048979173
0.99999869666322572
0.99999908438066476
0.99999936190777905
0.99999955868180768
0.99999969696583613
0.99999979334107203
0.99999985998699181
0.99999990573798858
0.99999993692900946
0.99999995805526465
0.99999997227589787
0.99999998179145089
0.99999998812220059
0.99999999231048786
0.99999999506593562
0.99999999686849372
0.99999999804080908
0.99999999879858126
0.99999999928530614
0.99989091925130769
0.99990411743785945
0.99991672709516721
0.99992858463252976
0.99993954980108113
0.99994951447827463
0.99995840894430987
0.99996620471086217
0.99997291354921858
0.99997858302015108
0.99998328935899428
0.9999871288901423
0.99999020919168702
0.99999264104187358
0.99999453184657494
0.99999598087636876
0.99999707631807999
0.99999789391692795
0.99999849686285736
0.99999893654311611
0.99999925381489563
0.99999948051781584
0.99999964102268413
0.99999975368471605
0.99999983212818799
0.99999988633282999
0.99999992352113398
0.99999994886280485
0.99999996602093877
0.99999997756700754
0.99999998529068412
0.99999999042762766
0.9999999938246813
0.99999999605822998
0.99999999751807156
0.99999999846626408
0.99999999907804493
0.99999999947005391
0.99990264268635853
0.99991508981079402
0.99992682075129991
0.99993770715327868
0.99994764768585809
0.99995657366047608
0.99996445214105156
0.9999712860726665
0.99997711143636459
0.99998199191256743
0.99998601188663938
0.99998926878478978
0.9999918656779383
0.99999390488248885
0.99999548299765839
0.99999668752736393
0.99999759499795116
0.99999827032889754
0.99999876714292879
0.99999912869830077
0.99999938916585596
0.99999957503437542
0.99999970649248149
0.99999979869315914
0.99999986285278186
0.99999990716933762
0.99999993756571848
0.99999995827588206
0.99999997229699444
0.99999998173162608
0.9999999880424717
0.999999992239198
0.99999999501372727
0.99999999683704355
0.99999999802773787
0.99999999880007728
0.99999999929742356
0.99999999961528518
0.99991210681900522
0.99992385757218893
0.99993480775648269
0.99994485836150271
0.99995393908314767
0.99996201148118191
0.99996906977457223
0.99997513913262148
0.99998027169694381
0.99998454089760358
0.99998803483062659
0.99999084950826034
0.99999308268918552
0.99999482879067669
0.99999617514078198
0.99999719960249234
0.99999796943082353
0.99999854112207487
0.99999896097764918
0.99999926611697798
0.99999948571604313
0.99999964230244687
0.99999975299235888
0.99999983060151654
0.99999988459860278
0.99999992189460252
0.99999994747756937
0.99999996491077503
0.99999997671558205
0.99999998466044526
0.99999998997562467
0.99999999351047275
0.99999999584721322
0.9999999973823166
0.99999999838410469
0.99999999903314962
0.99999999945036544
0.99999999971639619
0.99991778802142028
0.99992908077283138
0.99993953098580601
0.99994905743008322
0.99995760807710199
0.99996516182935302
0.99997172802843404
0.99997734378199843
0.99998206945760715
0.99998598293083696
0.99998917329553827
0.999991734730733
0.9999937610919104
0.99999534159914716
0.99999655778226137
0.99999748165742974
0.99999817497640198
0.99999868931621472
0.99999906675741645
0.99999934091770104
0.99999953814913745
0.99999967875673934
0.99999977814393859
0.99999984783088824
0.99999989632221487
0.9999999298219846
0.99999995280667242
0.99999996847371608
0.9999999790856825
0.99999998622975117
0.99999999101035009
0.99999999419021157
0.999999996292389
0.99999999767322201
0.99999999857399591
0.99999999915718263
0.99999999953165186
0.99999999977008103
)
;

boundaryField
{
    hotWall
    {
        type            calculated;
        value           nonuniform List<scalar> 0();
    }
    coldWall
    {
        type            calculated;
        value           nonuniform List<scalar> 0();
    }
    bottomWall
    {
        type            calculated;
        value           nonuniform List<scalar> 0();
    }
    topWall
    {
        type            calculated;
        value           nonuniform List<scalar> 
38
(
0.99991778802142028
0.99992908077283138
0.99993953098580601
0.99994905743008322
0.99995760807710199
0.99996516182935302
0.99997172802843404
0.99997734378199843
0.99998206945760715
0.99998598293083696
0.99998917329553827
0.999991734730733
0.9999937610919104
0.99999534159914716
0.99999655778226137
0.99999748165742974
0.99999817497640198
0.99999868931621472
0.99999906675741645
0.99999934091770104
0.99999953814913745
0.99999967875673934
0.99999977814393859
0.99999984783088824
0.99999989632221487
0.9999999298219846
0.99999995280667242
0.99999996847371608
0.9999999790856825
0.99999998622975117
0.99999999101035009
0.99999999419021157
0.999999996292389
0.99999999767322201
0.99999999857399591
0.99999999915718263
0.99999999953165186
0.99999999977008103
)
;
    }
    front
    {
        type            empty;
    }
    back
    {
        type            empty;
    }
    procBoundary1to0
    {
        type            processor;
        value           nonuniform List<scalar> 
40
(
0.99999993702534495
0.99999993344796478
0.99999992966155216
0.99999992564762119
0.99999992138468174
0.99999991684753509
0.99999991200636984
0.99999990682559348
0.99999990126231486
0.9999998952643675
0.99999988876772472
0.99999988169311371
0.99999987394157164
0.99999986538861019
0.99999985587655116
0.99999984520446794
0.9999998331150024
0.99999981927712078
0.99999980326362081
0.99999978452188809
0.99999976233602927
0.99999973577806833
0.99999970364538682
0.9999996643810205
0.99999961597282716
0.99999955582692457
0.99999948061025501
0.99999938605672756
0.99999926673127548
0.99999911574651001
0.99999892442770777
0.99999868192392194
0.99999837476641495
0.99999798638074711
0.99999749656608494
0.99999688096488615
0.99999611055814874
0.99999515123561644
0.99999396350589465
0.99999250242686666
)
;
    }
    procBoundary1to2
    {
        type            processor;
        value           nonuniform List<scalar> 
40
(
0.99999071784974947
0.99998855507733464
0.99998595603409424
0.99998286102925271
0.99997921115792721
0.99997495132932179
0.99997003383890126
0.99996442229963478
0.99995809566175142
0.9999510519589967
0.99994331136693237
0.99993491815761526
0.99992594120289324
0.99991647282194307
0.9999066259781485
0.99989653007870083
0.99988632587465565
0.99987616014903224
0.99986618096906377
0.9998565342349397
0.99984736207515834
0.99983880333874087
0.99983099605944081
0.99982408136933221
0.99981820796821053
0.9998135359466781
0.99981023853259676
0.9998085001889977
0.99980850944699307
0.99981044494819982
0.99981445348747977
0.99982061953474766
0.99982892693359293
0.99983921527109865
0.99985113550584759
0.99986411098405659
0.99987730947517994
0.99988962746454235
0.99989967816907011
0.99990575947769
)
;
    }
    procBoundary1to3
    {
        type            processor;
        value           nonuniform List<scalar> 
31
(
0.99999999920316374
0.99999999909662196
0.99999999898142555
0.99999999885868907
0.99999999873009038
0.99999999859791411
0.99999999846506615
0.99999999833504571
0.99999999821186913
0.99999999809993956
0.99999999800385919
0.99999999792819017
0.99999999787717364
0.99999999785442606
0.99999999786263483
0.99999999790328431
0.99999999797644357
0.99999999808064355
0.99999999821287
0.99999999836868181
0.99999999854245669
0.99999999872774226
0.99999999891768088
0.99999999910545456
0.99999999928469496
0.99999999944979501
0.99999999959606733
0.99999999971965914
0.9999999998171083
0.99999999988490673
0.99999999992089883
)
;
    }
    procBoundary1to5
    {
        type            processor;
        value           nonuniform List<scalar> 
73
(
0.99999999903117098
0.99999999894773162
0.99999999885680046
0.99999999875750567
0.99999999864883138
0.9999999985295861
0.99999999839836118
0.99999999825347741
0.9999999980929174
0.99999999791423566
0.9999999977144427
0.99999999748985191
0.99999999723587807
0.99999999694676955
0.99999999661525563
0.99999999623207603
0.99999999578535681
0.99999999525978145
0.99999999463549083
0.99999999388662364
0.99999999297938713
0.99999999186951183
0.99999999049890387
0.99999998879126328
0.99999998664637235
0.99999998393269296
0.99999998047782868
0.99999997605632496
0.99999997037418176
0.99999996304936811
0.99999995358754834
0.99999994135217851
0.99999992552813899
0.9999999050781454
0.99999987869138773
0.99999984472421644
0.99999984472421644
0.99999988089220648
0.99999990931395222
0.99999993145184574
0.99999994854754848
0.99999996163971572
0.99999997158509013
0.99999997908107607
0.9999999846883173
0.99999998885221031
0.99999999192264311
0.99999999417156205
0.99999999580820609
0.99999999699202524
0.99999999784342497
0.99999999845254339
0.99999999888631264
0.99999999919405647
0.99999999941187367
0.99999999956602925
0.9999999996755532
0.9999999997109571
0.99999999965908193
0.99999999959681718
0.9999999995221176
0.99999999943265927
0.99999999932584727
0.99999999919884153
0.99999999904860803
0.99999999887200042
0.99999999866587819
0.99999999842726672
0.99999999815356
0.99999999784276783
0.99999999784276783
0.99999999852916721
0.99999999899032421
)
;
    }
    procBoundary1to6
    {
        type            processor;
        value           nonuniform List<scalar> 
14
(
0.99999995376642192
0.9999999642560512
0.99999997246426053
0.99999997886388248
0.99999998383516109
0.99999998768267151
0.99999999064940903
0.99999999292846542
0.99999999467266354
0.99999999600246958
0.99999999701246123
0.9999999977765911
0.9999999983524509
0.99999999878470969
)
;
    }
}


// ************************************************************************* //
