#              distance                     U_x                     U_y                     U_z                       T
                      0  -2.029754793111562e-18   7.748790269266248e-21                       0       299.7148185848202
  0.0003906250000000001  -0.0001154251323522441   4.483557960167354e-07                       0       299.7148185848185
  0.0007812500000000004  -0.0002308502647044895   8.967115920334762e-07                       0       299.7148185848196
   0.001171875000000001  -0.0003462753970567343   1.345067388050215e-06                       0       299.7148185848201
   0.001562500000000001  -0.0004443787107539931   2.992158527258979e-06                       0       299.7148462501502
            0.001953125  -0.0005381515697875083   4.938933502265757e-06                       0        299.714880831815
   0.002343750000000001  -0.0006319244288210235   6.885708477272541e-06                       0       299.7149154134797
   0.002734375000000001  -0.0007256972878545385   8.832483452279323e-06                       0       299.7149499951444
   0.003125000000000001  -0.0008194701468880538   1.077925842728611e-05                       0       299.7149845768091
            0.003515625  -0.0009132430059215687   1.272603340229289e-05                       0       299.7150191584739
             0.00390625  -0.0009989638849840692   1.504391888803341e-05                       0       299.7151241937156
            0.004296875   -0.001072606794090047   1.791847013987453e-05                       0       299.7153349093226
   0.004687500000000001   -0.001146249703196024   2.079302139171565e-05                       0       299.7155456249296
   0.005078125000000001   -0.001219892612302002   2.366757264355678e-05                       0       299.7157563405366
   0.005468750000000001    -0.00129353552140798   2.654212389539789e-05                       0       299.7159670561437
   0.005859375000000001   -0.001367178430513957   2.941667514723902e-05                       0       299.7161777717507
   0.006250000000000001   -0.001440821339619935   3.229122639908013e-05                       0       299.7163884873577
   0.006640625000000001   -0.001495992747567454    3.54574101842372e-05                       0       299.7168794154384
   0.007031250000000001   -0.001551164155514974   3.862359396939428e-05                       0       299.7173703435191
   0.007421875000000001   -0.001606335563462493   4.178977775455136e-05                       0       299.7178612715999
   0.007812500000000002   -0.001661506971410013   4.495596153970845e-05                       0       299.7183521996807
            0.008203125   -0.001716678379357533   4.812214532486551e-05                       0       299.7188431277615
   0.008593750000000002   -0.001771849787305053   5.128832911002255e-05                       0       299.7193340558423
   0.008984375000000003   -0.001817045349976551   5.433955802911585e-05                       0       299.7200332347962
   0.009375000000000001   -0.001855590349130702   5.731415037083322e-05                       0       299.7208712476656
            0.009765625   -0.001894135348284852   6.028874271255059e-05                       0       299.7217092605349
             0.01015625   -0.001932680347439003   6.326333505426803e-05                       0       299.7225472734043
            0.010546875   -0.001971225346593154   6.623792739598537e-05                       0       299.7233852862736
              0.0109375   -0.002009770345747304   6.921251973770273e-05                       0       299.7242232991429
            0.011328125   -0.002045386179398935     7.2096311698665e-05                       0       299.7251372938464
             0.01171875   -0.002069285351040491   7.461690213660681e-05                       0        299.726355215886
            0.012109375   -0.002093184522682046   7.713749257454864e-05                       0       299.7275731379257
                 0.0125   -0.002117083694323601   7.965808301249048e-05                       0       299.7287910599654
            0.012890625   -0.002140982865965158   8.217867345043235e-05                       0       299.7300089820052
             0.01328125   -0.002164882037606713   8.469926388837418e-05                       0       299.7312269040448
            0.013671875   -0.002188781209248268   8.721985432631601e-05                       0       299.7324448260845
              0.0140625   -0.002202583885941651   8.927566569908019e-05                       0       299.7339695309295
            0.014453125    -0.00221386243889799   9.121528230554999e-05                       0       299.7355709314759
             0.01484375    -0.00222514099185433   9.315489891201977e-05                       0       299.7371723320222
            0.015234375   -0.002236419544810669   9.509451551848956e-05                       0       299.7387737325686
               0.015625   -0.002247698097767007   9.703413212495927e-05                       0       299.7403751331149
    0.01601562500000001   -0.002258976650723357   9.897374873142948e-05                       0       299.7419765336625
             0.01640625    -0.00226599693602581   0.0001006705842927252                       0       299.7437233733749
            0.016796875   -0.002266629819847459    0.000102003248286261                       0       299.7456883718399
              0.0171875   -0.002267262703669107   0.0001033359122797969                       0       299.7476533703048
            0.017578125   -0.002267895587490756   0.0001046685762733327                       0       299.7496183687699
    0.01796875000000001   -0.002268528471312405   0.0001060012402668685                       0       299.7515833672348
            0.018359375   -0.002269161355134071   0.0001073339042604052                       0        299.753548365702
                0.01875   -0.002269794238955705   0.0001086665682539403                       0        299.755513364165
            0.019140625   -0.002261628894542674   0.0001094276928477253                       0       299.7578050010582
             0.01953125   -0.002253463550129637     0.00011018881744151                       0       299.7600966379504
    0.01992187500000001   -0.002245298205716606    0.000110949942035295                       0       299.7623882748434
              0.0203125    -0.00223713286130358   0.0001117110666290802                       0       299.7646799117373
    0.02070312500000001   -0.002228967516890568   0.0001124721912228663                       0       299.7669715486329
             0.02109375   -0.002220802172477519   0.0001132333158166504                       0       299.7692631855235
            0.021484375   -0.002208359924313902   0.0001136886145158667                       0       299.7717222496348
    0.02187500000000001   -0.002193066406983224   0.0001139400292853703                       0       299.7742929318908
            0.022265625   -0.002177772889652554   0.0001141914440548744                       0       299.7768636141479
             0.02265625   -0.002162479372321884   0.0001144428588243785                       0        299.779434296405
            0.023046875   -0.002147185854991213   0.0001146942735938825                       0        299.782004978662
              0.0234375   -0.002131892337660542   0.0001149456883633864                       0       299.7845756609191
            0.023828125   -0.002115467081328461   0.0001151078150312713                       0       299.7871917041094
             0.02421875   -0.002094514868990737   0.0001149127892926798                       0       299.7899891910322
            0.024609375   -0.002073562656653013   0.0001147177635540883                       0       299.7927866779552
                  0.025    -0.00205261044431529   0.0001145227378154969                       0       299.7955841648781
            0.025390625   -0.002031658231977565   0.0001143277120769052                       0       299.7983816518009
    0.02578125000000001   -0.002010706019639843   0.0001141326863383138                       0       299.8011791387243
            0.026171875   -0.001989753807302138   0.0001139376605997234                       0       299.8039766256499
              0.0265625   -0.001965287128026158    0.000113426204871458                       0       299.8069140923509
            0.026953125   -0.001939941832015628   0.0001128356416457749                       0       299.8098865539986
             0.02734375   -0.001914596536005103   0.0001122450784200922                       0       299.8128590156471
    0.02773437500000001   -0.001889251239994579   0.0001116545151944095                       0       299.8158314772957
               0.028125   -0.001863905943984055   0.0001110639519687268                       0       299.8188039389442
            0.028515625    -0.00183856064797353   0.0001104733887430441                       0       299.8217764005927
             0.02890625   -0.001811886128808671   0.0001097384482582125                       0       299.8247998164774
            0.029296875    -0.00178321777491231   0.0001087869418846574                       0       299.8278996637166
              0.0296875    -0.00175454942101595   0.0001078354355111024                       0       299.8309995109557
            0.030078125   -0.001725881067119589   0.0001068839291375474                       0       299.8340993581949
             0.03046875   -0.001697212713223231   0.0001059324227639923                       0       299.8371992054346
            0.030859375   -0.001668544359326866   0.0001049809163904371                       0       299.8402990526731
                0.03125    -0.00163987600543051   0.0001040294100168823                       0       299.8433988999131
    0.03164062500000001     -0.0016087721259831   0.0001027384342444605                       0       299.8465852928335
    0.03203125000000001   -0.001577668246535694    0.000101447458472039                       0       299.8497716857548
            0.032421875    -0.00154656436708829   0.0001001564826996175                       0        299.852958078676
              0.0328125   -0.001515460487640885   9.886550692719599e-05                       0       299.8561444715972
            0.033203125   -0.001484356608193484   9.757453115477453e-05                       0       299.8593308645194
             0.03359375   -0.001453252728746081   9.628355538235317e-05                       0       299.8625172574411
    0.03398437500000001   -0.001421118985627185   9.479817999356626e-05                       0       299.8657358892443
               0.034375    -0.00138829866672731   9.318320486053665e-05                       0       299.8689760136379
    0.03476562500000001   -0.001355478347827433     9.1568229727507e-05                       0       299.8722161380315
    0.03515625000000001    -0.00132265802892757   8.995325459447821e-05                       0       299.8754562624282
    0.03554687500000001   -0.001289837710027685   8.833827946144791e-05                       0       299.8786963868197
              0.0359375   -0.001257017391127806   8.672330432841847e-05                       0       299.8819365112124
            0.036328125   -0.001223966700223435   8.504704873415548e-05                       0       299.8851824749987
    0.03671874999999999   -0.001189994521301088   8.312567129495859e-05                       0       299.8884517963557
            0.037109375    -0.00115602234237874   8.120429385576193e-05                       0       299.8917211177127
    0.03750000000000001   -0.001122050163456392   7.928291641656525e-05                       0       299.8949904390697
            0.037890625   -0.001088077984534044   7.736153897736858e-05                       0       299.8982597604268
             0.03828125   -0.001054105805611696   7.544016153817187e-05                       0       299.9015290817837
            0.038671875   -0.001020133626689354   7.351878409897555e-05                       0       299.9047984031423
              0.0390625  -0.0009855797383165512   7.137361682762619e-05                       0        299.908077670197
    0.03945312500000001  -0.0009508804225811407   6.917250209823905e-05                       0       299.9113594236781
             0.03984375  -0.0009161811068457318   6.697138736885202e-05                       0       299.9146411771592
    0.04023437500000001  -0.0008814817911103215   6.477027263946467e-05                       0       299.9179229306407
    0.04062500000000001  -0.0008467824753749108   6.256915791007774e-05                       0       299.9212046841216
            0.041015625  -0.0008120831596395053    6.03680431806909e-05                       0       299.9244864376041
    0.04140625000000001  -0.0007772137128285879   5.807108552044918e-05                       0       299.9277691562899
    0.04179687500000001  -0.0007420890694044241   5.563036346392643e-05                       0       299.9310533227878
              0.0421875  -0.0007069644259802524   5.318964140740339e-05                       0       299.9343374892823
    0.04257812499999999  -0.0006718397825560851   5.074891935088012e-05                       0       299.9376216557786
             0.04296875  -0.0006367151391319165   4.830819729435713e-05                       0       299.9409058222748
    0.04335937500000001   -0.000601590495707748   4.586747523783414e-05                       0       299.9441899887711
    0.04375000000000001  -0.0005664658522835813   4.342675318131097e-05                       0       299.9474741552681
            0.044140625  -0.0005311154174495829   4.080131419506723e-05                       0       299.9507561300586
             0.04453125  -0.0004957649826155857   3.817587520882327e-05                       0       299.9540381048499
            0.044921875  -0.0004604145477815883   3.555043622257931e-05                       0       299.9573200796412
    0.04531250000000001  -0.0004250641129475901   3.292499723633528e-05                       0       299.9606020544325
            0.045703125  -0.0003897136781135925   3.029955825009129e-05                       0       299.9638840292238
             0.04609375  -0.0003543632432795948    2.76741192638473e-05                       0       299.9671660040151
            0.046484375  -0.0003189506873761037   2.497861086832388e-05                       0       299.9704462554528
               0.046875  -0.0002834967174262836   2.223638953328083e-05                       0       299.9737253579881
    0.04726562500000001  -0.0002480427474764627   1.949416819823773e-05                       0       299.9770044605234
             0.04765625  -0.0002125887775266425   1.675194686319467e-05                       0       299.9802835630587
            0.048046875  -0.0001771348075768224   1.400972552815159e-05                       0       299.9835626655939
              0.0484375  -0.0001416808376270023   1.126750419310851e-05                       0       299.9868417681292
            0.048828125  -0.0001062209612840742   8.517288732055878e-06                       0       299.9901206334786
    0.04921875000000001  -7.073745936871381e-05   5.735096766964992e-06                       0       299.9933985500841
            0.049609375  -3.525395745335408e-05    2.95290480187416e-06                       0       299.9966764666897
    0.05000000000000001   2.295444620056809e-07   1.707128367833266e-07                       0       299.9999543832969
    0.05039062500000001   3.571304637736766e-05  -2.611479128307971e-06                       0       300.0032322999024
             0.05078125   7.119654829272708e-05   -5.39367109339907e-06                       0       300.0065102165062
    0.05117187500000001   0.0001066800502080884  -8.175863058490318e-06                       0       300.0097881331117
              0.0515625   0.0001421410947085109  -1.092607995311375e-05                       0       300.0130670810319
    0.05195312500000001   0.0001775965248552015  -1.366830308012046e-05                       0       300.0163462867823
    0.05234375000000001   0.0002130519550018896  -1.641052620712698e-05                       0       300.0196254925295
            0.052734375   0.0002485073851485781  -1.915274933413358e-05                       0       300.0229046982783
    0.05312500000000001   0.0002839628152952705  -2.189497246114054e-05                       0       300.0261839040288
    0.05351562500000001   0.0003194182454419599  -2.463719558814726e-05                       0       300.0294631097776
             0.05390625   0.0003548328187891109   -2.73327217197715e-05                       0        300.032743504014
    0.05429687500000001   0.0003901861069369567   -2.99582023583222e-05                       0       300.0360256809818
    0.05468750000000001   0.0004255393950848018  -3.258368299687286e-05                       0       300.0393078579497
    0.05507812500000001   0.0004608926832326457  -3.520916363542341e-05                       0       300.0425900349158
             0.05546875   0.0004962459713804902  -3.783464427397398e-05                       0       300.0458722118836
            0.055859375   0.0005315992595283352  -4.046012491252459e-05                       0       300.0491543888515
                0.05625   0.0005669525476761804   -4.30856055510752e-05                       0       300.0524365658193
            0.056640625   0.0006020813075487539  -4.552648169553497e-05                       0       300.0557210250555
    0.05703125000000001    0.000637210067421328  -4.796735783999477e-05                       0       300.0590054842917
    0.05742187500000001   0.0006723388272939022  -5.040823398445457e-05                       0        300.062289943528
    0.05781250000000002   0.0007074675871664813  -5.284911012891508e-05                       0       300.0655744027661
    0.05820312499999999   0.0007425963470390472  -5.528998627337418e-05                       0       300.0688588620001
             0.05859375   0.0007777251069116213   -5.77308624178341e-05                       0       300.0721433212363
    0.05898437500000001   0.0008125993165115854  -6.002810171303676e-05                       0       300.0754263796117
    0.05937500000000001   0.0008473038259298095  -6.222958310873459e-05                       0         300.07870850408
            0.059765625   0.0008820083353480324  -6.443106450443232e-05                       0       300.0819906285483
    0.06015625000000001   0.0009167128447662574   -6.66325459001305e-05                       0       300.0852727530168
    0.06054687500000001   0.0009514173541844802  -6.883402729582804e-05                       0       300.0885548774847
    0.06093750000000001   0.0009861218636027036  -7.103550869152562e-05                       0        300.091837001953
            0.061328125    0.001020681114217478  -7.318110869968782e-05                       0       300.0951166524825
             0.06171875     0.00105465932961846  -7.510318315770617e-05                       0       300.0983864072568
    0.06210937499999999     0.00108863754501944  -7.702525761572448e-05                       0       300.1016561620312
                 0.0625    0.001122615760420429  -7.894733207374334e-05                       0       300.1049259168072
    0.06289062500000002    0.001156593975821405  -8.086940653176143e-05                       0       300.1081956715799
    0.06328125000000001     0.00119057219122239  -8.279148098978029e-05                       0       300.1114654263553
    0.06367187500000002    0.001224550406623368  -8.471355544779839e-05                       0       300.1147351811286
    0.06406250000000001    0.001257607585828302   -8.63908708051373e-05                       0       300.1179816133497
            0.064453125    0.001290434505984224  -8.800699638730633e-05                       0       300.1212222149325
    0.06484375000000001    0.001323261426140147  -8.962312196947542e-05                       0       300.1244628165152
            0.065234375    0.001356088346296069  -9.123924755164452e-05                       0       300.1277034180981
    0.06562500000000002    0.001388915266451994   -9.28553731338138e-05                       0       300.1309440196808
    0.06601562500000002    0.001421742186607923  -9.447149871598345e-05                       0       300.1341846212649
             0.06640625    0.001453882628336768  -9.595825172822772e-05                       0       300.1374037395475
    0.06679687500000001    0.001484993352425016  -9.725094588558604e-05                       0       300.1405906328829
              0.0671875    0.001516104076513265  -9.854364004294466e-05                       0       300.1437775262187
    0.06757812500000002    0.001547214800601511  -9.983633420030294e-05                       0       300.1469644195537
    0.06796874999999999    0.001578325524689757   -0.000101129028357661                       0       300.1501513128891
            0.068359375    0.001609436248778005  -0.0001024217225150194                       0       300.1533382062246
    0.06875000000000001    0.001640546972866263  -0.0001037144166723784                       0       300.1565250995619
    0.06914062499999998    0.001669222044612591  -0.0001046683009429396                       0       300.1596254492631
             0.06953125    0.001697897116358933  -0.0001056221852135016                       0       300.1627257989662
    0.06992187500000001    0.001726572188105273  -0.0001065760694840634                       0       300.1658261486692
              0.0703125    0.001755247259851622  -0.0001075299537546259                       0       300.1689264983738
    0.07070312500000001    0.001783922331597952  -0.0001084838380251872                       0       300.1720268480752
             0.07109375     0.00181259740334429   -0.000109437722295749                       0       300.1751271977782
    0.07148437500000002    0.001839278307152292  -0.0001101754694063043                       0       300.1781511051836
    0.07187500000000002    0.001864629765668067  -0.0001107691250768552                       0       300.1811240510573
            0.072265625     0.00188998122418384   -0.000111362780747406                       0        300.184096996931
    0.07265625000000001    0.001915332682699614  -0.0001119564364179569                       0       300.1870699428046
    0.07304687499999998    0.001940684141215388  -0.0001125500920885079                       0       300.1900428886782
              0.0734375    0.001966035599731163  -0.0001131437477590586                       0       300.1930158345518
    0.07382812499999999    0.001990508231096807  -0.0001136584402183709                       0       300.1959537782788
             0.07421875     0.00201146555386193  -0.0001138572798327285                       0       300.1987517134191
    0.07460937500000001    0.002032422876627053  -0.0001140561194470864                       0       300.2015496485594
    0.07500000000000001    0.002053380199392188  -0.0001142549590614447                       0       300.2043475837014
            0.075390625      0.0020743375221573  -0.0001144537986758019                       0       300.2071455188401
    0.07578125000000001    0.002095294844922431  -0.0001146526382901601                       0       300.2099434539815
            0.076171875    0.002116252167687569  -0.0001148514779045186                       0       300.2127413891241
    0.07656249999999999    0.002132681237525954  -0.0001146937024221938                       0       300.2153578407418
            0.076953125    0.002147978244132682  -0.0001144467731656996                       0        300.217928921483
    0.07734374999999999    0.002163275250739411  -0.0001141998439092057                       0       300.2205000022241
    0.07773437500000002    0.002178572257346143  -0.0001139529146527122                       0       300.2230710829655
               0.078125    0.002193869263952875  -0.0001137059853962184                       0       300.2256421637073
    0.07851562500000001    0.002209166270559598  -0.0001134590561397239                       0       300.2282132444477
    0.07890625000000001    0.002221611105924273    -0.00011300846713612  -3.092456992284628e-27       300.2306726837292
    0.07929687499999999    0.002229777684425864  -0.0001122523885118508  -1.082359947299592e-26       300.2329646608213
    0.07968749999999999    0.002237944262927456  -0.0001114963098875813  -1.855474195370775e-26       300.2352566379133
            0.080078125    0.002246110841429047  -0.0001107402312633123  -2.628588443441985e-26       300.2375486150054
    0.08046875000000001     0.00225427741993064   -0.000109984152639043   -3.40170269151317e-26       300.2398405920976
    0.08085937500000002    0.002262443998432233  -0.0001092280740147737  -4.174816939584381e-26       300.2421325691897
    0.08124999999999999     0.00227061057693385  -0.0001084719953905056  -4.947931187655595e-26       300.2444245462852
    0.08164062500000001    0.002269975995269179  -0.0001071447646123377  -4.826824128559084e-26       300.2463898237506
             0.08203125    0.002269341413604533   -0.000105817533834171   -4.70571706946263e-26       300.2483551012194
    0.08242187500000001    0.002268706831939886  -0.0001044903030560043   -4.58461001036617e-26       300.2503203786882
    0.08281250000000001     0.00226807225027524  -0.0001031630722778375  -4.463502951269709e-26        300.252285656157
            0.083203125    0.002267437668610594  -0.0001018358414996708  -4.342395892173258e-26       300.2542509336259
    0.08359375000000001    0.002266803086945959  -0.0001005086107215045  -4.221288833076819e-26       300.2562162110961
            0.083984375    0.002259778934245783  -9.881730156537093e-05  -3.842584462117496e-26       300.2579632945124
    0.08437500000000001    0.002248495067521942  -9.688327349059347e-05  -3.292148549916269e-26       300.2595649152296
    0.08476562500000001      0.0022372112007981  -9.494924541581601e-05  -2.741712637715043e-26       300.2611665359467
             0.08515625    0.002225927334074257  -9.301521734103862e-05  -2.191276725513844e-26       300.2627681566637
    0.08554687500000001    0.002214643467350421  -9.108118926626147e-05  -1.640840813312599e-26       300.2643697773815
              0.0859375    0.002203359600626583  -8.914716119148424e-05  -1.090404901111402e-26       300.2659713980991
    0.08632812500000001    0.002189550756929477  -8.709691264789218e-05  -6.477611765074729e-27       300.2674963126336
    0.08671875000000001    0.002165642005339289   -8.45817822290405e-05  -6.362862022928138e-27       300.2687144024345
    0.08710937499999999    0.002141733253749113  -8.206665181018945e-05  -6.248112280781569e-27       300.2699324922368
    0.08749999999999999    0.002117824502158936  -7.955152139133822e-05  -6.133362538634992e-27       300.2711505820392
    0.08789062499999999    0.002093915750568761  -7.703639097248713e-05  -6.018612796488323e-27       300.2723686718415
    0.08828124999999999    0.002070006998978584  -7.452126055363595e-05  -5.903863054341752e-27       300.2735867616439
    0.08867187500000001    0.002046098247388406  -7.200613013478465e-05  -5.789113312195179e-27       300.2748048514463
    0.08906249999999999    0.002010468954937311  -6.912743574031459e-05  -4.440937666168434e-27       300.2757189788653
    0.08945312499999999    0.001971909527270983  -6.615785035193958e-05  -2.784405544171515e-27       300.2765571156885
    0.08984374999999999    0.001933350099604656  -6.318826496356466e-05  -1.127873422174654e-27       300.2773952525118
    0.09023437500000001    0.001894790671938327   -6.02186795751896e-05   5.286586998226991e-28       300.2782333893351
    0.09062500000000001    0.001856231244271999   -5.72490941868146e-05   2.185190821819654e-27       300.2790715261583
            0.091015625    0.001817671816605672  -5.427950879843971e-05   3.841722943816549e-27       300.2799096629814
    0.09140625000000001    0.001772459685519853  -5.123296814025004e-05   4.771006287923719e-27       300.2806089517559
            0.091796875    0.001717268499304797  -4.807099457733845e-05   4.609416465195989e-27       300.2810999684571
    0.09218750000000001     0.00166207731308974  -4.490902101442677e-05   4.447826642468256e-27       300.2815909851583
    0.09257812500000001    0.001606886126874682  -4.174704745151509e-05   4.286236819740425e-27       300.2820820018596
    0.09296874999999999    0.001551694940659627  -3.858507388860358e-05   4.124646997012708e-27       300.2825730185608
    0.09335937500000001    0.001496503754444567  -3.542310032569174e-05   3.963057174284975e-27       300.2830640352622
    0.09374999999999999    0.001441312568229512  -3.226112676278023e-05   3.801467351557258e-27       300.2835550519634
    0.09414062500000001    0.001367644089882628   -2.93896877972556e-05   3.207488077876423e-27        300.283765826831
    0.09453125000000001    0.001293975611535747  -2.651824883173107e-05   2.613508804195608e-27       300.2839766016987
            0.094921875    0.001220307133188868  -2.364680986620664e-05   2.019529530514815e-27       300.2841873765663
    0.09531250000000001    0.001146638654841986  -2.077537090068211e-05   1.425550256833958e-27       300.2843981514339
            0.095703125     0.00107297017649511  -1.790393193515772e-05   8.315709831531511e-28       300.2846089263024
    0.09609375000000002   0.0009993016981482278  -1.503249296963311e-05   2.375917094723017e-28       300.2848197011706
    0.09648437500000001   0.0009135514889816716   -1.27166592968191e-05                       0       300.2849247789547
               0.096875    0.000819746792602006  -1.077122915247876e-05                       0       300.2849593920187
    0.09726562500000002   0.0007259420962223338  -8.825799008138281e-06                       0       300.2849940050826
             0.09765625   0.0006321373998426708  -6.880368863797994e-06                       0       300.2850286181467
    0.09804687500000001   0.0005383327034629994   -4.93493871945753e-06                       0       300.2850632312106
    0.09843750000000001   0.0004445280070833296  -2.989508575117075e-06                       0        300.285097844276
            0.098828125   0.0003463914843558678  -1.343591680917057e-06                       0       300.2851255347259
    0.09921875000000001   0.0002309276562372425  -8.957277872780276e-07                       0       300.2851255347259
            0.099609375   0.0001154638281186213  -4.478638936390139e-07                       0       300.2851255347259
                    0.1                       0                       0                       0       300.2851255347259
