/*--------------------------------*- C++ -*----------------------------------*\
  =========                 |
  \\      /  F ield         | OpenFOAM: The Open Source CFD Toolbox
   \\    /   O peration     | Website:  https://openfoam.org
    \\  /    A nd           | Version:  13
     \\/     M anipulation  |
\*---------------------------------------------------------------------------*/
FoamFile
{
    format      ascii;
    class       volScalarField;
    location    "0.032778746640202423";
    object      p_0;
}
// * * * * * * * * * * * * * * * * * * * * * * * * * * * * * * * * * * * * * //

dimensions      [1 -1 -2 0 0 0 0];

internalField   nonuniform List<scalar> 
3200
(
-7.2623271098647884
-7.262327028848004
-7.2623269479468524
-7.2623268671534049
-7.2623267864600232
-7.262326705859369
-7.2623266253444152
-7.262326544908448
-7.2623264645450627
-7.2623263842481736
-7.2623263040120118
-7.2623262238311028
-7.262326143700256
-7.2623260636145854
-7.2623259835695011
-7.2623259035606882
-7.2623258235841099
-7.2623257436359836
-7.2623256637127795
-7.2623255838112026
-7.2623255039281993
-7.2623254240609096
-7.2623253442066744
-7.2623252643630298
-7.2623251845276506
-7.2623251046983643
-7.262325024873129
-7.2623249450499978
-7.262324865227086
-7.2623247854025408
-7.2623247055745406
-7.262324625741253
-7.2623245459008778
-7.2623244660517026
-7.2623243861922511
-7.2623243063215588
-7.2623242264391203
-7.2623241465445458
-7.2623240666413231
-7.262323986762615
-7.3503550724037066
-7.3503549961144961
-7.3503549199854321
-7.3503548440054454
-7.3503547681638928
-7.3503546924505638
-7.3503546168556841
-7.3503545413699216
-7.3503544659843829
-7.3503543906906152
-7.3503543154805975
-7.3503542403467579
-7.3503541652819298
-7.3503540902793745
-7.3503540153327567
-7.350353940436146
-7.350353865583994
-7.3503537907711314
-7.3503537159927381
-7.3503536412443573
-7.3503535665218562
-7.3503534918214202
-7.3503534171395133
-7.3503533424729079
-7.3503532678186154
-7.3503531931738957
-7.3503531185362148
-7.3503530439032536
-7.3503529692728744
-7.3503528946431054
-7.3503528200121373
-7.3503527453783493
-7.3503526707403468
-7.3503525960970295
-7.3503525214477907
-7.3503524467926917
-7.3503523721324848
-7.3503522974691542
-7.3503522228110443
-7.350352148186146
-7.4383830347708946
-7.4383829632207412
-7.4383828918748245
-7.4383828207189353
-7.4383827497394144
-7.4383826789231788
-7.4383826082576974
-7.4383825377310258
-7.4383824673317722
-7.4383823970491338
-7.4383823268728584
-7.4383822567932638
-7.4383821868012108
-7.438382116888115
-7.4383820470459066
-7.4383819772670501
-7.4383819075445023
-7.4383818378717148
-7.4383817682426088
-7.4383816986515656
-7.4383816290934011
-7.4383815595633465
-7.4383814900570302
-7.4383814205704644
-7.4383813511000119
-7.4383812816423838
-7.4383812121945878
-7.4383811427539515
-7.4383810733180882
-7.438381003884885
-7.4383809344525336
-7.4383808650195302
-7.4383807955847345
-7.4383807261474688
-7.4383806567076363
-7.4383805872659599
-7.4383805178242079
-7.4383804483858782
-7.4383803789589722
-7.4383803095613628
-7.5264109969189281
-7.526410930122573
-7.5264108635740108
-7.5264107972558669
-7.5264107311514756
-7.5264106652448559
-7.526410599520732
-7.5264105339645235
-7.5264104685623749
-7.5264104033011145
-7.5264103381682679
-7.5264102731520577
-7.5264102082413791
-7.5264101434258039
-7.5264100786955588
-7.5264100140414953
-7.526409949455112
-7.5264098849284871
-7.526409820454294
-7.5264097560257861
-7.5264096916367276
-7.5264096272814411
-7.5264095629547123
-7.5264094986518328
-7.5264094343685279
-7.526409370100974
-7.5264093058457471
-7.5264092415998221
-7.526409177360561
-7.5264091131257125
-7.5264090488934077
-7.5264089846621927
-7.5264089204310896
-7.5264088561996205
-7.5264087919679827
-7.5264087277371932
-7.526408663509379
-7.5264085992883221
-7.526408535080666
-7.5264084708971888
-7.6144389588009354
-7.6144388967763987
-7.6144388350425496
-7.6144387735788204
-7.6144387123655282
-7.6144386513838045
-7.614438590615606
-7.6144385300437429
-7.6144384696518639
-7.6144384094244533
-7.6144383493468162
-7.6144382894050979
-7.6144382295862307
-7.6144381698779657
-7.614438110268825
-7.6144380507480847
-7.6144379913057803
-7.6144379319326507
-7.6144378726201456
-7.6144378133603903
-7.6144377541461514
-7.6144376949708308
-7.6144376358284216
-7.6144375767134989
-7.6144375176211874
-7.6144374585471333
-7.6144373994874908
-7.614437340438899
-7.6144372813984784
-7.6144372223638026
-7.6144371633329309
-7.6144371043044003
-7.6144370452772714
-7.6144369862511736
-7.6144369272264107
-7.6144368682040451
-7.614436809186139
-7.6144367501760284
-7.6144366911787431
-7.614436632200964
-7.7024669203707052
-7.7024668631393061
-7.7024668062406674
-7.7024667496510553
-7.702466693347735
-7.7024666373089339
-7.7024665815138604
-7.7024665259426985
-7.702466470576609
-7.7024664153977378
-7.7024663603891854
-7.7024663055350153
-7.7024662508202297
-7.702466196230759
-7.7024661417534457
-7.7024660873760098
-7.7024660330870445
-7.7024659788759759
-7.7024659247330431
-7.7024658706492826
-7.7024658166164715
-7.7024657626271331
-7.7024657086744792
-7.7024656547524017
-7.7024656008554331
-7.7024655469787282
-7.7024654931180265
-7.7024654392696474
-7.7024653854304566
-7.7024653315978711
-7.702465277769833
-7.7024652239448379
-7.7024651701219398
-7.7024651163007842
-7.7024650624816653
-7.7024650086655848
-7.7024649548543502
-7.702464901050698
-7.7024648472583284
-7.7024647934815675
-7.7904948815827852
-7.7904948291691634
-7.7904947771294291
-7.7904947254366652
-7.7904946740650791
-7.790494622989999
-7.7904945721878613
-7.7904945216362336
-7.7904944713138065
-7.7904944212003722
-7.7904943712768473
-7.7904943215252294
-7.7904942719285977
-7.7904942224710947
-7.7904941731378923
-7.7904941239151828
-7.7904940747901392
-7.7904940257508999
-7.7904939767865233
-7.7904939278869803
-7.7904938790430922
-7.790493830246529
-7.7904937814897499
-7.7904937327659907
-7.7904936840692205
-7.7904936353941219
-7.7904935867360443
-7.7904935380909981
-7.7904934894556126
-7.7904934408271345
-7.7904933922033965
-7.7904933435828276
-7.7904932949644525
-7.790493246347884
-7.7904931977333627
-7.7904931491217679
-7.7904931005146461
-7.790493051914205
-7.7904930033231938
-7.7904929547445958
-7.8785228423926661
-7.8785227948247849
-7.8785227476708366
-7.8785227009007013
-7.8785226544855238
-7.87852260839772
-7.8785225626109607
-7.8785225171001869
-7.8785224718416167
-7.8785224268127214
-7.8785223819922257
-7.8785223373600841
-7.8785222928974834
-7.8785222485867754
-7.8785222044115075
-7.8785221603563622
-7.8785221164071171
-7.8785220725506546
-7.8785220287748841
-7.8785219850687414
-7.8785219414221235
-7.8785218978258778
-7.8785218542717503
-7.8785218107523471
-7.878521767261109
-7.8785217237922627
-7.8785216803408069
-7.8785216369024536
-7.8785215934736206
-7.8785215500513903
-7.8785215066335041
-7.8785214632183136
-7.8785214198048106
-7.8785213763925723
-7.8785213329817818
-7.8785212895732002
-7.8785212461681535
-7.8785212027684546
-7.8785211593762599
-7.8785211159938022
-7.9665508027568874
-7.9665507600660517
-7.9665507178279844
-7.966550676009323
-7.966550634578148
-7.9665505935039445
-7.9665505527576128
-7.9665505123114864
-7.966550472139307
-7.9665504322162333
-7.9665503925188128
-7.9665503530249886
-7.9665503137140536
-7.9665502745666208
-7.9665502355646183
-7.9665501966912489
-7.9665501579309517
-7.966550119269356
-7.9665500806932865
-7.9665500421906463
-7.9665500037504744
-7.966549965362816
-7.9665499270187379
-7.9665498887102615
-7.9665498504303285
-7.9665498121727536
-7.9665497739322051
-7.9665497357041311
-7.9665496974847603
-7.9665496592710419
-7.9665496210606257
-7.9665495828518278
-7.9665495446436037
-7.9665495064355332
-7.9665494682277407
-7.9665494300209314
-7.9665493918162822
-7.9665493536153713
-7.9665493154200213
-7.9665492772320947
-8.0545787626331826
-8.0545787248540854
-8.0545786875652112
-8.0545786507299511
-8.0545786143132911
-8.0545785782817827
-8.0545785426035614
-8.0545785072483316
-8.054578472187389
-8.0545784373935874
-8.0545784028413259
-8.0545783685065366
-8.054578334366651
-8.0545783004005767
-8.0545782665886545
-8.0545782329126467
-8.0545781993556638
-8.0545781659021554
-8.0545781325378556
-8.0545780992497296
-8.0545780660259538
-8.0545780328558365
-8.0545779997298013
-8.0545779666393251
-8.054577933576887
-8.054577900535941
-8.0545778675108419
-8.0545778344968326
-8.0545778014899767
-8.0545777684871176
-8.054577735485859
-8.0545777024845044
-8.054577669482013
-8.0545776364779673
-8.0545776034725343
-8.054577570466396
-8.0545775374606841
-8.0545775044568781
-8.0545774714566765
-8.0545774384618181
-8.1426067219806058
-8.1426066891513589
-8.1426066568482476
-8.1426066250314104
-8.142606593662709
-8.1426065627057653
-8.1426065321259351
-8.1426065018903255
-8.1426064719677704
-8.1426064423288498
-8.142606412945824
-8.1426063837926481
-8.1426063548449239
-8.1426063260798731
-8.1426062974762967
-8.1426062690145393
-8.142606240676443
-8.1426062124453065
-8.1426061843058246
-8.1426061562440601
-8.1426061282473778
-8.1426061003044001
-8.142606072404952
-8.1426060445400026
-8.1426060167016274
-8.1426059888829521
-8.1426059610780825
-8.1426059332820842
-8.1426059054908997
-8.1426058777013246
-8.1426058499109395
-8.1426058221180693
-8.1426057943217387
-8.1426057665215996
-8.1426057387178883
-8.1426057109113579
-8.1426056831031843
-8.1426056552948936
-8.1426056274882068
-8.1426055996849236
-8.2306346807597279
-8.2306346529218821
-8.2306346256443828
-8.2306345988840857
-8.2306345725997314
-8.230634546751995
-8.2306345213034575
-8.2306344962186238
-8.2306344714639081
-8.2306344470075992
-8.2306344228198736
-8.2306343988727217
-8.2306343751399513
-8.2306343515971374
-8.2306343282215764
-8.2306343049922486
-8.2306342818897615
-8.2306342588963091
-8.2306342359956091
-8.2306342131728574
-8.2306341904146745
-8.2306341677090256
-8.2306341450452027
-8.2306341224137292
-8.2306340998063146
-8.2306340772158144
-8.2306340546361358
-8.2306340320622091
-8.2306340094899202
-8.2306339869160556
-8.2306339643382316
-8.2306339417548582
-8.2306339191650597
-8.2306338965686265
-8.2306338739659388
-8.2306338513578918
-8.2306338287458161
-8.2306338061313866
-8.2306337835164864
-8.2306337609031228
-8.318662638932798
-8.3186626161313661
-8.31866259392263
-8.3186625722601129
-8.3186625510994361
-8.3186625303983206
-8.3186625101165763
-8.3186624902161199
-8.3186624706609464
-8.3186624514171044
-8.318662432452685
-8.3186624137377621
-8.3186623952443917
-8.3186623769465378
-8.318662358820033
-8.3186623408425415
-8.3186623229934931
-8.3186623052540227
-8.3186622876069265
-8.3186622700365955
-8.3186622525289486
-8.3186622350713773
-8.3186622176526743
-8.3186622002629758
-8.3186621828937071
-8.3186621655374786
-8.318662148188082
-8.3186621308403623
-8.3186621134902143
-8.3186620961344531
-8.3186620787708083
-8.3186620613978324
-8.3186620440148129
-8.3186620266217446
-8.3186620092192225
-8.3186619918083853
-8.3186619743907997
-8.3186619569683931
-8.3186619395433432
-8.3186619221179576
-8.4066905964638874
-8.4066905787473996
-8.4066905616538783
-8.4066905451335252
-8.4066905291388085
-8.4066905136244916
-8.4066904985476381
-8.4066904838675782
-8.4066904695459073
-8.4066904555464603
-8.4066904418352717
-8.4066904283805552
-8.4066904151526352
-8.4066904021239193
-8.4066903892688334
-8.4066903765637715
-8.4066903639870425
-8.4066903515187832
-8.4066903391409316
-8.4066903268371185
-8.4066903145926446
-8.4066903023943755
-8.4066902902306779
-8.4066902780913679
-8.4066902659676312
-8.4066902538519308
-8.4066902417379765
-8.406690229620617
-8.4066902174957896
-8.4066902053604444
-8.4066901932124587
-8.4066901810506014
-8.4066901688744124
-8.4066901566841477
-8.4066901444807094
-8.4066901322655472
-8.4066901200405795
-8.4066901078080818
-8.4066900955706174
-8.4066900833309024
-8.494718553319105
-8.4947185407396226
-8.4947185288111182
-8.4947185174804467
-8.4947185066969251
-8.4947184964123661
-8.4947184865810694
-8.4947184771598163
-8.4947184681078269
-8.4947184593867444
-8.4947184509606064
-8.4947184427957758
-8.4947184348609284
-8.4947184271269389
-8.4947184195669028
-8.4947184121559953
-8.4947184048714597
-8.4947183976925125
-8.4947183906002799
-8.4947183835777338
-8.4947183766095922
-8.4947183696822695
-8.494718362783793
-8.4947183559037196
-8.4947183490330644
-8.4947183421642212
-8.4947183352908784
-8.4947183284079681
-8.4947183215115469
-8.494718314598753
-8.4947183076677106
-8.4947183007174605
-8.4947182937478711
-8.4947182867595554
-8.4947182797537888
-8.4947182727324453
-8.4947182656978466
-8.4947182586527514
-8.4947182516001813
-8.4947182445433764
-8.582746509466789
-8.5827465020799441
-8.5827464953696051
-8.5827464892792928
-8.582746483755157
-8.5827464787460581
-8.5827464742035584
-8.5827464700818954
-8.5827464663379498
-8.5827464629312225
-8.5827464598237828
-8.5827464569802085
-8.5827464543675447
-8.5827464519552432
-8.5827464497150885
-8.582746447621119
-8.5827464456495868
-8.5827464437788521
-8.5827464419893094
-8.5827464402633211
-8.5827464385851275
-8.5827464369407647
-8.5827464353179774
-8.5827464337061539
-8.582746432096215
-8.5827464304805599
-8.5827464288529445
-8.5827464272084431
-8.5827464255433217
-8.5827464238549886
-8.5827464221418808
-8.5827464204034083
-8.5827464186398341
-8.5827464168522223
-8.5827464150423189
-8.5827464132124813
-8.5827464113655765
-8.5827464095048907
-8.5827464076340281
-8.5827464057568204
-8.6707744648776881
-8.6707744627427203
-8.6707744613070812
-8.6707744605109554
-8.6707744602973413
-8.6707744606121491
-8.6707744614042195
-8.6707744626252765
-8.6707744642299023
-8.6707744661754838
-8.6707744684221755
-8.670774470932832
-8.6707744736729371
-8.6707744766105641
-8.6707744797162629
-8.6707744829630276
-8.6707744863261684
-8.6707744897832715
-8.670774493314088
-8.6707744969004583
-8.6707745005262051
-8.6707745041770803
-8.6707745078406369
-8.6707745115061687
-8.6707745151645952
-8.6707745188083809
-8.6707745224314614
-8.6707745260291276
-8.6707745295979421
-8.6707745331356545
-8.6707745366411224
-8.6707745401141878
-8.6707745435556181
-8.6707745469669959
-8.6707745503506359
-8.6707745537094816
-8.6707745570470234
-8.67077456036718
-8.6707745636742288
-8.6707745669726926
-8.7588024195251784
-8.7588024227049832
-8.7588024266039834
-8.7588024311590313
-8.7588024363100097
-8.7588024419998955
-8.7588024481748228
-8.7588024547840426
-8.7588024617798634
-8.7588024691176276
-8.7588024767556263
-8.7588024846550425
-8.7588024927798838
-8.7588025010969019
-8.7588025095755171
-8.7588025181877143
-8.758802526907985
-8.75880253571321
-8.7588025445825828
-8.7588025534975031
-8.75880256244149
-8.7588025714000768
-8.7588025803607259
-8.7588025893127188
-8.7588025982470707
-8.7588026071564187
-8.7588026160349362
-8.7588026248782374
-8.7588026336832669
-8.7588026424482255
-8.7588026511724451
-8.7588026598563253
-8.7588026685012146
-8.7588026771093119
-8.758802685683591
-8.7588026942276755
-8.758802702745772
-8.7588027112425433
-8.7588027197230147
-8.7588027281925012
-8.8468303733855986
-8.8468303819466598
-8.8468303912436514
-8.8468304012100525
-8.8468304117826175
-8.8468304229014336
-8.8468304345099824
-8.8468304465550656
-8.8468304589867799
-8.8468304717584587
-8.8468304848266044
-8.846830498150803
-8.8468305116936587
-8.8468305254206943
-8.8468305393002549
-8.8468305533034357
-8.8468305674039875
-8.8468305815781871
-8.8468305958047431
-8.8468306100647354
-8.8468306243414574
-8.8468306386203395
-8.846830652888837
-8.8468306671363166
-8.8468306813539925
-8.8468306955347646
-8.8468307096731422
-8.8468307237651711
-8.8468307378082596
-8.8468307518011571
-8.8468307657437784
-8.8468307796371661
-8.8468307934833437
-8.8468308072852349
-8.8468308210465612
-8.8468308347717368
-8.8468308484657676
-8.846830862134146
-8.846830875782782
-8.8468308894178378
-8.9348583264379506
-8.9348583404507309
-8.9348583552125529
-8.9348583706536679
-8.9348583867077505
-8.9348584033120257
-8.9348584204073926
-8.9348584379382476
-8.9348584558525381
-8.9348584741016648
-8.9348584926403998
-8.9348585114268211
-8.9348585304222041
-8.9348585495909294
-8.9348585689003794
-8.9348585883208571
-8.9348586078254435
-8.9348586273899233
-8.9348586469926534
-8.9348586666144598
-8.9348586862385293
-8.9348587058502851
-8.9348587254372838
-8.9348587449891088
-8.9348587644972319
-8.9348587839549474
-8.9348588033572067
-8.9348588227005674
-8.9348588419830293
-8.9348588612039688
-8.9348588803640059
-8.9348588994649134
-8.934858918509498
-8.9348589375015077
-8.9348589564455079
-8.9348589753468026
-8.934858994211309
-8.9348590130454557
-8.9348590318560959
-8.9348590506503847
-9.0228862982032023
-9.0228863185001948
-9.0228863394827332
-9.0228863610812589
-9.0228863832302117
-9.0228864058679914
-9.0228864289367028
-9.0228864523821954
-9.0228864761540173
-9.0228865002053098
-9.0228865244927139
-9.0228865489762828
-9.0228865736193473
-9.0228865983884408
-9.0228866232531555
-9.0228866481860432
-9.0228866731624908
-9.0228866981606011
-9.0228867231610881
-9.0228867481471191
-9.0228867731042399
-9.0228867980202132
-9.0228868228849297
-9.0228868476902697
-9.0228868724300018
-9.0228868970996423
-9.022886921696367
-9.0228869462188737
-9.0228869706672796
-9.0228869950430024
-9.0228870193486657
-9.0228870435879536
-9.0228870677655486
-9.0228870918869699
-9.0228871159585058
-9.0228871399870929
-9.0228871639801991
-9.0228871879457362
-9.0228872118919199
-9.1109143076940011
-9.1109143349027359
-9.1109143626581126
-9.1109143908962533
-9.1109144195569876
-9.1109144485841753
-9.1109144779255864
-9.1109145075328239
-9.1109145373612108
-9.1109145673696599
-9.1109145975205941
-9.1109146277797741
-9.1109146581162221
-9.1109146885020671
-9.1109147189124258
-9.1109147493252642
-9.110914779721293
-9.1109148100838002
-9.1109148403985589
-9.1109148706536587
-9.1109149008394326
-9.1109149309482795
-9.1109149609745437
-9.1109149909144431
-9.1109150207658782
-9.1109150505283534
-9.1109150802028473
-9.1109151097916854
-9.1109151392984487
-9.1109151687278231
-9.1109151980855163
-9.1109152273781095
-9.1109152566130049
-9.1109152857982423
-9.1109153149424458
-9.1109153440546731
-9.1109153731443318
-9.1989422752886405
-9.1989423081756438
-9.1989423416017253
-9.1989423755004101
-9.198942409809348
-9.1989424444704895
-9.1989424794299293
-9.1989425146378387
-9.1989425500483275
-9.1989425856193083
-9.1989426213123711
-9.1989426570926742
-9.1989426929287763
-9.1989427287925132
-9.198942764658856
-9.1989428005057778
-9.1989428363140977
-9.1989428720673647
-9.1989429077517038
-9.1989429433556733
-9.1989429788701518
-9.1989430142881812
-9.198943049604841
-9.198943084817131
-9.1989431199238201
-9.1989431549253347
-9.1989431898236287
-9.1989432246220613
-9.1989432593252758
-9.1989432939390756
-9.1989433284703122
-9.1989433629267516
-9.1989433973169934
-9.1989434316503118
-9.1989434659365799
-9.1989435001861359
-9.1989435344096488
-9.2869702422710674
-9.2869702809075765
-9.2869703200711005
-9.2869703596926936
-9.2869703997079398
-9.2869704400569617
-9.2869704806843139
-9.2869705215388461
-9.2869705625735666
-9.2869706037455231
-9.2869706450156286
-9.2869706863485462
-9.2869707277125215
-9.2869707690792307
-9.2869708104236448
-9.2869708517238649
-9.286970892960996
-9.2869709341189512
-9.2869709751843565
-9.2869710161463725
-9.2869710569965633
-9.2869710977287472
-9.2869711383388562
-9.2869711788248104
-9.2869712191863769
-9.2869712594250284
-9.286971299543815
-9.2869713395472466
-9.2869713794411535
-9.2869714192325752
-9.2869714589296279
-9.2869714985413676
-9.2869715380777151
-9.2869715775492931
-9.2869716169673318
-9.2869716563435567
-9.286971695690033
-9.3749982086506662
-9.374998253110574
-9.3749982980806372
-9.374998343489608
-9.3749983892710791
-9.374998435363489
-9.3749984817099516
-9.3749985282581392
-9.374998574960113
-9.3749986217721801
-9.3749986686547295
-9.3749987155720742
-9.3749987624922912
-9.3749988093870638
-9.3749988562315032
-9.3749989030040002
-9.3749989496860593
-9.3749989962621409
-9.3749990427195122
-9.3749990890480621
-9.3749991352402002
-9.3749991812906508
-9.3749992271963514
-9.3749992729562628
-9.3749993185712803
-9.3749993640440579
-9.3749994093788782
-9.3749994545815234
-9.3749994996591433
-9.3749995446201257
-9.3749995894739691
-9.3749996342311483
-9.3749996789030234
-9.3749997235016718
-9.3749997680398103
-9.3749998125306568
-9.3749998569877899
-9.463026174441632
-9.4630262248014017
-9.4630262756494119
-9.4630263269121944
-9.4630263785215103
-9.4630264304142404
-9.4630264825322055
-9.4630265348220455
-9.4630265872350279
-9.463026639726877
-9.4630266922576123
-9.463026744791371
-9.463026797296223
-9.4630268497440024
-9.4630269021101405
-9.4630269543734613
-9.4630270065160538
-9.463027058523064
-9.4630271103825532
-9.4630271620853108
-9.4630272136247147
-9.4630272649965619
-9.4630273161989233
-9.4630273672319625
-9.4630274180978375
-9.4630274688005098
-9.4630275193456335
-9.4630275697403938
-9.4630276199933849
-9.463027670114478
-9.4630277201146811
-9.4630277700060041
-9.4630278198013595
-9.4630278695144145
-9.4630279191594795
-9.4630279687513852
-9.4630280183053497
-9.5510541396633251
-9.551054196001914
-9.5510542528014053
-9.5510543099863021
-9.5510543674866586
-9.551054425237929
-9.5510544831808328
-9.5510545412611272
-9.5510545994294525
-9.5510546576411333
-9.551054715855992
-9.5510547740381568
-9.5510548321558737
-9.551054890181307
-9.5510549480903677
-9.5510550058625032
-9.5510550634805433
-9.5510551209304904
-9.5510551782013628
-9.5510552352850091
-9.5510552921759473
-9.551055348871186
-9.5510554053700858
-9.5510554616741654
-9.5510555177869794
-9.551055573713958
-9.5510556294622475
-9.5510556850405823
-9.5510557404591321
-9.5510557957293774
-9.5510558508639622
-9.5510559058765683
-9.5510559607817935
-9.5510560155950017
-9.5510560703322174
-9.5510561250100015
-9.551056179645304
-9.639082104340611
-9.6390821667393176
-9.63908222956589
-9.6390822927429092
-9.6390823561988892
-9.6390824198680782
-9.639082483690224
-9.6390825476104052
-9.6390826115788197
-9.6390826755505845
-9.6390827394855094
-9.639082803347911
-9.6390828671063957
-9.6390829307336503
-9.6390829942062517
-9.6390830575044486
-9.6390831206119962
-9.6390831835159325
-9.6390832462064022
-9.6390833086764864
-9.6390833709220054
-9.6390834329413515
-9.6390834947353223
-9.639083556306943
-9.6390836176613348
-9.6390836788055214
-9.6390837397482994
-9.6390838005000852
-9.639083861072768
-9.6390839214795729
-9.639083981734915
-9.6390840418542645
-9.6390841018540332
-9.6390841617514127
-9.6390842215642714
-9.6390842813110176
-9.6390843410104345
-9.7271100685041993
-9.7271101370465765
-9.7271102059776684
-9.7271102752183687
-9.727110344695836
-9.7271104143432527
-9.7271104840996383
-9.7271105539095846
-9.7271106237230587
-9.7271106934951685
-9.7271107631859266
-9.7271108327600384
-9.7271109021866806
-9.7271109714392612
-9.7271110404952221
-9.7271111093358105
-9.7271111779458987
-9.7271112463137399
-9.7271113144308057
-9.7271113822915805
-9.72711144989335
-9.727111517236068
-9.7271115843221345
-9.7271116511562514
-9.7271117177452489
-9.7271117840979056
-9.7271118502248139
-9.7271119161382202
-9.7271119818518699
-9.7271120473808672
-9.7271121127415405
-9.7271121779512804
-9.72711224302844
-9.7271123079921828
-9.7271123728623206
-9.7271124376592617
-9.7271125024037151
-9.8151380321910331
-9.815138106962694
-9.8151381820774741
-9.8151382574547732
-9.8151383330206006
-9.8151384087073374
-9.8151384844534491
-9.8151385602032892
-9.8151386359068074
-9.8151387115193316
-9.8151387870013043
-9.8151388623180456
-9.8151389374395119
-9.8151390123400564
-9.8151390869982027
-9.8151391613964023
-9.8151392355208422
-9.8151393093612018
-9.8151393829104538
-9.8151394561646761
-9.8151395291228276
-9.8151396017865782
-9.8151396741601147
-9.815139746249967
-9.8151398180648393
-9.8151398896154323
-9.8151399609142853
-9.8151400319756181
-9.8151401028151852
-9.8151401734501142
-9.8151402438987692
-9.8151403141806117
-9.8151403843160629
-9.8151404543263663
-9.8151405242334526
-9.8151405940598142
-9.8151406638282719
-9.9031659954446916
-9.9031660765331271
-9.9031661579122616
-9.9031662395002353
-9.9031663212221517
-9.9031664030098145
-9.903166484801412
-9.9031665665412785
-9.9031666481796066
-9.9031667296721952
-9.9031668109801565
-9.9031668920696578
-9.9031669729116896
-9.9031670534817682
-9.9031671337597214
-9.9031672137294375
-9.9031672933786279
-9.9031673726986043
-9.9031674516840571
-9.9031675303328388
-9.9031676086457736
-9.903167686626432
-9.9031677642809708
-9.9031678416179272
-9.903167918648041
-9.9031679953840932
-9.9031680718407298
-9.9031681480342968
-9.9031682239827052
-9.9031682997052464
-9.9031683752224779
-9.9031684505560591
-9.9031685257286099
-9.9031686007636015
-9.9031686756851851
-9.9031687505181001
-9.9031688252873931
-9.9911939583157974
-9.9911940458101345
-9.9911941335355632
-9.9911942214092058
-9.9911943093555315
-9.9911943973060282
-9.9911944851988768
-9.991194572978678
-9.9911946605961344
-9.9911947480077785
-9.9911948351756461
-9.9911949220670344
-9.991195008654195
-9.9911950949140742
-9.9911951808280435
-9.9911952663816432
-9.9911953515643646
-9.9911954363693454
-9.9911955207932213
-9.991195604835827
-9.991195688500035
-9.9911957717915278
-9.9911958547186064
-9.9911959372919803
-9.9911960195246223
-9.9911961014315498
-9.9911961830296789
-9.9911962643376349
-9.9911963453756378
-9.9911964261653079
-9.9911965067295085
-9.9911965870922508
-9.9911966672784978
-9.9911967473140688
-9.9911968272254796
-9.9911969070398268
-9.9911969867845336
-10.079221920862411
-10.079222014853194
-10.079222109007857
-10.079222203242812
-10.079222297482188
-10.079222391657447
-10.079222485707067
-10.079222579576212
-10.079222673216387
-10.079222766585138
-10.07922285964573
-10.079222952366859
-10.079223044722301
-10.079223136690706
-10.079223228255239
-10.079223319403356
-10.079223410126527
-10.079223500419991
-10.079223590282515
-10.079223679716153
-10.079223768726031
-10.079223857320132
-10.079223945509098
-10.079224033306005
-10.079224120726224
-10.079224207787176
-10.079224294508215
-10.079224380910425
-10.079224467016466
-10.079224552850427
-10.079224638437664
-10.079224723804639
-10.079224808978831
-10.079224893988524
-10.079224978862724
-10.079225063631027
-10.079225148323344
-10.167249883150458
-10.167249983729365
-10.167250084396935
-10.167250185069204
-10.167250285670288
-10.167250386131959
-10.16725048639332
-10.167250586400417
-10.167250686105881
-10.167250785468591
-10.167250884453352
-10.16725098303052
-10.167251081175737
-10.167251178869593
-10.167251276097337
-10.167251372848586
-10.167251469117065
-10.167251564900338
-10.167251660199543
-10.167251755019169
-10.167251849366814
-10.167251943252968
-10.167252036690799
-10.167252129695958
-10.167252222286381
-10.167252314482083
-10.167252406305012
-10.167252497778867
-10.167252588928925
-10.167252679781884
-10.167252770365726
-10.167252860709546
-10.167252950843421
-10.167253040798284
-10.167253130605751
-10.167253220298042
-10.167253309907689
-10.255277845254186
-10.255277952513707
-10.255278059778254
-10.255278166963867
-10.255278273995007
-10.255278380804137
-10.255278487331337
-10.255278593523881
-10.255278699335882
-10.255278804727897
-10.25527890966656
-10.255279014124261
-10.255279118078768
-10.255279221512941
-10.255279324414376
-10.255279426775143
-10.255279528591469
-10.255279629863496
-10.255279730594983
-10.255279830793086
-10.25527993046809
-10.255280029633202
-10.255280128304333
-10.255280226499888
-10.25528032424055
-10.255280421549118
-10.255280518450313
-10.255280614970594
-10.255280711138022
-10.255280806982066
-10.255280902533471
-10.255280997824105
-10.255281092886799
-10.255281187755251
-10.255281282463839
-10.255281377047524
-10.255281471541618
-10.343305807256595
-10.343305921289678
-10.343306035235313
-10.343306149009953
-10.343306262538837
-10.343306375755509
-10.343306488601407
-10.343306601025443
-10.34330671298356
-10.343306824438361
-10.343306935358687
-10.343307045719262
-10.343307155500343
-10.343307264687333
-10.343307373270511
-10.343307481244659
-10.343307588608807
-10.343307695365921
-10.343307801522638
-10.343307907089011
-10.343308012078243
-10.343308116506488
-10.343308220392597
-10.343308323757926
-10.343308426626106
-10.343308529022893
-10.343308630975947
-10.343308732514668
-10.343308833670054
-10.343308934474496
-10.343309034961656
-10.343309135166303
-10.343309235124199
-10.343309334871908
-10.3433094344467
-10.343309533886442
-10.343309633229325
-10.431333769249958
-10.431333890149572
-10.431334010860008
-10.431334131298637
-10.431334251391874
-10.431334371074804
-10.431334490290661
-10.431334608990387
-10.431334727132185
-10.431334844681071
-10.431334961608473
-10.431335077891816
-10.431335193514165
-10.431335308463836
-10.431335422734071
-10.431335536322697
-10.431335649231796
-10.431335761467462
-10.431335873039451
-10.431335983960967
-10.431336094248374
-10.431336203920983
-10.431336313000806
-10.431336421512331
-10.431336529482358
-10.431336636939765
-10.431336743915331
-10.431336850441573
-10.431336956552574
-10.431337062283806
-10.431337167672
-10.431337272754989
-10.431337377571548
-10.431337482161293
-10.431337586564519
-10.431337690822083
-10.431337794975235
-10.431337899065559
-10.431338003134902
-10.431338107225018
-10.431338211377676
-10.431338315634461
-10.431338420036633
-10.519361731336236
-10.519361859194888
-10.519361986753037
-10.519362113929404
-10.519362240652114
-10.519362366858237
-10.519362492493276
-10.519362617510664
-10.51936274187128
-10.519362865542982
-10.519362988500166
-10.51936311072336
-10.519363232198792
-10.519363352918036
-10.519363472877631
-10.519363592078738
-10.519363710526832
-10.519363828231379
-10.519363945205544
-10.519364061465927
-10.519364177032294
-10.519364291927337
-10.51936440617644
-10.519364519807462
-10.519364632850529
-10.519364745337835
-10.519364857303469
-10.519364968783217
-10.519365079814408
-10.519365190435765
-10.519365300687221
-10.519365410609812
-10.519365520245481
-10.519365629637027
-10.519365738827871
-10.519365847862028
-10.519365956783895
-10.519366065638177
-10.519366174469777
-10.519366283323642
-10.519366392244651
-10.519366501277513
-10.519366610466607
-10.6073896936275
-10.607389828536785
-10.60738996302422
-10.607390097010414
-10.607390230425725
-10.60739036320973
-10.607390495310707
-10.607390626685056
-10.6073907572968
-10.607390887117077
-10.607391016123692
-10.607391144300641
-10.607391271637731
-10.607391398130137
-10.607391523778045
-10.607391648586288
-10.607391772564021
-10.607391895724392
-10.60739201808423
-10.607392139663814
-10.607392260486527
-10.607392380578716
-10.607392499969318
-10.607392618689783
-10.607392736773763
-10.607392854256961
-10.607392971176932
-10.607393087572913
-10.607393203485648
-10.607393318957239
-10.607393434030989
-10.60739354875126
-10.607393663163331
-10.60739377731327
-10.607393891247797
-10.607394005014186
-10.607394118660084
-10.607394232233466
-10.60739434578244
-10.607394459355232
-10.607394572999937
-10.607394686764522
-10.607394800696632
-10.695417656246438
-10.695417798296488
-10.695417939792904
-10.695418080658788
-10.695418220827316
-10.695418360241151
-10.695418498851867
-10.695418636619348
-10.695418773511248
-10.695418909502477
-10.69541904457467
-10.695419178715742
-10.695419311919453
-10.695419444184976
-10.695419575516491
-10.695419705922841
-10.695419835417182
-10.695419964016637
-10.695420091742003
-10.695420218617462
-10.695420344670321
-10.69542046993074
-10.695420594431512
-10.695420718207831
-10.695420841297098
-10.695420963738696
-10.695421085573837
-10.695421206845365
-10.695421327597602
-10.695421447876182
-10.695421567727916
-10.695421687200644
-10.695421806343097
-10.695421925204759
-10.695422043835757
-10.69542216228675
-10.695422280608769
-10.695422398853148
-10.695422517071375
-10.695422635314992
-10.695422753635494
-10.695422872084201
-10.695422990712141
-10.783445619326795
-10.783445768605624
-10.783445917188248
-10.783446065000902
-10.783446211980207
-10.783446358072521
-10.783446503233295
-10.783446647426453
-10.783446790623817
-10.783446932804527
-10.783447073954546
-10.783447214066149
-10.783447353137467
-10.783447491172053
-10.78344762817847
-10.783447764169908
-10.783447899163848
-10.783448033181703
-10.783448166248503
-10.783448298392642
-10.783448429645558
-10.783448560041517
-10.783448689617334
-10.783448818412198
-10.783448946467431
-10.783449073826292
-10.783449200533822
-10.783449326636632
-10.783449452182785
-10.783449577221608
-10.783449701803544
-10.78344982598005
-10.783449949803432
-10.783450073326735
-10.783450196603612
-10.783450319688214
-10.783450442635077
-10.783450565499006
-10.78345068833497
-10.783450811197982
-10.783450934143001
-10.783451057224836
-10.783451180498025
-10.871473583013806
-10.87147373960665
-10.87147389534957
-10.871474050172642
-10.871474204016618
-10.871474356832197
-10.871474508579324
-10.871474659226561
-10.871474808750433
-10.871474957134863
-10.871475104370612
-10.871475250454781
-10.871475395390307
-10.871475539185543
-10.8714756818538
-10.871475823412984
-10.87147596388523
-10.871476103296553
-10.871476241676524
-10.871476379057993
-10.871476515476806
-10.871476650971555
-10.871476785583321
-10.87147691935548
-10.871477052333475
-10.871477184564638
-10.871477316097989
-10.871477446984102
-10.871477577274907
-10.87147770702356
-10.871477836284305
-10.87147796511233
-10.871478093563651
-10.871478221694977
-10.87147834956362
-10.871478477227349
-10.871478604744292
-10.871478732172857
-10.871478859571578
-10.871478986999055
-10.871479114513843
-10.871479242174322
-10.871479370038667
-10.959501547464612
-10.959501711453193
-10.959501874426653
-10.95950203631968
-10.959502197077905
-10.959502356657046
-10.959502515022214
-10.959502672147222
-10.959502828013891
-10.959502982611468
-10.959503135936041
-10.959503287990007
-10.959503438781567
-10.959503588324274
-10.959503736636607
-10.959503883741535
-10.959504029666199
-10.959504174441523
-10.959504318101915
-10.959504460684975
-10.959504602231187
-10.959504742783718
-10.959504882388149
-10.959505021092227
-10.959505158945728
-10.959505296000229
-10.95950543230891
-10.959505567926444
-10.959505702908791
-10.959505837313088
-10.959505971197498
-10.959506104621072
-10.959506237643662
-10.959506370325768
-10.959506502728448
-10.959506634913199
-10.959506766941871
-10.959506898876555
-10.959507030779481
-10.959507162712926
-10.959507294739131
-10.959507426920165
-10.959507559317951
-11.047529512848657
-11.047529684310362
-11.047529854579988
-11.047530023597673
-11.047530191314687
-11.047530357692537
-11.047530522702205
-11.047530686323391
-11.047530848543836
-11.04753100935868
-11.04753116876987
-11.047531326785602
-11.047531483419803
-11.047531638691677
-11.047531792625231
-11.047531945248913
-11.047532096595187
-11.047532246700221
-11.047532395603554
-11.04753254334779
-11.047532689978349
-11.04753283554318
-11.047532980092567
-11.047533123678884
-11.0475332663564
-11.047533408181092
-11.04753354921051
-11.047533689503545
-11.047533829120356
-11.047533968122185
-11.047534106571247
-11.04753424453058
-11.047534382063979
-11.047534519235843
-11.047534656111091
-11.047534792755066
-11.047534929233416
-11.047535065612022
-11.04753520195691
-11.047535338334137
-11.047535474809706
-11.047535611449502
-11.047535748319252
-11.135557479348046
-11.135557658355067
-11.135557835981023
-11.135558012172416
-11.135558186887016
-11.13555836009289
-11.135558531767614
-11.135558701897478
-11.135558870476792
-11.135559037507168
-11.135559202996978
-11.135559366960724
-11.135559529418545
-11.135559690395716
-11.13555984992222
-11.135560008032309
-11.135560164764151
-11.135560320159476
-11.135560474263233
-11.135560627123336
-11.135560778790362
-11.135560929317306
-11.135561078759363
-11.13556122717371
-11.135561374619311
-11.135561521156742
-11.135561666848028
-11.135561811756482
-11.135561955946566
-11.135562099483769
-11.135562242434462
-11.135562384865814
-11.135562526845657
-11.1355626684424
-11.135562809724926
-11.135562950762496
-11.135563091624681
-11.135563232381234
-11.135563373102059
-11.135563513857083
-11.135563654716186
-11.135563795749126
-11.135563937025537
-11.223585447157857
-11.223585633776228
-11.223585818812335
-11.223586002220026
-11.223586183964445
-11.223586364021063
-11.223586542374827
-11.223586719019341
-11.223586893956117
-11.223587067193895
-11.223587238748012
-11.22358740863983
-11.223587576896152
-11.223587743548805
-11.223587908634139
-11.223588072192603
-11.223588234268417
-11.223588394909177
-11.22358855416557
-11.223588712091061
-11.223588868741647
-11.223589024175583
-11.223589178453205
-11.223589331636681
-11.22358948378986
-11.223589634978067
-11.22358978526797
-11.223589934727421
-11.223590083425343
-11.223590231431581
-11.223590378816795
-11.223590525652369
-11.223590672010282
-11.223590817963061
-11.223590963583629
-11.223591108945275
-11.223591254121557
-11.223591399186205
-11.223591544213059
-11.22359168927602
-11.223591834448921
-11.223591979805503
-11.22359212541938
-11.311613416486404
-11.311613610774963
-11.311613803267752
-11.311613993926962
-11.311614182726061
-11.311614369648794
-11.311614554688287
-11.311614737846188
-11.311614919131923
-11.311615098561985
-11.311615276159275
-11.311615451952514
-11.311615625975717
-11.311615798267674
-11.311615968871511
-11.311616137834276
-11.311616305206575
-11.311616471042209
-11.311616635397863
-11.311616798332844
-11.311616959908802
-11.311617120189494
-11.311617279240579
-11.311617437129421
-11.3116175939249
-11.311617749697268
-11.311617904517977
-11.311618058459565
-11.311618211595521
-11.311618364000166
-11.311618515748563
-11.311618666916402
-11.311618817579923
-11.311618967815825
-11.311619117701182
-11.311619267313382
-11.31161941673005
-11.311619566028964
-11.311619715288003
-11.311619864585085
-11.311620013998095
-11.311620163604792
-11.311620313482912
-11.399641387555434
-11.399641589564757
-11.399641789552438
-11.39964198749008
-11.399642183360463
-11.399642377156511
-11.399642568880363
-11.399642758542504
-11.399642946160968
-11.399643131760641
-11.399643315372581
-11.399643497033434
-11.399643676784889
-11.399643854673169
-11.399644030748606
-11.399644205065206
-11.399644377680309
-11.399644548654232
-11.399644718049956
-11.399644885932867
-11.399645052370524
-11.399645217432379
-11.399645381189638
-11.399645543715016
-11.399645705082609
-11.399645865367733
-11.399646024646763
-11.39964618299704
-11.399646340496744
-11.399646497224786
-11.399646653260703
-11.399646808684601
-11.399646963577062
-11.399647118019038
-11.399647272091828
-11.399647425876996
-11.399647579456287
-11.399647732911612
-11.399647886324951
-11.399648039778301
-11.399648193353647
-11.399648347132878
-11.399648501197882
-11.487669360600275
-11.487669570371496
-11.487669777882902
-11.487669983116591
-11.487670186065687
-11.487670386733246
-11.487670585131278
-11.48767078127989
-11.487670975206457
-11.487671166944908
-11.487671356535062
-11.487671544022037
-11.487671729455677
-11.48767191289012
-11.487672094383283
-11.487672273996525
-11.487672451794239
-11.48767262784356
-11.487672802214048
-11.48767297497743
-11.487673146207394
-11.487673315979301
-11.487673484370069
-11.487673651457952
-11.487673817322408
-11.487673982043948
-11.487674145704004
-11.48767430838484
-11.487674470169422
-11.487674631141335
-11.487674791384711
-11.487674950984129
-11.487675110024579
-11.487675268591358
-11.487675426770055
-11.487675584646444
-11.4876757423065
-11.487675899836271
-11.487676057321917
-11.487676214849586
-11.487676372505407
-11.487676530375436
-11.487676688545747
-11.57569733586978
-11.575697553433427
-11.575697768486879
-11.575697981023902
-11.575698191049032
-11.575698398576419
-11.575698603628851
-11.575698806236833
-11.575699006437821
-11.575699204275463
-11.57569939979893
-11.575699593062346
-11.575699784124232
-11.575699973047055
-11.575700159896742
-11.575700344742339
-11.575700527655643
-11.575700708710908
-11.575700887984523
-11.575701065554806
-11.575701241501759
-11.575701415906872
-11.575701588852947
-11.575701760423936
-11.575701930704797
-11.575702099781353
-11.575702267740221
-11.575702434668681
-11.57570260065458
-11.57570276578627
-11.575702930152543
-11.575703093842522
-11.575703256945685
-11.575703419551715
-11.575703581750542
-11.575703743632227
-11.575703905286984
-11.575704066805097
-11.575704228276907
-11.575704389792767
-11.575704551443016
-11.575704713317927
-11.575704875507753
-11.663725313626342
-11.66372553900103
-11.663725761603184
-11.663725981439436
-11.663726198526838
-11.663726412891615
-11.663726624568223
-11.663726833598421
-11.663727040030443
-11.66372724391832
-11.663727445321184
-11.663727644302703
-11.663727840930555
-11.663728035275959
-11.663728227413253
-11.663728417419524
-11.663728605374295
-11.663728791359187
-11.663728975457703
-11.663729157754952
-11.663729338337484
-11.663729517293065
-11.663729694710563
-11.663729870679742
-11.663730045291199
-11.663730218636209
-11.663730390806652
-11.663730561894912
-11.663730731993802
-11.663730901196519
-11.66373106959656
-11.663731237287683
-11.663731404363864
-11.663731570919248
-11.663731737048135
-11.66373190284493
-11.663732068404112
-11.663732233820232
-11.663732399187865
-11.663732564601606
-11.663732730156017
-11.66373289594563
-11.663733062064939
-11.751753294145724
-11.751753527336806
-11.751753757481426
-11.751753984600317
-11.751754208724131
-11.751754429892204
-11.751754648151554
-11.751754863555982
-11.751755076165272
-11.751755286044475
-11.751755493263268
-11.751755697895396
-11.751755900018155
-11.751756099711944
-11.751756297059883
-11.751756492147434
-11.751756685062132
-11.75175687589325
-11.751757064731626
-11.751757251669369
-11.75175743679976
-11.751757620217019
-11.751757802016199
-11.751757982293025
-11.751758161143846
-11.751758338665468
-11.751758514955126
-11.751758690110389
-11.751758864229108
-11.751759037409366
-11.751759209749441
-11.751759381347739
-11.751759552302801
-11.751759722713262
-11.751759892677821
-11.75176006229524
-11.751760231664317
-11.751760400883883
-11.751760570052758
-11.7517607392698
-11.751760908633848
-11.751761078243698
-11.751761248198143
-11.839781277716678
-11.839781518714922
-11.839781756381658
-11.839781990752963
-11.839782221874245
-11.83978244979895
-11.839782674587539
-11.839782896306692
-11.839783115028437
-11.839783330829503
-11.839783543790682
-11.839783753996285
-11.839783961533701
-11.839784166492903
-11.839784368966132
-11.839784569047557
-11.839784766832976
-11.839784962419595
-11.839785155905755
-11.839785347390798
-11.839785536974885
-11.839785724758816
-11.839785910843979
-11.839786095332164
-11.839786278325557
-11.839786459926581
-11.839786640237906
-11.839786819362338
-11.839786997402824
-11.839787174462375
-11.839787350644073
-11.839787526051014
-11.839787700786331
-11.839787874953169
-11.839788048654654
-11.839788221993912
-11.839788395074065
-11.839788567998228
-11.839788740869514
-11.839788913791033
-11.839789086865892
-11.839789260197191
-11.839789433888058
-11.927809264640533
-11.927809513420693
-11.927809758573805
-11.927810000152576
-11.927810238218276
-11.927810472839441
-11.927810704090925
-11.927810932053038
-11.927811156810757
-11.927811378453102
-11.927811597072528
-11.927811812764412
-11.927812025626626
-11.927812235759117
-11.927812443263587
-11.927812648243172
-11.927812850802219
-11.927813051046039
-11.927813249080726
-11.927813445012969
-11.927813638949971
-11.927813830999247
-11.92781402126861
-11.927814209866025
-11.927814396899567
-11.927814582477366
-11.927814766707552
-11.927814949698238
-11.927815131557475
-11.92781531239325
-11.927815492313465
-11.927815671425934
-11.927815849838383
-11.927816027658462
-11.927816204993738
-11.927816381951711
-11.927816558639822
-11.927816735165486
-11.927816911636073
-11.927817088158957
-11.927817264841512
-11.927817441791145
-11.92781761911532
-12.01583725523059
-12.015837511750007
-12.015837764337101
-12.01583801306249
-12.015838258004441
-12.015838499247558
-12.015838736881932
-12.01583897100226
-12.015839201707157
-12.015839429098524
-12.015839653280983
-12.015839874361435
-12.015840092448636
-12.015840307652843
-12.015840520085494
-12.015840729858983
-12.015840937086415
-12.015841141881413
-12.015841344357963
-12.015841544630277
-12.015841742812686
-12.015841939019552
-12.015842133365174
-12.01584232596376
-12.015842516929339
-12.015842706375791
-12.015842894416746
-12.015843081165633
-12.015843266735644
-12.015843451239737
-12.015843634790656
-12.015843817500915
-12.015843999482854
-12.015844180848607
-12.015844361710172
-12.015844542179405
-12.015844722368067
-12.015844902387837
-12.015845082350351
-12.015845262367217
-12.01584544255007
-12.015845623010588
-12.01584580386057
-12.103865249811331
-12.10386551400849
-12.103865773959258
-12.103866029753449
-12.10386628148737
-12.103866529262682
-12.103866773185512
-12.103867013365688
-12.103867249916085
-12.103867482952012
-12.103867712590771
-12.103867938951169
-12.103868162153223
-12.103868382317772
-12.10386859956631
-12.10386881402068
-12.103869025802938
-12.103869235035178
-12.10386944183942
-12.103869646337504
-12.103869848651001
-12.103870048901161
-12.103870247208866
-12.10387044369458
-12.103870638478357
-12.103870831679814
-12.103871023418112
-12.10387121381201
-12.103871402979831
-12.103871591039503
-12.103871778108598
-12.103871964304322
-12.103872149743584
-12.103872334543006
-12.103872518818992
-12.103872702687719
-12.103872886265242
-12.103873069667475
-12.103873253010279
-12.103873436409495
-12.103873619980961
-12.103873803840603
-12.103873988104528
-12.191893248717511
-12.191893520510588
-12.191893787735575
-12.191894050502663
-12.191894308927246
-12.191894563128908
-12.191894813230615
-12.191895059357995
-12.191895301638747
-12.191895540202129
-12.191895775178498
-12.191896006698961
-12.191896234895093
-12.191896459898619
-12.191896681841259
-12.191896900854506
-12.191897117069534
-12.191897330617037
-12.191897541627169
-12.191897750229478
-12.191897956552825
-12.191898160725417
-12.191898362874731
-12.191898563127539
-12.191898761609895
-12.191898958447174
-12.191899153764073
-12.191899347684643
-12.191899540332326
-12.191899731830013
-12.191899922300051
-12.191900111864321
-12.191900300644258
-12.191900488760949
-12.191900676335139
-12.191900863487311
-12.191901050337746
-12.19190123700657
-12.191901423613821
-12.191901610279507
-12.191901797123654
-12.191901984266378
-12.191902171828049
-12.279921252292956
-12.279921531578468
-12.279921805967863
-12.279922075592816
-12.279922340588778
-12.279922601094102
-12.279922857249288
-12.279923109196377
-12.279923357078417
-12.279923601039009
-12.279923841221986
-12.27992407777106
-12.279924310829612
-12.279924540540463
-12.279924767045754
-12.279924990486769
-12.279925211003897
-12.279925428736533
-12.279925643823033
-12.279925856400681
-12.279926066605706
-12.279926274573249
-12.279926480437409
-12.279926684331231
-12.279926886386797
-12.279927086735192
-12.279927285506615
-12.27992748283039
-12.279927678835051
-12.279927873648374
-12.27992806739746
-12.279928260208797
-12.279928452208333
-12.279928643521512
-12.279928834273399
-12.279929024588716
-12.279929214591913
-12.279929404407271
-12.279929594158935
-12.279929783971035
-12.279929973967718
-12.279930164273239
-12.279930355012178
-12.367949260889199
-12.36794954754069
-12.367949828963201
-12.3679501053109
-12.367950376740179
-12.367950643408895
-12.367950905475722
-12.367951163099638
-12.367951416439478
-12.367951665653594
-12.367951910899555
-12.367952152333935
-12.367952390112137
-12.367952624388234
-12.367952855314901
-12.367953083043329
-12.367953307723187
-12.367953529502611
-12.36795374852818
-12.367953964944958
-12.367954178896495
-12.367954390524893
-12.367954599970808
-12.367954807373586
-12.367955012871235
-12.367955216600535
-12.367955418697129
-12.367955619295568
-12.36795581852939
-12.36795601653122
-12.367956213432846
-12.367956409365291
-12.367956604458923
-12.367956798843512
-12.367956992648358
-12.36795718600232
-12.367957379033985
-12.367957571871688
-12.367957764643627
-12.367957957477962
-12.367958150502878
-12.367958343846714
-12.367958537638181
-12.455977274863894
-12.455977568730749
-12.455977857032561
-12.455978139946899
-12.455978417651881
-12.455978690325514
-12.455978958145172
-12.45597922128721
-12.455979479926613
-12.455979734236758
-12.455979984389204
-12.455980230553543
-12.455980472897345
-12.45598071158604
-12.455980946782914
-12.455981178649081
-12.45598140734354
-12.455981633023153
-12.455981855842731
-12.455982075955067
-12.455982293511004
-12.455982508659552
-12.455982721547896
-12.455982932321573
-12.455983141124479
-12.455983348099027
-12.455983553386215
-12.455983757125733
-12.455983959456063
-12.455984160514584
-12.455984360437682
-12.455984559360845
-12.455984757418758
-12.455984954745439
-12.455985151474311
-12.455985347738332
-12.45598554367009
-12.455985739401896
-12.455985935065911
-12.455986130794246
-12.455986326719042
-12.455986522972601
-12.455986719687653
-12.544005294579124
-12.544005595485409
-12.544005890489236
-12.544006179792353
-12.544006463595236
-12.544006742096558
-12.544007015492827
-12.544007283978095
-12.544007547743764
-12.54400780697843
-12.54400806186778
-12.544008312594555
-12.544008559338542
-12.544008802276547
-12.544009041582484
-12.544009277427406
-12.544009509979571
-12.544009739404551
-12.544009965865307
-12.544010189522313
-12.544010410533629
-12.544010629055082
-12.544010845240303
-12.544011059240923
-12.544011271206649
-12.544011481285404
-12.544011689623458
-12.544011896365527
-12.544012101654946
-12.544012305633741
-12.544012508442783
-12.544012710221919
-12.544012911110068
-12.544013111245366
-12.544013310765278
-12.54401350980673
-12.54401370850622
-12.544013906999934
-12.544014105423882
-12.544014303914018
-12.544014502606345
-12.544014701637025
-12.544014901142663
-12.632033320399353
-12.632033628142889
-12.632033929647189
-12.632034225138804
-12.632034514841052
-12.632034798973667
-12.63203507775256
-12.632035351389719
-12.632035620093086
-12.632035884066603
-12.632036143510126
-12.632036398619546
-12.632036649586873
-12.632036896600264
-12.632037139844194
-12.632037379499558
-12.632037615743826
-12.632037848751168
-12.632038078692599
-12.632038305736144
-12.632038530046989
-12.632038751787642
-12.632038971118076
-12.632039188195884
-12.632039403176455
-12.632039616213106
-12.632039827457245
-12.632040037058502
-12.632040245164919
-12.632040451923059
-12.632040657478164
-12.632040861974298
-12.632041065554501
-12.632041268360908
-12.632041470534894
-12.63204167221723
-12.632041873548205
-12.632042074667773
-12.632042275715659
-12.632042476831549
-12.63204267815517
-12.632042879826439
-12.632043081985744
-12.720061352689225
-12.720061667040811
-12.720061974819155
-12.720062276276073
-12.720062571658044
-12.720062861206076
-12.720063145155642
-12.720063423736732
-12.720063697173902
-12.720063965686355
-12.72006422948812
-12.720064488788166
-12.720064743790614
-12.720064994694866
-12.720065241695824
-12.720065484984115
-12.720065724746265
-12.720065961164881
-12.720066194418893
-12.720066424683733
-12.720066652131546
-12.720066876931368
-12.72006709924935
-12.720067319248898
-12.720067537090937
-12.720067752934018
-12.720067966934533
-12.720068179246892
-12.7200683900237
-12.720068599415887
-12.720068807572927
-12.720069014642975
-12.720069220773041
-12.720069426109108
-12.720069630796347
-12.720069834979229
-12.720070038801698
-12.720070242407326
-12.720070445939424
-12.720070649541277
-12.720070853356198
-12.72007105752774
-12.720071262199937
-12.808089391811285
-12.808089712514061
-12.808090026314691
-12.808090333490478
-12.808090634311188
-12.808090929039139
-12.80809121792937
-12.8080915012298
-12.808091779181476
-12.808092052018798
-12.808092319969761
-12.80809258325626
-12.808092842094332
-12.808093096694444
-12.808093347261746
-12.80809359399637
-12.808093837093695
-12.808094076744585
-12.808094313135665
-12.808094546449583
-12.808094776865243
-12.80809500455802
-12.80809522970004
-12.808095452460368
-12.808095673005242
-12.808095891498283
-12.808096108100704
-12.808096322971508
-12.808096536267673
-12.808096748144376
-12.80809695875514
-12.808097168252047
-12.808097376785907
-12.808097584506422
-12.808097791562377
-12.808097998101799
-12.808098204272138
-12.808098410220428
-12.808098616093433
-12.808098822037852
-12.808099028200465
-12.808099234728273
-12.808099441768849
-12.896117438123351
-12.896117764892459
-12.896118084438069
-12.896118397062912
-12.896118703059965
-12.896119002712737
-12.896119296295611
-12.896119584074251
-12.896119866305941
-12.896120143240005
-12.896120415118176
-12.896120682174981
-12.896120944638113
-12.896121202728819
-12.896121456662224
-12.896121706647705
-12.896121952889235
-12.896122195585662
-12.896122434931081
-12.896122671115092
-12.896122904323104
-12.896123134736637
-12.896123362533537
-12.896123587888319
-12.896123810972325
-12.89612403195404
-12.896124250999291
-12.896124468271472
-12.896124683931761
-12.896124898139375
-12.896125111051713
-12.896125322824608
-12.896125533612487
-12.896125743568595
-12.896125952845166
-12.896126161593621
-12.896126369964735
-12.896126578108845
-12.896126786175996
-12.896126994316159
-12.896127202679374
-12.896127411415955
-12.896127620676792
-12.984145491975841
-12.984145824498363
-12.984146149486085
-12.98414646726688
-12.984146778156642
-12.984147082459678
-12.984147380469398
-12.984147672468801
-12.984147958731027
-12.984148239519961
-12.984148515090654
-12.984148785689921
-12.984149051556741
-12.984149312922764
-12.984149570012757
-12.984149823045017
-12.984150072231758
-12.984150317779529
-12.98415055988956
-12.984150798758131
-12.984151034576893
-12.984151267533198
-12.984151497810405
-12.984151725588177
-12.984151951042753
-12.984152174347232
-12.984152395671824
-12.984152615184101
-12.984152833049249
-12.984153049430281
-12.984153264488295
-12.984153478382652
-12.984153691271235
-12.984153903310631
-12.98415411465634
-12.984154325462971
-12.984154535884457
-12.984154746074267
-12.984154956185529
-12.984155166371307
-12.98415537678475
-12.984155587579272
-12.984155798908876
-13.072173553708941
-13.072173891644081
-13.072174221745751
-13.072174544366437
-13.072174859844342
-13.072175168504042
-13.07217547065739
-13.072175766604175
-13.072176056632886
-13.072176341021414
-13.072176620037654
-13.072176893940201
-13.072177162978871
-13.072177427395282
-13.072177687423428
-13.072177943290074
-13.072178195215344
-13.07217844341308
-13.072178688091324
-13.072178929452676
-13.072179167694715
-13.07217940301032
-13.072179635588057
-13.072179865612473
-13.072180093264416
-13.072180318721347
-13.072180542157609
-13.072180763744717
-13.072180983651601
-13.072181202044883
-13.072181419089112
-13.072181634946984
-13.072181849779613
-13.072182063746711
-13.072182277006855
-13.072182489717653
-13.072182702036002
-13.072182914118271
-13.072183126120519
-13.072183338198693
-13.072183550508841
-13.072183763207317
-13.072183976451031
-13.160201623649677
-13.16020196662932
-13.160202301492053
-13.160202628614128
-13.16020294835525
-13.160203261059506
-13.160203567056396
-13.160203866661799
-13.160204160178859
-13.160204447898806
-13.160204730101796
-13.160205007057581
-13.160205279026256
-13.160205546258917
-13.160205808998215
-13.160206067478981
-13.160206321928751
-13.160206572568265
-13.16020681961195
-13.160207063268377
-13.160207303740663
-13.160207541226889
-13.16020777592048
-13.160208008010564
-13.160208237682312
-13.160208465117243
-13.160208690493562
-13.160208913986466
-13.160209135768376
-13.160209356009274
-13.160209574876914
-13.160209792537106
-13.160210009153962
-13.160210224890118
-13.160210439906992
-13.16021065436499
-13.160210868423746
-13.16021108224235
-13.160211295979545
-13.160211509793983
-13.160211723844402
-13.160211938289869
-13.160212153290034
-13.248229702109002
-13.248230049738554
-13.248230388985549
-13.248230720248907
-13.248231043908769
-13.248231360327681
-13.248231669851894
-13.248231972812457
-13.248232269526307
-13.248232560297261
-13.24823284541694
-13.248233125165612
-13.248233399812991
-13.248233669618987
-13.248233934834401
-13.248234195701547
-13.248234452454897
-13.248234705321581
-13.248234954521987
-13.2482352002702
-13.248235442774495
-13.248235682237773
-13.248235918857969
-13.248236152828438
-13.248236384338323
-13.24823661357293
-13.248236840714025
-13.248237065940168
-13.248237289427037
-13.24823751134768
-13.24823773187283
-13.248237951171143
-13.2482381694095
-13.248238386753213
-13.248238603366318
-13.248238819411785
-13.248239035051778
-13.248239250447872
-13.2482394657613
-13.248239681153171
-13.2482398967847
-13.248240112817458
-13.2482403294136
-13.336257789378855
-13.336258141238394
-13.336258484470092
-13.336258819494091
-13.336259146709645
-13.336259466496541
-13.336259779216597
-13.336260085214983
-13.336260384821443
-13.336260678351449
-13.336260966107243
-13.33626124837879
-13.336261525444685
-13.336261797572975
-13.336262065021945
-13.336262328040801
-13.336262586870367
-13.336262841743656
-13.336263092886496
-13.336263340518055
-13.336263584851308
-13.336263826093555
-13.336264064446842
-13.336264300108402
-13.336264533271009
-13.336264764123388
-13.336264992850566
-13.336265219634186
-13.336265444652842
-13.336265668082405
-13.336265890096286
-13.336266110865756
-13.33626633056018
-13.336266549347329
-13.336266767393601
-13.336266984864293
-13.336267201923855
-13.336267418736123
-13.336267635464576
-13.33626785227256
-13.336268069323545
-13.336268286781356
-13.336268504810434
-13.424285885729262
-13.424286241375098
-13.424286588170576
-13.424286926555379
-13.424287256946256
-13.424287579738795
-13.424287895309044
-13.424288204015056
-13.424288506198247
-13.424288802184691
-13.424289092286276
-13.424289376801774
-13.424289656017823
-13.424289930209863
-13.424290199642911
-13.424290464572419
-13.424290725244944
-13.424290981898801
-13.424291234764734
-13.424291484066451
-13.424291730021189
-13.424291972840184
-13.424292212729204
-13.424292449888918
-13.424292684515382
-13.424292916800391
-13.424293146931877
-13.42429337509423
-13.424293601468698
-13.424293826233646
-13.424294049564903
-13.424294271636045
-13.424294492618685
-13.424294712682761
-13.424294931996801
-13.42429515072817
-13.424295369043364
-13.424295587108242
-13.424295805088274
-13.424296023148818
-13.424296241455336
-13.424296460173679
-13.424296679470313
-13.512313991405579
-13.512314350372097
-13.512314700290824
-13.512315041618947
-13.512315374788932
-13.512315700210461
-13.512316018272314
-13.512316329344028
-13.512316633777418
-13.512316931907989
-13.512317224056208
-13.512317510528657
-13.512317791619111
-13.512318067609533
-13.512318338770944
-13.512318605364291
-13.512318867641195
-13.512319125844661
-13.512319380209751
-13.512319630964212
-13.512319878328983
-13.512320122518817
-13.512320363742697
-13.512320602204369
-13.512320838102747
-13.512321071632314
-13.512321302983556
-13.512321532343307
-13.512321759895089
-13.512321985819478
-13.512322210294409
-13.512322433495497
-13.512322655596305
-13.512322876768691
-13.512323097183016
-13.512323317008475
-13.512323536413346
-13.512323755565259
-13.512323974631427
-13.512324193778952
-13.512324413175062
-13.512324632987362
-13.512324853384095
-13.600342106625458
-13.600342468427407
-13.600342821011248
-13.600343164849448
-13.600343500388117
-13.600343828049219
-13.600344148232546
-13.600344461317597
-13.600344767665185
-13.600345067618969
-13.600345361506822
-13.600345649642065
-13.600345932324622
-13.60034620984208
-13.600346482470618
-13.600346750475904
-13.60034701411392
-13.600347273631693
-13.600347529268006
-13.600347781254023
-13.600348029813915
-13.600348275165395
-13.600348517520237
-13.600348757084806
-13.600348994060438
-13.600349228643951
-13.600349461027998
-13.600349691401465
-13.600349919949871
-13.600350146855645
-13.600350372298536
-13.600350596455876
-13.600350819502916
-13.600351041613118
-13.600351262958439
-13.600351483709614
-13.600351704036449
-13.600351924108056
-13.600352144093161
-13.60035236416036
-13.600352584478349
-13.600352805216254
-13.600353026543814
-13.688370231574822
-13.688370595709877
-13.688370950485471
-13.688371296386862
-13.688371633871586
-13.688371963371837
-13.688372285296611
-13.688372600033674
-13.688372907951356
-13.688373209400083
-13.688373504713869
-13.688373794211637
-13.688374078198422
-13.688374356966461
-13.688374630796192
-13.688374899957219
-13.688375164709109
-13.688375425302212
-13.688375681978386
-13.688375934971644
-13.688376184508783
-13.68837643080999
-13.688376674089332
-13.688376914555311
-13.688377152411286
-13.688377387855976
-13.688377621083825
-13.688377852285441
-13.688378081647929
-13.688378309355278
-13.688378535588713
-13.688378760526987
-13.68837898434672
-13.688379207222717
-13.688379429328227
-13.688379650835261
-13.688379871914865
-13.688380092737392
-13.688380313472788
-13.688380534290877
-13.688380755361578
-13.688380976855246
-13.688381198942839
-13.776398366411765
-13.776398732363077
-13.776399088844125
-13.776399436350273
-13.776399775348056
-13.776400106277706
-13.77640042955548
-13.776400745575668
-13.776401054712453
-13.776401357321602
-13.776401653741953
-13.776401944296813
-13.776402229295211
-13.776402509033032
-13.776402783794063
-13.776403053850954
-13.776403319466098
-13.776403580892444
-13.77640383837424
-13.77640409214772
-13.776404342441742
-13.776404589478412
-13.77640483347359
-13.77640507463744
-13.776405313174912
-13.77640554928619
-13.776405783167119
-13.776406015009627
-13.776406245002084
-13.776406473329679
-13.77640670017478
-13.776406925717257
-13.776407150134794
-13.776407373603229
-13.776407596296822
-13.776407818388575
-13.776408040050491
-13.776408261453897
-13.776408482769693
-13.776408704168626
-13.776408925821606
-13.776409147899921
-13.776409370575482
-13.864426511323851
-13.864426878559721
-13.86442723624655
-13.864427584886908
-13.86442792495375
-13.864428256893074
-13.864428581126296
-13.86442889805234
-13.864429208049584
-13.86442951147759
-13.864429808678624
-13.864430099979119
-13.864430385690936
-13.864430666112552
-13.864430941530131
-13.864431212218497
-13.864431478442034
-13.86443174045554
-13.86443199850496
-13.864432252828101
-13.864432503655284
-13.864432751209964
-13.86443299570927
-13.864433237364564
-13.864433476381894
-13.864433712962498
-13.864433947303219
-13.864434179596902
-13.864434410032812
-13.864434638797004
-13.864434866072635
-13.864435092040367
-13.864435316878643
-13.864435540764019
-13.864435763871485
-13.86443598637473
-13.864436208446444
-13.86443643025863
-13.864436651982858
-13.864436873790558
-13.864437095853301
-13.86443731834307
-13.864437541432437
-13.952454666523549
-13.952455034497502
-13.952455392876963
-13.952455742168636
-13.952456082849229
-13.952456415368069
-13.952456740149541
-13.952457057595279
-13.95245736808608
-13.952457671983677
-13.952457969632334
-13.95245826136027
-13.952458547481005
-13.952458828294507
-13.952459104088293
-13.952459375138437
-13.95245964171051
-13.952459904060335
-13.952460162434841
-13.952460417072748
-13.952460668205228
-13.9524609160565
-13.952461160844424
-13.952461402781053
-13.952461642073064
-13.95246187892231
-13.952462113526183
-13.952462346078079
-13.952462576767774
-13.952462805781801
-13.952463033303802
-13.95246325951487
-13.952463484593888
-13.952463708717845
-13.952463932062111
-13.952464154800792
-13.952464377106974
-13.952464599153037
-13.952464821110924
-13.952465043152491
-13.952465265449678
-13.95246548817485
-13.952465711501009
-14.040482830555323
-14.040483198796464
-14.040483557426526
-14.040483906953778
-14.040484247856265
-14.040484580584533
-14.040484905564083
-14.040485223197516
-14.040485533866509
-14.040485837933598
-14.040486135743782
-14.04048642762592
-14.040486713894142
-14.040486994848942
-14.040487270778346
-14.040487541958912
-14.040487808656572
-14.040488071127571
-14.040488329619199
-14.04048858437049
-14.040488835612901
-14.040489083570979
-14.040489328462824
-14.04048957050073
-14.040489809891625
-14.040490046837556
-14.04049028153614
-14.040490514180963
-14.040490744961978
-14.040490974065898
-14.040491201676538
-14.040491427975159
-14.040491653140787
-14.040491877350565
-14.040492100780014
-14.040492323603388
-14.040492545993926
-14.040492768124146
-14.040492990166193
-14.040493212291915
-14.04049343467344
-14.040493657483292
-14.040493880894642
)
;

boundaryField
{
    hotWall
    {
        type            calculated;
        value           nonuniform List<scalar> 0();
    }
    coldWall
    {
        type            calculated;
        value           nonuniform List<scalar> 0();
    }
    bottomWall
    {
        type            calculated;
        value           nonuniform List<scalar> 0();
    }
    topWall
    {
        type            calculated;
        value           nonuniform List<scalar> 
43
(
-14.084496915062376
-14.084497283303508
-14.084497641933574
-14.084497991460822
-14.084498332363312
-14.084498665091578
-14.084498990071129
-14.084499307704558
-14.084499618373549
-14.084499922440644
-14.08450022025082
-14.084500512132967
-14.084500798401182
-14.084501079355984
-14.084501355285395
-14.084501626465952
-14.084501893163615
-14.084502155634619
-14.084502414126241
-14.084502668877533
-14.084502920119949
-14.084503168078022
-14.084503412969866
-14.084503655007774
-14.084503894398669
-14.0845041313446
-14.084504366043179
-14.084504598688001
-14.08450482946902
-14.084505058572947
-14.08450528618358
-14.084505512482199
-14.084505737647831
-14.084505961857603
-14.08450618528706
-14.084506408110434
-14.084506630500972
-14.08450685263119
-14.084507074673233
-14.084507296798959
-14.084507519180484
-14.084507741990326
-14.084507965401711
)
;
    }
    front
    {
        type            empty;
    }
    back
    {
        type            empty;
    }
    procBoundary3to0
    {
        type            processor;
        value           nonuniform List<scalar> 
42
(
-7.2623239069933465
-7.3503520736361452
-7.4383802402154489
-7.5264084067488772
-7.6144365732484554
-7.7024647397238253
-7.7904929061806509
-7.8785210726227826
-7.9665492390531076
-8.0545774054738501
-8.1426055718867634
-8.2306337382932746
-8.3186619046945864
-8.4066900710917398
-8.4947182374856762
-8.5827464038772412
-8.6707745702672554
-8.7588027366564916
-8.8468309030457277
-8.9348590694357224
-9.0228872358272572
-9.1109154022211296
-9.1989435686181587
-9.2869717350191916
-9.3749999014251078
-9.463028067836861
-9.5510562342554373
-9.6390844006818472
-9.7271125671171301
-9.8151407335623944
-9.9031689000188372
-9.9911970664877146
-10.079225232970305
-10.167253399467949
-10.255281565982051
-10.343309732514106
-10.343309732514106
-10.343309831779337
-10.343309931063972
-10.343310030406743
-10.343310129846222
-10.343310229420672
)
;
    }
    procBoundary3to1
    {
        type            processor;
        value           nonuniform List<scalar> 
42
(
-10.43133852462501
-10.519366719855977
-10.607394914843548
-10.695423109569928
-10.783451304016616
-10.871479498164472
-10.959507691993723
-11.047535885484034
-11.135564078614482
-11.223592271363582
-11.311620463709444
-11.399648655629759
-11.487676847101808
-11.575705038102477
-11.663733228608395
-11.75176141859599
-11.839789608041578
-11.92781779692139
-12.015845985211653
-12.103874172888656
-12.191902359928823
-12.27993054630881
-12.367958732005636
-12.455986916996709
-12.544015101259882
-12.632043284773564
-12.720071467516885
-12.808099649469771
-12.896127830612926
-12.984156010927965
-13.072184190397495
-13.160212369005221
-13.248240546736026
-13.336268723576017
-13.424296899512591
-13.512325074534479
-13.600353248631871
-13.68838142179659
-13.776409594021574
-13.86443776529536
-13.952465935602408
-14.040494105081816
)
;
    }
    procBoundary3to2
    {
        type            processor;
        value           nonuniform List<scalar> 
81
(
-7.2623271910054408
-7.3503551488645904
-7.4383831065400621
-7.5264110639810786
-7.6144390211373834
-7.7024669779593573
-7.7904949343981347
-7.878522890405721
-7.9665508459351271
-8.0545788009405541
-8.1426067553775017
-8.2306347092029366
-8.3186626623754396
-8.4066906148554175
-8.4947185666052381
-8.5827465175894702
-8.67077446777507
-8.7588024171316263
-8.8468303656315488
-8.9348583132503947
-9.0228862786676078
-9.0228862786676078
-9.1109142551969384
-9.1109142811018273
-9.1109142811018273
-9.1989422430126773
-9.2869702042358924
-9.3749981647776153
-9.4630261246491418
-9.5510540838669673
-9.6390820424532127
-9.7271100004359816
-9.8151379578497782
-9.9031659147359079
-9.9911938711428867
-10.079221827126936
-10.167249782752407
-10.25527773809233
-10.343305693228853
-10.4313336482537
-10.51936160326874
-10.607389558386519
-10.695417513730783
-10.783445469436931
-10.871473425652557
-10.959501382537969
-11.047529340266607
-11.135557299025466
-11.223585259015554
-11.311613220452163
-11.399641183565169
-11.487669148599229
-11.57569711581395
-11.663725085483831
-11.751753057898151
-11.839781033360744
-11.9278090121896
-12.015836994716253
-12.103864981285065
-12.19189297225217
-12.279920967984353
-12.367948968857657
-12.455976975255734
-12.5440049875679
-12.632033006187067
-12.720061031507354
-12.808089063921472
-12.896117103817881
-12.984145151577872
-13.072173207572371
-13.160201272158718
-13.248229345677304
-13.336257428448262
-13.424285520768116
-13.512313622906699
-13.600341735103784
-13.688369857564503
-13.776397990463179
-13.864426134003866
-13.952454288415309
-14.040482452161617
)
;
    }
    procBoundary3to5
    {
        type            processor;
        value           nonuniform List<scalar> 
40
(
-7.1742991472018351
-7.1742990614656996
-7.1742989758004283
-7.1742988902011922
-7.1742988046633318
-7.1742987191823886
-7.1742986337540886
-7.17429854837434
-7.1742984630392312
-7.1742983777450364
-7.1742982924882099
-7.1742982072653758
-7.1742981220733579
-7.1742980369091569
-7.1742979517699155
-7.1742978666529478
-7.1742977815557296
-7.1742976964758807
-7.1742976114111574
-7.1742975263594584
-7.1742974413188048
-7.174297356287318
-7.1742972712632298
-7.1742971862448552
-7.1742971012305699
-7.1742970162188104
-7.1742969312080209
-7.1742968461966328
-7.1742967611830393
-7.1742966761655502
-7.1742965911423235
-7.1742965061113164
-7.1742964210701716
-7.1742963360161749
-7.1742962509463792
-7.1742961658582907
-7.1742960807499188
-7.1742959956104393
-7.1742959104073796
-7.1742958251714706
)
;
    }
}


// ************************************************************************* //
