#              distance                     U_x                     U_y                     U_z                       T
                      0   6.462464147742575e-20   2.362950861992143e-17   1.563344418520227e-38       300.5000000000034
  0.0003906250000000001   3.711824793886622e-06    0.001321499951208649   1.543586573292142e-25       300.4817977841275
  0.0007812500000000003   1.178153393281775e-05    0.002509525535648672   2.499907120485364e-25        300.463601749696
            0.001171875   2.638806958931545e-05    0.003497339569935696   2.575328628530442e-25       300.4454149874169
              0.0015625   4.099460524581312e-05    0.004485153604222733   2.650750136575444e-25       300.4272282251405
            0.001953125    5.65472401166736e-05    0.005413563192472261   2.125869984934579e-25       300.4090802236215
             0.00234375   7.588427184498525e-05    0.006104354996571754  -8.002168054504409e-26       300.3910872651324
   0.002734375000000001   9.522130357329701e-05    0.006795146800671252  -3.726303595835571e-25       300.3730943066433
   0.003125000000000001    0.000114558335301609    0.007485938604770766  -6.652390386220582e-25       300.3551013481548
   0.003515625000000001   0.0001321748418289233    0.007917326773903957    -5.7616274031197e-25       300.3375931016289
             0.00390625   0.0001497913483562383    0.008348714943037188  -4.870864420018851e-25       300.3200848551044
            0.004296875   0.0001674078548835521    0.008780103112170368  -3.980101436918073e-25       300.3025766085782
   0.004687500000000001    0.000179715326469755    0.009036219816067833  -2.476036177475064e-25       300.2857294089986
            0.005078125   0.0001906955393206804    0.009248518653656371  -8.186453489464204e-26       300.2690474711556
   0.005468750000000001   0.0002016757521716053     0.00946081749124489   8.387454795821661e-26       300.2523655333119
            0.005859375   0.0002071564822507179    0.009567041079061192   1.220132721432307e-25       300.2363809757391
                0.00625   0.0002089708904819531    0.009602547833695909   7.508509054967928e-26       300.2208613383432
   0.006640625000000001   0.0002107852987131867    0.009638054588330535   2.815690895612955e-26       300.2053417009446
   0.007031249999999999   0.0002086167942646798    0.009619691715088646                       0       300.1904007585726
   0.007421875000000001   0.0002004739207965597    0.009520524400031864                       0       300.1763278587364
              0.0078125   0.0001923310473284402    0.009421357084975081                       0       300.1622549589003
            0.008203125   0.0001823213073972852    0.009303149174951267                       0       300.1485117640034
   0.008593750000000001    0.000164844101613992    0.009108778885059328                       0       300.1360873888629
   0.008984375000000001   0.0001473668958306986    0.008914408595167385                       0       300.1236630137223
   0.009375000000000003   0.0001298896900474057    0.008720038305275443                       0       300.1112386385816
            0.009765625   0.0001046799299316504    0.008465253532873741   1.607583370740168e-26       300.1005676910307
             0.01015625   7.947016981589547e-05     0.00821046876047204   3.215166741480287e-26       300.0898967434799
            0.010546875   5.426040970014083e-05    0.007955683988070339   4.822750112220486e-26       300.0792257959291
              0.0109375   2.457622551382158e-05    0.007675654478806032   4.735329081196944e-26       300.0699651174401
            0.011328125  -6.226564690138496e-06    0.007389313785326083   4.224156949732551e-26        300.061057006217
             0.01171875  -3.702935489409836e-05    0.007102973091846116   3.712984818268131e-26       300.0521488949932
            0.012109375  -6.980797575651118e-05    0.006811207401670912    2.85066922211691e-26       300.0442547558442
                 0.0125  -0.0001039038170578927    0.006515825047032207   1.754257982841152e-26       300.0370365980784
            0.012890625  -0.0001379996583592731     0.00622044269239351   6.578467435654363e-27       300.0298184403127
             0.01328125  -0.0001725412797503906    0.005928019066973909                       0       300.0232222073475
            0.013671875  -0.0002077515712761135    0.005640033535382955                       0       300.0175588615834
              0.0140625  -0.0002429618628018363       0.005352048003792                       0       300.0118955158192
            0.014453125  -0.0002780196281254277    0.005067758657884644                       0       300.0065080734327
             0.01484375  -0.0003124672886404947    0.004798254054711684                       0       300.0022242445567
            0.015234375   -0.000346914949155563    0.004528749451538742                       0        299.997940415682
               0.015625  -0.0003813626096706284    0.004259244848365767                       0       299.9936565868049
            0.016015625    -0.00041356172285278    0.004014898088929436                       0       299.9905573812616
             0.01640625  -0.0004457608360349313    0.003770551329493111                       0       299.9874581757184
            0.016796875  -0.0004779599492170826    0.003526204570056785                       0       299.9843589701752
              0.0171875  -0.0005075001321879171    0.003304594664356038                       0       299.9820493450574
            0.017578125  -0.0005363755826059217    0.003088668972089189                       0       299.9799371150461
             0.01796875  -0.0005652510330239269    0.002872743279822335                       0       299.9778248850347
            0.018359375  -0.0005917171006929007    0.002674332832968781   2.492640436089835e-27       299.9761919794919
    0.01875000000000001  -0.0006165769131958533    0.002487599216390758    6.64704116290621e-27       299.9748786235948
            0.019140625   -0.000641436725698806    0.002300865599812739   1.080144188972253e-26        299.973565267698
             0.01953125  -0.0006645449152861545    0.002125434973120447   1.364740458842126e-26       299.9725031942901
    0.01992187500000001  -0.0006850256705000978    0.001966958831256741   1.453071024494382e-26       299.9718180446156
              0.0203125  -0.0007055064257140447    0.001808482689393049   1.541401590146632e-26        299.971132894943
    0.02070312500000001  -0.0007250912652748006    0.001655256061292385   1.450868489941803e-26       299.9705435709731
             0.02109375  -0.0007410924422228314    0.001523027488243965   6.448807263088365e-27        299.970337549832
            0.021484375  -0.0007570936191708513    0.001390798915195515   -1.61107037324178e-27       299.9701315286864
               0.021875   -0.000773094796118869    0.001258570342147065  -9.670948009571708e-27       299.9699255075399
            0.022265625  -0.0007847129326908969    0.001149983018921655  -9.637842615271236e-27       299.9700724508584
             0.02265625  -0.0007963310692629238    0.001041395695696246  -9.604737220970916e-27       299.9702193941766
            0.023046875  -0.0008079492058349505   0.0009328083724708366  -9.571631826670668e-27        299.970366337495
    0.02343749999999999  -0.0008162481804238886   0.0008408488727496636  -7.173758060857782e-27       299.9707125522331
            0.023828125  -0.0008237173645170521   0.0007530463289045454  -4.184692202167112e-27       299.9711085848261
             0.02421875   -0.000831186548610217   0.0006652437850594283  -1.195626343476276e-27       299.9715046174192
            0.024609375  -0.0008363593265353945   0.0005881907350485352   4.259408462563323e-27       299.9720000595144
                  0.025  -0.0008400011670152473   0.0005183040142604573   1.135842256683547e-26       299.9725617746111
            0.025390625  -0.0008436430074950995   0.0004484172934723795   1.845743667110764e-26       299.9731234897076
             0.02578125   -0.000845901681112096   0.0003846055836767432   2.333417305298631e-26        299.973725326927
            0.026171875  -0.0008460856044348104   0.0003299063903697721    2.48774928512755e-26       299.9743873473306
              0.0265625  -0.0008462695277575288   0.0002752071970628035   2.642081264956442e-26        299.975049367736
            0.026953125   -0.000845839330429117   0.0002230459996561544   2.592700170768339e-26       299.9757214496145
             0.02734375  -0.0008429526504961707   0.0001810367858507816    1.72846678051221e-26       299.9764337773808
            0.027734375  -0.0008400659705632341    0.000139027572045411   8.642333902560999e-27       299.9771461051506
               0.028125  -0.0008371792906302977   9.701835824004083e-05  -1.382415604692191e-41       299.9778584329204
            0.028515625  -0.0008316057801638741   6.547717220508477e-05  -1.259621955578432e-41       299.9785838513463
             0.02890625  -0.0008260322696974506   3.393598617012885e-05  -6.870665212246096e-42       299.9793092697722
            0.029296875  -0.0008204587592310272   2.394800135172315e-06  -1.145110868707616e-42       299.9800346881983
    0.02968750000000001  -0.0008130284016843575  -2.231808249177878e-05   1.129027989741675e-27       299.9807491177979
            0.030078125  -0.0008051338323676265   -4.53238892667285e-05   2.540312976918738e-27        299.981460800191
    0.03046875000000001  -0.0007972392630509038   -6.83296960416796e-05   3.951597964095906e-27       299.9821724825872
            0.030859375  -0.0007881553164425315  -8.720429905565061e-05   3.669340966660415e-27       299.9828647969325
                0.03125  -0.0007782784516397321  -0.0001033247662289697   2.258055979483293e-27       299.9835441992458
            0.031640625  -0.0007684015868369376  -0.0001194452334022898   8.467709923062507e-28       299.9842236015613
             0.03203125  -0.0007578545425399423  -0.0001333662052607792   3.632853428856624e-28       299.9848852680877
            0.032421875  -0.0007463022290016463  -0.0001439879341470221   1.271498700099794e-27       299.9855203309307
              0.0328125  -0.0007347499154633538  -0.0001546096630332662   2.179712057313945e-27       299.9861553937754
            0.033203125  -0.0007229171099593275  -0.0001643614720160013   2.864725056104799e-27       299.9867801747849
             0.03359375  -0.0007099623365923598  -0.0001706336013846998   2.656936621202397e-27       299.9873638284517
            0.033984375  -0.0006970075632253991     -0.0001769057307534   2.449148186300038e-27       299.9879474821213
               0.034375  -0.0006840527898584385  -0.0001831778601221003   2.241359751397682e-27        299.988531135791
            0.034765625  -0.0006699348104344587  -0.0001860409219917151   2.063826388828838e-27       299.9890600840073
             0.03515625   -0.000655816831010479  -0.0001889039838613302   1.886293026260011e-27       299.9895890322237
    0.03554687500000001  -0.0006416988515864988  -0.0001917670457309455   1.708759663691187e-27       299.9901179804401
    0.03593750000000001  -0.0006268159159418911  -0.0001925116945306843   2.153959606819497e-27       299.9906027694913
            0.036328125  -0.0006117417412421274  -0.0001927267400629541   2.754842876372033e-27       299.9910765187514
             0.03671875  -0.0005966675665423629  -0.0001929417855952243   3.355726145924632e-27       299.9915502680116
            0.037109375  -0.0005811259418191588  -0.0001919336156555345   3.226145966108838e-27       299.9919918269788
    0.03750000000000001  -0.0005652726837469949  -0.0001901099687345379   2.609590153380787e-27       299.9924119257508
            0.037890625  -0.0005494194256748299  -0.0001882863218135418    1.99303434065279e-27       299.9928320245228
             0.03828125  -0.0005333145482267148  -0.0001858404100113953   1.420213246388977e-27       299.9932318649139
    0.03867187500000001  -0.0005168322417146743  -0.0001824611008875235   9.129942298214657e-28       299.9936013177337
              0.0390625  -0.0005003499352026337   -0.000179081791763652   4.057752132540015e-28       299.9939707705535
    0.03945312500000001  -0.0004837670181409314  -0.0001754672280185005   9.464032309292915e-29       299.9943308976853
    0.03984375000000001  -0.0004667816588805845  -0.0001709116457882291   5.678419385575916e-28       299.9946537220649
            0.040234375  -0.0004497962996202385  -0.0001663560635579579   1.041043554022249e-27       299.9949765464444
               0.040625  -0.0004328109403598904  -0.0001618004813276872   1.514245169486899e-27       299.9952993708242
            0.041015625  -0.0004154275621235505  -0.0001563641146633964   1.355101886556977e-27       299.9955802686721
             0.04140625  -0.0003980441838872111  -0.0001509277479991054   1.195958603627054e-27         299.99586116652
            0.041796875  -0.0003806608056508702  -0.0001454913813348153   1.036815320697113e-27       299.9961420643679
              0.0421875  -0.0003630286737108383  -0.0001395331898703223   7.460242639499136e-28       299.9963935394042
            0.042578125  -0.0003453343533448833  -0.0001334445422057786   4.223212637483909e-28       299.9966376587375
    0.04296874999999999  -0.0003276400329789295  -0.0001273558945412346   9.861826354688098e-29       299.9968817780707
    0.04335937500000001  -0.0003098023402398175  -0.0001209813760173393   1.612117692359175e-29       299.9971070858163
                0.04375   -0.000291869065918604  -0.0001144162769205422   9.442803268578817e-29       299.9973198525036
            0.044140625  -0.0002739357915973901  -0.0001078511778237453   1.727348884479873e-28       299.9975326191908
    0.04453125000000001  -0.0002559307761856373  -0.0001011495638042591   2.498262521647818e-28       299.9977350803649
            0.044921875  -0.0002378181491380775  -9.424317740073913e-05   3.250943778134646e-28       299.9979220832691
    0.04531250000000001  -0.0002197055220905163  -8.733679099721906e-05   4.003625034621521e-28       299.9981090861733
            0.045703125  -0.0002015669734159787  -8.038305641543396e-05   4.424042290401527e-28       299.9982920717109
             0.04609375  -0.0001833247382335228   -7.32399291205831e-05   3.515403543353627e-28       299.9984589877632
    0.04648437500000001  -0.0001650825030510678  -6.609680182573318e-05   2.606764796305813e-28       299.9986259038184
               0.046875  -0.0001468402678686131  -5.895367453088372e-05   1.698126049258013e-28        299.998792819874
    0.04726562500000001  -0.0001285106841561298  -5.165618178241721e-05   9.799501050904024e-29       299.9989453682946
             0.04765625  -0.0001101811004436472  -4.435868903395129e-05   2.617741609228231e-29       299.9990979167155
            0.048046875  -9.185151673116399e-05  -3.706119628548554e-05  -4.564017832447761e-29       299.9992504651364
              0.0484375   -7.34816636234313e-05  -2.969414182022704e-05  -5.082840119213401e-29       299.9993961083972
    0.04882812499999999  -5.510174316688668e-05  -2.230969692577061e-05  -3.935928117251604e-29       299.9995400253679
    0.04921875000000001  -3.672182271033987e-05  -1.492525203131364e-05  -2.789016115289882e-29       299.9996839423387
            0.049609375  -1.833204183703259e-05   -7.52390526553317e-06  -1.893329193035537e-29       299.9998261253689
                   0.05   6.431264744809669e-08   -1.11290585536576e-07   -1.16512565725244e-29       299.9999671524388
    0.05039062500000001   1.846066713193093e-05   7.301324094460017e-06  -4.369221214697576e-30       300.0001081795101
             0.05078125   3.685044816028793e-05   1.470282378577287e-05   1.346711376137442e-29        300.000250347479
    0.05117187500000001   5.523036900445907e-05   2.208765099406101e-05   4.713489816481016e-29       300.0003942267994
              0.0515625   7.361028984863204e-05   2.947247820234855e-05    8.08026825682464e-29       300.0005381061217
            0.051953125   9.198014683146433e-05   3.683999481179668e-05   1.010033532103042e-28        300.000683704213
    0.05234374999999999   0.0001103097483689397    4.41382690258876e-05   6.733556880687011e-29       300.0008361773959
            0.052734375   0.0001286393499064178   5.143654323997944e-05   3.366778440343456e-29       300.0009886505823
               0.053125   0.0001469689514438923   5.873481745406971e-05                       0        300.001141123762
            0.053515625   0.0001652112534469855    6.58791591341522e-05  -3.073394325091543e-29       300.0013079274847
             0.05390625   0.0001834535554500785   7.302350081423436e-05   -6.14678865018291e-29       300.0014747312074
    0.05429687499999999   0.0002016958574531711    8.01678424943166e-05  -9.220182975274284e-29       300.0016415349302
              0.0546875   0.0002198345505800083   8.712317957873357e-05  -1.281226902550168e-28        300.001824379048
            0.055078125   0.0002379473414877799   9.403126551423494e-05  -1.653402800701308e-28       300.0020112332647
             0.05546875   0.0002560601323955524   0.0001009393514497358  -2.025578698852408e-28       300.0021980874812
            0.055859375   0.0002740654079628313   0.0001076429994813013  -1.541211414318745e-28       300.0024003787772
    0.05625000000000001   0.0002919990066364536   0.0001142103555769118  -4.858153413285914e-29       300.0026129614659
            0.056640625   0.0003099326053100629    0.000120777711672518   5.695807316615962e-29       300.0028255441412
             0.05703125   0.0003277707179356557   0.0001271547480251021   1.970821945524456e-28       300.0030506543152
            0.057421875   0.0003454656014892044   0.0001332463047631463   3.890830870696281e-28       300.0032945557185
              0.0578125   0.0003631604850427564   0.0001393378615011913    5.81083979586817e-28       300.0035384571243
            0.058203125     0.00038079324641466   0.0001452991163639801    7.48252231926485e-28        300.003789707815
             0.05859375   0.0003981775190599704   0.0001507391637257445   8.160899235560707e-28       300.0040703556448
    0.05898437500000001   0.0004155617917052815   0.0001561792110875087   8.839276151856629e-28       300.0043510034747
    0.05937500000000001   0.0004329460643505919   0.0001616192584492726   9.517653068152462e-28       300.0046316513045
            0.059765625   0.0004499327544216792   0.0001661794405012324   6.543386484354749e-28        300.004954195944
             0.06015625   0.0004669194444927663   0.0001707396225531919   3.569119900557124e-28       300.0052767405833
            0.060546875   0.0004839061345638536   0.0001752998046051511   5.948533167595121e-29       300.0055992852227
    0.06093750000000001   0.0005004908245126665   0.0001789198464073669   4.382928063410158e-28       300.0059591112643
            0.061328125   0.0005169750144309119   0.0001823048531471467    9.86158814267276e-28        300.006328257657
             0.06171875   0.0005334592043491558   0.0001856898598869261   1.534024822193534e-27       300.0066974040489
    0.06210937499999999   0.0005495663715978956   0.0001881422558164082   2.106408115554185e-27       300.0070969243175
                 0.0625   0.0005654221904002993   0.0001899729112056921     2.6951362658711e-27       300.0075166938369
    0.06289062500000001   0.0005812780092027038   0.0001918035665949758   3.283864416188058e-27       300.0079364633563
             0.06328125   0.0005968225175411385   0.0001928193694907167   3.386109501725173e-27       300.0083776858963
            0.063671875   0.0006119000601836199   0.0001926128936461437   2.758629990092625e-27       300.0088510879671
    0.06406249999999999    0.000626977602826101   0.0001924064178015705    2.13115047846013e-27       300.0093244900381
            0.064453125   0.0006418640939646799   0.0001916707089109766   1.527343939831972e-27       300.0098089295437
    0.06484375000000001   0.0006559863790876469      0.0001888180678363   1.018229293221311e-27       300.0103375187884
            0.065234375   0.0006701086642106138   0.0001859654267616234   5.091146466106723e-28        300.010866108033
               0.065625   0.0006842309493335813   0.0001831127856869466   1.811274830227148e-41       300.0113946972777
    0.06601562500000001    0.000697191091457234   0.0001768532585801676                       0        300.011977987898
             0.06640625   0.0007101512335808862    0.000170593731473389                       0       300.0125612785185
    0.06679687500000001   0.0007231113757045387   0.0001643342043666102                       0       300.0131445691389
    0.06718749999999998   0.0007349504903996555   0.0001545970386608344   1.705420684913793e-27       300.0137689915062
            0.067578125   0.0007465093482376399   0.0001439904633053079    3.83719654105638e-27       300.0144036968102
    0.06796875000000002   0.0007580682060756246   0.0001333838879497813   5.968972397198981e-27       300.0150384021142
            0.068359375   0.0007686225540794597   0.0001194798435747738   5.479453897501759e-27       300.0156997215158
    0.06874999999999999   0.0007785072288605463   0.0001033774865201134   3.242405827245017e-27       300.0163787836555
            0.069140625   0.0007883919036415996   8.727512946544838e-05   1.005357756988462e-27       300.0170578457821
             0.06953125   0.0007974841889168691   6.841999236351006e-05  -1.600463614926865e-27       300.0177498326972
    0.06992187500000001     0.00080538788993341   4.543568519065681e-05  -4.759444939330173e-27       300.0184612067752
              0.0703125   0.0008132915909499579   2.245137801780575e-05   -7.91842626373321e-27       300.0191725808559
    0.07070312499999999   0.0008207313461086231   -2.23923767068623e-06  -1.056065012383685e-26       300.0198867120375
             0.07109375   0.0008263153178357543  -3.375508742174631e-05  -1.113584412674195e-26       300.0206118716219
    0.07148437499999999   0.0008318992895628854  -6.527093717280547e-05  -1.171103812964704e-26       300.0213370312065
    0.07187500000000001   0.0008374832612900176  -9.678678692386616e-05  -1.228623213255214e-26        300.022062190791
            0.072265625   0.0008403816752248025  -0.0001387663863281176  -1.286209984115454e-26       300.0227743302728
    0.07265625000000001   0.0008432800891595871  -0.0001807459857323691  -1.343796754975693e-26       300.0234864697546
    0.07304687500000001    0.000846178503094372  -0.0002227255851366207  -1.401383525835933e-26       300.0241986092363
              0.0734375   0.0008466213406634726  -0.0002748534197952648  -1.059675660005977e-26       300.0248705791681
    0.07382812500000001   0.0008464502841411528   -0.000329518313267509  -6.181441350034789e-27       300.0255325067126
             0.07421875   0.0008462792276188336  -0.0003841832067397515   -1.76612610000994e-27       300.0261944342571
    0.07460937500000001   0.0008440339548573232  -0.0004479576043323361   5.091151825537391e-27       300.0267962531528
    0.07500000000000001   0.0008404058712696939  -0.0005178050046718184   1.357640486809951e-26       300.0273579996193
            0.075390625    0.000836777787682047  -0.0005876524050112912   2.206165791066164e-26       300.0279197460791
    0.07578125000000001   0.0008316189767957154  -0.0006646640405824403   2.626385877156056e-26       300.0284152822422
            0.076171875   0.0008241640749613436  -0.0007524220290010896    2.40414813599653e-26       300.0288115029553
    0.07656250000000001   0.0008167091731269805  -0.0008401800174197535   2.181910394837004e-26       300.0292077236717
    0.07695312500000001   0.0008084244852605295  -0.0009320939079418837   1.824813949196477e-26       300.0295541649917
             0.07734375   0.0007968206532657603   -0.001040631406877908   9.282826856322034e-27       300.0297014887385
    0.07773437499999999   0.0007852168212709993   -0.001149168905813941   3.175142206789906e-28       300.0298488124882
               0.078125    0.000773612989276238    -0.00125770640474998   -8.64779841496414e-27        300.029996136238
    0.07851562500000001   0.0007576254883185456   -0.001389880101169203  -5.945361410288088e-27       300.0297907249733
    0.07890625000000001   0.0007416379873608531   -0.001522053797588427  -3.242924405611627e-27       300.0295853137088
    0.07929687499999999   0.0007256504864031617   -0.001654227494007641  -5.404874009353673e-28       300.0293799024441
    0.07968750000000001   0.0007060781829054983   -0.001807395639629075   3.323339862432624e-27       300.0287914009011
    0.08007812499999999   0.0006856096787728442   -0.001965812397551047   7.477514690472817e-27       300.0281071267887
    0.08046875000000001   0.0006651411746401884   -0.002124229155473039   1.163168951851405e-26       300.0274228526762
    0.08085937500000001   0.0006420438286654387    -0.00229959826744333   1.235109606407959e-26       300.0263618331621
                0.08125   0.0006171939214626275    -0.00248626894877915   1.078065708799505e-26       300.0250496500472
    0.08164062500000001   0.0005923440142598162   -0.002672939630114973   9.210218111910592e-27       300.0237374669321
             0.08203125   0.0005658865139351867   -0.002871286300447496   7.234460385477524e-27       300.0221058616907
    0.08242187500000001   0.0005370176239278112   -0.003087146954275006   4.650724533521143e-27       300.0199951232515
    0.08281250000000001   0.0005081487339204389   -0.003303007608102527   2.066988681564895e-27       300.0178843848138
            0.083203125    0.000478614242497335   -0.003524552457089014                       0       300.0155763160207
    0.08359375000000002   0.0004464173454112526   -0.003768834086711178                       0       300.0124789257839
            0.083984375   0.0004142204483251793   -0.004013115716333353                       0       300.0093815355505
    0.08437500000000001   0.0003820235512391039    -0.00425739734595555                       0       300.0062841453172
    0.08476562500000001   0.0003475728752296814   -0.004526839354447455   8.393317921690425e-27       300.0020024362867
             0.08515625   0.0003131221992202581   -0.004796281362939331   1.678663584338069e-26       299.9977207272547
    0.08554687500000002   0.0002786715232108325   -0.005065723371431214   2.517995376507144e-26       299.9934390182222
    0.08593750000000001   0.0002436060518835802   -0.005349954755474919   4.852858609279438e-26       299.9880538989265
    0.08632812499999999   0.0002083868817268643    -0.00563788348340644   7.561604702202318e-26        299.982392927057
    0.08671875000000001   0.0001731677115701489   -0.005925812211338049   1.027035079512549e-25        299.976731955191
    0.08710937500000002   0.0001386135650980118   -0.006218184812824447   1.189765872937793e-25       299.9701381966798
    0.08749999999999999    0.000104502767748926   -0.006513519996680648   1.280400789118331e-25       299.9629225804028
            0.087890625   7.039197039983727e-05   -0.006808855180536776   1.371035705298856e-25       299.9557069641212
    0.08828125000000001   3.759610537856809e-05   -0.007100579272163168    1.12193370944922e-25       299.9478153846883
    0.08867187500000001   6.772638849027692e-06   -0.007386886725444915   3.632263455543828e-26       299.9389098605262
              0.0890625  -2.405082768051339e-05   -0.007673194178726602  -3.954810183404779e-26       299.9300043363615
    0.08945312500000002  -5.375662465190161e-05   -0.007953194135221033  -1.073214501738562e-25       299.9207462242009
             0.08984375  -7.899174339067201e-05   -0.008207964104566383  -1.427052463149428e-25       299.9100777600569
    0.09023437500000001   -0.000104226862129444   -0.008462734073911826  -1.780890424560298e-25       299.8994092959157
    0.09062500000000001  -0.0001294619808682157   -0.008717504043257281   -2.13472838597115e-25       299.8887408317749
            0.091015625  -0.0001469674891774898    -0.00891188230512374  -1.467625765355163e-25       299.8763186779508
    0.09140625000000001  -0.0001644729974867649   -0.009106260566990241  -8.005231447391615e-26        299.863896524128
            0.091796875  -0.0001819785057960398   -0.009300638828856771  -1.334205241231936e-26       299.8514743703064
    0.09218750000000002  -0.0001920170433729711   -0.009418875891327224                       0       299.8377330742594
    0.09257812500000002   -0.000200188838266819   -0.009518077653948784                       0       299.8236619926603
    0.09296874999999999  -0.0002083606331606691   -0.009617279416570469                       0       299.8095909110654
    0.09335937499999999  -0.0002105568481626068    -0.00963569420788375                       0       299.7946514893408
                0.09375  -0.0002087693432366004   -0.009600251018324695                       0        299.779133174195
    0.09414062500000002  -0.0002069818383105968   -0.009564807828765773                       0       299.7636148590533
    0.09453125000000002  -0.0002015261964750264   -0.009458660037628226                       0       299.7476314177696
            0.094921875  -0.0001905683492751092   -0.009246455344122806                       0       299.7309502872726
    0.09531250000000001  -0.0001796105020751908   -0.009034250650617368                       0       299.7142691567757
    0.09570312499999999  -0.0001673241147422297    -0.00877823435331462   2.771394404295889e-26       299.6974226746939
    0.09609375000000001  -0.0001497235668770853   -0.008346971640822095   1.662836642577385e-25       299.6799147862562
    0.09648437500000001  -0.0001321230190119429   -0.007915708928329695   3.048533844725245e-25       299.6624068978231
               0.096875  -0.0001145224711467993   -0.007484446215837175   4.434231046872951e-25       299.6448990093842
    0.09726562499999999  -9.519434488590201e-05   -0.006793812252641992   4.656404501560292e-25       299.6269060965047
             0.09765625  -7.586621862500452e-05   -0.006103178289446801   4.878577956247663e-25       299.6089131836254
    0.09804687500000001  -5.653809236410662e-05   -0.005412544326251598    5.10075141093508e-25       299.5909202707461
    0.09843750000000001  -4.098926228558625e-05   -0.004484320530688507   3.858889576404395e-25       299.5727721983889
            0.098828125  -2.638525625266067e-05   -0.003496699277033498   2.251018919569243e-25       299.5545853361655
    0.09921875000000002  -1.178125021973348e-05    -0.00250907802337834   6.431482627339142e-26       299.5363984739353
    0.09960937500000001  -3.712279879102625e-06   -0.001321268451197671                       0        299.518202330655
                    0.1                       0                       0                       0                   299.5
