#              distance                     U_x                     U_y                     U_z                       T
  1.387778780781448e-19   2.871644081182742e-20   3.871394045816933e-18   3.475412069616464e-55       300.5000000000016
  0.0003906250000000002   1.697469930709347e-06    0.000214162769772261    9.78241531355237e-42       300.4905799956716
  0.0007812500000000002   3.394939861418696e-06    0.000428325539544522   1.956483062710457e-41       300.4811599913431
            0.001171875   5.092409792128046e-06    0.000642488309316783   2.934724594065677e-41       300.4717399870146
              0.0015625   1.038776549962998e-05    0.000806769511504214   2.739076287794634e-41        300.462324269427
            0.001953125   1.658259265133006e-05   0.0009585803217954375   2.249955522117027e-41       300.4529096235246
             0.00234375   2.277741980303015e-05    0.001110391132086662   1.760834756439419e-41       300.4434949776222
   0.002734375000000001   2.897224695473024e-05    0.001262201942377885   1.271713990761791e-41       300.4340803317197
               0.003125    3.51670741064303e-05    0.001414012752669109     7.8259322508418e-42       300.4246656858173
   0.003515625000000001   4.136190125813039e-05    0.001565823562960332   2.934724594065674e-42       300.4152510399149
             0.00390625   4.823963356705684e-05    0.001696326557110738                       0       300.4058861087968
            0.004296875   5.614172361182276e-05    0.001794867827049919                       0       300.3965957498554
   0.004687500000000001   6.404381365658874e-05    0.001893409096989099                       0       300.3873053909138
            0.005078125   7.194590370135449e-05    0.001991950366928279                       0       300.3780150319723
   0.005468750000000001   7.984799374612063e-05     0.00209049163686746                       0       300.3687246730308
   0.005859375000000002   8.775008379088667e-05    0.002189032906806639                       0       300.3594343140893
   0.006250000000000001    9.56521738356526e-05    0.002287574176745821                       0       300.3501439551479
   0.006640625000000001    0.000102757810094004    0.002341960930674546                       0       300.3411698769416
   0.007031250000000001   0.0001098634463523553    0.002396347684603273                       0       300.3321957987354
   0.007421875000000001   0.0001169690826107067    0.002450734438531998                       0       300.3232217205291
              0.0078125    0.000124074718869058    0.002505121192460724                       0        300.314247642323
            0.008203125   0.0001311803551274094     0.00255950794638945                       0       300.3052735641168
   0.008593750000000001   0.0001382859913857608    0.002613894700318177                       0       300.2962994859104
   0.008984375000000001   0.0001439196445075644    0.002647332414844553                       0        300.287644799591
   0.009375000000000001   0.0001485719755383358    0.002666804103102695                       0       300.2792030411959
            0.009765625   0.0001532243065691073    0.002686275791360837                       0       300.2707612828008
             0.01015625   0.0001578766375998788     0.00270574747961898                       0       300.2623195244059
            0.010546875   0.0001625289686306502    0.002725219167877122                       0       300.2538777660108
              0.0109375   0.0001671812996614218    0.002744690856135265                       0       300.2454360076159
            0.011328125    0.000171230512413181    0.002758981886722482                       0       300.2371403741252
             0.01171875   0.0001728672520488913    0.002752550286626001                       0        300.229429240252
            0.012109375    0.000174503991684602    0.002746118686529519                       0       300.2217181063788
                 0.0125   0.0001761407313203125    0.002739687086433038                       0       300.2140069725056
            0.012890625   0.0001777774709560229    0.002733255486336556                       0       300.2062958386323
             0.01328125   0.0001794142105917334    0.002726823886240074                       0       300.1985847047591
            0.013671875   0.0001810509502274439    0.002720392286143592                       0       300.1908735708859
              0.0140625   0.0001803688183149968    0.002699796908403743                       0       300.1838671507792
            0.014453125   0.0001791069685155104    0.002675660586253053                       0       300.1770369091141
             0.01484375   0.0001778451187160239    0.002651524264102362                       0        300.170206667449
            0.015234375   0.0001765832689165375    0.002627387941951672                       0       300.1633764257841
               0.015625   0.0001753214191170513    0.002603251619800981                       0        300.156546184119
            0.016015625    0.000174059569317565     0.00257911529765029                       0       300.1497159424538
             0.01640625   0.0001718635033615173    0.002550666254466615                       0       300.1432725835433
            0.016796875   0.0001682661131706243    0.002515748129733416                       0       300.1374095487588
              0.0171875   0.0001646687229797321    0.002480830005000229                       0       300.1315465139759
            0.017578125   0.0001610713327888397    0.002445911880267044                       0       300.1256834791931
    0.01796875000000001   0.0001574739425979479    0.002410993755533856                       0       300.1198204444102
            0.018359375   0.0001538765524070558     0.00237607563080067                       0       300.1139574096273
                0.01875   0.0001502791622161641    0.002341157506067491                       0       300.1080943748453
            0.019140625   0.0001451283714123478    0.002300878762935219                       0       300.1032190898367
             0.01953125   0.0001399775806085321    0.002260600019802956                       0        300.098343804829
    0.01992187500000001   0.0001348267898047163    0.002220321276670692                       0       300.0934685198213
              0.0203125   0.0001296759990009009    0.002180042533538428                       0       300.0885932348136
            0.020703125   0.0001245252081970847    0.002139763790406163                       0       300.0837179498059
             0.02109375    0.000119374417393269    0.002099485047273898                       0       300.0788426647982
            0.021484375   0.0001137831347126042    0.002058344210577634                       0       300.0745382788148
    0.02187500000000001    0.000107898190780706    0.002016628644838702                       0       300.0706144921809
            0.022265625   0.0001020132468488078    0.001974913079099771                       0        300.066690705547
             0.02265625   9.612830291690925e-05     0.00193319751336084                       0       300.0627669189132
            0.023046875   9.024335898501124e-05    0.001891481947621909                       0       300.0588431322793
              0.0234375   8.435841505311324e-05    0.001849766381882978                       0       300.0549193456454
            0.023828125   7.847339462630119e-05    0.001808282562740525                       0       300.0511702485275
             0.02421875   7.258806821983052e-05    0.001767725729983932                       0       300.0481199094639
            0.024609375   6.670274181336082e-05    0.001727168897227352                       0       300.0450695704025
                  0.025   6.081741540689014e-05    0.001686612064470765                       0       300.0420192313399
            0.025390625   5.493208900042059e-05    0.001646055231714181                       0       300.0389688922779
             0.02578125   4.904676259395008e-05    0.001605498398957598                       0       300.0359185532159
            0.026171875   4.316143618748008e-05    0.001564941566201014                       0       300.0328682141538
              0.0265625   3.774068562886435e-05    0.001526528903414257                       0       300.0304339122173
            0.026953125   3.243607903221212e-05    0.001488652283119955                       0       300.0281536195621
             0.02734375    2.71314724355599e-05    0.001450775662825654                       0       300.0258733269068
            0.027734375   2.182686583890782e-05    0.001412899042531359                       0       300.0235930342531
               0.028125    1.65222592422557e-05    0.001375022422237055                       0       300.0213127415973
    0.02851562500000001   1.121765264560311e-05     0.00133714580194275                       0       300.0190324489413
             0.02890625   6.307199503111547e-06    0.001300629170667971   2.304476329249816e-28        300.017014525617
            0.029296875   1.987976541859295e-06    0.001266152522922473   8.065667152374022e-28       300.0153901562886
    0.02968750000000001  -2.331246419392589e-06    0.001231675875176974   1.382685797549838e-27       300.0137657869604
            0.030078125  -6.650469380644442e-06    0.001197199227431483   1.958804879862278e-27       300.0121414176338
    0.03046875000000001  -1.096969234189611e-05    0.001162722579685978    2.53492396217469e-27       300.0105170483039
            0.030859375  -1.528891530314777e-05    0.001128245931940481   3.111043044487107e-27       300.0088926789757
                0.03125  -1.960813826439946e-05    0.001093769284194983   3.687162126799528e-27       300.0072683096475
            0.031640625   -2.27082854299998e-05    0.001062857479834291   4.455785499858469e-27       300.0061861283473
             0.03203125  -2.580843259559906e-05    0.001031945675473599   5.224408872917382e-27       300.0051039470472
            0.032421875  -2.890857976119882e-05    0.001001033871112907   5.993032245976301e-27       300.0040217657471
    0.03281249999999999  -3.200872692679786e-05   0.0009701220667522176   6.761655619035194e-27       300.0029395844474
            0.033203125  -3.510887409239768e-05   0.0009392102623915241   7.530278992094129e-27       300.0018574031469
             0.03359375  -3.820902125799706e-05   0.0009082984580308325   8.298902365153026e-27       300.0007752218468
            0.033984375  -4.052699986309306e-05   0.0008794114631144556   7.799506241153785e-27       299.9999546676131
               0.034375  -4.232353276118675e-05    0.000851874341160956   6.454763785782459e-27       299.9993085314237
            0.034765625  -4.412006565928043e-05   0.0008243372192074565   5.110021330411131e-27       299.9986623952342
    0.03515625000000001   -4.59165985573735e-05   0.0007968000972539565   3.765278875039728e-27       299.9980162590448
    0.03554687500000001  -4.771313145546702e-05   0.0007692629753004569    2.42053641966839e-27       299.9973701228555
              0.0359375  -4.950966435356113e-05   0.0007417258533469577   1.075793964297075e-27       299.9967239866661
            0.036328125  -5.105272152879692e-05   0.0007147842067764785                       0       299.9961460970138
    0.03671874999999999  -5.158187581260168e-05   0.0006902244617380843                       0       299.9958411935098
            0.037109375  -5.211103009640647e-05   0.0006656647166996892                       0       299.9955362900058
    0.03750000000000001  -5.264018438021124e-05    0.000641104971661294                       0       299.9952313865018
            0.037890625  -5.316933866401521e-05   0.0006165452266228994                       0       299.9949264829979
             0.03828125  -5.369849294782039e-05   0.0005919854815845046                       0       299.9946215794939
    0.03867187499999999  -5.422764723162494e-05   0.0005674257365461103                       0       299.9943166759899
              0.0390625  -5.384563458442367e-05   0.0005448448713341525                       0       299.9942188307801
    0.03945312500000001  -5.323583020446748e-05   0.0005227587260788038                       0        299.994172750144
    0.03984375000000001  -5.262602582451377e-05    0.000500672580823456                       0       299.9941266695079
            0.040234375  -5.201622144455861e-05   0.0004785864355681086                       0       299.9940805888717
    0.04062500000000001  -5.140641706460454e-05   0.0004565002903127605                       0       299.9940345082356
            0.041015625  -5.079661268464987e-05   0.0004344141450574133                       0       299.9939884275995
    0.04140625000000001  -4.980930900547615e-05   0.0004130983526625865                       0       299.9940175705229
    0.04179687500000001  -4.825575637747398e-05   0.0003929380895585427                       0       299.9941595487858
              0.0421875  -4.670220374947184e-05   0.0003727778264544994                       0       299.9943015270486
            0.042578125  -4.514865112146962e-05   0.0003526175633504557                       0       299.9944435053114
             0.04296875  -4.359509849346721e-05   0.0003324573002464122                       0       299.9945854835743
    0.04335937500000001  -4.204154586546478e-05   0.0003122970371423683                       0       299.9947274618373
                0.04375  -4.048799323746239e-05   0.0002921367740383248                       0       299.9948694401002
            0.044140625  -3.823175504989925e-05   0.0002733449774501681                       0       299.9951384733077
             0.04453125   -3.59755168623374e-05   0.0002545531808620115                       0       299.9954075065154
            0.044921875  -3.371927867477492e-05    0.000235761384273855                       0        299.995676539723
    0.04531250000000001  -3.146304048721236e-05   0.0002169695876856977                       0       299.9959455729306
            0.045703125  -2.920680229965045e-05   0.0001981777910975408                       0       299.9962146061382
             0.04609375  -2.695056411208729e-05   0.0001793859945093838                       0       299.9964836393458
            0.046484375  -2.443490567014873e-05   0.0001610838657321895                       0       299.9967966526553
               0.046875  -2.174630039195949e-05   0.0001431081821623035                       0       299.9971389860327
    0.04726562500000001   -1.90576951137702e-05   0.0001251324985924173                       0         299.99748131941
    0.04765625000000001  -1.636908983558099e-05   0.0001071568150225313                       0        299.997823652789
            0.048046875  -1.368048455739184e-05   8.918113145264547e-05                       0       299.9981659861647
    0.04843750000000001  -1.099187927920273e-05   7.120544788275989e-05                       0       299.9985083195455
    0.04882812499999999  -8.274086337491409e-06   5.328401426396383e-05                       0       299.9988554485598
    0.04921875000000001  -5.439542741687538e-06   3.557958044952604e-05                       0       299.9992217601383
    0.04960937500000001  -2.604999145884348e-06    1.78751466350886e-05                       0       299.9995880717166
                   0.05   2.295444499187413e-07   1.707128206518066e-07                       0       299.9999543832969
    0.05039062500000001   3.064088045722554e-06  -1.753372099378639e-05                       0       300.0003206948765
             0.05078125   5.898631641526111e-06  -3.523815480822301e-05                       0       300.0006870064527
    0.05117187500000001   8.733175237329824e-06  -5.294258862266058e-05                       0       300.0010533180306
              0.0515625   1.145121406279753e-05  -7.086334885035438e-05                       0       300.0014005464835
    0.05195312500000001   1.414012669568208e-05  -8.883819068136266e-05                       0       300.0017430041551
             0.05234375   1.682903932856653e-05  -0.0001068130325123703                       0       300.0020854618267
            0.052734375   1.951795196145118e-05  -0.0001247878743433792                       0       300.0024279194999
    0.05312500000000001   2.220686459433571e-05  -0.0001427627161743873                       0       300.0027703771714
            0.053515625    2.48957772272202e-05  -0.0001607375580053952                       0        300.003112834843
             0.05390625   2.741184561464539e-05  -0.0001790385058263644                       0       300.0034260237263
            0.054296875   2.966864763388203e-05  -0.0001978286126322781                       0       300.0036953094314
              0.0546875   3.192544965311866e-05  -0.0002166187194381918                       0       300.0039645951365
    0.05507812500000001   3.418225167235535e-05  -0.0002354088262441058                       0       300.0042338808416
             0.05546875   3.643905369159226e-05  -0.0002541989330500208                       0       300.0045031665482
            0.055859375   3.869585571082881e-05  -0.0002729890398559333                       0       300.0047724522516
                0.05625   4.095265773006554e-05  -0.0002917791466618472                       0       300.0050417379568
            0.056640625   4.250692762911741e-05  -0.0003119368631813445                       0       300.0051841043587
    0.05703125000000001    4.40611975281686e-05  -0.0003320945797008401                       0       300.0053264707585
            0.057421875   4.561546742722072e-05  -0.0003522522962203365                       0       300.0054688371595
    0.05781250000000001   4.716973732627255e-05  -0.0003724100127398329                       0       300.0056112035604
            0.058203125   4.872400722532435e-05  -0.0003925677292593288                       0       300.0057535699613
             0.05859375   5.027827712437555e-05  -0.0004127254457788249                       0       300.0058959363622
            0.058984375   5.126629594902963e-05  -0.0004340381756578155                       0       300.0059255548744
               0.059375    5.18768140574169e-05  -0.0004561209144431359                       0       300.0058800081273
            0.059765625   5.248733216580478e-05  -0.0004782036532284559                       0       300.0058344613804
    0.06015624999999999   5.309785027419216e-05  -0.0005002863920137752                       0       300.0057889146334
    0.06054687499999999   5.370836838258098e-05  -0.0005223691307990958                       0       300.0057433678865
    0.06093750000000001    5.43188864909692e-05  -0.0005444518695844167                       0       300.0056978211394
            0.061328125   5.470156984094499e-05  -0.0005670291594989711                       0       300.0056005412253
             0.06171875   5.417291415726943e-05  -0.0005915846539304451                       0       300.0052963286334
            0.062109375   5.364425847359421e-05  -0.0006161401483619222                       0       300.0049921160431
                 0.0625   5.311560278991898e-05   -0.000640695642793399                       0       300.0046879034526
    0.06289062499999999   5.258694710624339e-05  -0.0006652511372248754                       0       300.0043836908623
             0.06328125   5.205829142256838e-05  -0.0006898066316563528                       0       300.0040794782719
            0.063671875   5.152963573889398e-05    -0.00071436212608783                       0       300.0037752656816
    0.06406250000000001   4.998669455635032e-05  -0.0007412988895756746  -7.153313603886076e-28       300.0031982005955
            0.064453125    4.81901819990896e-05    -0.00076883097032761  -1.609495560874328e-27       300.0025529223855
    0.06484375000000001   4.639366944182907e-05  -0.0007963630510795501  -2.503659761360079e-27       300.0019076441772
            0.065234375   4.459715688456847e-05  -0.0008238951318314864  -3.397823961845834e-27       300.0012623659671
               0.065625   4.280064432730799e-05  -0.0008514272125834225  -4.291988162331591e-27       300.0006170877572
    0.06601562500000001   4.100413177004753e-05  -0.0008789592933353587  -5.186152362817349e-27       299.9999718095472
             0.06640625   3.868586045459361e-05  -0.0009078409773848521  -7.546837935967054e-27       299.9991521822477
    0.06679687500000001   3.558495100184929e-05  -0.0009387470663806828  -1.210730556811289e-26       299.9980710313137
    0.06718749999999998   3.248404154910499e-05  -0.0009696531553765068  -1.666777320025837e-26       299.9969898803781
    0.06757812499999999   2.938313209636084e-05   -0.001000559244372343  -2.122824083240436e-26       299.9959087294457
    0.06796875000000001   2.628222264361644e-05   -0.001031465333368169   -2.57887084645501e-26       299.9948275785101
            0.068359375   2.318131319087241e-05   -0.001062371422363999   -3.03491760966957e-26       299.9937464275762
    0.06874999999999999   2.008040373812779e-05   -0.001093277511359829  -3.490964372884142e-26       299.9926652766422
    0.06914062499999998   1.575931193086466e-05   -0.001127747979254443  -3.174244966371254e-26       299.9910421060364
             0.06953125   1.143822012360175e-05    -0.00116221844714906  -2.857525559858302e-26       299.9894189354306
    0.06992187499999999   7.117128316338571e-06   -0.001196688915043675  -2.540806153345386e-26       299.9877957648249
              0.0703125   2.796036509075236e-06   -0.001231159382938291  -2.224086746832464e-26        299.986172594219
    0.07070312500000001  -1.525055298188111e-06   -0.001265629850832906  -1.907367340319541e-26       299.9845494236131
    0.07109375000000001  -5.846147105451458e-06   -0.001300100318727521  -1.590647933806619e-26       299.9829262530073
    0.07148437499999999  -1.075931704453891e-05    -0.00133661069274478   -1.26096085363105e-26       299.9809096181186
    0.07187500000000001  -1.606720573817643e-05   -0.001374481004177126  -9.226286576803197e-27       299.9786306737053
            0.072265625  -2.137509443181357e-05    -0.00141235131560947  -5.842964617296136e-27       299.9763517292919
    0.07265624999999999  -2.668298312545148e-05    -0.00145022162704181  -2.459642657789098e-27       299.9740727848777
            0.073046875  -3.199087181908839e-05   -0.001488091938474157   9.236793017180933e-28       299.9717938404647
              0.0734375  -3.729876051272579e-05   -0.001525962249906503   4.307001261225249e-27       299.9695148960516
    0.07382812499999999  -4.272312299037184e-05   -0.001564368675960697   6.115573573572684e-27       299.9670819644648
             0.07421875  -4.861338060405344e-05   -0.001604919560502298    1.62514729728161e-27       299.9640330841849
    0.07460937500000001  -5.450363821773512e-05   -0.001645470445043887  -2.865278979009541e-27       299.9609842039029
    0.07500000000000001  -6.039389583141699e-05   -0.001686021329585491  -7.355705255300616e-27       299.9579353236236
    0.07539062499999999  -6.628415344509772e-05   -0.001726572214127075  -1.184613153159155e-26       299.9548864433411
    0.07578125000000001  -7.217441105877937e-05   -0.001767123098668673  -1.633655780788284e-26       299.9518375630602
            0.076171875   -7.80646686724606e-05   -0.001807673983210267   -2.08269840841738e-26       299.9487886827793
    0.07656250000000001  -8.395601757287811e-05   -0.001849152668695988  -2.541014250816303e-26       299.9450410827957
    0.07695312500000001  -8.984763929497961e-05   -0.001890863304417739  -3.001648396907678e-26       299.9411188028865
    0.07734374999999999  -9.573926101708071e-05   -0.001932573940139488   -3.46228254299902e-26       299.9371965229774
    0.07773437500000001  -0.0001016308827391823   -0.001974284575861242  -3.922916689090425e-26       299.9332742430683
               0.078125  -0.0001075225044612836   -0.002015995211582998  -4.383550835181778e-26       299.9293519631599
    0.07851562499999998  -0.0001134141261833844   -0.002057705847304741  -4.844184981273116e-26       299.9254296832499
    0.07890625000000001   -0.000119012740237258   -0.002098842485247537  -4.800530127119985e-26        299.921126789032
            0.079296875  -0.0001241718427887889   -0.002139118126521897  -4.000441772600011e-26       299.9162529733516
    0.07968750000000001  -0.0001293309453403195   -0.002179393767796245  -3.200353418080003e-26       299.9113791576694
    0.08007812499999999    -0.00013449004789185   -0.002219669409070597  -2.400265063560026e-26       299.9065053419883
    0.08046874999999999  -0.0001396491504433805   -0.002259945050344951  -1.600176709040017e-26       299.9016315263071
    0.08085937500000001  -0.0001448082529949121   -0.002300220691619308  -8.000883545199802e-27       299.8967577106259
                0.08125  -0.0001499673555464428   -0.002340496332893662  -1.046393997336333e-41       299.8918838949447
    0.08164062500000001  -0.0001535743109210167   -0.002375414085745768  -3.909975124266186e-26       299.8860221917706
             0.08203125  -0.0001571812662955913   -0.002410331838597873  -7.819950248532233e-26       299.8801604885967
    0.08242187500000001  -0.0001607882216701656    -0.00244524959144998  -1.172992537279842e-25       299.8742987854226
              0.0828125  -0.0001643951770447396   -0.002480167344302089  -1.563990049706449e-25       299.8684370822492
    0.08320312499999999  -0.0001680021324193137   -0.002515085097154189   -1.95498756213305e-25       299.8625753790747
    0.08359374999999999  -0.0001716090877938879   -0.002550002850006296  -2.345985074559667e-25       299.8567136759008
    0.08398437499999999  -0.0001738150706357935   -0.002578453686443206  -2.599290533851049e-25       299.8502715063862
    0.08437500000000001  -0.0001750870717892535   -0.002602593245269986  -2.760801291052279e-25       299.8434423593113
    0.08476562500000001  -0.0001763590729427134   -0.002626732804096766  -2.922312048253506e-25       299.8366132122363
             0.08515625  -0.0001776310740961731   -0.002650872362923547  -3.083822805454724e-25       299.8297840651614
    0.08554687499999999  -0.0001789030752496331   -0.002675011921750329  -3.245333562655947e-25        299.822954918087
              0.0859375  -0.0001801750764030931   -0.002699151480577113  -3.406844319857176e-25       299.8161257710125
    0.08632812499999999  -0.0001808672955196421   -0.002719750956382244  -3.425551271692614e-25       299.8091203829468
             0.08671875  -0.0001792403864885459   -0.002726190100100754  -2.873043002064756e-25        299.801410030915
    0.08710937499999999  -0.0001776134774574506   -0.002732629243819278  -2.320534732436935e-25       299.7936996788846
    0.08750000000000001  -0.0001759865684263563   -0.002739068387537816  -1.768026462809094e-25       299.7859893268561
    0.08789062500000001  -0.0001743596593952598    -0.00274550753125633   -1.21551819318123e-25       299.7782789748246
    0.08828125000000001  -0.0001727327503641642   -0.002751946674974849  -6.630099235534068e-26       299.7705686227937
    0.08867187500000001  -0.0001711058413330686   -0.002758385818693372  -1.105016539255647e-26       299.7628582707634
              0.0890625  -0.0001670653921094969   -0.002744106077743777                       0       299.7545631457547
    0.08945312500000001   -0.000162421557837806   -0.002724646615627151                       0       299.7461218275014
             0.08984375  -0.0001577777235661153   -0.002705187153510525                       0       299.7376805092481
    0.09023437499999999  -0.0001531338892944247   -0.002685727691393901                       0       299.7292391909949
    0.09062500000000001  -0.0001484900550227339   -0.002666268229277281                       0       299.7207978727424
    0.09101562499999999  -0.0001438462207510431   -0.002646808767160651                       0       299.7123565544883
    0.09140625000000001  -0.0001382201730379096   -0.002613385164671841                       0       299.7037021844962
    0.09179687499999999  -0.0001311208051626104   -0.002559015351624719                       0       299.6947282368906
    0.09218750000000001  -0.0001240214372873112   -0.002504645538577602                       0       299.6857542892865
    0.09257812500000001  -0.0001169220694120122   -0.002450275725530491                       0       299.6767803416826
    0.09296874999999999  -0.0001098227015367135   -0.002395905912483379                       0       299.6678063940784
    0.09335937500000001  -0.0001027233336614151   -0.002341536099436286                       0       299.6588324464774
                0.09375  -9.562396578611539e-05   -0.002287166286389149                       0       299.6498584988698
    0.09414062500000001  -8.772544531407478e-05   -0.002188646570936172  -5.995234092899636e-26       299.6405680499884
    0.09453125000000001  -7.982692484203338e-05   -0.002090126855483172  -1.199046818579905e-25       299.6312776011036
    0.09492187499999999  -7.192840436999305e-05   -0.001991607140030191  -1.798570227869805e-25       299.6219871522202
    0.09531249999999999  -6.402988389795219e-05   -0.001893087424577204  -2.398093637159727e-25        299.612696703337
    0.09570312499999999  -5.613136342591165e-05   -0.001794567709124221  -2.997617046449648e-25       299.6034062544538
    0.09609374999999999  -4.823284295387084e-05   -0.001696047993671234  -3.597140455739592e-25       299.5941158055706
    0.09648437500000001  -4.135711918782203e-05   -0.001565569420729662  -3.815558046379747e-25       299.5847507227074
    0.09687500000000002  -3.516325989243494e-05   -0.001413784942795708  -3.779905091253416e-25       299.5753358838574
    0.09726562500000001  -2.896940059704835e-05   -0.001262000464861769  -3.744252136127085e-25       299.5659210450091
    0.09765625000000001  -2.277554130166103e-05   -0.001110215986927808  -3.708599181000729e-25       299.5565062061591
    0.09804687499999999  -1.658168200627433e-05  -0.0009584315089938636  -3.672946225874378e-25       299.5470913673092
    0.09843750000000001  -1.038782271088694e-05  -0.0008066470310598984  -3.637293270748004e-25       299.5376765284576
    0.09882812500000002  -5.093189319916283e-06  -0.0006423932331681882   -3.38322272498147e-25       299.5282606162931
    0.09921874999999999  -3.395459546610897e-06  -0.0004282621554454641  -2.255481816654333e-25        299.518840410861
    0.09960937499999999   -1.69772977330548e-06  -0.0002141310777227358  -1.127740908327177e-25       299.5094202054305
    0.09999999999999998                       0                       0                       0                   299.5
