/*--------------------------------*- C++ -*----------------------------------*\
  =========                 |
  \\      /  F ield         | OpenFOAM: The Open Source CFD Toolbox
   \\    /   O peration     | Website:  https://openfoam.org
    \\  /    A nd           | Version:  13
     \\/     M anipulation  |
\*---------------------------------------------------------------------------*/
FoamFile
{
    format      ascii;
    class       volScalarField;
    location    "2.913037886007";
    object      rho_0;
}
// * * * * * * * * * * * * * * * * * * * * * * * * * * * * * * * * * * * * * //

dimensions      [1 -3 0 0 0 0 0];

internalField   nonuniform List<scalar> 
2154
(
0.99996060077032778
0.99996509814780465
0.99996900310840275
0.99997238491459006
0.99997530832607973
0.99997783340275759
0.99998001533748171
0.999981904337645
0.99998354557163016
0.99998497919044171
0.99998624042769191
0.99998735977444686
0.99998836322021945
0.99998927254811776
0.99999010567077595
0.99999087699391009
0.99999159779561653
0.99999227661136458
0.9995147420616467
0.99954424939409059
0.99957373172098152
0.9996030756618175
0.99963211066115765
0.99966062606647799
0.99968839306806134
0.99971518673559845
0.99974080458766035
0.99976507971840012
0.99978788794544304
0.99980914952577626
0.99982882664464401
0.99984691812987503
0.99986345276961752
0.99987848234811283
0.99989207516998946
0.99990431051258688
0.99991527417822912
0.99992505513036511
0.99993374308359562
0.99994142686288356
0.99994819333451468
0.99995412672596307
0.99995930818237155
0.99996381544545854
0.99996772257991529
0.99997109970786058
0.99997401274043052
0.99997652311533758
0.99997868755996899
0.99998055790261897
0.99998218095125146
0.99998359845268692
0.99998484713714397
0.99998595884561237
0.99998696073169124
0.99998787552583523
0.99998872184839538
0.99998951455804086
0.99999026512353173
0.99999098200877956
0.99951462355621246
0.99954389395096221
0.9995731403529502
0.99960225420212945
0.99963107134636531
0.9996593875738472
0.99968697957112185
0.99971362638387273
0.99973912772236329
0.99976331707657728
0.99978606904888223
0.99980730138565577
0.99982697284165134
0.99984507826631075
0.99986164224665086
0.99987671239792708
0.99989035306913765
0.99990263991301476
0.99991365550876976
0.99992348603825731
0.99993221889884809
0.99993994107635009
0.99994673808378842
0.99995269328275815
0.99995788743267222
0.99996239835103917
0.99996630060813929
0.99996966521653208
0.99997255930596951
0.99997504579534957
0.99997718308483452
0.99997902479440559
0.99998061957155238
0.99998201098356254
0.99998323750110174
0.99998433257154751
0.99998532477410484
0.99998623804469322
0.99998709195692626
0.99998790204578847
0.99998868016220244
0.99998943484887659
0.99999017173001437
0.99951449995466057
0.99954352324082862
0.99957252359754722
0.99960139740297049
0.99962998705768391
0.99965809493045865
0.99968550331533235
0.99971199531357946
0.99973737287896314
0.99976146992531423
0.99978415984542601
0.99980535785732882
0.99982501924237277
0.99984313480285603
0.99985972483062857
0.99987483265500965
0.99988851853346661
0.99990085434435516
0.99991191928594303
0.9999217965985393
0.99993057120630147
0.99993832810979288
0.99994515133809603
0.99995112327677371
0.99995632421449021
0.99996083198865959
0.99996472165179695
0.99996806511881087
0.99997093078723609
0.99997338314476925
0.99997548239068634
0.99997728410094755
0.99997883896292505
0.99998019259762971
0.99998138547778559
0.99998245294112509
0.99998342529130335
0.99998432797449932
0.99998518181809515
0.999986003318306
0.9999868049655628
0.99998759559901185
0.99998838078400232
0.99951437084897188
0.99954313602286171
0.99957187935427672
0.99960050227403086
0.99962885389235068
0.99965674331396903
0.99968395857031189
0.99971028691561292
0.99973553261340131
0.99975953003951978
0.99978215138862625
0.99980330933457351
0.99982295564119328
0.99984107699120439
0.99985768928190732
0.99987283143342243
0.99988655946902416
0.99989894133599999
0.99991005268671518
0.99991997365281748
0.99992878652114991
0.9999365741512769
0.99994341894604377
0.99994940219054507
0.99995460360043653
0.99995910095694773
0.99996296974874999
0.9999662827806497
0.99996910974241882
0.99997151675470619
0.99997356592185882
0.99997531492469693
0.99997681668230942
0.99997811910280665
0.99997926493283018
0.99998029170592995
0.99998123178243259
0.9999821124688909
0.99998295620361022
0.99998378079557526
0.9999845997065272
0.99998542236907328
0.99998625453671874
0.99951423583422205
0.99954273106275238
0.99957120552698309
0.99959956581782206
0.99962766791692059
0.99965532783496791
0.99968233949001317
0.9997084944061112
0.99973359923955707
0.9997574888790024
0.99978003434068075
0.99980114574278034
0.9998207712886199
0.99983889346753518
0.99985552367986663
0.99987069630933489
0.99988446299807743
0.99989688760132633
0.9999080420562656
0.99991800321352087
0.99992685055285646
0.99993466462966352
0.99994152606754838
0.99994751491252354
0.99995271018671572
0.99995718951648227
0.99996102875399473
0.99996430155180638
0.99996707888485614
0.99996942853926241
0.99997141460069239
0.99997309697803893
0.99997453099464473
0.99997576706836411
0.99997685049147444
0.9999778213109829
0.99997871430191743
0.99997955902151359
0.99998037993080202
0.99998119657141327
0.99998202378853951
0.99998287199492386
0.99998374747452534
0.99998465272731973
0.99951409451299145
0.99954230714595338
0.99957050004573933
0.9995985850595035
0.99962642520373846
0.99965384357835463
0.99968064015703528
0.99970661087172319
0.99973156487366033
0.99975533763051971
0.99977779901098252
0.9997988565732876
0.99981845492116195
0.99983657227817735
0.99985321544510752
0.99986841414104644
0.99988221547878253
0.9998946790592792
0.99990587293405353
0.99991587049905106
0.99992474825381195
0.99993258428081477
0.99993945726324962
0.9999454458560425
0.99995062824870562
0.99995508178972969
0.99995888259240773
0.99996210508043804
0.99996482146889054
0.99996710120210675
0.99996901038394148
0.99997061123775566
0.99997196163214419
0.99997311469362582
0.99997411851845519
0.9999750159840759
0.99997584465237077
0.99997663675207626
0.99997741922660455
0.99997821383543262
0.99997903730123239
0.99997990149991478
0.99998081369564273
0.9999817768266499
0.99951394650030545
0.99954186309261117
0.99956976089172223
0.99959755708112419
0.99962512187332497
0.99965228565210662
0.99967885463569983
0.99970462932485293
0.99972942148970356
0.99975306726164415
0.99977543540710268
0.99979643093059078
0.99981599480436512
0.99983410091857539
0.99985075137497137
0.99986597110219988
0.99987980253777498
0.99989230086863923
0.99990353009265664
0.99991355997932085
0.99992246387568517
0.99993031722038261
0.99993719658800839
0.99994317908014219
0.99994834189613069
0.99995276195833416
0.99995651550731124
0.99995967762320115
0.99996232167269516
0.99996451870398428
0.99996633682709457
0.99996784061818245
0.99996909058746319
0.99997014273069351
0.9999710481773405
0.99997185293536439
0.99997259772379965
0.99997331787943444
0.99997404332307838
0.99997479857352212
0.99997560280236808
0.99997646992924427
0.99997740876327801
0.99997842320193775
0.99951379142908459
0.99954139777414008
0.99956898612504153
0.99959647906032345
0.99962375414285765
0.99965064924381475
0.99967697703450209
0.99970254276974024
0.99972716098695136
0.9997506685877624
0.99977293329971839
0.99979385759408324
0.99981337879074361
0.9998314663872927
0.99984811769399085
0.9998633527295403
0.99987720911655098
0.99988973747475396
0.99990099758704709
0.99991105543086589
0.99991998103301527
0.99992784701919146
0.99993472768483127
0.99994069840437649
0.99994583521390379
0.99995021443933352
0.99995391228174246
0.99995700432247514
0.99995956494394023
0.9999616666905744
0.99996337960944448
0.99996477060919575
0.99996590288034615
0.99996683539472031
0.99996762249764226
0.99996831359168015
0.99996895290146914
0.99996957930418173
0.99997022620967313
0.99997092147766109
0.99997168736553332
0.99997254050828066
0.99997349194028906
0.99997454717594547
0.99997570637101485
0.99997696458849727
0.99951362895605511
0.99954091013131952
0.99956817391537822
0.99959534831338381
0.99962231838076587
0.99964892968520169
0.99967500157839739
0.99970034428010757
0.99972477527055448
0.99974813235347848
0.99977028230297471
0.99979112509598367
0.99981059439435482
0.99982865525678721
0.99984530012087303
0.99986054398651525
0.99987441953244283
0.99988697266893312
0.99989825881367422
0.99990833999694029
0.99991728276630132
0.99992515677086113
0.99993203385686891
0.99993798749433904
0.99994309237030754
0.99994742401962489
0.99995105840664289
0.99995407141874693
0.99995653826901321
0.99995853283367431
0.99996012696414172
0.9999613898139148
0.99996238722294017
0.99996318117715011
0.99996382935570838
0.99996438476302163
0.99996489543277656
0.99996540418605084
0.99996594842516062
0.99996655994886163
0.99996726478191433
0.99996808302164619
0.99996902871459104
0.99997010978606282
0.99997132805316591
0.99997267935586298
0.99951345876805131
0.9995403991937184
0.99956732257515657
0.99959416234236731
0.99962081116725654
0.9996471225246133
0.99967292269116159
0.99969802708890831
0.99972225634611067
0.99974544932955367
0.99976747197167593
0.99978822181704641
0.99980762888372832
0.99982565376268862
0.99984228395362751
0.99985752934406302
0.99987141755509301
0.9998839896607794
0.99989529657891774
0.99990539625249897
0.99991435160417375
0.9999222291530302
0.99992909813173214
0.9999350299272175
0.99994009768225445
0.99994437592917684
0.99994794017029887
0.99995086636553054
0.99995323032542027
0.99995510703566248
0.99995656995292248
0.99995769031441217
0.99995853649945077
0.99995917346419838
0.99995966225788713
0.99996005961605317
0.9999604176150737
0.9999607833666857
0.99996119873074973
0.99996170002886242
0.9999623177498328
0.99996307624937564
0.99996399345925313
0.99996508063394618
0.99996634217403946
0.99996777557310923
0.99996937153737675
0.99951328058860289
0.99953986410014706
0.99956643059480199
0.99959291888581259
0.99961922936029857
0.99964522360717289
0.99967073508776561
0.9996955846904253
0.99971959642876018
0.99974261042631052
0.99976449191653338
0.99978513610152364
0.99980446939478784
0.99982244791327024
0.99983905417446273
0.99985429287998384
0.99986818649941522
0.99988077116379814
0.99989209317627692
0.99990220627174042
0.99991116961990478
0.99991904647111529
0.99992590329018038
0.99993180920626579
0.99993683561910363
0.99994105583448234
0.99994454464488736
0.99994737781613963
0.99994963147877214
0.99995138145018225
0.99995270252749813
0.99995366779417527
0.99995434797414151
0.99995481085831639
0.99995512080614291
0.99995533831635919
0.9999555196474823
0.99995571646264292
0.99995597547252024
0.99995633805451889
0.99995683983543204
0.99995751023767843
0.99995837200454407
0.99995944073610776
0.99996072448287832
0.99996222345649977
0.9999639299239852
0.99951309418466949
0.99953930411972902
0.99956549667944494
0.99959161597222013
0.99961757016626962
0.99964322916191384
0.9996684338763081
0.99969301095457896
0.99971678806704189
0.9997396068241039
0.99976133193843331
0.9997818563926526
0.99980110306526304
0.99981902362074726
0.99983559557609869
0.99985081839843315
0.99986470933631988
0.99987729949515558
0.99988863047259335
0.99989875169779874
0.99990771848117777
0.99991559068453317
0.99992243186540763
0.99992830872986416
0.99993329073829529
0.99993744974005294
0.99994085955469691
0.99994359546149791
0.99994573359627759
0.99994735028137871
0.99994852132827428
0.9999493213552294
0.99994982315056702
0.99995009710801896
0.99995021073167123
0.99995022820308621
0.99995020998682527
0.999950212444361
0.99995028742460801
0.99995048180326163
0.99995083695240128
0.9999513881357226
0.99995216384228647
0.99995318509142728
0.99995446476159566
0.99995600701408682
0.99995780689591507
0.99951289937334054
0.99953871867305089
0.99956451978621241
0.999590251975223
0.99961583121406228
0.99964113589473702
0.99966601466854943
0.9996903002528017
0.99971382428125222
0.99973643012102309
0.99975798218230461
0.99977837138962922
0.99979751719187981
0.99981536685593575
0.99983189291118479
0.99984708957128499
0.99986096882293263
0.99987355669121092
0.99988489000476632
0.99989501381584123
0.99990397949409293
0.99991184341558581
0.99991866611040825
0.99992451171085628
0.99992944755053648
0.99993354379420529
0.99993687301873402
0.99993950970803236
0.99994152966127681
0.99994300933970304
0.99994402519056003
0.99994465298904045
0.99994496722719539
0.99994504057437905
0.99994494340478612
0.99994474338108374
0.99994450506668742
0.9999442895315247
0.99994415391324076
0.99994415089872679
0.99994432809958689
0.99994472730940154
0.99994538364976082
0.99994632463498379
0.99994756921055894
0.99994912684521109
0.99995099677780708
0.99951269602827608
0.99953810735271098
0.99956349916098364
0.99958882566897411
0.99961401063096589
0.99963894108546858
0.99966347369745778
0.99968744759417483
0.99971069871540441
0.99973307249738463
0.99975443331063274
0.99977467022658673
0.99979369941128393
0.99981146382761199
0.99982793106650369
0.99984309010334771
0.99985694765456379
0.99986952464137091
0.99988085308984376
0.99989097363285417
0.99989993364517071
0.99990778594531171
0.9999145879385537
0.9999204010522198
0.99992529032080169
0.99992932400592704
0.99993257317488027
0.999935111202084
0.9999370131930998
0.99993835535561737
0.99993921435465771
0.99993966669070833
0.99993978812901729
0.99993965320053468
0.99993933477050945
0.99993890365902771
0.999938428282931
0.99993797427884301
0.99993760406257437
0.99993737628145507
0.99993734512351828
0.99993755946107143
0.99993806182592648
0.99993888723892688
0.99994006194618867
0.99994160214647443
0.99994351282486271
0.99951248408561166
0.99953746994241421
0.99956243437320746
0.9995873362818497
0.99961210711807125
0.99963664268660812
0.99966080793940582
0.99968444876970741
0.99970740580105077
0.99972952689577377
0.99975067669592843
0.99977074267346577
0.99978963790515707
0.99980730118759842
0.99982369526354564
0.99983880392359559
0.99985262864123758
0.9998651852438265
0.99987650095297242
0.99988661196975659
0.99989556164843885
0.99990339920518989
0.99991017884845013
0.99991595919266574
0.99992080282155671
0.99992477589225859
0.99992794770809368
0.99993039022630059
0.99993217750048558
0.99993338508122565
0.99993408941030404
0.99993436724506835
0.99993429514014953
0.99993394900250743
0.99993340371770945
0.99993273282648232
0.9999320082186981
0.99993129979989781
0.99993067507900557
0.99993019862495269
0.99992993134506847
0.99992992954992788
0.99993024378840734
0.99993091746320839
0.99993198527060534
0.99993347154703793
0.99993538864612308
0.99951226354899403
0.99953680643359322
0.99956132534705211
0.99958578354609451
0.99961012002230443
0.99963423942055452
0.99965801523772813
0.99968130050161319
0.99970394093018189
0.99972578721434968
0.99974670463048032
0.99976657935778046
0.99978532162925249
0.99980286626206305
0.99981917128675546
0.99983421540462258
0.99984799491202392
0.99986052058766972
0.99987181487925125
0.9998819095738275
0.9998908440080102
0.9998986637781021
0.99990541985013703
0.99991116794356949
0.99991596806468208
0.99991988408844479
0.9999229833213259
0.99992533601364042
0.99992701482140423
0.99992809423988038
0.9999286500422444
0.99992875875763754
0.99992849721477661
0.99992794216086367
0.99992716996030151
0.99992625634328469
0.99992527617206062
0.99992430317594838
0.99992340959771608
0.99992266569038246
0.99992213900558713
0.99992189342351112
0.99992198789116193
0.99992247486175279
0.99992339846348477
0.99992479247064137
0.99992667820097347
0.99951203449334924
0.99953611703831502
0.99956017238679606
0.99958416774048997
0.99960804940146886
0.99963173087117518
0.9996550944232353
0.99967800059320655
0.99970030063309345
0.99972184850979728
0.99974251055042229
0.99976217200508932
0.99978074056503596
0.99979814730868333
0.99981434574017691
0.99982930961226779
0.99984303015056775
0.99985551316652455
0.99986677639676802
0.99987684726137749
0.99988576110938432
0.99989355992585527
0.99990029141488412
0.99990600834546539
0.99991076804741841
0.99991463196445296
0.99991766520226444
0.99991993604280771
0.99992151542495011
0.99992247641226251
0.99992289367901566
0.99992284304621004
0.99992240109601505
0.99992164485526214
0.9999206515831689
0.99991949860150386
0.99991826314982835
0.99991702221074363
0.99991585224292778
0.99991482875339355
0.99991402563866849
0.99991351422928421
0.99991336198490954
0.99991363081070639
0.99991437500086611
0.99991563886356549
0.99991745414155786
0.99951179706690463
0.99953540219700321
0.99955897619394907
0.99958248972249331
0.99960589607777617
0.99962911756444717
0.99965204542595776
0.99967454807352785
0.9996964827554855
0.99971770720461528
0.99973808926946972
0.9997575136943736
0.99977588599113898
0.99979313379804413
0.99980920633219572
0.99982407258664519
0.99983771886485173
0.99985014612888767
0.9998613674986353
0.99987140610170822
0.99988029335446815
0.99988806766310612
0.99989477347434341
0.99990046057701043
0.99990518355379776
0.9999090012994718
0.99991197654939723
0.99991417539236871
0.99991566676822208
0.99991652196943315
0.99991681417514833
0.99991661804446275
0.99991600941630243
0.9999150650383376
0.99991386247211445
0.99991248000078847
0.99991099658713822
0.99990949180544786
0.99990804568429037
0.99990673838572564
0.9999056496404215
0.99990485785781147
0.99990443883788516
0.99990446402954847
0.99990499831288182
0.99990609733167524
0.99990780446902328
0.9995115514908901
0.99953466257920232
0.99955773787309077
0.99958075094557342
0.99960366167439607
0.99962640103166123
0.99964886937084041
0.99967094332901107
0.99969248662706356
0.99971336129131716
0.99973343721551289
0.99975259912239001
0.99977075076980282
0.99978781671576633
0.99980374218640833
0.99981849165439263
0.99983204669308612
0.99984440356953441
0.99985557091132415
0.99986556765318846
0.99987442135543236
0.99988216689801035
0.9998888454956909
0.99989450395069301
0.99989919405505301
0.99990297206891809
0.99990589822505049
0.99990803623665359
0.99990945280930366
0.99991021717451611
0.99991040067054393
0.9999100763941553
0.99990931897864632
0.9999082043817864
0.99990680989450365
0.99990521413818323
0.99990349712789339
0.99990174032071444
0.99990002658437993
0.99989844000815209
0.99989706546749801
0.99989598784803213
0.99989529083489848
0.99989505518502764
0.99989535642609495
0.99989626197218184
0.99989782771534286
0.99951129805622319
0.99953389907524737
0.9995564589227981
0.9995789534565791
0.99960134862834626
0.99962358384714456
0.99964556864824949
0.99966718821232603
0.99968831321146201
0.99970881052347504
0.99972855266049476
0.99974742486826496
0.99976532964071929
0.99978218887918391
0.99979794417411016
0.9998125557695674
0.99982600074539585
0.99983827086425037
0.99984937041457289
0.99985931426028285
0.99986812620045062
0.99987583765767407
0.99988248665689039
0.99988811702673142
0.9998927777492872
0.99989652239492266
0.99989940859926985
0.99990149756283453
0.99990285357437092
0.99990354357381872
0.99990363677729643
0.99990320438527602
0.99990231943330665
0.99990105664073303
0.99989949251591026
0.9998977054411945
0.99989577584078482
0.99989378634751558
0.99989182190480619
0.99988996972479915
0.99988831900928632
0.99988696032808599
0.99988598454259781
0.99988548116458809
0.99988553605767694
0.9998862284282799
0.99988762712013368
0.99988978632534642
0.99951103711632683
0.99953311277624446
0.99955514120725053
0.99957709986685583
0.99959896017156535
0.99962066963058038
0.99964214694786802
0.99966328611585298
0.99968396522428349
0.99970405658021133
0.99972343593045931
0.99974198964592143
0.99975961951094039
0.99977624525864928
0.9997918052601793
0.99980625587693905
0.99981956997729216
0.99983173504640033
0.9998427512142305
0.99985262941611774
0.9998613897996137
0.99986906041102108
0.999875676139794
0.99988127786898573
0.99988591177163355
0.9998896287005552
0.99989248363581718
0.9998945351738131
0.99989584505954543
0.99989647777613566
0.9998965002111726
0.99989598141748659
0.99989499252308622
0.99989360665664007
0.99989189911900012
0.99988994755933047
0.99988783223910715
0.99988563631139837
0.99988344605428392
0.9998813509811999
0.99987944373337889
0.99987781964209121
0.999876575833472
0.99987580974079482
0.99987561689487836
0.99987608789166926
0.9998773044964071
0.99987933494374692
0.99951076907506486
0.99953230493922096
0.99955378690314478
0.99957519328941236
0.99959650027012514
0.99961766300165045
0.99963860924170866
0.99965924199388934
0.99967944720221813
0.99969910318651312
0.99971808957808772
0.99973629452710389
0.99975361972451193
0.99976998328839184
0.99978532084886562
0.99979958528602986
0.99981274558533861
0.99982478521798224
0.99983570036308933
0.99984549818822965
0.99985419531147746
0.99986181649264938
0.99986839354821411
0.99987396445422105
0.99987857259134616
0.99988226609057929
0.99988509725112618
0.99988712201808927
0.99988839952198194
0.99988899169228185
0.99988896296185548
0.99988838007949166
0.99988731205317893
0.99988583017995036
0.99988400824239843
0.99988192277669541
0.99987965341869645
0.99987728328250103
0.99987489931436269
0.99987259254914274
0.9998704581768022
0.99986859530418537
0.99986710627467368
0.99986609538943738
0.99986566686627087
0.99986592188578238
0.99986695462276254
0.99986884725526137
0.99951049436862749
0.99953147693380073
0.99955239841551258
0.99957323723276204
0.99959397350915868
0.99961456947162264
0.9996349616981931
0.99965506231329904
0.99967476550123213
0.9996939561662147
0.99971251849403076
0.99973034311133679
0.99974733228870538
0.99976340314476508
0.99977848910861633
0.99979254003656848
0.99980552140735135
0.99981741297925164
0.99982820721553534
0.99983790769502001
0.9998465276394074
0.9998540886184607
0.99986061944343352
0.99986615522907707
0.99987073659248726
0.99987440895839619
0.99987722194985307
0.99987922885552472
0.99988048617613867
0.99988105326040844
0.99988099204420822
0.99988036690634008
0.99987924465199218
0.99987769461128417
0.99987578887363748
0.99987360261950287
0.99987121453340133
0.99986870726273169
0.99986616787299443
0.99986368823388805
0.99986136524976432
0.99985930082196439
0.99985760140088165
0.99985637695585539
0.99985573916849602
0.99985579865138019
0.99985666102490711
0.99985842176791995
0.99986115990685787
0.99951021344020896
0.99953063016657728
0.99955097825532213
0.99957123544046889
0.99959138490843336
0.99961139525277309
0.9996312115044792
0.99965075490657951
0.99966992819521361
0.99968862339712539
0.99970672992527598
0.99972414161046097
0.99974076202446172
0.99975650795993842
0.99977131124478502
0.99978511922521551
0.99979789429810373
0.99980961284895753
0.99982026388898648
0.99982984760659444
0.99983837397182851
0.99984586146732013
0.99985233597132783
0.99985782978872206
0.99986238081205037
0.99986603179319145
0.99986882971182311
0.99987082523553794
0.99987207227452646
0.99987262763916607
0.99987255081082149
0.9998719038349374
0.99987075134218728
0.99986916069303899
0.99986720224642212
0.99986494973271089
0.99986248071245087
0.99985987709146684
0.99985722565170509
0.99985461854186364
0.99985215365058133
0.99984993475647832
0.99984807131378672
0.99984667769236213
0.99984587165329086
0.99984577181831014
0.99984649390092595
0.99984814553184853
0.99985081965295619
0.99950992670669392
0.99952976598019649
0.99954952887231974
0.99956919166500502
0.99958873965152095
0.99960814696277389
0.99962736656866968
0.9996463286941506
0.99966494483787138
0.99968311462794379
0.99970073335786769
0.99971769880350703
0.99973391659591526
0.99974930392554429
0.99976379167477492
0.99977732524840268
0.99978986443575357
0.99980138263074247
0.99981186568783564
0.99982131062559332
0.99982972432156147
0.99983712228317811
0.99984352753450367
0.99984896962937375
0.99985348378642469
0.99985711013701017
0.99985989307922385
0.99986188073626714
0.99986312452231285
0.99986367882203064
0.99986360079039549
0.99986295027752581
0.99986178987942309
0.99986018511442121
0.99985820471161668
0.99985592100438991
0.99985341041082609
0.99985075397768863
0.99984803795676613
0.9998453543688568
0.99984280149004956
0.999840484165189
0.99983851381333433
0.99983700794104391
0.99983608892720843
0.99983588180004856
0.99983651071266799
0.99983809386509792
0.99984073674753049
0.9995096345177461
0.99952888552722696
0.99954805244038636
0.999567109367687
0.9995860427127764
0.99960483119971044
0.99962343506907303
0.99964179323527991
0.99965982604065817
0.99967744110432177
0.99969454020711823
0.99971102580186555
0.99972680635667022
0.999741800222398
0.99975593804073803
0.99976916389579717
0.99978143549315124
0.99979272365963368
0.99980301142362515
0.99981229288154083
0.9998205719975598
0.99982786143078262
0.99983418144249936
0.99983955890784204
0.99984402643973314
0.99984762162597762
0.99985038637919743
0.99985236640087372
0.99985361076261103
0.99985417160843759
0.99985410398098984
0.99985346577178003
0.99985231778904315
0.99985072395773633
0.99984875160486786
0.99984647185364295
0.9998439601005189
0.99984129655905274
0.99983856684980588
0.99983586260368573
0.99983328202694133
0.99983093034606629
0.99982892000764256
0.99982737045164227
0.99982640721129923
0.9998261600298215
0.99982675964486167
0.99982833290653272
0.99983099600072911
0.99950933711023149
0.9995279896260032
0.9995465506029233
0.99956499134768118
0.99958329837620707
0.99960145396995193
0.99961942481967958
0.99963715806408449
0.99965458281174968
0.99967161493945311
0.99968816324284826
0.99970413554614823
0.99971944392954726
0.9997340086895623
0.99974776097068629
0.99976064420371191
0.99977261458256261
0.99978364083707194
0.9997937035405271
0.99980279414916895
0.99981091392175225
0.99981807282092794
0.99982428846032501
0.99982958513385101
0.9998339929463691
0.99983754705544625
0.99984028702957828
0.9998422563266135
0.99984350189507132
0.99984407389965557
0.99984402557038898
0.99984341317216952
0.99984229606434438
0.99984073693565967
0.99983880204163966
0.99983656158808087
0.99983409017857638
0.99983146732971429
0.99982877804378267
0.99982611341834793
0.99982357125509169
0.99982125660094878
0.9998192821094406
0.99981776804766709
0.99981684169748131
0.99981663581821101
0.99981728577414863
0.99981892491669233
0.99982167789226539
0.99950903456542428
0.99952707861891921
0.99954502420663172
0.99956283932905843
0.99958050966799028
0.99959801997677122
0.9996153424416383
0.99963243178069383
0.99964922560707203
0.99966564816309078
0.99968161566913483
0.9996970419425858
0.99971184341867259
0.99972594312508611
0.99973927347600422
0.99975177795415726
0.9997634118592128
0.99977414234164252
0.99978394793720315
0.99979281778804674
0.99980075069710583
0.99980775412279876
0.99981384318704958
0.99981903974353536
0.99982337153496403
0.99982687145658666
0.99982957693601116
0.99983152943474674
0.99983277407332127
0.99983335937851736
0.99983333714914313
0.9998327624435297
0.99983169357973756
0.99983019245187443
0.99982832463888105
0.99982615978605305
0.99982377199300754
0.99982124027545793
0.99981864909451013
0.9998160889440556
0.99981365697236024
0.99981145758552514
0.99980960293437404
0.99980821311956092
0.99980741586333621
0.99980734529924764
0.99980813944397129
0.99980993587453237
0.99981286518922396
0.99950872678326252
0.99952615227455865
0.99954347308732483
0.99956065358313728
0.99957767778210149
0.99959453183954627
0.99961119239105289
0.99962762092204194
0.99964376308951408
0.99965955141753582
0.99967490980241558
0.99968975856219666
0.99970401916106955
0.99971761811411008
0.99973048987413882
0.99974257870587935
0.9997538396720661
0.9997642389105903
0.99977375339157715
0.99978237032642803
0.9997900863712097
0.99979690673401111
0.99980284426584665
0.9998079185901001
0.99981215530693168
0.99981558529567738
0.99981824412869746
0.99982017160299719
0.99982141139027125
0.99982201080131217
0.99982202065796288
0.99982149527448361
0.99982049243101201
0.9998190736558501
0.99981730428012405
0.9998152537515681
0.99981299595204687
0.9998106095881828
0.99980817865867133
0.99980579299928218
0.99980354889349132
0.99980154970923996
0.99979990647585792
0.99979873824557774
0.99979817199065368
0.9997983416769658
0.9997993860482296
0.99980144458910414
0.99980465116558237
0.99950841349645825
0.99952520980248094
0.9995418960211947
0.99955843273780309
0.99957480167666668
0.99959098943050195
0.99960697602209503
0.99962272876878289
0.99963820072072396
0.99965333238878729
0.99966805540055903
0.99968229692382671
0.99969598401361093
0.99970904736246169
0.99972142420496735
0.99973306032468212
0.99974391123649442
0.99975394268275364
0.99976313060368827
0.99977146073733869
0.9997789279840289
0.99978553564443451
0.99979129461437832
0.99979622259665257
0.99980034337148016
0.99980368615253068
0.99980628504396796
0.9998081786050228
0.99980940952149566
0.99981002437815081
0.99981007352247075
0.99980961100810894
0.99980869458248489
0.99980738581325623
0.99980575016192641
0.99980385717713405
0.99980178073526593
0.99979959935180462
0.99979739657877875
0.99979526149789155
0.99979328930594358
0.9997915819623876
0.99979024882252387
0.99978940710879882
0.99978918197474032
0.99978970579657367
0.99979111620555294
0.99979355228793576
0.99979714838854505
0.99950809435526655
0.99952425007712065
0.99954029101054886
0.99955617401809516
0.99957187815440884
0.99958738969555505
0.99960269108267019
0.99961775449220314
0.99963253957532172
0.99964699433440429
0.9996610579693247
0.99967466465230759
0.99968774743668998
0.99970024177623262
0.99971208837186554
0.99972323524727302
0.99973363907947776
0.99974326588299989
0.99975209117846575
0.99976009978147429
0.9997672853361067
0.99977364969806126
0.99977920225063988
0.99978395921601537
0.99978794300591722
0.99979118164052605
0.99979370825184088
0.99979556067778785
0.99979678114564952
0.99979741603783279
0.99979751572939513
0.99979713448232677
0.99979633039754723
0.99979516542981117
0.9997937054114272
0.99979202014940505
0.99979018358279237
0.99978827401782611
0.99978637445998153
0.99978457305697521
0.9997829636535418
0.9997816464323338
0.99978072856955291
0.99978032476296397
0.99978055739021598
0.99978155593062457
0.99978345515160993
0.99978639146079018
0.99979049681878851
0.99950776911672057
0.99952327218140868
0.99953865611150727
0.99955387424273412
0.99956890288044087
0.99958372753823432
0.99959833232998296
0.99961269340938408
0.99962677619581741
0.99964053554852961
0.99965391788828817
0.99966686434399488
0.99967931419441092
0.99969120809929268
0.99970249082142149
0.99971311330756563
0.99972303411555097
0.9997322202495933
0.99974064750519964
0.99974830043805696
0.99975517206752651
0.99976126341201055
0.9997665829358714
0.99977114596918704
0.99977497414438421
0.99977809487866409
0.99978054091849167
0.99978234995240256
0.99978356429101567
0.99978423060829824
0.99978439973499622
0.99978412648433501
0.99978346955327657
0.99978249143743447
0.99978125838348175
0.99977984040834711
0.99977831138614515
0.99977674922320903
0.99977523614047681
0.99977385907650407
0.99977271021054992
0.99977188757903923
0.99977149571433555
0.99977164616565206
0.99977245766337819
0.99977405556238153
0.99977657006379206
0.99978013260765974
0.99978486981576342
0.99950743796369967
0.99952227636051616
0.99953699099379878
0.99955153190996238
0.99956587285461851
0.99957999849494406
0.99959389421267364
0.9996075394986671
0.99962090481721766
0.99963395123402632
0.99964663193154202
0.99965889479079684
0.99967068537754822
0.99968194985861736
0.99969263755142357
0.99970270295612707
0.99971210722892467
0.9997208191280027
0.99972881550585113
0.99973608144022985
0.99974261009822785
0.99974840241977037
0.99975346669339937
0.99975781808158781
0.99976147813744132
0.99976447434072757
0.99976683966949786
0.99976861221449875
0.99976983483738469
0.99977055487054367
0.99977082385496829
0.99977069727509515
0.99977023443462665
0.99976949826017214
0.9997685552030946
0.99976747520540132
0.9997663317436859
0.99976520197123131
0.999764166972824
0.99976331213901504
0.99976272765209295
0.99976250905083142
0.99976275779945156
0.99976358172116975
0.99976509506247013
0.99976741783193901
0.99977067392324337
0.99977498742533344
0.99978047651112467
0.99950710195280168
0.99952126539890296
0.99953529930298257
0.99954915056230009
0.99956279071944598
0.99957620384336121
0.9995893765756052
0.99960229147410606
0.99961492360329496
0.99962723974413192
0.99963919942762636
0.99965075704405237
0.99966186442258875
0.99967247344205656
0.99968253838798693
0.99969201789943074
0.99970087644626249
0.99970908534528524
0.99971662336516254
0.99972347699136721
0.99972964042848222
0.99973511541333437
0.99973991090275494
0.9997440426873947
0.99974753297023167
0.99975040993666875
0.99975270733336319
0.99975446406557034
0.99975572381817757
0.99975653470402615
0.99975694895119926
0.99975702253157928
0.99975681506964753
0.99975638952188428
0.99975581208116904
0.99975515212318222
0.99975448224395824
0.99975387839945806
0.99975342015098922
0.99975319101110249
0.99975327887023202
0.99975377646164909
0.99975478178552935
0.99975639835445906
0.99975873503587076
0.99976190515196905
0.99976602437060014
0.99977120682167886
0.99977755887135611
0.99950676354271129
0.9995202462870727
0.99953359164028166
0.99954674325385529
0.99955967082101371
0.99957235825823176
0.99958479380332799
0.99959696322596592
0.99960884615218182
0.99962041492523668
0.99963163525257404
0.99964246793433054
0.99965287110529366
0.99966280257779716
0.99967222201448935
0.99968109277520267
0.9996893833692424
0.99969706850553353
0.99970412977214784
0.99971055599820369
0.99971634335948645
0.99972149528846588
0.99972602224317508
0.99972994138044813
0.99973327616935814
0.99973605597176518
0.99973831560961612
0.99974009493329918
0.99974143840254359
0.99974239468887049
0.99974301631524631
0.99974335926787927
0.99974348287935311
0.99974344950345428
0.99974332444123781
0.99974317591421036
0.99974307513074545
0.99974309644290982
0.99974331758170476
0.99974381994908279
0.99974468893297153
0.9997460141939315
0.99974788984284368
0.99975041437970291
0.99975369018666416
0.99975782226387
0.99976291578073873
0.99976907192994235
0.99977638158486948
0.99950642709209736
0.99951923184209568
0.99953188859915287
0.9995443373548385
0.99955654610871614
0.9995684990460707
0.99958018650421632
0.99959159793544006
0.9996027179093796
0.999613524620797
0.99962399018612924
0.99963408204816395
0.99964376493815155
0.99965300299512228
0.99966176177786481
0.99967001001386924
0.99967772101044083
0.99968487370957237
0.99969145340457011
0.9996974521573595
0.99970286896494598
0.99970770972522272
0.9997119870491421
0.99971571996057051
0.99971893351865604
0.99972165839144933
0.99972393040466478
0.99972579008575579
0.99972728222251717
0.99972845544952371
0.99972936185689054
0.99973005671374027
0.99973059826351263
0.99973104753575948
0.99973146830983517
0.99973192715271664
0.99973249353046245
0.99973323997356855
0.999734242265363
0.99973557961490822
0.99973733476931992
0.9997395940111784
0.99974244696772163
0.99974598612017085
0.99975030583566837
0.99975550065120566
0.9997616624365866
0.99976887599512732
0.99977721269438047
0.99950609915561628
0.99951824174223602
0.99953022289395388
0.99954197824660063
0.99955347391576255
0.99956469450722774
0.99957563286107054
0.99958628268222549
0.99959663413952249
0.99960667195868824
0.99961637533676473
0.9996257190197656
0.9996346750000511
0.99964321443241622
0.99965130949999903
0.99965893506791748
0.99966607004176733
0.99967269840307849
0.99967880992948688
0.99968440062854169
0.99968947292486832
0.99969403564421022
0.99969810383731272
0.99970169848367885
0.99970484611137334
0.99970757836516211
0.99970993155211851
0.99971194619057102
0.99971366658768368
0.99971514046542831
0.9997164185866324
0.99971755466429113
0.9997186051275605
0.99971962910107748
0.99972068844915962
0.99972184788045848
0.9997231750811767
0.99972474083445961
0.9997266190769426
0.99972888684208971
0.99973162404289295
0.99973491304880024
0.9997388380046438
0.99974348381200384
0.99974893463755543
0.99975527173034606
0.99976257024126491
0.999770894688081
0.99978029276388847
0.99950578837706383
0.99951730232434211
0.99952863936183856
0.99953972997200913
0.99955053782049164
0.99956104764091525
0.99957125481134868
0.99958115765111311
0.99959075256249341
0.99960003162899702
0.99960898206787396
0.9996175869170113
0.99962582642400244
0.99963367973159389
0.99964112657884008
0.99964814884245345
0.99965473182285192
0.99966086523594011
0.99966654390910414
0.99967176820298131
0.99967654419344498
0.99968088365427354
0.99968480388263559
0.99968832740863711
0.99969148162798704
0.99969429839404489
0.9996968136030645
0.99969906680293952
0.99970110085360508
0.9997029616266091
0.99970469780527627
0.99970636089871734
0.99970800512969449
0.99970968754954981
0.99971146816237233
0.99971341005359871
0.99971557946747713
0.99971804577185464
0.99972088125023661
0.99972416067082726
0.99972796059827373
0.99973235842919961
0.99973743113657854
0.99974325368880501
0.99974989705972983
0.99975742567074355
0.99976589402938054
0.99977534229676079
0.99978579058911865
0.99950550481143274
0.99951644457921751
0.99952719172829718
0.99953767098051649
0.99954784273305253
0.99955769108572889
0.99956721345691724
0.99957641265194375
0.99958529156147136
0.99959385021422142
0.99960208468155354
0.99960998727715689
0.99961754754739118
0.99962475364949011
0.99963159382657829
0.99963805778860093
0.99964413788826523
0.99964983003997532
0.99965513437033315
0.9996600556150077
0.99966460329248552
0.9996687916936251
0.99967263972946463
0.99967617068013515
0.99967941188620546
0.99968239442095597
0.99968515277927406
0.99968772461355049
0.99969015055080113
0.99969247399493821
0.99969474122745428
0.99969700143140661
0.99969930680420638
0.99970171273289243
0.9997042779371178
0.99970706452082281
0.99971013786179785
0.99971356626920027
0.99971742035263655
0.99972177207089241
0.99972669345871301
0.99973225505666652
0.99973852407967678
0.99974556234286072
0.99975342391440802
0.99976215239362731
0.99977177764568914
0.999782311808182
0.9997937444707452
0.99950525862114037
0.99951570013219593
0.99952593564601377
0.99953588401996862
0.99954550155798527
0.99955477064208476
0.99956368970628717
0.99957226527274567
0.99958050630182949
0.99958842071240617
0.99959601369135009
0.99960328732194903
0.99961024107573915
0.99961687278436451
0.99962317980063231
0.99962916014808112
0.99963481353490014
0.99964014216732322
0.99964515134047427
0.99964984981369698
0.99965424999575447
0.99965836797578866
0.99966222344087796
0.9996658395221466
0.99966924260983536
0.9996724621742229
0.99967553062589509
0.99967848323840935
0.99968135815772574
0.9996841964055847
0.99968704216746329
0.99968994291415503
0.99969294962891542
0.99969611696909666
0.99969950330061175
0.99970317052241775
0.99970718360376332
0.99971160977272178
0.99971651732367472
0.99972197405091401
0.99972804535709525
0.99973479211703919
0.99974226838671398
0.99975051902510681
0.99975957724328346
0.99976946202447481
0.99978017530150631
0.99979169877469509
0.99980399034535972
0.99950505827594516
0.99951509558572971
0.99952491860333592
0.99953444093249455
0.99954361423458493
0.9995524180313542
0.99956085039259213
0.99956892018285981
0.99957664122364787
0.99958402836732663
0.99959109523222467
0.99959785322951134
0.99960431149359463
0.99961047737004993
0.99961635718555419
0.99962195710026369
0.99962728391188405
0.99963234573681248
0.99963715253614516
0.99964171648431999
0.99964605219787583
0.99965017685354274
0.99965411023069106
0.99965787471460121
0.99966149529519255
0.99966499959155353
0.99966841792867733
0.99967178347562802
0.99967513245570983
0.99967850436367856
0.99968194231654472
0.99968549328440581
0.99968920827336794
0.9996931423458536
0.99969735438931373
0.99970190655131008
0.99970686327633662
0.99971228991174999
0.99971825089455701
0.99972480758080906
0.99973201582432758
0.99973992343909268
0.99974856767927234
0.99975797283802559
0.99976814800655833
0.99977908496658208
0.99979075614168489
0.99980311254023291
0.99981608171152225
0.99950490859777175
0.99951464628353326
0.99952416856632176
0.99953338512887235
0.99954224292860783
0.99955071770901893
0.99955880571396583
0.99956651638482041
0.99957386652750468
0.99958087608277357
0.99958756537730531
0.99959395359222869
0.999600058138567
0.9996058946441464
0.99961147730459121
0.9996168194106646
0.99962193392226539
0.99962683400912344
0.99963153351728962
0.99963604734907829
0.99964039176349329
0.99964458461604522
0.99964864556294464
0.99965259625611536
0.99965646055308344
0.99966026476053782
0.99966403792707792
0.99966781218916101
0.99967162312574365
0.99967551010948841
0.99967951666236532
0.99968369064472951
0.99968808426601474
0.99969275381524114
0.99969775902500702
0.99970316200353093
0.99970902570230458
0.99971541193270386
0.99972237899820016
0.99972997906027505
0.99973825539457795
0.99974723970883028
0.9997569496791272
0.99976738681748689
0.99977853472096934
0.999790357690715
0.99980279967294694
0.99981578348744926
0.99982921038595052
0.99950480916882023
0.99951435111830567
0.99952368423291338
0.99953271608900862
0.99954138943799486
0.99954967577716036
0.99955756829722531
0.99956507522275317
0.99957221416778164
0.99957900776668318
0.99958548057874985
0.99959165710672371
0.99959756069825578
0.99960321308972899
0.99960863437873138
0.99961384325475999
0.99961885736414524
0.99962369372715598
0.99962836915942965
0.9996329006756135
0.99963730587104449
0.99964160328851992
0.99964581278310838
0.99964995589929317
0.99965405627143689
0.99965814004934861
0.9996622363575236
0.99966637777917688
0.99967060077574299
0.99967494605791618
0.99967945884559473
0.99968418888399613
0.99968919016937774
0.99969452029597294
0.99970023935761587
0.99970640837066849
0.99971308722920149
0.99972033225580836
0.99972819346433262
0.9997367116943775
0.99974591580225403
0.99975582009233477
0.99976642214512945
0.99977770114911479
0.99978961678461098
0.99980210865701535
0.99981509625175724
0.99982847939807951
0.99984213928586818
0.99950475373422698
0.99951419033451083
0.99952343028102664
0.99953238085207508
0.99954098156787152
0.99954919984455914
0.99955702521426815
0.99956446339217808
0.9995715309366271
0.99957825087841801
0.99958464942677761
0.99959075368446448
0.99959659021160208
0.99960218424646652
0.99960755939967194
0.99961273766719316
0.99961773964390988
0.99962258485448008
0.99962729214818746
0.99963188012749449
0.99963636759643837
0.99964077402550766
0.99964512003510353
0.99964942790092304
0.99965372208199943
0.99965802975314066
0.99966238134809704
0.99966681106883426
0.9996713572937046
0.99967606289460376
0.99968097529702171
0.99968614626675623
0.99969163132422134
0.99969748872360054
0.99970377795876197
0.99971055779764562
0.99971788389540428
0.99972580608765182
0.99973436551066086
0.99974359172684002
0.99975350004467178
0.9997640892096763
0.99977533960910825
0.99978721208551091
0.99979964740461114
0.99981256638459814
0.99982587067783835
0.99983944420769166
0.99985315529788488
0.99950473142518992
0.99951412875884138
0.99952334148402799
0.99953227759823116
0.99954087469288455
0.99954909722241991
0.99955693170467685
0.99956438135248038
0.99957146099848782
0.99957819278119864
0.99958460277542316
0.99959071856082005
0.9995965676137204
0.99960217636127824
0.99960756973273546
0.99961277106228319
0.99961780222784602
0.99962268394119003
0.99962743613219618
0.99963207839189205
0.99963663045455331
0.99964111270929978
0.99964554673676986
0.99964995586709871
0.99965436575299105
0.99965880495798365
0.9996633054449946
0.99966790309542852
0.99967263809075657
0.99967755508083489
0.99968270311121543
0.99968813522352762
0.99969390765612021
0.99970007859604826
0.9997067064650732
0.99971384776419836
0.99972155454873979
0.99972987165247029
0.9997388338173876
0.99974846290826547
0.99975876539390318
0.99976973025932903
0.99978132747905202
0.99979350713873683
0.99980619925167513
0.99981931428719573
0.99983274441729819
0.99984636549560379
0.9998600398013392
)
;

boundaryField
{
    hotWall
    {
        type            calculated;
        value           uniform 0.99950000000000006;
    }
    coldWall
    {
        type            calculated;
        value           nonuniform List<scalar> 0();
    }
    bottomWall
    {
        type            calculated;
        value           nonuniform List<scalar> 0();
    }
    topWall
    {
        type            calculated;
        value           nonuniform List<scalar> 
49
(
0.99950473142518992
0.99951412875884138
0.99952334148402799
0.99953227759823116
0.99954087469288455
0.99954909722241991
0.99955693170467685
0.99956438135248038
0.99957146099848782
0.99957819278119864
0.99958460277542316
0.99959071856082005
0.9995965676137204
0.99960217636127824
0.99960756973273546
0.99961277106228319
0.99961780222784602
0.99962268394119003
0.99962743613219618
0.99963207839189205
0.99963663045455331
0.99964111270929978
0.99964554673676986
0.99964995586709871
0.99965436575299105
0.99965880495798365
0.9996633054449946
0.99966790309542852
0.99967263809075657
0.99967755508083489
0.99968270311121543
0.99968813522352762
0.99969390765612021
0.99970007859604826
0.9997067064650732
0.99971384776419836
0.99972155454873979
0.99972987165247029
0.9997388338173876
0.99974846290826547
0.99975876539390318
0.99976973025932903
0.99978132747905202
0.99979350713873683
0.99980619925167513
0.99981931428719573
0.99983274441729819
0.99984636549560379
0.9998600398013392
)
;
    }
    front
    {
        type            empty;
    }
    back
    {
        type            empty;
    }
    procBoundary3to4
    {
        type            processor;
        value           nonuniform List<scalar> 
30
(
0.99999291961656422
0.99999167106315423
0.99999167106315423
0.99999089390920848
0.99998916320831288
0.99998709866391711
0.99998709866391711
0.99998558685796479
0.99998278984964795
0.99997951250148842
0.99997951250148842
0.99998067163363091
0.99997831219050315
0.99997415384025223
0.99997415384025223
0.99997111432398988
0.99996582835111802
0.99995985021105138
0.99995316753418528
0.9999457868326791
0.99993773550753018
0.99992906251573799
0.99991983740984691
0.99991014763976738
0.99990009424433313
0.99990009424433313
0.9998927409523507
0.99988222863456744
0.99987166409288031
0.99987166409288031
)
;
    }
    procBoundary3to5
    {
        type            processor;
        value           nonuniform List<scalar> 
23
(
0.99986493082746797
0.99985458668499294
0.99984452381389599
0.99983484577966908
0.99982565176671367
0.99981704203555266
0.99980912503039066
0.99980202512936323
0.9997958897740401
0.99979089452730885
0.99978724446401745
0.99978517016567803
0.9997849164570678
0.99978672193216789
0.99979078741379201
0.99979723205179916
0.99980603715681238
0.99981698034894717
0.99982956591345296
0.99984296011649709
0.99985594016573642
0.99986685957418975
0.99987361959482213
)
;
    }
    procBoundary3to7
    {
        type            processor;
        value           nonuniform List<scalar> 
43
(
0.99996177875853887
0.99996626064484728
0.99997015710477533
0.99997353658556343
0.99997646277453711
0.99997899446597216
0.99998118546105763
0.99998308451623585
0.99998473535288079
0.99998617673608536
0.99998744262406192
0.99998856238377454
0.99998956106385728
0.99999045971302425
0.99999127573104529
0.99999202323963454
0.99999271346184215
0.9999933551002973
0.99951485587820288
0.99954459080599933
0.99957429978751777
0.9996038647396005
0.99963310884327805
0.99966181512914476
0.99968974938460553
0.99971668276687975
0.99974241064229497
0.99976676572922474
0.99978962506260416
0.99981091139242639
0.99983059029464694
0.99984866451226062
0.9998651669476557
0.99988015344528891
0.99989369613823986
0.99990587778758977
0.9999167872699366
0.99992651617964601
0.99993515640240305
0.9999427984669883
0.99994953047439561
0.99995543742166415
0.99995543742166415
)
;
    }
}


// ************************************************************************* //
