/*--------------------------------*- C++ -*----------------------------------*\
  =========                 |
  \\      /  F ield         | OpenFOAM: The Open Source CFD Toolbox
   \\    /   O peration     | Website:  https://openfoam.org
    \\  /    A nd           | Version:  13
     \\/     M anipulation  |
\*---------------------------------------------------------------------------*/
FoamFile
{
    format      ascii;
    class       volScalarField;
    location    "2.928096339318";
    object      p_rgh;
}
// * * * * * * * * * * * * * * * * * * * * * * * * * * * * * * * * * * * * * //

dimensions      [1 -1 -2 0 0 0 0];

internalField   nonuniform List<scalar> 
2134
(
-5.4832410635870935e-05
-5.0844047577337255e-05
-4.6987261100593121e-05
-4.3257473443676003e-05
-3.9651609950858081e-05
-3.6167799539501021e-05
-5.6094192495903327e-05
-5.1939783627644997e-05
-4.7923546970017024e-05
-4.4041015800167958e-05
-4.0289198644827028e-05
-3.66662789832909e-05
-5.7421017467458874e-05
-5.3085796431528763e-05
-4.8896187020498698e-05
-4.4847893940983723e-05
-4.0938048948629607e-05
-3.7164911750140175e-05
-5.8832619789891063e-05
-5.4299108978119798e-05
-4.9919658947642498e-05
-4.5690225338403859e-05
-4.1608115989269986e-05
-3.7671695425691614e-05
-6.0354212424285713e-05
-5.5601574596283672e-05
-5.1012651562171342e-05
-4.6583756308015778e-05
-4.2312444308987237e-05
-3.819722446290625e-05
-0.00010936586354933778
-0.00010257699429078384
-9.6085513226192785e-05
-8.9860061613446303e-05
-8.3875701589112997e-05
-7.8112821916106749e-05
-7.2556195582539938e-05
-6.7194173825668575e-05
-6.2018001373646668e-05
-5.702123827719454e-05
-5.2199274519192872e-05
-4.7548924602522562e-05
-4.3068090397116796e-05
-3.8755481765494696e-05
-0.00012116732416761079
-0.00011371541229600602
-0.00010659888314171614
-9.9780411008215197e-05
-9.323046063701379e-05
-8.6925941130236553e-05
-8.0849039429624142e-05
-7.4986218692662046e-05
-6.9327366147975799e-05
-6.3865074880777671e-05
-5.8594044132711654e-05
-5.3510583269164454e-05
-4.8612205246167265e-05
-4.3897296346899436e-05
-3.9364850035634327e-05
-2.2693692124085231e-06
-3.2633427686815734e-06
-4.2064578527524832e-06
-5.0828111871761963e-06
-0.00012641847133946612
-0.00011860821356189155
-0.00011112936285114071
-0.00010394691153518801
-9.703377869697446e-05
-9.0369358349258661e-05
-8.3938260837445821e-05
-7.7729233954269492e-05
-7.1734249077500705e-05
-6.5947736847022997e-05
-6.0365956619410811e-05
-5.4986483896750542e-05
-4.9807800194861835e-05
-4.4828970368599958e-05
-4.0049393249468141e-05
-3.5468612653286853e-05
-3.1086176488153221e-05
-2.6901532737201096e-05
-2.2913954162915798e-05
-1.9122490926732521e-05
-1.5525929015563671e-05
-1.2122767763579192e-05
-8.9112034192154879e-06
-5.889119392803006e-06
-3.0540821511791219e-06
-4.0334156696820125e-07
2.066164511553425e-06
4.3578016388353628e-06
6.4752262184439201e-06
8.4223692090281863e-06
1.0203416363311645e-05
1.1822785407763464e-05
1.3285100644818648e-05
1.4595165595511177e-05
-8.8564935028068927e-07
-1.8708940074599348e-06
-2.80602278518797e-06
-3.6755803474707525e-06
-0.00013237126931726703
-0.0001241668497969175
-0.00011628597217775012
-0.00010869665771428099
-0.00010137503960765186
-9.4303779432969211e-05
-8.7470690860153239e-05
-8.086755948484567e-05
-7.4489145668071638e-05
-6.8332355888793623e-05
-6.2395567089613307e-05
-5.6678087683987968e-05
-5.1179738444499395e-05
-4.5900536381905245e-05
-4.0840465168052286e-05
-3.599931626240175e-05
-3.1376585200610619e-05
-2.6971409447966214e-05
-2.2782538015510733e-05
-1.8808328106798272e-05
-1.5046740886839188e-05
-1.1495360611191032e-05
-8.1514087002067923e-06
-5.0117620621296577e-06
-2.0729715086283979e-06
6.6872027241374585e-07
3.2173608760359877e-06
5.5772700331299823e-06
7.7530206341552122e-06
9.7494184743044822e-06
1.1571480387269401e-05
1.3224410652445394e-05
1.4713575759671894e-05
1.6044477794217545e-05
4.8878619492934092e-07
-4.8888427660699029e-07
-1.417123894750208e-06
-2.2809252177791097e-06
-0.00013917893684531408
-0.00013054036656785388
-0.00012221235428284049
-0.00011416677417105606
-0.00010638387625850316
-9.8850539308546921e-05
-9.1558744498282e-05
-8.4504262389947188e-05
-7.7685543155456334e-05
-7.110279784419754e-05
-6.4757256461501955e-05
-5.8650586812053311e-05
-5.2784456492204255e-05
-4.7160219300643389e-05
-4.1778706840851616e-05
-3.6640106030469244e-05
-3.1743902967632534e-05
-2.7088874819264029e-05
-2.2673126638503474e-05
-1.8494131840631721e-05
-1.4548799112842394e-05
-1.0833536489966223e-05
-7.3443129288417615e-06
-4.0767155383250537e-06
-1.0259995707241494e-06
1.8128688703017019e-06
4.4451766039919088e-06
6.8764323420877972e-06
9.1123394297747012e-06
1.1158770953937675e-05
1.3021746002624552e-05
1.4707406210110543e-05
1.6221991997948106e-05
1.7571818280064359e-05
1.8763249656704374e-05
1.9802675304083836e-05
2.0696483944563588e-05
2.1451039310896621e-05
2.2072656557894679e-05
2.2567580046688574e-05
2.294196286485956e-05
2.3201848369719693e-05
2.3353153959943567e-05
2.3401657219367844e-05
2.3352984459985749e-05
2.32126016906882e-05
2.2985807924302063e-05
2.2677730752905161e-05
2.2293324080051991e-05
2.1837367898177015e-05
2.1314470015207198e-05
2.0729069655588105e-05
2.0085442921794e-05
1.938771009776759e-05
1.863984495596541e-05
1.7845686183354531e-05
1.7008951270777868e-05
1.6133253245179438e-05
1.5222120872995762e-05
1.4279023017689708e-05
1.3307398219458171e-05
1.2310690661416895e-05
1.1292394108687565e-05
1.0256105728162385e-05
9.2055920007020177e-06
8.1448694467077571e-06
7.0783039190756061e-06
6.0107318442694477e-06
4.9476080972686898e-06
3.8951862804130012e-06
2.8607371184694682e-06
1.8528123360544385e-06
8.8156203978400491e-07
-4.0885262779546824e-08
-8.9996972705412736e-07
-0.00014702543999699219
-0.00013790869875863264
-0.00012908286077518638
-0.00012052458814621105
-0.00011221930261455687
-0.00010415923710966651
-9.6341719220055451e-05
-8.8767684677478354e-05
-8.1440415853090874e-05
-7.436449723995957e-05
-6.7544976696918711e-05
-6.0986718039360882e-05
-5.4693927402542991e-05
-4.8669833205612928e-05
-4.2916497532730103e-05
-3.7434735147829887e-05
-3.2224116352674967e-05
-2.728302776282204e-05
-2.2608800778326564e-05
-1.8197807292163262e-05
-1.4045623865076022e-05
-1.0147160081460852e-05
-6.4967848187847277e-06
-3.0884378351788468e-06
8.4275906364766437e-08
3.0280089217540344e-06
5.7496093827989057e-06
8.2560724638622577e-06
1.0554502108976526e-05
1.2652080496829587e-05
1.4556042728316185e-05
1.6273654710596042e-05
1.7812192712925789e-05
1.9178923583993584e-05
2.0381085059317666e-05
2.142586597663807e-05
2.2320386471953964e-05
2.3071678430175462e-05
2.368666654152126e-05
2.4172150379690645e-05
2.4534787841862694e-05
2.4781080304656254e-05
2.4917359713118815e-05
2.4949777797199288e-05
2.488429748427766e-05
2.472668654001008e-05
2.4482513410704433e-05
2.4157145178652614e-05
2.3755747543193158e-05
2.3283286729269566e-05
2.2744533211332443e-05
2.2144067181722384e-05
2.1486285731150221e-05
2.0775411768674815e-05
2.001550472235484e-05
1.9210473256038119e-05
1.8364090213889594e-05
1.7480010240801583e-05
1.6561790605803928e-05
1.5612915967803378e-05
1.4636828050748068e-05
1.3636961381025638e-05
1.2616786653896097e-05
1.157986350930441e-05
1.0529904993911696e-05
9.4708563715999192e-06
8.4069915683368828e-06
7.3430315162275446e-06
6.2842874783662026e-06
5.236836845921511e-06
4.207735637936876e-06
3.2052756037818662e-06
2.2392938004387354e-06
1.3215437145074254e-06
4.6613813593778927e-07
-0.00015612976306750978
-0.00014648727436539216
-0.00013710743331178728
-0.00012797272272097013
-0.00011907494402749363
-0.00011041302385778649
-0.00010199105871861736
-9.3816603802078646e-05
-8.5899208620072998e-05
-7.8249198262527763e-05
-7.0876694689450486e-05
-6.379086735449229e-05
-5.699939732300354e-05
-5.0508134150149246e-05
-4.4320920644621894e-05
-3.8439555597471271e-05
-3.2863862514605758e-05
-2.7591865443828236e-05
-2.261997148212387e-05
-1.7943217059409608e-05
-1.3555512685382956e-05
-9.4498749953937204e-06
-5.6186408825481088e-06
-2.0536542472186311e-06
1.2535778406996831e-06
4.311759451452825e-06
7.1297082988432187e-06
9.7162826788042803e-06
1.2080328379364055e-05
1.4230640960449078e-05
1.6175939145351201e-05
1.7924845632632613e-05
1.9485872433104547e-05
2.0867408546963955e-05
2.2077708592728333e-05
2.3124881511876831e-05
2.4016879060943603e-05
2.4761484061999776e-05
2.536629866383046e-05
2.5838732943539607e-05
2.6185994249384934e-05
2.6415077657795085e-05
2.6532757825434488e-05
2.6545582514430766e-05
2.6459867913455919e-05
2.6281695839945232e-05
2.6016912864663732e-05
2.5671131270569951e-05
2.5249731833819607e-05
2.4757868306128059e-05
2.4200473518638144e-05
2.3582267048570153e-05
2.2907764420403376e-05
2.2181287825963814e-05
2.1406978486300677e-05
2.0588810778736521e-05
1.9730608417871747e-05
1.8836063072095758e-05
1.7908755937635271e-05
1.6952182990054366e-05
1.5969784842078056e-05
1.496498233550558e-05
1.3941219379770107e-05
1.2902014777629259e-05
1.1851025262316851e-05
1.0792122381764581e-05
9.7294863854869531e-06
8.6677208028575005e-06
7.6119929314725699e-06
6.5682034245126588e-06
5.5431936866262783e-06
4.5449959988295279e-06
3.5831351621669247e-06
2.6689905466379501e-06
1.8162287057068104e-06
-0.00016674999677640607
-0.00015653155596585829
-0.00014653654668837576
-0.00013675437399705958
-0.00012718456778109465
-0.00011783429601493102
-0.00010871611361177351
-9.9845963663607019e-05
-9.1241444773127402e-05
-8.2920353845387194e-05
-7.4899507922981509e-05
-6.719384143514715e-05
-5.9815767457272194e-05
-5.2774783441533049e-05
-4.6077294836703472e-05
-3.972662124147648e-05
-3.3723121621793937e-05
-2.806455957412499e-05
-2.2746299561488461e-05
-1.7761775939684923e-05
-1.3102846512034476e-05
-8.760159560444934e-06
-4.7234886321844779e-06
-9.8202318173657646e-07
2.4753893938530795e-06
5.6600506361295023e-06
8.5832636742684296e-06
1.1256226141038702e-05
1.368995654980311e-05
1.5895247001990543e-05
1.7882635420991868e-05
1.9662391291476643e-05
2.124450999671581e-05
2.2638711925092231e-05
2.3854443658765445e-05
2.4900879486306535e-05
2.5786922264002188e-05
2.6521203266465955e-05
2.7112081024933328e-05
2.7567639463453948e-05
2.7895685724577676e-05
2.8103748116202334e-05
2.8199074628580915e-05
2.8188632315278101e-05
2.8079107847292579e-05
2.7876909383250278e-05
2.7588169864944397e-05
2.7218751771646514e-05
2.6774253315000413e-05
2.6260016022413918e-05
2.5681133678835332e-05
2.5042462546766471e-05
2.4348632892914262e-05
2.3604061785251662e-05
2.2812967308535549e-05
2.197938431026261e-05
2.1107181954522816e-05
2.0200083464925638e-05
1.9261688569111845e-05
1.8295499322903632e-05
1.7304950234586558e-05
1.6293443795122201e-05
1.5264392826869732e-05
1.4221271441630113e-05
1.3167676684449834e-05
1.2107403494701472e-05
1.1044536031451097e-05
9.9835590332021736e-06
8.9294945510609212e-06
7.8880657597115491e-06
6.8658995092709637e-06
5.8707690786277467e-06
4.9118878369236181e-06
4.0002620896865063e-06
3.1491132247543042e-06
-0.0001791868823124
-0.00016834117379830116
-0.00015766588977068961
-0.0001471584771517724
-0.00013682765231129369
-0.00012669057024527352
-0.00011677021311711874
-0.00010709302884865254
-9.7686848538012274e-05
-8.8579107384598724e-05
-7.9795386927565499e-05
-7.1358286777153433e-05
-6.3286623097617994e-05
-5.5594938605172409e-05
-4.8293295382627476e-05
-4.1387310305492444e-05
-3.4878401537180974e-05
-2.8764196674823879e-05
-2.3039001315842174e-05
-1.7694370377518711e-05
-1.2719666985621459e-05
-8.102606087978843e-06
-3.8297512171280711e-06
1.1305267616014868e-07
3.7403186113803316e-06
7.0666307144966007e-06
1.0106427237713203e-05
1.2873845782166766e-05
1.5382620913491636e-05
1.7646023561916124e-05
1.9676831906156236e-05
2.1487324450825205e-05
2.3089287505222383e-05
2.4494030897634975e-05
2.571240737621894e-05
2.6754832606562747e-05
2.763130386145126e-05
2.8351416468061545e-05
2.8924377735067437e-05
2.9359018535999309e-05
2.9663802994221975e-05
2.9846836814701986e-05
2.9915874824161535e-05
2.9878328245422099e-05
2.9741272121299654e-05
2.9511453205053353e-05
2.9195298566063231e-05
2.8798925038710424e-05
2.8328149578541228e-05
2.7788500583676523e-05
2.7185230154579905e-05
2.6523327302357858e-05
2.5807532126726758e-05
2.5042350983888361e-05
2.4232072782408462e-05
2.3380786528389927e-05
2.2492400425623016e-05
2.1570662876712022e-05
2.0619185889560276e-05
1.964147159151698e-05
1.8640942689836674e-05
1.7620977981723183e-05
1.6584954330965716e-05
1.5536296758465066e-05
1.4478538759208256e-05
1.3415395391845009e-05
1.2350852117810534e-05
1.1289273081126435e-05
1.0235532432716921e-05
9.1951764110766791e-06
8.1746168240289911e-06
7.1813682854345707e-06
6.2243335986365393e-06
5.3141471962363512e-06
4.4635866331931701e-06
-0.000193786335989644
-0.00018226318283784472
-0.00017084033381725399
-0.00015952433699783656
-0.0001483346046139237
-0.0001373001891002001
-0.00012645674199283048
-0.00011584370336342858
-0.00010550177036990959
-9.5470690771418519e-05
-8.5787420166718093e-05
-7.6484669456537157e-05
-6.7589854921238558e-05
-5.9124444629684659e-05
-5.110367245411312e-05
-4.353657921206189e-05
-3.6426377293809916e-05
-2.9770945856014732e-05
-2.3563552866400509e-05
-1.7793624962247793e-05
-1.2447547635833335e-05
-7.5094443311777876e-06
-2.9618915870294522e-06
1.2134546622970273e-06
5.0353356196477774e-06
8.5224729626764703e-06
1.1693254714105347e-05
1.4565513487324848e-05
1.715638340326721e-05
1.9482220434000376e-05
2.1558571077729731e-05
2.3400175529181958e-05
2.5020993527077775e-05
2.6434243346495005e-05
2.765244680370759e-05
2.8687475188618839e-05
2.9550592955668676e-05
3.0252497353275535e-05
3.0803353326763493e-05
3.1212823681974134e-05
3.149009501716773e-05
3.164390013214001e-05
3.1682537680301533e-05
3.1613889848665561e-05
3.1445438733688148e-05
3.1184281941100266e-05
3.0837147856022161e-05
3.0410410886680286e-05
2.9910106889539896e-05
2.9341948924889396e-05
2.8711343428238881e-05
2.8023406864855608e-05
2.7282982942209456e-05
2.6494660453044299e-05
2.5662791883388628e-05
2.4791512981680185e-05
2.3884763551067771e-05
2.2946309828867511e-05
2.1979769000519303e-05
2.0988636450212549e-05
1.9976316651533526e-05
1.8946158742775274e-05
1.7901498140842283e-05
1.6845705842017402e-05
1.5782247467609371e-05
1.4714754478243212e-05
1.3647110528738702e-05
1.2583556497961377e-05
1.1528818230927768e-05
1.0488262922275099e-05
9.4680872261751063e-06
8.47554754480506e-06
7.5192370419003968e-06
6.6094196307059537e-06
5.7584306260577648e-06
-0.00021094036364452482
-0.00019869384743619774
-0.00018645659826010166
-0.00017424515170534583
-0.0001620910844412017
-0.00015003735606721204
-0.00013813476894244348
-0.00012643861329646983
-0.0001150055708789451
-0.00010389095111865463
-9.314632831457673e-05
-8.2817633014902665e-05
-7.2943734187226283e-05
-6.3555520499102393e-05
-5.4675461658675861e-05
-4.631763029278835e-05
-3.8488118099717304e-05
-3.1185702834422139e-05
-2.4402802642283307e-05
-1.8126524023098777e-05
-1.2339768819327048e-05
-7.0223197152521491e-06
-2.1518464657590802e-06
2.2952064956458762e-06
6.3428742777600677e-06
1.0015075958823851e-05
1.3335165348404939e-05
1.6325615173091253e-05
1.9007816104464534e-05
2.1401969296781976e-05
2.3527050807142514e-05
2.5400827844472061e-05
2.7039909389041168e-05
2.8459816990061554e-05
2.9675064857150913e-05
3.0699241462513198e-05
3.1545087530796884e-05
3.2224567465875994e-05
3.274893285720282e-05
3.312877790445322e-05
3.3374087248305941e-05
3.3494277190967331e-05
3.3498231378628778e-05
3.3394332096168083e-05
3.3190488166714767e-05
3.2894160341183358e-05
3.2512384908590579e-05
3.2051796057135516e-05
3.1518647412490316e-05
3.0918833079160226e-05
3.0257908376104349e-05
2.9541110468015768e-05
2.8773379027702576e-05
2.7959377076670464e-05
2.7103512186661933e-05
2.6209958258334834e-05
2.5282678170212928e-05
2.4325447688575422e-05
2.3341881166305675e-05
2.2335459634691069e-05
2.1309562183103305e-05
2.0267501654617936e-05
1.9212565956124784e-05
1.8148066617905118e-05
1.7077396584121983e-05
1.6004099605540736e-05
1.4931954149347234e-05
1.3865075269950614e-05
1.2808038518392359e-05
1.1766030528047706e-05
1.0745032961658146e-05
9.7520441810654757e-06
8.7953486491111816e-06
7.8848412541370773e-06
7.0324169457681256e-06
-0.00021807823498320924
-0.00020496388455572669
-0.00019176970460240051
-0.00017854072964300775
-0.00016533582795441042
-0.00015222360052254477
-0.0001392783834590217
-0.00012657645628797652
-0.00011419256578621896
-0.00010219687500623416
-9.0652426688640352e-05
-7.9613194267177145e-05
-6.9122757318859729e-05
-5.921359412627749e-05
-4.9907037083092912e-05
-4.1213649292872242e-05
-3.3134119509687037e-05
-2.5660452280794869e-05
-1.8777365504122797e-05
-1.2463783464820322e-05
-6.6943196936246662e-06
-1.4406673312896086e-06
3.3271633420126164e-06
7.6397977205012033e-06
1.152765607802121e-05
1.5020317169793921e-05
1.814607064085719e-05
2.0931633635846781e-05
2.3402002359227933e-05
2.5580408276506247e-05
2.7488350342372881e-05
2.9145678119632949e-05
3.0570705021607616e-05
3.1780335643466617e-05
3.2790195487853311e-05
3.361475530935674e-05
3.4267445410918606e-05
3.4760757667584e-05
3.5106334743653856e-05
3.531504711001091e-05
3.5397059102493617e-05
3.5361885613436476e-05
3.5218440991263323e-05
3.4975081704784732e-05
3.4639644093338945e-05
3.4219478320040997e-05
3.3721479458900897e-05
3.315211640191355e-05
3.2517459143232908e-05
3.1823204856755579e-05
3.1074703087224414e-05
3.0276980325642799e-05
2.9434764203756791e-05
2.8552507558119144e-05
2.7634412635405052e-05
2.6684455775476907e-05
2.5706412963929255e-05
2.4703886809517178e-05
2.3680335571754399e-05
2.2639105089255157e-05
2.1583464638482488e-05
2.0516647978554444e-05
1.9441901227897512e-05
1.836253940283862e-05
1.7282014050808577e-05
1.6203994723732614e-05
1.5132467706033047e-05
1.4071855933057802e-05
1.3027164815284544e-05
1.2004159986455877e-05
1.1009582161538827e-05
1.0051408164443309e-05
9.1391655401576367e-06
8.2843110188340602e-06
-0.00024090680615279847
-0.00022686162959796325
-0.00021260135712563099
-0.00019818541608050585
-0.00018369041721070801
-0.00016920544986405385
-0.00015482734938970268
-0.00014065607116627542
-0.00012679032407191513
-0.00011332362913369844
-0.00010034093679975685
-8.7915931066340523e-05
-7.6109098473134811e-05
-6.4966607053722544e-05
-5.4520067216906967e-05
-4.4786794575461668e-05
-3.5770914399922586e-05
-2.7464820606987842e-05
-1.985098470991605e-05
-1.2903928507690464e-05
-6.5922159713734498e-06
-8.8034556346416068e-07
4.26954764160243e-06
8.8962391385318485e-06
1.3038240195866312e-05
1.6732903606606167e-05
2.0015792168338925e-05
2.2920278187611555e-05
2.5477334600016019e-05
2.7715475900966971e-05
2.9660808764908774e-05
3.133715666008407e-05
3.2766228705486194e-05
3.396780951308796e-05
3.495995292185859e-05
3.5759168079667671e-05
3.6380590840423828e-05
3.6838136942401038e-05
3.7144635972138229e-05
3.7311946804017812e-05
3.7351056180397704e-05
3.7272162630476839e-05
3.7084748027776703e-05
3.6797638999516292e-05
3.641906018622786e-05
3.5956681013743796e-05
3.5417657406053718e-05
3.4808669545022726e-05
3.4135956538435317e-05
3.3405348707861377e-05
3.262229800401422e-05
3.1791907004971096e-05
3.0918956850591759e-05
3.0007934463692972e-05
2.9063059391340285e-05
2.8088310688112186e-05
2.7087454242559169e-05
2.6064071116248632e-05
2.5021587587083491e-05
2.3963307664526181e-05
2.2892449156314291e-05
2.1812184507764065e-05
2.0725687973623839e-05
1.9636190997125975e-05
1.8547048056213591e-05
1.7461815757005671e-05
1.6384348425355128e-05
1.5318914077071618e-05
1.4270335429947016e-05
1.3244161501432093e-05
1.2246875717812484e-05
1.1286148348840831e-05
1.037114142319939e-05
9.5128758887145729e-06
-0.00026770815261096642
-0.00025269346025344496
-0.00023729337386687536
-0.00022158205392294833
-0.00020565529978600554
-0.00018962523265712953
-0.00017361475559451
-0.00015775195655296756
-0.00014216465590541035
-0.00012697534206943794
-0.00011229667235770446
-9.8227757157490575e-05
-8.4851325722853249e-05
-7.2232083618882566e-05
-6.0415891949696458e-05
-4.943002069643686e-05
-3.9284266081086714e-05
-2.9972735547315178e-05
-2.14761281442355e-05
-1.3764291091399104e-05
-6.7988541451953371e-06
-5.3577049876407956e-07
5.0723699175735327e-06
1.0074346110835086e-05
1.451867956363481e-05
1.8452386928388854e-05
2.1920093196997537e-05
2.4963465534548215e-05
2.7620915624380433e-05
2.9927513642530662e-05
3.1915058398047454e-05
3.3612253651073672e-05
3.5044948553221096e-05
3.6236409021837589e-05
3.720759547658165e-05
3.797743016975357e-05
3.8563043715472008e-05
3.8979995509930059e-05
3.9242466318048582e-05
3.9363423825747483e-05
3.9354763391903534e-05
3.9227427019803959e-05
3.8991503823358853e-05
3.8656315127331785e-05
3.8230487071169697e-05
3.7722013200902362e-05
3.7138309097312052e-05
3.6486260722849197e-05
3.5772267814912102e-05
3.5002283369389878e-05
3.4181850047871648e-05
3.3316134142850701e-05
3.2409957677470956e-05
3.1467829072573461e-05
3.0493972882653735e-05
2.9492359001282771e-05
2.8466731895755259e-05
2.7420640410766123e-05
2.6357468839444825e-05
2.5280470104550799e-05
2.4192802064893588e-05
2.3097568144341377e-05
2.1997863866688079e-05
2.0896831041873898e-05
1.9797721897561853e-05
1.8703975777553688e-05
1.7619311629174406e-05
1.6547840066920004e-05
1.5494199541346927e-05
1.4463721798306053e-05
1.3462633363760292e-05
1.2498299094438699e-05
1.1579517522148945e-05
1.0716876550923102e-05
-0.00028303644669796298
-0.00026643958523581704
-0.00024933485586689649
-0.00023183801983337715
-0.00021408636483816662
-0.0001962323248932643
-0.00017843679582261795
-0.00016086239435376016
-0.00014366701108554797
-0.00012699787459748407
-0.00011098645609540848
-9.5744455846365507e-05
-8.1361224609303063e-05
-6.7902201402726041e-05
-5.5408901906114946e-05
-4.3899980363701943e-05
-3.337330947303242e-05
-2.3808784927390893e-05
-1.517157923420091e-05
-7.4155744920942112e-06
-4.8673120539700894e-07
5.6738024922436066e-06
1.112697995988463e-05
1.5933623572873752e-05
2.0152697461730812e-05
2.3840068629320152e-05
2.704770790164104e-05
2.9823262818254704e-05
3.220992620035292e-05
3.4246524557240029e-05
3.5967757189074885e-05
3.7404527262769324e-05
3.8584318088066536e-05
3.9531579782305436e-05
4.0268102297439137e-05
4.0813359812927422e-05
4.1184818629252986e-05
4.1398205849265753e-05
4.1467739712728714e-05
4.1406324580398179e-05
4.1225714706441496e-05
4.093665133965764e-05
4.0548977573139034e-05
4.0071735009207852e-05
3.9513245750248953e-05
3.8881182682213265e-05
3.8182630479318724e-05
3.7424139255072872e-05
3.6611772393145251e-05
3.5751149784025803e-05
3.4847487382719558e-05
3.3905633910744793e-05
3.2930105313173314e-05
3.1925117571000749e-05
3.0894618444926624e-05
2.9842318681423156e-05
2.8771723357871495e-05
2.7686164056431148e-05
2.6588832716588243e-05
2.5482818198155588e-05
2.4371146739511253e-05
2.3256827833176279e-05
2.2142907272217219e-05
2.1032529544724437e-05
1.9929012173483133e-05
1.8835935118166124e-05
1.7757248956373796e-05
1.6697406164430149e-05
1.5661520681826459e-05
1.4655562392299273e-05
1.3686592005688289e-05
1.2763046792624552e-05
1.1895084653284423e-05
-0.00031848489621445102
-0.00030065948879974948
-0.00028208205719883731
-0.00026288807556460039
-0.00024324138024399541
-0.00022332698250249479
-0.00020334323318606359
-0.00018349359957259184
-0.00016397850380161025
-0.00014498767158598882
-0.00012669320404099703
-0.00010924409605720397
-9.2761938064254043e-05
-7.7338642404934041e-05
-6.3035689205094629e-05
-4.9885001699459801e-05
-3.7891247409833343e-05
-2.7035193934058561e-05
-1.7277772973056809e-05
-8.5644877876439693e-06
-8.2982481027167945e-07
5.9986120205941034e-06
1.1996451169334919e-05
1.7239514929446876e-05
2.180144491609659e-05
2.5751981390721138e-05
2.9155839368334022e-05
3.2072094669207675e-05
3.4553978886818655e-05
3.6648980834795028e-05
3.8399159835062865e-05
3.9841589683268652e-05
4.1008868177727935e-05
4.1929643411880393e-05
4.2629122876450261e-05
4.3129544044847103e-05
4.3450595001664996e-05
4.360978100167564e-05
4.3622737862982821e-05
4.350349614958035e-05
4.3264701771195921e-05
4.2917799230353898e-05
4.2473183628419197e-05
4.1940327068225369e-05
4.1327884373978515e-05
4.0643782293417732e-05
3.9895295567308736e-05
3.9089112639528379e-05
3.8231393141794951e-05
3.7327818902071631e-05
3.6383639790817222e-05
3.5403715493387587e-05
3.4392554087004867e-05
3.3354348190713857e-05
3.2293009347876189e-05
3.1212201352705151e-05
3.0115373164288765e-05
2.900579222027077e-05
2.7886578992123333e-05
2.6760743793328592e-05
2.563122707811328e-05
2.450094466185218e-05
2.3372839618533302e-05
2.2249942967224476e-05
2.1135445659015212e-05
2.0032784911480572e-05
1.8945748493909948e-05
1.7878601212550461e-05
1.683623861153148e-05
1.5824373889792126e-05
1.4849765425031928e-05
1.3920491605041462e-05
1.3046283656680018e-05
-0.00035962824188254689
-0.00034057715269593782
-0.00032047627234184036
-0.00029947911366412435
-0.00027777626953848569
-0.00025558755202570319
-0.00023315303064274059
-0.00021072315677787636
-0.00018854845551316039
-0.00016687008426337772
-0.00014591056206482431
-0.00012586585629192893
-0.00010689940802478342
-8.9138262815385421e-05
-7.2671308763955683e-05
-5.7549702086543939e-05
-4.3789218279084807e-05
-3.1374142699976748e-05
-2.0262246366884084e-05
-1.0390359476931372e-05
-1.6800770179135347e-06
5.9568023172300568e-06
1.2613407756563329e-05
1.838369560439844e-05
2.3359209485248881e-05
2.7626705955902652e-05
3.1266581532802905e-05
3.4351992089270148e-05
3.6948532540465928e-05
3.9114339916126346e-05
4.0900491574437817e-05
4.2351587521117743e-05
4.3506427069622416e-05
4.4398712135928952e-05
4.5057729757387561e-05
4.5508983831095969e-05
4.5774759713603136e-05
4.5874615604060907e-05
4.5825801523560985e-05
4.5643611129710893e-05
4.5341673890694852e-05
4.4932196065905329e-05
4.4426158843681025e-05
4.383348132988672e-05
4.3163155175811104e-05
4.2423356522396556e-05
4.1621539997644907e-05
4.0764518533795049e-05
3.9858532016599873e-05
3.8909307126113105e-05
3.7922110202274918e-05
3.6901794629589523e-05
3.5852843876671072e-05
3.4779411196368737e-05
3.3685356824350646e-05
3.2574283469629711e-05
3.1449570880607886e-05
3.0314410292071851e-05
2.9171839680530946e-05
2.8024780835305856e-05
2.6876079457906734e-05
2.572854974132208e-05
2.4585025104601604e-05
2.3448417166856858e-05
2.2321785390994236e-05
2.1208420378612682e-05
2.0111944265683143e-05
1.9036432398047098e-05
1.7986561175626683e-05
1.6967787903572395e-05
1.5986569881814047e-05
1.5050629319255387e-05
1.4169274472155988e-05
-0.00036515808260774809
-0.00034228410416832831
-0.00031838772177554938
-0.00029372446683825011
-0.00026857947789846903
-0.00024325584109370011
-0.0002180622091905849
-0.00019330080743611827
-0.00016925545905151831
-0.00014618068019950538
-0.00012429323204866786
-0.00010376605362178245
-8.4724973691319722e-05
-6.7248245791901905e-05
-5.1368697348052777e-05
-3.7078066760017571e-05
-2.4332958464340894e-05
-1.3061777971031787e-05
-3.1720167164698144e-06
5.44267049422689e-06
1.2896034429859303e-05
1.930374482804257e-05
2.4779004904588425e-05
2.9429298259442045e-05
3.3354201116209996e-05
3.66441258636889e-05
3.9379825393370504e-05
4.1632477234159631e-05
4.3464175391957166e-05
4.4928679380305493e-05
4.6072297877743944e-05
4.6934813977823087e-05
4.7550386500329527e-05
4.7948385571289776e-05
4.815413946213772e-05
4.8189583741846692e-05
4.8073813425198901e-05
4.7823544871685869e-05
4.7453497453783035e-05
4.697670629004089e-05
4.6404777308606212e-05
4.5748095019139729e-05
4.5015992146835589e-05
4.421688887888384e-05
4.3358408061975432e-05
4.2447471534840832e-05
4.1490381615644789e-05
4.0492890971935856e-05
3.9460263341857962e-05
3.8397327063795065e-05
3.7308522951959883e-05
3.6197947778390796e-05
3.5069394412619304e-05
3.3926389557489992e-05
3.2772229978687092e-05
3.1610018099032409e-05
3.0442697936545801e-05
2.9273092404008855e-05
2.8103943199519347e-05
2.6937954711384218e-05
2.5777843582430375e-05
2.4626395961260461e-05
2.3486534812041578e-05
2.2361400158342288e-05
2.1254445634351018e-05
2.0169555358239752e-05
1.9111185993670939e-05
1.8084539622710108e-05
1.7095774160787872e-05
1.6152258383383127e-05
1.5262881625005849e-05
-0.00041672309206682229
-0.00039194344378842589
-0.00036575292857814548
-0.00033844180739486237
-0.00031034205578788784
-0.00028181414612984745
-0.00025323276543303097
-0.00022497122453149807
-0.00019738648057431919
-0.00017080483936459301
-0.00014550988419633607
-0.00012173353797384053
-9.9650485241597103e-05
-7.9376217454610288e-05
-6.0968579274594766e-05
-4.4432357123523452e-05
-2.9726221341642917e-05
-1.6771205221913037e-05
-5.4598812174352428e-06
4.334533032536842e-06
1.2749763383377312e-05
1.9927204366532439e-05
2.6006032005736746e-05
3.1118781400756358e-05
3.5388326279930022e-05
3.8926099586447046e-05
4.1831338026602511e-05
4.4191113751991798e-05
4.608092447012644e-05
4.7565639823550061e-05
4.8700638187847279e-05
4.9533007211247727e-05
5.0102718398200265e-05
5.0443718118451461e-05
5.0584902991340327e-05
5.055096674793831e-05
5.0363118899362827e-05
5.0039683842018859e-05
4.9596593572784536e-05
4.9047788979387668e-05
4.8405544687546099e-05
4.7680731313925959e-05
4.6883027325478772e-05
4.6021090847531279e-05
4.5102699901773117e-05
4.4134867962312783e-05
4.3123940208319153e-05
4.2075674743484121e-05
4.0995312063514687e-05
3.9887635330447322e-05
3.8757023457988348e-05
3.7607498595516092e-05
3.6442769338814878e-05
3.5266270759885938e-05
3.4081202305613242e-05
3.2890564535715232e-05
3.1697195678731416e-05
3.0503809148544953e-05
2.9313033185075194e-05
2.8127454036317285e-05
2.6949664335235571e-05
2.5782318614995652e-05
2.4628198284028911e-05
2.3490288809715835e-05
2.2371872456366178e-05
2.1276640458671402e-05
2.0208829247800378e-05
1.9173386179287927e-05
1.8176172032782842e-05
1.7224205051950659e-05
1.6325959988073789e-05
-0.00044902674933513023
-0.00042049231860120603
-0.00039040162351589242
-0.00035913316225174679
-0.00032710828825821368
-0.00029477409757270548
-0.0002625850992066935
-0.0002309840813199289
-0.00020038356877513452
-0.00017114951916879056
-0.00014358837921816828
-0.00011793824862125299
-9.4364632051163489e-05
-7.2960784851337871e-05
-5.3752206001212389e-05
-3.6704479253060231e-05
-2.1733440296535414e-05
-8.7165698886173563e-06
2.4954280854764933e-06
1.206773843837746e-05
2.0171879054846832e-05
2.6977866896969858e-05
3.2648256266596861e-05
3.7334003230330383e-05
4.1171968405822515e-05
4.4283785626544664e-05
4.6775789992061268e-05
4.873970421688726e-05
5.0253814197975264e-05
5.1384411390954622e-05
5.2187331047105676e-05
5.2709464664198455e-05
5.2990167984455081e-05
5.3062520339493126e-05
5.2954417076240781e-05
5.2689494645760112e-05
5.2287899292377988e-05
5.1766916480875225e-05
5.1141480656081096e-05
5.0424585050175844e-05
4.9627609793893255e-05
4.8760584400810751e-05
4.7832398233829822e-05
4.6850970180622126e-05
4.5823386504285559e-05
4.4756014024176849e-05
4.3654594142935086e-05
4.2524322034478743e-05
4.1369914292217466e-05
4.0195667601811598e-05
3.9005510465962682e-05
3.7803049573115575e-05
3.6591612165691425e-05
3.5374285599832707e-05
3.4153955162858458e-05
3.2933341242497995e-05
3.1715036957970705e-05
3.0501547513761703e-05
2.929533261688994e-05
2.809885363208283e-05
2.6914627337628602e-05
2.5745288537852714e-05
2.4593664235015129e-05
2.3462862538393069e-05
2.2356380160787948e-05
2.12782329232299e-05
2.0233114570690765e-05
1.9226589775324435e-05
1.8265330737232725e-05
1.7357402141039933e-05
-0.00051399015858740859
-0.00048312661077457074
-0.00045018199596747079
-0.00041557820807581835
-0.00037979808989543846
-0.00034336628250827611
-0.00030682756678611036
-0.00027072322609656227
-0.00023556754798827141
-0.0002018261942186506
-0.00016989808181154333
-0.00014010209426614054
-0.00011266946453163172
-8.7742072309384718e-05
-6.5376290127674888e-05
-4.5551492935886775e-05
-2.8181984103252e-05
-1.3130922830959118e-05
-2.2486261765382543e-07
1.0732305998109555e-05
1.9946926716586392e-05
2.7625248890306487e-05
3.3965462533345599e-05
3.9152087222517512e-05
4.3352503309281392e-05
4.6715288637498663e-05
4.9369968459939869e-05
5.1427785959203848e-05
5.298313852623734e-05
5.4115384111616814e-05
5.4890789094137686e-05
5.5364454149296559e-05
5.5582111756045584e-05
5.5581735028151485e-05
5.539493227508049e-05
5.5048125693387799e-05
5.4563527849639106e-05
5.3959937972589528e-05
5.3253383528063061e-05
5.2457632691471909e-05
5.158460149716631e-05
5.0644676625595205e-05
4.9646971541614227e-05
4.85995305352453e-05
4.7509492378153903e-05
4.6383222794950802e-05
4.5226422916368088e-05
4.4044219229383339e-05
4.2841239261108002e-05
4.1621676244392054e-05
4.0389345267632771e-05
3.9147732915860417e-05
3.7900041984992475e-05
3.6649232661153148e-05
3.5398061369158354e-05
3.4149118462578479e-05
3.2904865925626744e-05
3.166767633882975e-05
3.0439874506762789e-05
2.9223783315601732e-05
2.8021775721196718e-05
2.6836334987451717e-05
2.5670125834211713e-05
2.4526079554603338e-05
2.340749681141047e-05
2.2318172464676792e-05
2.1262547434992297e-05
2.0245893601110497e-05
1.92745399057527e-05
1.8356146389207561e-05
-0.00058713236824693184
-0.0005540313523914902
-0.00051823084248868445
-0.00048018936016168748
-0.00044044875281075625
-0.00039961361921874729
-0.000358326237203964
-0.00031723836079099491
-0.00027698193551024461
-0.00023814101472806917
-0.00020122714642958634
-0.00016666019176157936
-0.00013475596637405179
-0.00010572134204952514
-7.9656631645348247e-05
-5.6564338434531582e-05
-3.6362792788516898e-05
-1.8902891873471062e-05
-3.9861155779525511e-06
8.6178205209947773e-06
1.9154964982020529e-05
2.7873644783911616e-05
3.5013924895519979e-05
4.0800069332351664e-05
4.5435776167848093e-05
4.9101777027693405e-05
5.1955304605671795e-05
5.413092132485753e-05
5.5742245399987084e-05
5.6884184841315471e-05
5.7635376524069037e-05
5.8060612580089678e-05
5.8213111666051859e-05
5.8136553682504752e-05
5.7866842502480207e-05
5.743359329021656e-05
5.68613612223903e-05
5.6170639697396412e-05
5.5378660675260252e-05
5.4500030189621307e-05
5.3547229653131243e-05
5.25310099528202e-05
5.146070114441433e-05
5.0344456448807487e-05
4.9189445561834396e-05
4.8002009043145971e-05
4.678778292570489e-05
4.5551800555202084e-05
4.4298576999168126e-05
4.3032180087573703e-05
4.1756291200119734e-05
4.0474258242668033e-05
3.9189142694753339e-05
3.7903762359282845e-05
3.6620731155552727e-05
3.5342497238123006e-05
3.4071380678099252e-05
3.2809611965751881e-05
3.155937276087398e-05
3.0322840426306769e-05
2.9102238174136263e-05
2.7899892951145675e-05
2.671830354307452e-05
2.5560221934433754e-05
2.4428751433819947e-05
2.33274658186317e-05
2.2260554391511597e-05
2.1232998756156205e-05
2.0250788838045484e-05
1.932118551633415e-05
-0.00066855301141098501
-0.000633391937533438
-0.00059481863956903727
-0.00055331739197068454
-0.00050948258098214695
-0.00046399747048300115
-0.0004176063560544921
-0.00037108168596552743
-0.00032518839805172333
-0.00028064830392759537
-0.00023810751984285582
-0.00019810971233712713
-0.00016107731075069707
-0.00012730192147299572
-9.6944114423707297e-05
-7.0041722712071004e-05
-4.6524967871889653e-05
-2.6236209177292679e-05
-8.9519574152064442e-06
5.5950386402452247e-06
1.7695414701960386e-05
2.7645761761184493e-05
3.5734816942929809e-05
4.2233439081433593e-05
4.7388140036183313e-05
5.1417682887635842e-05
5.4512126167468816e-05
5.6833666105000777e-05
5.851867663268155e-05
5.9680438781656162e-05
6.0412161893128715e-05
6.0790009409555924e-05
6.0875940362352598e-05
6.0720257710250216e-05
6.0363815209611429e-05
5.9839876550277357e-05
5.9175647333568979e-05
5.8393515208046224e-05
5.7512039737357408e-05
5.6546734025291392e-05
5.5510677228129941e-05
5.4414992298780103e-05
5.3269218034803226e-05
5.2081599188391976e-05
5.085931364327198e-05
4.9608651566680218e-05
4.8335158040243202e-05
4.7043747955367303e-05
4.573879985217872e-05
4.4424233725666141e-05
4.3103576642424549e-05
4.1780019077750999e-05
4.0456464284864393e-05
3.9135572509955693e-05
3.7819801644776227e-05
3.6511445656442674e-05
3.5212672128844627e-05
3.3925560233134004e-05
3.2652140486518406e-05
3.1394437920157153e-05
3.0154520345012842e-05
2.8934553834609123e-05
2.7736867825163609e-05
2.6564032706097882e-05
2.5418953357474856e-05
2.4304982638814447e-05
2.3226059685858819e-05
2.2186878668293626e-05
2.1193095010197929e-05
2.0251576331524937e-05
-0.0007581189433840638
-0.000721164493245708
-0.00067999492543667646
-0.00063510491188844512
-0.00058713021813980629
-0.00053682704772291603
-0.00048504236795116659
-0.00043267665835941397
-0.00038064155173726875
-0.00032981572555522843
-0.00028100286356528653
-0.00023489544880417467
-0.00019204754494821536
-0.00015285865411403967
-0.00011756938909404739
-8.626830812964827e-05
-5.890807018475563e-05
-3.5328259452483245e-05
-1.5281885623460836e-05
1.5373241979329499e-06
1.5469262556432772e-05
2.6865154510376367e-05
3.6069655913943314e-05
4.3407669079250195e-05
4.9175669104504566e-05
5.3636968863831536e-05
5.702015552366413e-05
5.9519878749530523e-05
6.1299220914984152e-05
6.2492992170559467e-05
6.3211433344536634e-05
6.3543951524304876e-05
6.3562640373990094e-05
6.3325441296528461e-05
6.2878880335245948e-05
6.2260370623387723e-05
6.1500105087553382e-05
6.0622583574155122e-05
5.9647826627631471e-05
5.8592329008521291e-05
5.7469802281277865e-05
5.6291749830997803e-05
5.5067910892363022e-05
5.3806603439545585e-05
5.2514989793075686e-05
5.1199283552044341e-05
4.9864912194101785e-05
4.8516646243297517e-05
4.7158703243257306e-05
4.5794832706903535e-05
4.4428386707735924e-05
4.3062379618280755e-05
4.1699539709100004e-05
4.0342354754585355e-05
3.8993113390808689e-05
3.7653943744924826e-05
3.6326850709477713e-05
3.5013753244234454e-05
3.3716523111614288e-05
3.2437026543095807e-05
3.1177170614229257e-05
2.9938956307204896e-05
2.8724540573684653e-05
2.753631022180092e-05
2.6376970874310782e-05
2.5249654929797174e-05
2.4158053150844299e-05
2.3106575357435305e-05
2.2100547477162436e-05
2.1146450074432524e-05
-0.00085544309953352704
-0.0008170477089224624
-0.00077355366711034002
-0.00072544622935154267
-0.00067338634605451858
-0.00061819228290813457
-0.00056080948301333072
-0.00050226974712459327
-0.00044364225115359342
-0.00038598022544273372
-0.00033026799442007924
-0.00027737331071404941
-0.00022800941800773492
-0.00018271009572052202
-0.0001418192807170489
-0.00010549503566109406
-7.37259743169616e-05
-4.6357036948128053e-05
-2.3120889481741475e-05
-3.6712131075170165e-06
1.238535097497022e-05
2.5461016781930879e-05
3.5963900531501766e-05
4.4280877622379008e-05
5.0766100635835624e-05
5.5734523824294886e-05
5.9459498153806286e-05
6.2173410348436019e-05
6.4070388831752808e-05
6.5310235284020101e-05
6.6022916173642064e-05
6.6313129191066902e-05
6.6264622558271903e-05
6.5944079145561081e-05
6.5404478858829623e-05
6.4687923670565339e-05
6.3827954750713301e-05
6.2851416217006849e-05
6.1779930662222545e-05
6.063105269208405e-05
5.9419162145734686e-05
5.8156151083369756e-05
5.6851950102515226e-05
5.55149311367118e-05
5.4152216275726412e-05
5.276991561755028e-05
5.137331184279588e-05
4.9967004877133485e-05
4.8555026686768753e-05
4.7140933723851831e-05
4.5727882601413373e-05
4.4318693227068873e-05
4.2915902549111604e-05
4.152181140625444e-05
4.0138526453603497e-05
3.8767998820204039e-05
3.7412061005961771e-05
3.6072463394665179e-05
3.4750911829073873e-05
3.344910774191209e-05
3.2168792576677141e-05
3.0911798381175986e-05
2.9680106876149319e-05
2.8475919626900982e-05
2.7301742519603893e-05
2.6160488256594305e-05
2.5055601393066676e-05
2.3991211208663417e-05
2.2972318134349132e-05
2.2005023727154546e-05
-0.00095988090335947238
-0.0009204708023276923
-0.00087501294561181215
-0.0008239593537619031
-0.00076797499655254691
-0.00070792378810114712
-0.00064483985372497615
-0.00057988449714024772
-0.00051429117594051861
-0.00044930263224640362
-0.0003861057532265113
-0.00032577042171449787
-0.00026919835550305755
-0.00021708671665366725
-0.00016990930766719474
-0.00012791583892076821
-9.1147502247974533e-05
-5.9465322515335789e-05
-3.258674064137967e-05
-1.0125675843708338e-05
8.3681864561452625e-06
2.3374158836919021e-05
3.5371457432506116e-05
4.4817175631394154e-05
5.2131284610878782e-05
5.7687930521456097e-05
6.1811900994261128e-05
6.4778989255946347e-05
6.6819027956584068e-05
6.812052653984183e-05
6.8836063997822845e-05
6.9087816392400552e-05
6.8972805536939849e-05
6.8567625917536533e-05
6.7932536460527598e-05
6.7114894310539599e-05
6.6151965357231785e-05
6.5073178225948003e-05
6.3901902153280584e-05
6.265683064986995e-05
6.1353047148032474e-05
6.0002839462556772e-05
5.861631921319934e-05
5.720189189008316e-05
5.5766613795359287e-05
5.4316464021951674e-05
5.2856552987388109e-05
5.1391283765858714e-05
4.9924478368591455e-05
4.8459477969053969e-05
4.6999223763334456e-05
4.5546323424102428e-05
4.4103106888676242e-05
4.2671674271018534e-05
4.1253938205543148e-05
3.9851662369110402e-05
3.8466497829340123e-05
3.7100018652951702e-05
3.5753758202586464e-05
3.4429247678162842e-05
3.3128058498006351e-05
3.1851850425121387e-05
3.0602427626370664e-05
2.9381805180893584e-05
2.8192289121698049e-05
2.7036573565192079e-05
2.5917859256347179e-05
2.4839998630112601e-05
2.3807673346646667e-05
2.2826612204784119e-05
-0.0010705473876261662
-0.0010306015529815277
-0.00098361347188752053
-0.00092997504719694089
-0.00087032969182392343
-0.00080556512231818775
-0.00073678838988693908
-0.00066528257855052759
-0.00059244692493713854
-0.00051972458279447961
-0.00044852439348135812
-0.000380144349547196
-0.00031570459442896654
-0.00025609667059340474
-0.00020195349266849055
-0.00015364162522978005
-0.00011127447579186125
-7.474254233622096e-05
-4.3755284244413885e-05
-1.788867036635713e-05
3.3670966747668434e-06
2.056404875590052e-05
3.4260008000987243e-05
4.4990633930005997e-05
5.3250094777583446e-05
5.9479571907466993e-05
6.4062257036635748e-05
6.7323283840784107e-05
6.9533066826672912e-05
7.0912710425316165e-05
7.1640419076920625e-05
7.1858123064325266e-05
7.1677794992157186e-05
7.1187147039862228e-05
7.0454562573362881e-05
6.9533230056335445e-05
6.8464519843570304e-05
6.7280684825535777e-05
6.6006983137354138e-05
6.4663323197541511e-05
6.326552432809632e-05
6.182627455466828e-05
6.0355854109754467e-05
5.8862680162210381e-05
5.7353716772704529e-05
5.5834784090021251e-05
5.4310792771209099e-05
5.278592307934189e-05
5.1263763212983671e-05
4.9747417546581468e-05
4.8239592696173021e-05
4.6742667213363932e-05
4.525874922186982e-05
4.3789725252224633e-05
4.2337302764678682e-05
4.0903048385259522e-05
3.9488423530484825e-05
3.8094818977127934e-05
3.6723589785205151e-05
3.5376092133350782e-05
3.405372363106278e-05
3.2757968958760902e-05
3.1490452917721521e-05
3.0253003318808857e-05
2.9047726653908674e-05
2.7877099972122805e-05
2.6744083083621139e-05
2.5652256003718571e-05
2.4605987462379754e-05
2.3610641641874852e-05
-0.0011863558912690883
-0.0011463762317015054
-0.0010983386680830283
-0.0010425464520310353
-0.00097959256248577784
-0.00091036191975756421
-0.00083601295063089043
-0.00075793653623381447
-0.00067769311944046494
-0.00059693191596278726
-0.00051729917958835984
-0.00044034465580644898
-0.00036743615749763105
-0.00029969132850210533
-0.00023793323377628532
-0.00018267292053403958
-0.00013411827636692069
-9.2205147381240745e-05
-5.6644372089530393e-05
-2.6977419174361687e-05
-2.6336319437954076e-06
1.7016640648013932e-05
3.2616948540528743e-05
4.4789717222322664e-05
5.4111688042052583e-05
6.1098993808835658e-05
6.6200297003509524e-05
6.9796101502410515e-05
7.2202358710461885e-05
7.3676709440523964e-05
7.442602861509568e-05
7.461429072804838e-05
7.4370097529339539e-05
7.3793477796190053e-05
7.2961773059532412e-05
7.1934565842048678e-05
7.0757697483628051e-05
6.9466472913342711e-05
6.8088171236757496e-05
6.6643983605446934e-05
6.5150491226105174e-05
6.3620782207964623e-05
6.2065289839289826e-05
6.0492419134141148e-05
5.8909014413796465e-05
5.7320708640344423e-05
5.5732185415463041e-05
5.4147376819396692e-05
5.2569614222100547e-05
5.1001744698105287e-05
4.9446222231682791e-05
4.7905180510449093e-05
4.6380492219332208e-05
4.487381856183776e-05
4.3386651772285795e-05
4.1920352861745857e-05
4.0476186356025524e-05
3.905535367551439e-05
3.7659026570898158e-05
3.628838218089855e-05
3.494464122627446e-05
3.3629111130270967e-05
3.2343236078897667e-05
3.1088656356359323e-05
2.9867279711141917e-05
2.8681368102924134e-05
-0.0013060761436551203
-0.0012665503283482635
-0.001217956349400302
-0.0011604804301684943
-0.0010946345725972723
-0.0010212708402834723
-0.00094157249647249604
-0.00085701821162896454
-0.00076931864737170047
-0.00068032862026872203
-0.0005919420668428465
-0.00050598030580450472
-0.00042408580469969185
-0.00034763328546459572
-0.00027766751859794025
-0.00021487306637574531
-0.00015957644776359059
-0.00011177674498799429
-7.1197413050446144e-05
-3.7350457729591799e-05
-9.6042279160160703e-06
1.2752536156104663e-05
3.0455599816306984e-05
4.422192689088274e-05
5.4718921234263123e-05
6.2545384377894346e-05
6.8222367484783338e-05
7.2191652462533234e-05
7.4819575111482339e-05
7.640415556699613e-05
7.7183893672059405e-05
7.7347015956920372e-05
7.7040358905175254e-05
7.6377404072886917e-05
7.54452323083051e-05
7.4310340038143542e-05
7.3023372002117948e-05
7.1622886545032589e-05
7.0138295919335014e-05
6.8592127230068681e-05
6.7001739229068303e-05
6.5380612950285987e-05
6.3739314670467506e-05
6.2086210789622033e-05
6.0427997160753067e-05
5.8770091032848497e-05
5.7116922090384001e-05
5.5472149727688229e-05
5.3838826647448872e-05
5.2219523437601649e-05
5.0616424821424754e-05
4.9031405304314611e-05
4.7466089913592823e-05
4.5921904136773198e-05
4.440011622488661e-05
4.2901874202037902e-05
4.1428239586142792e-05
3.9980219393827975e-05
3.8558798012513911e-05
3.7164970379320787e-05
3.5799778004575776e-05
3.4464349591178503e-05
3.315994810991943e-05
3.1888026613604736e-05
3.0650295447497501e-05
2.9448803961086608e-05
-0.0013897656324182524
-0.0013410787562221789
-0.0012823886420337553
-0.0012140961588146695
-0.0011369888500448227
-0.0010522447574155185
-0.00096140523368094485
-0.0008663140484944195
-0.00076902469707455865
-0.00067168296367282909
-0.0005763963901479534
-0.0004851052221051536
-0.00039946981265787037
-0.00032078711277839779
-0.00024994423991667506
-0.00018741125992551491
-0.00013326957154312821
-8.7267834449617656e-05
-4.8894952235057369e-05
-1.7459337303822765e-05
7.8348436839999411e-06
2.7821199193357294e-05
4.3318285199028511e-05
5.5091651947456359e-05
6.382996997729529e-05
7.0133150786389831e-05
7.450977524479791e-05
7.7381076649764792e-05
7.9089011161913571e-05
7.9906416444125864e-05
8.0047778542763747e-05
7.9679611140235241e-05
7.892985451030895e-05
7.7896007965389525e-05
7.6651923342519463e-05
7.5253322215818025e-05
7.3742174214606933e-05
7.2150105508376116e-05
7.0501010289105324e-05
6.8813025429428372e-05
6.7100007811499783e-05
6.5372630523584391e-05
6.3639191458178188e-05
6.1906207710419245e-05
6.0178852057923782e-05
5.8461273992327228e-05
5.6756836869695277e-05
5.5068294335781017e-05
5.3397922964528417e-05
5.1747623267122e-05
5.0118997958907782e-05
4.8513413815643794e-05
4.6932051794750222e-05
4.5375948849735834e-05
4.3846034027444965e-05
4.2343160948130221e-05
4.0868138339469467e-05
3.9421760205050285e-05
3.8004837050838423e-05
3.6618229727078405e-05
3.5262887507515798e-05
3.3939892228563914e-05
3.2650510678370794e-05
3.139625769861691e-05
3.0178973060165153e-05
-0.001514626026651608
-0.0014662343507305883
-0.0014067530373686032
-0.0013364443427190779
-0.0012560003191556049
-0.0011665622814998971
-0.0010697056873753448
-0.00096738519543222647
-0.00086183990302225548
-0.00075546509867566386
-0.000650663001122061
-0.00054968940333446003
-0.00045451465513159502
-0.00036671544637772627
-0.00028740876411837367
-0.00021723240166522786
-0.00015636916164189915
-0.00010460600521349058
-6.1415906899889422e-05
-2.6049372301298806e-05
2.3759353715745175e-06
2.4796057418752388e-05
4.213719186179462e-05
5.5269573379521152e-05
6.4978070375129024e-05
7.1947140556693069e-05
7.6756991352305783e-05
7.9887668193808528e-05
8.1728114634655529e-05
8.2587801526606778e-05
8.2709144124912482e-05
8.2279508061273028e-05
8.144209019738256e-05
8.0305328842099409e-05
7.895075407249895e-05
7.7439350609270419e-05
7.5816594495668155e-05
7.411636237200799e-05
7.2363916207952562e-05
7.0578151224536353e-05
6.8773270027661689e-05
6.6960018400783565e-05
6.514659150098757e-05
6.3339295482112544e-05
6.1543029588237503e-05
5.9761637608096034e-05
5.7998164880637548e-05
5.625504736883401e-05
5.453425199814539e-05
5.2837382103079777e-05
5.1165757915924244e-05
4.9520479237111434e-05
4.7902475414747666e-05
4.6312546418105261e-05
4.4751397819287704e-05
4.3219671827388427e-05
4.1717976232354965e-05
4.0246912752550226e-05
3.8807106268779525e-05
3.7399236430708323e-05
3.6024073207402982e-05
3.4682518150765476e-05
3.3375653404492348e-05
3.2104800884431517e-05
3.0871594421012896e-05
-0.0016397719525994094
-0.0015919420497802123
-0.0015319974451132117
-0.0014600392708359986
-0.0013766363333660553
-0.0012828627849352557
-0.0011802983877829347
-0.0010709830952424922
-0.00095732340875737999
-0.00084195550768402549
-0.0007275780014416698
-0.00061677343194142071
-0.00051184062730648481
-0.00041465870493219577
-0.00032659812512108157
-0.00024848602922967567
-0.00018062419010995168
-0.00012285031948843078
-7.4628679942193157e-05
-3.5154461541918307e-05
-3.457817601332853e-06
2.1503164389838094e-05
4.0767107064113134e-05
5.5314174544914315e-05
6.6030512776561951e-05
7.3689655811643671e-05
7.8947234210522573e-05
8.2345129283483128e-05
8.4321575162246424e-05
8.522435897361938e-05
8.5325005591372905e-05
8.483252483968166e-05
8.3905875141498796e-05
8.2664734372553077e-05
8.119847161834784e-05
7.957340386235078e-05
7.7838525595065608e-05
7.6029942750146097e-05
7.4174246625982384e-05
7.2291045239181422e-05
7.0394840457837959e-05
6.8496406897668042e-05
6.6603797469224255e-05
6.4723072912879941e-05
6.2858829549652969e-05
6.1014580821794146e-05
5.9193033695218505e-05
5.7396289805639133e-05
5.5625992976877633e-05
5.388343859165453e-05
5.2169655863553227e-05
5.0485470925182309e-05
4.8831556344102406e-05
4.7208471191804215e-05
4.5616694652787615e-05
4.4056655496524376e-05
4.2528759250675911e-05
4.1033414658257653e-05
3.9571060855058776e-05
3.814219673242562e-05
3.6747413973502646e-05
3.5387435495337639e-05
3.4063161197113846e-05
3.2775723305790266e-05
3.1526554052986164e-05
)
;

boundaryField
{
    hotWall
    {
        type            fixedFluxPressure;
        gradient        nonuniform List<scalar> 0();
        value           nonuniform List<scalar> 0();
    }
    coldWall
    {
        type            fixedFluxPressure;
        gradient        nonuniform List<scalar> 0();
        value           nonuniform List<scalar> 0();
    }
    bottomWall
    {
        type            fixedFluxPressure;
        gradient        nonuniform List<scalar> 0();
        value           nonuniform List<scalar> 0();
    }
    topWall
    {
        type            fixedFluxPressure;
        gradient        nonuniform List<scalar> 0();
        value           nonuniform List<scalar> 0();
    }
    front
    {
        type            empty;
    }
    back
    {
        type            empty;
    }
    procBoundary4to1
    {
        type            processor;
        value           nonuniform List<scalar> 
15
(
-5.8732850503882019e-06
-4.4609781094015743e-06
-3.0622295568074339e-06
-1.678162921324785e-06
-3.0992473299507395e-07
1.041318021252266e-06
2.374380605853029e-06
3.6880634628230819e-06
4.9811553727708408e-06
6.2524368703882415e-06
7.5006839661819212e-06
8.7246721814280467e-06
9.9231809421987578e-06
1.1094998374582763e-05
1.2238926527590741e-05
)
;
    }
    procBoundary4to2
    {
        type            processor;
        value           nonuniform List<scalar> 4(-3.6612783675482141e-06 -4.665134805088008e-06 -5.6173323858182631e-06 -6.5015200962706672e-06);
    }
    procBoundary4to3
    {
        type            processor;
        value           nonuniform List<scalar> 
30
(
-0.00020541947184725778
-0.00022319837046733449
-0.00023108567138640951
-0.00023108567138640951
-0.00025469921183370064
-0.00028228990096086176
-0.00029903708927905967
-0.00029903708927905967
-0.00033545749551605164
-0.00037751965319637848
-0.00040702309267758789
-0.00038679375225388762
-0.00038679375225388762
-0.00043985426194622084
-0.00047568356947654981
-0.00047568356947654981
-0.00054242686249954123
-0.00061717379846105644
-0.00069994165060884559
-0.00079051603162693946
-0.00088843720406315294
-0.0009930046518936606
-0.0011033024269742708
-0.0012182451691290842
-0.0013366416214613947
-0.0014284062501395197
-0.0014284062501395197
-0.0015520501423594254
-0.0016757900626977813
-0.0017639424571217845
)
;
    }
    procBoundary4to5
    {
        type            processor;
        value           nonuniform List<scalar> 
84
(
1.3353787055035614e-05
1.4438427452850108e-05
1.5491727843556965e-05
1.6512608393537417e-05
1.7500037413683769e-05
1.8453040199986631e-05
1.937070871486426e-05
2.0252212137209554e-05
2.1096808399384267e-05
2.1903856690455453e-05
2.7533643719687033e-05
2.6427418984963748e-05
2.5366756189852124e-05
2.2672831076001541e-05
2.4356663473179288e-05
2.7533643719687033e-05
2.8286040516865165e-05
2.9000915648819465e-05
2.9678068358043251e-05
-0.0017167770305950225
-0.001656554979914917
-0.0015832008210990491
-0.0014971380736747419
-0.001399347090856916
-0.0012913836004565663
-0.0011753462208438511
-0.0010537872649086133
-0.00092956984227528586
-0.00080568396712203899
-0.00068504276705662391
-0.00057028466802244205
-0.00046360710676210376
-0.00036665179596733275
-0.00028045223092128968
-0.00020544339855201347
-0.00014152413709048474
-8.8156258404308274e-05
-4.4482202288368177e-05
-9.4442966249342367e-06
1.8107487323689633e-05
3.9327481546627312e-05
5.5309391461637108e-05
6.7044085167288685e-05
7.5397162364338266e-05
8.110208792549685e-05
8.476440427724943e-05
8.6872936030992669e-05
8.7814653618562211e-05
8.789072495057906e-05
8.7332095137445322e-05
8.6313609153127217e-05
8.4966202644778141e-05
8.3387038644997961e-05
8.1647688304500933e-05
7.9800573333475695e-05
7.7883936853488829e-05
7.5925613469508431e-05
7.3945847455749602e-05
7.1959374069977664e-05
6.9976941419131096e-05
6.8006414527423494e-05
6.6053571640371173e-05
6.4122676376275226e-05
6.2216888205914934e-05
6.0338557158733718e-05
5.8489436122150785e-05
5.6670834756092487e-05
5.4883732116737266e-05
5.3128860188528984e-05
5.140676693583224e-05
4.9717865009518629e-05
4.8062470528867369e-05
4.6440835100474493e-05
4.4853173553655821e-05
4.3299689232326417e-05
4.1780598477283854e-05
4.0296155700485506e-05
3.8846680507303015e-05
3.7432588263735917e-05
3.605442577179202e-05
3.4712913875771657e-05
3.340899916426975e-05
3.0317468865627284e-05
3.2143917335368129e-05
)
;
    }
    procBoundary4to7
    {
        type            processor;
        value           nonuniform List<scalar> 
29
(
-5.3620213086072162e-05
-4.9785319286116608e-05
-4.6076110838031736e-05
-4.2487945744158309e-05
-3.9017697456621234e-05
-3.5663457656345574e-05
-5.8958776037103495e-05
-6.0393062396459272e-05
-6.1907919700146364e-05
-6.3525933748869714e-05
-0.00010545935211558788
-9.8968065365676513e-05
-9.2771813541113162e-05
-8.6837932399531006e-05
-8.1140152474630428e-05
-7.5657561961843756e-05
-7.037371024007499e-05
-6.5275837004724686e-05
-6.5275837004724686e-05
-0.00011649116187946332
-0.00011649116187946332
-0.00012900127372962556
-0.00013460472703699609
-0.00014094112092364095
-0.00014816653910869825
-0.00015646736098197554
-0.00016606415750940843
-0.00017721529211362069
-0.00019021985702271052
)
;
    }
    procBoundary4to9
    {
        type            processor;
        value           nonuniform List<scalar> 
68
(
-3.2805115055639748e-05
-3.317135567624115e-05
-3.3527612683925979e-05
-3.3880132596441193e-05
-3.4237315373521478e-05
-3.4610385700700046e-05
-3.5014254100767819e-05
-3.5014254100767819e-05
-3.0845121354623934e-05
-2.6857154808409517e-05
-2.305004080897796e-05
-1.942336624928686e-05
-1.5976555443170439e-05
-1.2708813847953514e-05
-9.619092599915795e-06
-6.7060583272569104e-06
-3.9680730954987657e-06
-1.4031822403731747e-06
9.908907000319279e-07
3.2167424976327463e-06
5.2772827823578552e-06
7.1757212255958961e-06
8.9155500649304148e-06
1.0500522659539784e-05
1.1934628882686022e-05
1.3222068110636324e-05
-1.2377948736473019e-06
1.5757934300593985e-05
1.3683043568270096e-07
1.7222726837877119e-05
1.7222726837877119e-05
1.8254012892545577e-05
1.914407785967347e-05
1.9898688100094761e-05
2.052360809423623e-05
2.1024575624905709e-05
2.1407278845555326e-05
2.167733550608519e-05
2.1840274528029145e-05
2.190152002628132e-05
2.1866377828963761e-05
2.1740024460897353e-05
2.1527498546297919e-05
2.1233694518044575e-05
2.0863358555649991e-05
2.0421086620824022e-05
1.9911324533063102e-05
1.9338369983139222e-05
1.8706376513726518e-05
1.8019359474302655e-05
1.7281204055778096e-05
1.6495675648532098e-05
1.5666432776604425e-05
1.479704310517839e-05
1.3891003087357748e-05
1.2951762046534944e-05
1.1982751728958732e-05
1.0987422563763863e-05
9.9692882821903207e-06
8.9319807738948105e-06
7.8793174877598899e-06
6.8153842518964105e-06
5.7446373237978466e-06
4.6720275870013423e-06
3.603152875814024e-06
2.5444428562252229e-06
1.5033832083953604e-06
1.5033832083953604e-06
)
;
    }
}


// ************************************************************************* //
