/*--------------------------------*- C++ -*----------------------------------*\
  =========                 |
  \\      /  F ield         | OpenFOAM: The Open Source CFD Toolbox
   \\    /   O peration     | Website:  https://openfoam.org
    \\  /    A nd           | Version:  13
     \\/     M anipulation  |
\*---------------------------------------------------------------------------*/
FoamFile
{
    format      ascii;
    class       volScalarField;
    location    "1.471581902843814";
    object      T;
}
// * * * * * * * * * * * * * * * * * * * * * * * * * * * * * * * * * * * * * //

dimensions      [0 0 0 1 0 0 0];

internalField   nonuniform List<scalar> 
2154
(
300.00000002524229
300.00000002991686
300.00000003466943
300.00000003950998
300.00000004444888
300.00000004949669
300.00000005466387
300.0000000599602
300.00000006539386
300.00000007096935
300.00000007668439
300.00000008252317
300.0000000884466
300.00000009437321
300.00000010014838
300.00000010549081
300.000000109903
300.00000011252195
300.00000011187132
300.00000010545529
300.00000008909677
300.00000005586827
299.99999999438057
299.99999988606714
299.9999997009117
299.99999939079061
300.00000002448127
300.00000002902226
300.00000003363874
300.00000003834032
300.00000004313699
300.00000004803888
300.00000005305594
300.00000005819743
300.00000006347068
300.00000006887916
300.00000007441895
300.0000000800722
300.00000008579593
300.00000009150267
300.00000009702779
300.0000001020731
300.00000010611262
300.00000010823533
300.0000001068841
300.00000009942789
300.0000000814639
300.00000004569102
299.99999998010537
299.99999986513535
299.99999966913424
299.99999934135241
300.00000002305904
300.00000002734231
300.00000003169629
300.00000003613002
300.00000004065254
300.00000004527334
300.00000005000129
300.00000005484458
300.00000005980911
300.00000006489643
300.00000007009982
300.00000007539745
300.00000008073971
300.00000008602905
300.00000009108345
300.00000009557601
300.00000009893245
300.00000010016066
300.00000009756724
300.00000008829312
300.00000006755653
300.00000002742905
299.99999995487593
299.9999998286429
299.99999961435662
299.99999925688229
300.00000002096272
300.00000002487099
300.00000002884298
300.00000003288659
300.00000003701001
300.0000000412212
300.00000004552783
300.00000004993632
300.00000005445065
300.00000005906975
300.00000006378315
300.00000006856345
300.00000007335285
300.00000007804005
300.00000008242108
300.00000008613245
300.00000008853874
300.00000008854499
300.0000000842864
300.0000000726173
300.00000004828013
300.00000000256108
299.99999992113652
299.99999978065205
299.99999954333714
299.99999914860302
300.0000000184894
300.00000002195299
300.00000002547188
300.00000002905273
300.00000003270236
300.00000003642731
300.00000004023366
300.00000004412578
300.00000004810522
300.00000005216782
300.0000000562988
300.00000006046457
300.0000000645976
300.00000006857147
300.00000007215749
300.00000007495134
300.00000007624953
300.00000007484368
300.00000006867919
300.00000005429501
300.00000002591065
299.99999997395048
299.99999988267996
299.99999972645054
299.99999946378813
299.99999902817251
300.00000001585948
300.00000001884666
300.00000002188006
300.00000002496489
300.00000002810668
300.00000003131026
300.00000003457978
300.00000003791763
300.00000004132272
300.0000000447875
300.00000004829275
300.000000051798
300.00000005522588
300.0000000584343
300.00000006116903
300.00000006298387
300.00000006310597
300.00000006021162
300.00000005205408
300.00000003485326
300.00000000230159
299.99999994395739
299.99999984267146
299.9999996705015
299.99999938228149
299.99999890559639
300.0000000132078
300.00000001571311
300.00000001825515
300.000000020838
300.00000002346536
300.00000002614058
300.00000002886594
300.0000000316416
300.00000003446371
300.00000003732146
300.00000004019097
300.0000000430253
300.00000004573724
300.00000004816928
300.00000005004279
300.00000005087145
300.00000004981644
300.00000004544421
300.00000003532665
300.00000001538348
299.99999997881287
299.99999991436346
299.99999980356915
299.99999961636013
299.99999930416055
299.99999878913371
300.00000001062403
300.00000001266045
300.00000001472426
300.00000001681798
300.00000001894409
300.00000002110403
300.00000002329841
300.00000002552508
300.00000002777773
300.00000003004214
300.00000003229007
300.00000003446843
300.00000003648097
300.00000003815603
300.00000003919286
300.00000003906888
300.00000003688626
300.00000003111444
300.00000001916487
299.99999999669382
299.99999995646783
299.99999988653235
299.99999976728361
299.99999956682444
299.99999923366755
299.99999868537759
300.00000000816902
300.00000000976218
300.00000001137369
300.00000001300464
300.00000001465611
300.00000001632793
300.00000001801874
300.00000001972461
300.00000002143668
300.00000002313755
300.0000000247951
300.00000002635073
300.00000002770014
300.00000002865954
300.00000002890914
300.00000002789619
300.00000002467368
300.0000000176309
300.00000000404867
299.99999997936982
299.99999993601415
299.99999986146742
299.99999973522762
299.9999995239682
299.999999173947
299.99999859920479
300.00000000588147
300.0000000070653
300.00000000825878
300.00000000946181
300.00000001067389
300.00000001189363
300.00000001311787
300.00000001434074
300.00000001555111
300.00000001672913
300.00000001783889
300.00000001881716
300.000000019553
300.00000001985296
300.00000001938213
300.0000000175645
300.00000001341584
300.00000000526569
299.99999999029876
299.99999996380359
299.99999991795272
299.99999983983884
299.99999970833926
299.99999948915695
299.99999912704789
299.99999853375567
300.00000000378407
300.00000000459687
300.0000000054111
300.00000000622566
300.00000000703881
300.00000000784752
300.00000000864748
300.00000000943078
300.00000001018458
300.00000001088648
300.00000001149778
300.0000000119515
300.00000001213164
300.00000001183747
300.00000001072374
300.00000000819847
300.00000000325315
299.99999999417969
299.99999997810403
299.99999995022353
299.99999990256975
299.99999982201928
299.99999968712274
299.99999946309646
299.99999909398531
299.99999849051841
300.00000000188692
300.00000000236872
300.00000000284444
300.00000000331204
300.00000000376838
300.0000000042096
300.00000000462973
300.00000000501956
300.00000000536448
300.00000000564023
300.00000000580576
300.00000000579155
300.00000000547789
300.00000000465974
300.00000000298576
299.9999999998559
299.99999999425052
299.99999998444594
299.99999996754713
299.99999993872325
299.99999988997092
299.99999980812652
299.99999967170498
299.99999944591275
299.99999907485989
299.99999846951334
300.00000000019151
300.00000000038199
300.00000000055968
300.00000000072146
300.00000000086339
300.00000000098044
300.00000000106547
300.00000000110811
300.00000000109242
300.00000000099243
300.00000000076579
300.00000000034089
299.99999999959647
299.99999999832545
299.99999999617506
299.99999999254459
299.99999998641556
299.99999997607023
299.99999995862805
299.99999992929008
299.99999988011746
299.99999979807211
299.99999966190455
299.99999943725544
299.99999906901837
299.99999846955257
299.99999999869266
299.9999999986299
299.99999999854839
299.99999999844408
299.99999999831232
299.99999999814713
299.99999999794039
299.99999999768085
299.99999999735127
299.999999996925
299.99999999635833
299.99999999557906
299.9999999944655
299.9999999928113
299.99999999026613
299.99999998623554
299.99999997971383
299.99999996900823
299.99999995128508
299.99999992183115
299.99999987286145
299.99999979161026
299.9999996573053
299.99999943641211
299.99999907523778
299.99999848853929
299.99999999738088
299.99999999710042
299.99999999679591
299.99999999646275
299.99999999609554
299.99999999568763
299.99999999523004
299.99999999471078
299.99999999411182
299.99999999340594
299.99999999254908
299.999999991469
299.99999999004513
299.99999998807397
299.99999998521139
299.99999998087486
299.99999997408179
299.99999996318093
299.99999994541326
299.9999999161974
299.99999986797809
299.99999978838667
299.99999965732974
299.99999944242438
299.9999990919128
299.99999852377528
299.99999999624384
299.99999999577807
299.99999999528387
299.99999999475602
299.99999999418861
299.99999999357425
299.99999999290367
299.99999999216402
299.99999999133712
299.99999999039522
299.99999998929451
299.99999998796363
299.99999998628425
299.99999998405764
299.99999998094876
299.99999997639242
299.99999996943706
299.99999995848697
299.99999994088023
299.99999991220471
299.99999986519595
299.99999978798138
299.99999966130662
299.99999945419557
299.99999911723
299.99999857224742
299.99999999526744
299.99999999464569
299.99999999399176
299.99999999330015
299.99999999256437
299.99999999177663
299.99999999092739
299.99999999000335
299.99999998898625
299.9999999878483
299.9999999865463
299.9999999850105
299.99999998312569
299.9999999806995
299.99999997740872
299.9999999727093
299.99999996568721
299.99999995481284
299.99999993753909
299.99999990965114
299.99999986422125
299.99999978994657
299.99999966852863
299.99999947058302
299.99999914931863
299.99999863087356
299.99999999443713
299.99999999368532
299.99999999289844
299.99999999207051
299.9999999911949
299.99999999026352
299.99999998926643
299.9999999881905
299.99999998701713
299.99999998571923
299.99999998425443
299.9999999825551
299.9999999805101
299.99999997793458
299.99999997451886
299.9999999697431
299.99999996273584
299.99999995204098
299.99999993523869
299.99999990833095
299.99999986475802
299.99999979383608
299.99999967829922
299.99999949047213
299.99999918636962
299.99999869669676
299.99999999373841
299.99999999287934
299.99999999198297
299.99999999104307
299.99999999005291
299.99999998900415
299.99999998788684
299.99999998668773
299.99999998538868
299.99999998396299
299.99999998236979
299.99999998054386
299.99999997837887
299.99999997569824
299.99999997220732
299.99999996741241
299.99999996048757
299.99999995005555
299.99999993383102
299.99999990804474
299.99999986652307
299.99999979922796
299.99999968996639
299.99999951283047
299.99999922672248
299.99999876702469
299.99999999315713
299.9999999922108
299.99999999122554
299.99999999019514
299.99999998911255
299.9999999879696
299.99999998675628
299.99999998545957
299.99999998406167
299.99999998253685
299.9999999808457
299.99999997892593
299.99999997667612
299.99999997392894
299.99999997040538
299.99999996563912
299.99999995885173
299.99999994874668
299.99999993317698
299.99999990860715
299.99999986925587
299.99999980573915
299.99999970294584
299.99999953674279
299.99999926891991
299.99999883951688
299.99999999268033
299.99999999166414
299.99999999060793
299.99999998950551
299.99999998835
299.99999998713309
299.99999998584502
299.99999998447311
299.99999998300007
299.99999998140117
299.9999999796388
299.9999999776536
299.99999997534979
299.99999997256924
299.99999996904904
299.99999996435082
299.99999995774368
299.999999948013
299.99999993314958
299.99999990985089
299.99999987272491
299.99999981303432
299.99999971673344
299.99999956143023
299.99999931173681
299.99999891222666
299.99999999229601
299.99999999122491
299.99999999011328
299.99999998895515
299.99999998774354
299.99999998647041
299.99999998512618
299.99999998369856
299.99999998217112
299.99999998052004
299.99999997870964
299.99999997668397
299.99999997435253
299.99999997156675
299.99999996807986
299.99999996348123
299.99999995708714
299.99999994776317
299.99999993363554
299.999999911629
299.99999987673044
299.99999982082954
299.99999973090974
299.99999958625551
299.99999935418577
299.99999898360727
299.99999999199338
299.99999999088033
299.99999998972692
299.99999998852701
299.99999998727395
299.99999998595996
299.99999998457571
299.99999998310949
299.99999998154544
299.99999997986123
299.99999997802303
299.9999999759782
299.99999997364171
299.99999997087434
299.99999996744538
299.99999996297112
299.99999995681372
299.99999994791642
299.99999993453611
299.99999991381571
299.999999881105
299.99999982889165
299.99999974513833
299.99999961071825
299.99999939550759
299.99999905249143
299.99999999176282
299.99999999061907
299.99999998943548
299.99999998820601
299.99999998692425
299.99999998558269
299.99999998417246
299.99999998268231
299.99999998109735
299.99999997939636
299.9999999775477
299.99999997550185
299.99999997317946
299.99999997045023
299.99999996709903
299.99999996276796
299.99999995686346
299.99999994840266
299.9999999357666
299.99999991630534
299.99999988571119
299.99999983703543
299.99999975915955
299.99999963444401
299.99999943514962
299.99999911805264
299.99999999159593
299.99999999043132
299.9999999892276
299.99999998797909
299.99999998667965
299.99999998532206
299.99999998389791
299.99999998239656
299.99999998080409
299.99999997910049
299.99999997725615
299.99999997522485
299.99999997293241
299.99999997025759
299.99999996699972
299.99999996282588
299.99999995718406
299.99999994916135
299.99999993725555
299.9999999190108
299.99999989043965
299.99999984511845
299.99999977278225
299.99999965716825
299.99999947273881
299.99999917975788
299.99999999148525
299.9999999903082
299.99999998909317
299.99999998783483
299.9999999865272
299.99999998516358
299.99999998373602
299.99999998223456
299.99999998064595
299.99999997895179
299.99999997712439
299.99999997512066
299.99999997287154
299.99999997026413
299.99999996711171
299.99999996310481
299.99999995773049
299.9999999501411
299.9999999389434
299.99999992186173
299.99999989520541
299.99999985303538
299.99999978587294
299.99999967871935
299.99999950805153
299.99999923731554
299.99999999142449
299.99999999024232
299.99999998902365
299.99999998776337
299.99999998645586
299.9999999850948
299.99999998367281
299.99999998218055
299.99999998060588
299.99999997893138
299.99999997713155
299.99999997516625
299.9999999729713
299.99999997044171
299.99999996740388
299.99999996357025
299.99999995846412
299.99999995129861
299.99999994078109
299.99999992480207
299.99999989994382
299.99999986071185
299.99999979834632
299.9999996990008
299.99999954098371
299.999999290625
299.99999999140783
299.99999999022708
299.99999998901137
299.99999998775598
299.9999999864558
299.99999998510481
299.99999998369611
299.99999998222125
299.99999998066875
299.99999997902268
299.99999997725928
299.99999997534138
299.99999997320941
299.99999997076577
299.99999996784913
299.99999996419217
299.99999995935184
299.99999995259719
299.99999994272827
299.99999992778783
299.99999990460771
299.99999986809883
299.99999981015497
299.9999997179749
299.99999957152323
299.99999933972998
299.99999999143046
299.99999999025664
299.99999998904974
299.99999998780538
299.99999998651862
299.9999999851841
299.99999998379548
299.99999998234478
299.9999999808216
299.99999997921128
299.99999997749171
299.99999997562855
299.99999997356656
299.99999997121506
299.99999996842399
299.99999996494483
299.99999996036559
299.99999995400646
299.99999994475223
299.99999993078495
299.99999990916342
299.99999987516679
299.99999982128077
299.99999973564803
299.99999959972524
299.99999938477788
299.99999999148798
299.99999999032605
299.99999998913296
299.99999998790474
299.99999998663691
299.99999998532439
299.99999998396146
299.99999998254083
299.99999998105301
299.99999997948441
299.99999997781475
299.99999997601225
299.99999997402568
299.99999997177071
299.99999996910799
299.9999999658059
299.99999996148108
299.99999995550064
299.99999994682651
299.99999993376736
299.99999991358817
299.9999998819012
299.99999983172688
299.9999997520581
299.99999962569149
299.99999942598549
299.99999999157643
299.99999999043069
299.99999998925591
299.99999998804839
299.99999998680403
299.99999998551829
299.99999998418593
299.99999998280038
299.99999998135286
299.99999997983093
299.99999997821607
299.99999997647893
299.99999997457184
299.9999999724165
299.99999996988316
299.99999996675615
299.9999999626778
299.99999995705826
299.99999994892966
299.99999993671548
299.99999991786734
299.99999988829876
299.99999984151174
299.99999976726377
299.99999964955356
299.99999946361163
299.99999999169245
299.99999999056666
299.99999998941405
299.99999998823108
299.99999998701423
299.9999999857593
299.99999998446157
299.99999998311512
299.99999998171205
299.99999998024094
299.9999999786848
299.99999997701639
299.99999997519166
299.99999997313785
299.99999997073388
299.99999996777859
299.99999996393802
299.99999995866119
299.99999995104417
299.99999993961455
299.9999999219927
299.99999989436378
299.99999985066376
299.99999978133684
299.99999967145925
299.99999949793562
299.99999999183285
299.99999999073032
299.99999998960311
299.99999998844817
299.99999998726219
299.99999998604147
299.99999998478182
299.99999998347789
299.99999998212252
299.99999998070541
299.99999997921088
299.99999997761392
299.99999997587355
299.999999973922
299.99999997164633
299.99999996885856
299.99999996524645
299.99999996029425
299.99999995315602
299.99999994245366
299.9999999259602
299.99999990010582
299.99999985921716
299.99999979435552
299.999999691563
299.9999995292419
299.99999999199457
299.99999999091824
299.9999999898194
299.99999998869532
299.99999998754305
299.99999998635946
299.99999998514068
299.99999998388205
299.99999998257704
299.99999998121638
299.99999997978568
299.99999997826188
299.99999997660683
299.99999997475749
299.99999997260829
299.99999996998326
299.99999996658971
299.99999996194435
299.9999999552536
299.99999994522489
299.99999992976905
299.99999990553778
299.9999998672094
299.99999980640001
299.99999971001859
299.99999955780839
299.99999999217511
299.99999999112742
299.99999999005934
299.99999998896857
299.99999998785256
299.99999998670836
299.99999998553272
299.99999998432151
299.9999999830689
299.99999998176656
299.99999998040118
299.99999997895145
299.99999997738212
299.99999997563418
299.99999997360891
299.99999997114122
299.99999996795646
299.99999996360049
299.99999995732747
299.99999994792228
299.99999993342072
299.99999991067421
299.99999987467851
299.99999981754922
299.99999972697407
299.9999995838993
299.9999993591091
299.99999999237178
299.99999999135491
299.99999999031979
299.99999998926438
299.9999999881864
299.99999998708358
299.99999998595297
299.99999998479086
299.99999998359215
299.99999998234921
299.99999998105
299.99999997967484
299.99999997819083
299.99999997654294
299.99999997463846
299.99999997232243
299.99999996933656
299.9999999652531
299.99999995936986
299.99999995054179
299.9999999369179
299.99999991553045
299.99999988166195
299.99999982787847
299.99999974256895
299.99999960776091
299.99999939588861
299.9999999925825
299.99999999159814
299.99999999059759
299.99999998957924
299.99999998854111
299.99999998748109
299.9999999863968
299.99999998528494
299.99999998414114
299.99999998295834
299.99999998172569
299.99999998042489
299.99999997902535
299.99999997747557
299.99999997568847
299.99999997351819
299.99999997072115
299.99999996689422
299.99999996137433
299.99999995308048
299.99999994026433
299.99999992012204
299.99999988819565
299.9999998374584
299.9999997569322
299.9999996296188
299.99999942943714
299.99999999280493
299.99999999185457
299.99999999089016
299.99999998991012
299.99999998891292
299.9999999878969
299.9999999868599
299.99999998579915
299.99999998471071
299.9999999835884
299.9999999824222
299.99999998119512
299.99999997987874
299.99999997842463
299.9999999767511
299.99999997472037
299.99999997210267
299.99999996851676
299.9999999633356
299.99999995553634
299.99999994346405
299.99999992446391
299.99999989431325
299.99999984635434
299.99999977018172
299.99999964967753
299.99999946010047
299.99999999303702
299.99999999212196
299.99999999119467
299.99999999025403
299.99999998929883
299.99999998832743
299.99999998733836
299.9999999863291
299.99999998529631
299.99999998423425
299.99999998313393
299.99999998197961
299.99999998074469
299.99999997938374
299.99999997781958
299.99999997592226
299.9999999734743
299.99999997011469
299.99999996524929
299.99999995790813
299.9999999465216
299.99999992857033
299.99999990004596
299.99999985462574
299.99999978242408
299.99999966812089
299.99999948818737
299.9999999932769
299.99999999239799
299.99999999150879
299.99999999060833
299.9999999896956
299.99999998876945
299.99999998782857
299.99999998687093
299.99999998589345
299.99999998489136
299.99999998385607
299.99999998277315
299.99999998161763
299.99999998034684
299.99999997888784
299.99999997711774
299.99999997483025
299.99999997168294
299.99999996711176
299.99999996019523
299.99999994944142
299.99999993245484
299.99999990542233
299.99999986232677
299.99999979375519
299.99999968511298
299.9999995139724
299.99999999352275
299.99999999268073
299.99999999183018
299.99999999097031
299.99999999010049
299.99999998921976
299.99999998832709
299.99999998742084
299.99999998649844
299.99999998555535
299.99999998458395
299.99999998357072
299.9999999824924
299.99999998130858
299.99999997995042
299.99999997830128
299.99999997616538
299.9999999732172
299.99999996892018
299.99999996239734
299.99999995222805
299.99999993613
299.99999991046883
299.99999986950615
299.99999980426088
299.99999970079966
299.9999995376981
299.99999999377286
299.99999999296824
299.99999999215669
299.99999999133775
299.99999999051096
299.99999998967559
299.99999998883089
299.99999998797557
299.9999999871074
299.99999998622241
299.99999998531348
299.99999998436817
299.99999998336455
299.99999998226446
299.99999998100259
299.99999997946833
299.99999997747534
299.99999997471377
299.99999997067221
299.99999996451476
299.99999995488594
299.99999993960768
299.99999991520912
299.99999987620771
299.99999981401754
299.99999971531037
299.99999955957867
299.99999999402564
299.99999999325871
299.99999999248638
299.99999999170842
299.99999999092444
299.99999999013426
299.99999998933708
299.99999998853207
299.99999998771722
299.99999998688907
299.99999998604102
299.99999998516154
299.99999998422993
299.9999999832101
299.99999998204021
299.99999998061475
299.99999997875636
299.99999997616953
299.99999997236614
299.99999996654788
299.9999999574195
299.99999994289863
299.99999991966502
299.99999988247095
299.9999998230935
299.99999972875963
299.99999957980259
299.99999999427973
299.99999999355055
299.99999999281744
299.99999999208023
299.99999999133894
299.99999999059338
299.9999999898431
299.99999998908754
299.99999998832487
299.99999998755214
299.99999998676321
299.99999998594734
299.99999998508497
299.99999998414205
299.99999998305952
299.99999998173706
299.99999998000538
299.99999997758204
299.99999997400067
299.99999996849755
299.99999995983308
299.99999994601302
299.99999992385619
299.99999988833122
299.99999983154947
299.99999974124887
299.99999959853631
299.99999999453377
299.99999999384221
299.99999999314804
299.99999999245136
299.99999999175225
299.99999999105074
299.99999999034657
299.99999998963938
299.99999998892764
299.99999998820874
299.99999998747705
299.99999998672246
299.99999998592659
299.99999998505695
299.99999998405752
299.99999998283232
299.99999998121956
299.99999997894935
299.99999997557489
299.99999997036474
299.99999996213086
299.99999994896041
299.99999992780067
299.99999989382036
299.99999983943957
299.99999975286806
299.99999961592619
299.99999999478644
299.99999999413234
299.99999999347682
299.99999999282016
299.9999999921626
299.99999999150435
299.99999999084537
299.9999999901853
299.99999998952319
299.99999998885642
299.99999998817998
299.99999998748433
299.99999998675196
299.99999998595217
299.99999998503137
299.99999998389791
299.9999999823969
299.99999998026976
299.99999997708835
299.99999997215082
299.99999996431688
299.99999995174949
299.99999993151482
299.99999989896708
299.99999984681222
299.99999976369674
299.99999963210155
299.9999999950366
299.99999999441951
299.99999999380219
299.99999999318504
299.99999999256829
299.99999999195234
299.99999999133746
299.99999999072338
299.99999999010925
299.99999998949289
299.9999999888696
299.99999998823034
299.99999998755868
299.99999998682529
299.99999998597889
299.99999998493183
299.99999998353564
299.99999998154232
299.99999997854081
299.9999999738572
299.99999996639525
299.99999995438856
299.99999993501376
299.99999990379723
299.99999985371056
299.99999977380594
299.99999964717682
299.99999999528319
299.9999999947027
299.99999999412296
299.99999999354446
299.99999999296773
299.99999999239321
299.9999999918212
299.99999999125168
299.99999999068405
299.99999999011618
299.99999998954394
299.99999998895862
299.99999998834483
299.99999998767424
299.99999998689816
299.99999998593228
299.99999998463443
299.9999999827661
299.99999997993257
299.99999997548537
299.99999996836999
299.99999995688529
299.99999993831113
299.99999990833425
299.9999998601736
299.99999978325854
299.99999966125318
299.99999999552517
299.99999999498067
299.99999999443781
299.99999999389729
299.99999999335955
299.99999999282528
299.99999999229493
299.99999999176862
299.99999999124572
299.99999999072458
299.9999999902011
299.9999999896674
299.99999998910846
299.99999998849751
299.99999998778759
299.9999999868981
299.99999998569217
299.99999998394077
299.99999998126378
299.99999997703719
299.99999997024491
299.99999995924708
299.99999994141973
299.99999991259949
299.99999986623595
299.99999979211088
299.99999967442079
299.99999999576175
299.99999999525249
299.99999999474579
299.99999999424216
299.99999999374251
299.9999999932474
299.99999999275735
299.99999999227265
299.99999999179289
299.99999999131649
299.9999999908398
299.99999999035504
299.99999998984822
299.99999998929354
299.99999998864598
299.99999998782812
299.9999999867083
299.99999998506604
299.99999998253531
299.99999997851455
299.99999997202383
299.99999996148068
299.9999999443512
299.99999991661207
299.99999987192905
299.99999980041349
299.99999968675957
299.99999999599191
299.99999999551721
299.99999999504564
299.9999999945781
299.9999999941154
299.99999999365821
299.99999999320715
299.99999999276258
299.99999999232426
299.99999999189072
299.99999999145854
299.99999999102045
299.99999999056291
299.99999999006133
299.99999998947243
299.9999999887217
299.99999998768243
299.99999998614209
299.99999998374784
299.99999997991927
299.99999997371043
299.99999996359259
299.99999994711629
299.99999992038983
299.99999987728137
299.99999980821144
299.99999969834124
299.99999999621497
299.99999999577386
299.99999999533662
299.99999999490416
299.99999999447721
299.99999999405662
299.9999999936432
299.99999999323722
299.99999999283864
299.99999999244602
299.99999999205625
299.99999999166243
299.99999999125151
299.99999999079995
299.99999999026613
299.99999998957827
299.99999998861426
299.99999998716913
299.99999998490239
299.99999998125355
299.99999997530841
299.99999996558893
299.99999994972512
299.99999992394868
299.99999988231849
299.99999981554549
299.9999997092296
299.99999999684189
299.99999999643001
299.99999999602164
299.99999999561771
299.99999999521918
299.99999999482691
299.99999999444179
299.99999999406452
299.99999999369561
299.99999999333505
299.99999999298154
299.99999999263207
299.99999999228015
299.99999999191328
299.99999999150879
299.99999999102664
299.99999999039761
299.99999998950392
299.99999998814775
299.99999998600015
299.9999999825194
299.99999997682136
299.99999996747562
299.99999995218695
299.99999992730358
299.99999988706378
299.99999982245225
299.99999971948222
299.99999999701691
299.99999999663629
299.9999999962597
299.99999999588812
299.99999999552244
299.99999999516365
299.99999999481264
299.99999999447016
299.99999999413683
299.99999999381254
299.99999999349632
299.99999999318516
299.99999999287292
299.9999999925476
299.99999999218733
299.99999999175361
299.99999999117961
299.99999999035163
299.9999999890785
299.99999998704226
299.99999998371891
299.99999997825262
299.999999969258
299.99999995451037
299.99999993046805
299.99999989153844
299.9999998289648
299.99999972915077
299.99999999718329
299.99999999683303
299.99999999648725
299.99999999614693
299.99999999581303
299.99999999548658
299.99999999516842
299.99999999485937
299.99999999456008
299.99999999427047
299.99999999398972
299.99999999371494
299.99999999344016
299.99999999315401
299.99999999283534
299.99999999244693
299.99999999192431
299.99999999115767
299.99999998996219
299.99999998803014
299.9999999848543
299.99999997960572
299.99999997094136
299.99999995670356
299.99999993345443
299.99999989576179
299.99999983511316
299.99999973828164
299.9999999973403
299.99999999701947
299.99999999670348
299.9999999963934
299.99999999609014
299.99999999579478
299.99999999550823
299.99999999523129
299.99999999496464
299.99999999470816
299.99999999446106
299.99999999422079
299.99999999398153
299.99999999373222
299.99999999345255
299.99999999310654
299.99999999263201
299.99999999192272
299.99999999079967
299.9999999889651
299.99999998592767
299.99999998088373
299.99999997253065
299.99999995877397
299.99999993627438
299.99999989975151
299.99999984092472
299.99999974691701
299.99999999748718
299.99999999719466
299.99999999690749
299.99999999662657
299.99999999635293
299.99999999608758
299.99999999583139
299.99999999558526
299.9999999953497
299.99999999512494
299.99999999490996
299.99999999470236
299.99999999449659
299.99999999428201
299.99999999403889
299.99999999373267
299.99999999330299
299.99999999264708
299.99999999159189
299.99999998984873
299.99999998694125
299.99999998209
299.99999997403057
299.99999996072864
299.99999993893846
299.99999990352376
299.99999984642409
299.99999975509502
299.99999999762304
299.99999999735797
299.99999999709843
299.99999999684565
299.99999999660054
299.99999999636395
299.99999999613703
299.99999999592052
299.99999999571486
299.99999999552023
299.99999999533583
299.99999999515921
299.9999999949851
299.99999999480315
299.99999999459448
299.99999999432538
299.99999999393765
299.99999999333176
299.99999999233989
299.99999999068234
299.99999998789701
299.9999999832275
299.99999997544558
299.99999996257412
299.99999994145645
299.99999990709335
299.9999998516339
299.99999976285005
299.99999999774707
299.99999999750821
299.99999999727544
299.99999999704971
299.99999999683206
299.99999999662339
299.99999999642455
299.9999999962364
299.99999999605939
299.99999999589363
299.99999999573834
299.99999999559117
299.99999999544696
299.99999999529587
299.99999999511937
299.99999999488506
299.99999999453649
299.99999999397721
299.9999999930447
299.99999999146746
299.99999998879719
299.99999998429911
299.99999997677986
299.9999999643166
299.99999994383745
299.99999991047395
299.99999985657473
299.99999977021366
299.99999999785814
299.99999999764458
299.9999999974375
299.99999999723786
299.99999999704676
299.99999999686486
299.99999999669313
299.99999999653227
299.99999999638271
299.99999999624464
299.99999999611708
299.99999999599794
299.99999999588209
299.99999999575999
299.99999999561373
299.99999999541205
299.9999999951001
299.99999999458447
299.99999999370743
299.99999999220569
299.99999998964381
299.9999999853078
299.99999997803735
299.99999996596176
299.99999994608982
299.99999991367798
299.99999986126545
299.99999977721433
299.99999999795529
299.99999999776594
299.99999999758359
299.99999999740919
299.99999999724355
299.99999999708757
299.99999999694199
299.99999999680745
299.99999999668438
299.9999999965728
299.99999999647184
299.9999999963793
299.9999999962904
299.99999999619558
299.99999999607792
299.99999999590676
299.99999999562903
299.99999999515421
299.99999999432924
299.99999999289844
299.99999999043877
299.99999998625623
299.99999997922197
299.99999996751495
299.99999994822133
299.999999916717
299.99999986572334
299.99999978387814
299.99999999803742
299.99999999787121
299.99999999771256
299.99999999756244
299.99999999742158
299.99999999729062
299.99999999717045
299.99999999706137
299.99999999696382
299.99999999687776
299.99999999680227
299.9999999967352
299.99999999667182
299.99999999660304
299.99999999651214
299.99999999636958
299.99999999612402
299.9999999956874
299.99999999491126
299.99999999354725
299.99999999118415
299.99999998714696
299.99999998033718
299.99999996898123
299.99999995023933
299.99999991960158
299.99999986996403
299.99999979022886
299.99999999810319
299.99999999795915
299.99999999782335
299.99999999769665
299.99999999757972
299.9999999974732
299.99999999737759
299.99999999729329
299.99999999722047
299.99999999715908
299.99999999710815
299.99999999706557
299.99999999702652
299.99999999698235
299.99999999691681
299.99999999680125
299.9999999965857
299.99999999618495
299.99999999545463
299.99999999415348
299.99999999188174
299.99999998798262
299.9999999813864
299.9999999703652
299.99999995215035
299.99999992234143
299.99999987400213
299.99999979628831
299.9999999981514
299.99999999802839
299.99999999791459
299.99999999781062
299.99999999771705
299.99999999763435
299.99999999756272
299.99999999750264
299.99999999745404
299.99999999741658
299.99999999738941
299.99999999737025
299.99999999735462
299.99999999733387
299.99999999729226
299.99999999720211
299.99999999701487
299.99999999664766
299.99999999596054
299.99999999471873
299.99999999253345
299.99999998876541
299.9999999823728
299.99999997167146
299.9999999539607
299.99999992494566
299.99999987785094
299.99999980207633
299.99999999818061
299.99999999807767
299.99999999798501
299.99999999790316
299.99999999783245
299.99999999777305
299.99999999772524
299.99999999768886
299.99999999766396
299.99999999764998
299.99999999764594
299.99999999764952
299.99999999765635
299.99999999765794
299.99999999763912
299.99999999757284
299.9999999974122
299.99999999707666
299.99999999643006
299.99999999524437
299.99999999314105
299.99999998949784
299.99999998329946
299.99999997290394
299.99999995567617
299.99999992742255
299.99999988152268
299.99999980761129
299.9999999981892
299.99999999810541
299.99999999803316
299.99999999797296
299.9999999979247
299.99999999788855
299.99999999786422
299.99999999785149
299.99999999785001
299.99999999785916
299.99999999787775
299.9999999979035
299.99999999793198
299.999999997955
299.99999999795784
299.99999999791424
299.99999999777862
299.99999999747286
299.99999999686446
299.99999999573174
299.9999999937063
299.99999999018195
299.99999998416922
299.99999997406655
299.99999995730212
299.99999992977979
299.99999988502861
299.99999981290978
299.9999999981755
299.99999999810984
299.99999999805755
299.99999999801861
299.99999999799286
299.9999999979799
299.99999999797916
299.99999999799007
299.99999999801207
299.99999999804407
299.99999999808495
299.99999999813235
299.99999999818192
299.99999999822563
299.99999999824911
299.999999998227
299.99999999811507
299.99999999783722
299.99999999726492
299.99999999618234
299.9999999942309
299.9999999908199
299.99999998498481
299.99999997516295
299.99999995884349
299.99999993202442
299.99999988837914
299.99999981798726
299.9999999981377
299.99999999808927
299.99999999805635
299.99999999803873
299.99999999803566
299.99999999804629
299.9999999980696
299.9999999981045
299.99999999814997
299.999999998205
299.99999999826809
299.9999999983367
299.99999999840679
299.9999999984704
299.99999999851372
299.99999999851201
299.99999999842231
299.99999999817089
299.99999999763264
299.99999999659758
299.99999999471646
299.99999999141374
299.99999998574879
299.99999997619653
299.99999996030499
299.99999993416321
299.99999989158368
299.99999982285789
299.99999999807335
299.99999999804146
299.99999999802782
299.9999999980318
299.99999999805203
299.99999999808705
299.99999999813508
299.99999999819454
299.99999999826406
299.99999999834228
299.99999999842748
299.99999999851724
299.99999999860734
299.99999999869033
299.99999999875251
299.99999999877014
299.99999999870153
299.99999999847495
299.99999999796887
299.99999999697877
299.99999999516461
299.99999999196535
299.99999998646348
299.99999997717043
299.99999996169095
299.99999993620207
299.9999998946513
299.99999982753468
299.99999999797996
299.99999999796381
299.99999999796967
299.9999999979961
299.99999999804095
299.9999999981016
299.99999999817555
299.99999999826059
299.99999999835489
299.9999999984567
299.99999999856419
299.99999999867481
299.99999999878463
299.99999999888621
299.99999999896659
299.99999999900257
299.9999999989538
299.99999999875064
299.99999999827475
299.99999999732734
299.99999999557696
299.99999999247672
299.99999998713139
299.9999999780876
299.99999996300534
299.99999993814674
299.99999989758987
299.99999983202952
299.99999999785416
299.99999999785319
299.99999999787929
299.99999999792982
299.99999999800121
299.99999999808961
299.99999999819136
299.99999999830345
299.99999999842345
299.99999999854936
299.9999999986793
299.99999999881072
299.99999999893976
299.99999999905941
299.99999999915707
299.99999999921044
299.99999999918026
299.99999999899904
299.99999999855169
299.99999999764469
299.99999999595502
299.99999999294954
299.99999998775456
299.999999978951
299.99999996425203
299.9999999400024
299.99999990040715
299.9999998363536
299.99999999769125
299.9999999977054
299.99999999775343
299.99999999783091
299.99999999793209
299.99999999805129
299.99999999818334
299.99999999832431
299.99999999847131
299.99999999862194
299.99999999877457
299.99999999892657
299.99999999907442
299.99999999921135
299.99999999932544
299.99999999939507
299.99999999938228
299.99999999922159
299.99999999880106
299.99999999793215
299.99999999630035
299.99999999338553
299.99999998833516
299.99999997976312
299.99999996543437
299.99999994177392
299.99999990310999
299.99999984051698
299.99999999748491
299.99999999751464
299.99999999758796
299.99999999769722
299.99999999783319
299.99999999798746
299.99999999815316
299.99999999832534
299.99999999850058
299.99999999867674
299.99999999885205
299.99999999902434
299.99999999919027
299.99999999934369
299.99999999947318
299.99999999955787
299.99999999956123
299.99999999941952
299.99999999902394
299.99999999819113
299.99999999661435
299.99999999378645
299.99999998887506
299.99999998052647
299.99999996655578
299.99999994346587
299.99999990570467
299.99999984452916
299.99999999722542
299.99999999727248
299.99999999737742
299.99999999752646
299.99999999770489
299.9999999979002
299.99999999810376
299.9999999983097
299.99999999851468
299.9999999987167
299.99999999891452
299.99999999910642
299.99999999928963
299.9999999994584
299.99999999960198
299.99999999970049
299.99999999971851
299.99999999959425
299.99999999922193
299.99999999842299
299.99999999689857
299.99999999415382
299.99999998937631
299.99999998124338
299.99999996761909
299.99999994508227
299.99999990819731
299.99999984839866
299.99999999689709
299.99999999696621
299.99999999711491
299.99999999731727
299.99999999754925
299.99999999779362
299.99999999803987
299.99999999828219
299.99999999851781
299.99999999874569
299.99999999896522
299.99999999917566
299.99999999937472
299.99999999955753
299.99999999971379
299.99999999982458
299.99999999985567
299.99999999974716
299.99999999939627
299.99999999862911
299.9999999971543
299.99999999448914
299.99999998984055
299.99999998191606
299.99999996862732
299.9999999466271
299.99999991059326
299.99999985213356
299.99999999647241
299.99999999657564
299.99999999679227
299.99999999707046
299.99999999737202
299.99999999767499
299.9999999979687
299.99999999824917
299.99999999851548
299.99999999876815
299.99999999900803
299.99999999923523
299.99999999944839
299.99999999964331
299.99999999981048
299.99999999993173
299.99999999997419
299.99999999987966
299.99999999954832
299.99999999881072
299.99999999738293
299.999999994794
299.99999999026937
299.9999999825464
299.99999996958303
299.99999994810383
299.99999991289764
299.99999985574124
299.99999999589664
299.99999999606877
299.99999999640306
299.99999999679369
299.99999999718545
299.99999999755647
299.99999999790089
299.99999999821927
299.9999999985144
299.99999999878946
299.99999999904702
299.99999999928849
299.99999999951331
299.99999999971806
299.99999999989393
300.0000000000237
300.00000000007554
299.99999999999318
299.99999999967929
299.99999999896909
299.99999999758569
299.99999999506957
299.99999999066449
299.99999998313643
299.99999997048855
299.99999994951577
299.9999999151151
299.99999985922835
299.99999999504314
299.9999999953983
299.99999999595406
299.99999999651078
299.99999999701339
299.99999999745722
299.99999999785041
299.99999999820267
299.99999999852213
299.99999999881527
299.99999999908658
299.99999999933874
299.99999999957214
299.99999999978394
299.99999999996606
300.00000000010215
300.00000000016126
300.0000000000889
299.99999999979048
299.9999999991054
299.99999999776384
299.99999999531724
299.99999999102721
299.99999998368776
299.99999997134626
299.99999995086597
299.99999991724985
299.99999986260138
299.99999999355606
299.99999999452865
299.99999999550278
299.99999999627892
299.99999999689589
299.99999999740299
299.99999999783387
299.99999999821023
299.99999999854612
299.9999999988508
299.99999999913058
299.99999999938905
299.99999999962728
299.99999999984294
300.00000000002854
300.00000000016831
300.00000000023249
300.00000000016797
299.9999999998829
299.99999999922073
299.99999999791839
299.99999999553819
299.99999999135895
299.99999998420208
299.99999997215804
299.99999995215717
299.99999991930594
299.9999998658659
299.99999999020309
299.99999999366281
299.9999999952517
299.99999999620616
299.99999999688657
299.9999999974213
299.99999999786655
299.99999999825127
299.99999999859227
299.99999999890031
299.99999999918214
299.9999999994418
299.99999999968065
299.99999999989666
300.00000000008276
300.00000000022357
300.0000000002903
300.00000000023147
299.99999999995754
299.999999999316
299.99999999805033
299.99999999573333
299.99999999166079
299.99999998468081
299.99999997292582
299.99999995339203
299.99999992128693
299.99999986902736
)
;

boundaryField
{
    hotWall
    {
        type            fixedValue;
        value           nonuniform List<scalar> 0();
    }
    coldWall
    {
        type            fixedValue;
        value           nonuniform List<scalar> 0();
    }
    bottomWall
    {
        type            zeroGradient;
    }
    topWall
    {
        type            zeroGradient;
    }
    front
    {
        type            empty;
    }
    back
    {
        type            empty;
    }
    procBoundary9to5
    {
        type            processor;
        value           nonuniform List<scalar> 
28
(
299.99999999371283
299.99999999467445
299.99999999564017
299.99999999641051
299.99999999702351
299.99999999752771
299.99999999795614
299.99999999833022
299.99999999866372
299.99999999896596
299.99999999924296
299.99999999949847
299.99999999973357
299.99999999994623
300.0000000001296
300.00000000026876
300.00000000033572
300.00000000028024
300.00000000001523
299.99999999939212
299.99999999816049
299.99999999590375
299.99999999193381
299.99999998512521
299.99999997365137
299.99999995457273
299.99999992319619
299.99999987209048
)
;
    }
    procBoundary9to6
    {
        type            processor;
        value           nonuniform List<scalar> 
28
(
299.99999999725668
299.99999999740072
299.99999999753715
299.99999999766516
299.99999999778402
299.99999999789293
299.99999999799098
299.99999999807721
299.99999999815071
299.99999999821028
299.99999999825468
299.99999999828276
299.99999999829299
299.9999999982839
299.99999999825388
299.99999999820113
299.99999999812343
299.99999999801838
299.99999999788275
299.99999999771239
299.99999999750173
299.99999999724236
299.99999999692164
299.9999999965197
299.99999999600476
299.99999999533014
299.99999999446129
299.99999999360307
)
;
    }
    procBoundary9to7
    {
        type            processor;
        value           nonuniform List<scalar> 
53
(
300.00000002063592
300.00000002000638
300.00000001883774
300.00000001711032
300.00000001507453
300.00000001291312
300.00000001073528
300.0000000086124
300.00000000659259
300.00000000470692
300.00000000297354
300.00000000140096
299.99999999999096
299.99999999874007
299.99999999764145
299.99999999668569
299.99999999586203
299.99999999515921
299.99999999456554
299.99999999407009
299.99999999366224
299.99999999333232
299.99999999307153
299.99999999287195
299.9999999927266
299.99999999262934
299.99999999257483
299.99999999255823
299.99999999257545
299.99999999262275
299.99999999269681
299.99999999279459
299.9999999929135
299.99999999305095
299.99999999320471
299.99999999337257
299.99999999355248
299.99999999374262
299.99999999394112
299.99999999414644
299.99999999435687
299.99999999457106
299.99999999478757
299.99999999500517
299.99999999522265
299.99999999543894
299.99999999565301
299.9999999958639
299.99999999607081
299.99999999627278
299.99999999646917
299.99999999665914
299.99999999665914
)
;
    }
    procBoundary9to10
    {
        type            processor;
        value           nonuniform List<scalar> 
40
(
299.99999928230898
299.99999931555021
299.99999934621036
299.99999937455783
299.99999940082836
299.99999942522913
299.99999944794268
299.99999946912999
299.99999948893355
299.99999950747974
299.99999952488088
299.99999954123723
299.99999955663827
299.99999957116427
299.99999958488735
299.99999959787237
299.99999961017789
299.99999962185689
299.99999963295733
299.99999964352276
299.99999965359268
299.99999966320337
299.9999996723875
299.99999968117521
299.99999968959389
299.99999969766878
299.99999970542291
299.99999971287741
299.99999972005179
299.99999972696384
299.99999973363015
299.99999974006568
299.99999974628452
299.99999975229946
299.9999997581225
299.99999976376438
299.99999976923539
299.99999977454473
299.999999779701
299.99999978471214
)
;
    }
    procBoundary9to11
    {
        type            processor;
        value           nonuniform List<scalar> 
41
(
299.99999887919461
299.9999988010839
299.99999866851647
299.99999850005952
299.99999831378875
299.9999981252962
299.99999794758469
299.99999779106184
299.99999766339789
299.99999756946863
299.99999751147828
299.99999748925558
299.99999750067752
299.99999754216321
299.99999760918121
299.99999769672155
299.99999779969988
299.99999791327377
299.99999803306736
299.99999815530873
299.99999827689311
299.99999839538538
299.99999850898013
299.99999861643346
299.99999871697986
299.99999881024365
299.99999889615418
299.99999897486754
299.99999904669943
299.99999911206902
299.99999917145431
299.99999922535807
299.99999927428303
299.99999931871446
299.99999931871446
299.9999990082236
299.99999906506486
299.99999911673888
299.99999916381938
299.99999920681637
299.99999924618055
)
;
    }
}


// ************************************************************************* //
