#              distance                     U_x                     U_y                     U_z                       T
                      0  -2.029754792927354e-18   7.748790267976995e-21                       0       299.7148185848202
  0.0003906250000000001  -0.0001154251323418312    4.48355795943364e-07                       0       299.7148185848185
  0.0007812500000000004  -0.0002308502646836637   8.967115918867334e-07                       0       299.7148185848196
   0.001171875000000001  -0.0003462753970254957   1.345067387830101e-06                       0       299.7148185848201
   0.001562500000000001  -0.0004443787107192401   2.992158526758072e-06                       0       299.7148462501502
            0.001953125  -0.0005381515697509653   4.938933501432203e-06                       0        299.714880831815
   0.002343750000000001  -0.0006319244287826906   6.885708476106337e-06                       0       299.7149154134797
   0.002734375000000001  -0.0007256972878144158   8.832483450780471e-06                       0       299.7149499951444
   0.003125000000000001  -0.0008194701468461414   1.077925842545461e-05                       0       299.7149845768091
            0.003515625  -0.0009132430058778664   1.272603340012874e-05                       0       299.7150191584739
             0.00390625  -0.0009989638849394686   1.504391888553126e-05                       0       299.7151241937156
            0.004296875   -0.001072606794045885   1.791847013702637e-05                       0       299.7153349093226
   0.004687500000000001   -0.001146249703152301   2.079302138852148e-05                       0       299.7155456249296
   0.005078125000000001   -0.001219892612258717    2.36675726400166e-05                       0       299.7157563405366
   0.005468750000000001   -0.001293535521365134    2.65421238915117e-05                       0       299.7159670561437
   0.005859375000000001    -0.00136717843047155   2.941667514300682e-05                       0       299.7161777717507
   0.006250000000000001   -0.001440821339577966   3.229122639450192e-05                       0       299.7163884873577
   0.006640625000000001   -0.001495992747525941   3.545741017963098e-05                       0       299.7168794154384
   0.007031250000000001   -0.001551164155473917   3.862359396476005e-05                       0       299.7173703435191
   0.007421875000000001   -0.001606335563421892   4.178977774988912e-05                       0       299.7178612715999
   0.007812500000000002   -0.001661506971369868   4.495596153501821e-05                       0       299.7183521996807
            0.008203125   -0.001716678379317844   4.812214532014725e-05                       0       299.7188431277615
   0.008593750000000002   -0.001771849787265819    5.12883291052763e-05                       0       299.7193340558423
   0.008984375000000003   -0.001817045349937676   5.433955802431924e-05                       0       299.7200332347962
   0.009375000000000001   -0.001855590349092121   5.731415036597136e-05                       0       299.7208712476656
            0.009765625   -0.001894135348246565   6.028874270762351e-05                       0       299.7217092605349
             0.01015625   -0.001932680347401011   6.326333504927568e-05                       0       299.7225472734043
            0.010546875   -0.001971225346555455   6.623792739092779e-05                       0       299.7233852862736
              0.0109375   -0.002009770345709899    6.92125197325799e-05                       0       299.7242232991429
            0.011328125    -0.00204538617936177   7.209631169347884e-05                       0       299.7251372938464
             0.01171875   -0.002069285351003343   7.461690213136504e-05                       0        299.726355215886
            0.012109375   -0.002093184522644916   7.713749256925126e-05                       0       299.7275731379257
                 0.0125   -0.002117083694286489   7.965808300713747e-05                       0       299.7287910599654
            0.012890625   -0.002140982865928064   8.217867344502373e-05                       0       299.7300089820052
             0.01328125   -0.002164882037569637   8.469926388290992e-05                       0       299.7312269040448
            0.013671875    -0.00218878120921121   8.721985432079615e-05                       0       299.7324448260845
              0.0140625   -0.002202583885904608    8.92756656934831e-05                       0       299.7339695309295
            0.014453125   -0.002213862438860961   9.121528229987032e-05                       0       299.7355709314759
             0.01484375   -0.002225140991817314    9.31548989062575e-05                       0       299.7371723320222
            0.015234375   -0.002236419544773668   9.509451551264469e-05                       0       299.7387737325686
               0.015625    -0.00224769809773002   9.703413211903183e-05                       0       299.7403751331149
    0.01601562500000001   -0.002258976650686385   9.897374872541943e-05                       0       299.7419765336625
             0.01640625   -0.002265996935988845   0.0001006705842866499                       0       299.7437233733749
            0.016796875   -0.002266629819810491   0.0001020032482801464                       0       299.7456883718399
              0.0171875   -0.002267262703632138    0.000103335912273643                       0       299.7476533703048
            0.017578125   -0.002267895587453785   0.0001046685762671395                       0       299.7496183687699
    0.01796875000000001   -0.002268528471275431   0.0001060012402606361                       0       299.7515833672348
            0.018359375   -0.002269161355097095   0.0001073339042541334                       0        299.753548365702
                0.01875   -0.002269794238918727   0.0001086665682476293                       0        299.755513364165
            0.019140625   -0.002261628894505789    0.000109427692841484                       0       299.7578050010582
             0.01953125   -0.002253463550092844   0.0001101888174353384                       0       299.7600966379504
    0.01992187500000001   -0.002245298205679904   0.0001109499420291932                       0       299.7623882748434
              0.0203125   -0.002237132861266971   0.0001117110666230481                       0       299.7646799117373
    0.02070312500000001   -0.002228967516854051   0.0001124721912169039                       0       299.7669715486329
             0.02109375   -0.002220802172441094   0.0001132333158107577                       0       299.7692631855235
            0.021484375    -0.00220835992427767   0.0001136886145101056                       0       299.7717222496348
    0.02187500000000001   -0.002193066406947252    0.000113940029279782                       0       299.7742929318908
            0.022265625   -0.002177772889616842   0.0001141914440494588                       0       299.7768636141479
             0.02265625   -0.002162479372286432   0.0001144428588191357                       0        299.779434296405
            0.023046875   -0.002147185854956022   0.0001146942735888124                       0        299.782004978662
              0.0234375   -0.002131892337625611   0.0001149456883584892                       0       299.7845756609191
            0.023828125   -0.002115467081293795   0.0001151078150265411                       0       299.7871917041094
             0.02421875   -0.002094514868956353   0.0001149127892880935                       0       299.7899891910322
            0.024609375   -0.002073562656618913   0.0001147177635496459                       0       299.7927866779552
                  0.025   -0.002052610444281473   0.0001145227378111984                       0       299.7955841648781
            0.025390625   -0.002031658231944031   0.0001143277120727507                       0       299.7983816518009
    0.02578125000000001   -0.002010706019606593   0.0001141326863343032                       0       299.8011791387243
            0.026171875    -0.00198975380726917   0.0001139376605958567                       0       299.8039766256499
              0.0265625   -0.001965287127993314   0.0001134262048676267                       0       299.8069140923509
            0.026953125   -0.001939941831982869   0.0001128356416419519                       0       299.8098865539986
             0.02734375   -0.001914596535972429   0.0001122450784162775                       0       299.8128590156471
    0.02773437500000001   -0.001889251239961989   0.0001116545151906031                       0       299.8158314772957
               0.028125   -0.001863905943951549   0.0001110639519649287                       0       299.8188039389442
            0.028515625   -0.001838560647941109   0.0001104733887392543                       0       299.8217764005927
             0.02890625    -0.00181188612877628   0.0001097384482544249                       0       299.8247998164774
            0.029296875   -0.001783217774879865    0.000108786941880863                       0       299.8278996637166
              0.0296875   -0.001754549420983451   0.0001078354355073012                       0       299.8309995109557
            0.030078125   -0.001725881067087036   0.0001068839291337393                       0       299.8340993581949
             0.03046875   -0.001697212713190625   0.0001059324227601774                       0       299.8371992054346
            0.030859375   -0.001668544359294206   0.0001049809163866154                       0       299.8402990526731
                0.03125   -0.001639876005397797   0.0001040294100130538                       0       299.8433988999131
    0.03164062500000001   -0.001608772125950439   0.0001027384342407764                       0       299.8465852928335
    0.03203125000000001   -0.001577668246503086   0.0001014474584684993                       0       299.8497716857548
            0.032421875   -0.001546564367055734   0.0001001564826962222                       0        299.852958078676
              0.0328125   -0.001515460487608381   9.886550692394506e-05                       0       299.8561444715972
            0.033203125   -0.001484356608161033   9.757453115166802e-05                       0       299.8593308645194
             0.03359375   -0.001453252728713682   9.628355537939105e-05                       0       299.8625172574411
    0.03398437500000001   -0.001421118985594915   9.479817999079348e-05                       0       299.8657358892443
               0.034375   -0.001388298666695218   9.318320485798319e-05                       0       299.8689760136379
    0.03476562500000001    -0.00135547834779552   9.156822972517285e-05                       0       299.8722161380315
    0.03515625000000001   -0.001322658028895835    8.99532545923634e-05                       0       299.8754562624282
    0.03554687500000001   -0.001289837709996129    8.83382794595524e-05                       0       299.8786963868197
              0.0359375   -0.001257017391096428   8.672330432674229e-05                       0       299.8819365112124
            0.036328125   -0.001223966700192224   8.504704873267173e-05                       0       299.8851824749987
    0.03671874999999999   -0.001189994521269991   8.312567129355976e-05                       0       299.8884517963557
            0.037109375   -0.001156022342347758   8.120429385444801e-05                       0       299.8917211177127
    0.03750000000000001   -0.001122050163425524   7.928291641533627e-05                       0       299.8949904390697
            0.037890625   -0.001088077984503291   7.736153897622451e-05                       0       299.8982597604268
             0.03828125   -0.001054105805581058   7.544016153711273e-05                       0       299.9015290817837
            0.038671875   -0.001020133626658831   7.351878409800131e-05                       0       299.9047984031423
              0.0390625  -0.0009855797382860526    7.13736168265882e-05                       0        299.908077670197
    0.03945312500000001  -0.0009508804225506441   6.917250209710015e-05                       0       299.9113594236781
             0.03984375  -0.0009161811068152373   6.697138736761218e-05                       0       299.9146411771592
    0.04023437500000001  -0.0008814817910798292   6.477027263812391e-05                       0       299.9179229306407
    0.04062500000000001  -0.0008467824753444206   6.256915790863605e-05                       0       299.9212046841216
            0.041015625  -0.0008120831596090173   6.036804317914828e-05                       0       299.9244864376041
    0.04140625000000001  -0.0007772137127981002   5.807108551877046e-05                       0       299.9277691562899
    0.04179687500000001  -0.0007420890693739333   5.563036346205887e-05                       0       299.9310533227878
              0.0421875  -0.0007069644259497588     5.3189641405347e-05                       0       299.9343374892823
    0.04257812499999999  -0.0006718397825255887    5.07489193486349e-05                       0       299.9376216557786
             0.04296875  -0.0006367151391014172   4.830819729192306e-05                       0       299.9409058222748
    0.04335937500000001  -0.0006015904956772457   4.586747523521124e-05                       0       299.9441899887711
    0.04375000000000001  -0.0005664658522530761   4.342675317849923e-05                       0       299.9474741552681
            0.044140625  -0.0005311154174192278   4.080131419232823e-05                       0       299.9507561300586
             0.04453125  -0.0004957649825853809     3.8175875206157e-05                       0       299.9540381048499
            0.044921875  -0.0004604145477515337   3.555043621998578e-05                       0       299.9573200796412
    0.04531250000000001  -0.0004250641129176857   3.292499723381449e-05                       0       299.9606020544325
            0.045703125  -0.0003897136780838383   3.029955824764323e-05                       0       299.9638840292238
             0.04609375  -0.0003543632432499908   2.767411926147197e-05                       0       299.9671660040151
            0.046484375  -0.0003189506873467529   2.497861086601601e-05                       0       299.9704462554528
               0.046875  -0.0002834967173972548   2.223638953103689e-05                       0       299.9737253579881
    0.04726562500000001  -0.0002480427474477559   1.949416819605772e-05                       0       299.9770044605234
             0.04765625  -0.0002125887774982577   1.675194686107858e-05                       0       299.9802835630587
            0.048046875  -0.0001771348075487596   1.400972552609943e-05                       0       299.9835626655939
              0.0484375  -0.0001416808375992614   1.126750419112028e-05                       0       299.9868417681292
            0.048828125  -0.0001062209612566346   8.517288730138173e-06                       0       299.9901206334786
    0.04921875000000001  -7.073745934149245e-05   5.735096765144175e-06                       0       299.9933985500841
            0.049609375  -3.525395742635096e-05    2.95290480015023e-06                       0       299.9966764666897
    0.05000000000000001     2.2954448879055e-07   1.707128351562847e-07                       0       299.9999543832969
    0.05039062500000001   3.571304640393428e-05  -2.611479129838127e-06                       0       300.0032322999024
             0.05078125   7.119654831907545e-05   -5.39367109483234e-06                       0       300.0065102165062
    0.05117187500000001   0.0001066800502342185  -8.175863059826702e-06                       0       300.0097881331117
              0.0515625   0.0001421410947344162  -1.092607995434366e-05                       0       300.0130670810319
    0.05195312500000001   0.0001775965248808804  -1.366830308124148e-05                       0       300.0163462867823
    0.05234375000000001   0.0002130519550273421  -1.641052620813912e-05                       0       300.0196254925295
            0.052734375    0.000248507385173804  -1.915274933503684e-05                       0       300.0229046982783
    0.05312500000000001   0.0002839628153202701  -2.189497246193492e-05                       0       300.0261839040288
    0.05351562500000001   0.0003194182454667329  -2.463719558883275e-05                       0       300.0294631097776
             0.05390625   0.0003548328188137297  -2.733272172045903e-05                       0        300.032743504014
    0.05429687500000001   0.0003901861069615298  -2.995820235917815e-05                       0       300.0360256809818
    0.05468750000000001   0.0004255393951093293  -3.258368299789722e-05                       0       300.0393078579497
    0.05507812500000001   0.0004608926832571274  -3.520916363661619e-05                       0       300.0425900349158
             0.05546875   0.0004962459714049261  -3.783464427533517e-05                       0       300.0458722118836
            0.055859375   0.0005315992595527255   -4.04601249140542e-05                       0       300.0491543888515
                0.05625   0.0005669525477005248  -4.308560555277322e-05                       0       300.0524365658193
            0.056640625   0.0006020813075731001  -4.552648169720947e-05                       0       300.0557210250555
    0.05703125000000001   0.0006372100674456761  -4.796735784164576e-05                       0       300.0590054842917
    0.05742187500000001   0.0006723388273182522  -5.040823398608207e-05                       0        300.062289943528
    0.05781250000000002   0.0007074675871908332  -5.284911013051907e-05                       0       300.0655744027661
    0.05820312499999999    0.000742596347063401  -5.528998627495466e-05                       0       300.0688588620001
             0.05859375   0.0007777251069359769  -5.773086241939107e-05                       0       300.0721433212363
    0.05898437500000001   0.0008125993165359657  -6.002810171445566e-05                       0       300.0754263796117
    0.05937500000000001   0.0008473038259542297  -6.222958310993901e-05                       0         300.07870850408
            0.059765625   0.0008820083353724926  -6.443106450542229e-05                       0       300.0819906285483
    0.06015625000000001   0.0009167128447907574    -6.6632545900906e-05                       0       300.0852727530168
    0.06054687500000001   0.0009514173542090201  -6.883402729638908e-05                       0       300.0885548774847
    0.06093750000000001   0.0009861218636272836  -7.103550869187219e-05                       0        300.091837001953
            0.061328125    0.001020681114242105  -7.318110869982165e-05                       0       300.0951166524825
             0.06171875    0.001054659329643157  -7.510318315763412e-05                       0       300.0983864072568
    0.06210937499999999    0.001088637545044209  -7.702525761544653e-05                       0       300.1016561620312
                 0.0625    0.001122615760445269  -7.894733207325949e-05                       0       300.1049259168072
    0.06289062500000002    0.001156593975846317  -8.086940653107169e-05                       0       300.1081956715799
    0.06328125000000001    0.001190572191247374  -8.279148098888464e-05                       0       300.1114654263553
    0.06367187500000002    0.001224550406648423  -8.471355544669684e-05                       0       300.1147351811286
    0.06406250000000001    0.001257607585853402  -8.639087080398378e-05                       0       300.1179816133497
            0.064453125    0.001290434506009362  -8.800699638613932e-05                       0       300.1212222149325
    0.06484375000000001    0.001323261426165323  -8.962312196829491e-05                       0       300.1244628165152
            0.065234375    0.001356088346321284  -9.123924755045054e-05                       0       300.1277034180981
    0.06562500000000002    0.001388915266477246  -9.285537313260629e-05                       0       300.1309440196808
    0.06601562500000002    0.001421742186633214  -9.447149871476248e-05                       0       300.1341846212649
             0.06640625    0.001453882628362048  -9.595825172706761e-05                       0       300.1374037395475
    0.06679687500000001    0.001484993352450213   -9.72509458845983e-05                       0       300.1405906328829
              0.0671875    0.001516104076538379  -9.854364004212932e-05                       0       300.1437775262187
    0.06757812500000002    0.001547214800626542  -9.983633419965997e-05                       0       300.1469644195537
    0.06796874999999999    0.001578325524714705  -0.0001011290283571904                       0       300.1501513128891
            0.068359375    0.001609436248802869  -0.0001024217225147212                       0       300.1533382062246
    0.06875000000000001    0.001640546972891044  -0.0001037144166722525                       0       300.1565250995619
    0.06914062499999998    0.001669222044637129  -0.0001046683009429643                       0       300.1596254492631
             0.06953125    0.001697897116383226  -0.0001056221852136768                       0       300.1627257989662
    0.06992187500000001    0.001726572188129323  -0.0001065760694843892                       0       300.1658261486692
              0.0703125    0.001755247259875428  -0.0001075299537551022                       0       300.1689264983738
    0.07070312500000001    0.001783922331621514   -0.000108483838025814                       0       300.1720268480752
             0.07109375    0.001812597403367609  -0.0001094377222965263                       0       300.1751271977782
    0.07148437500000002    0.001839278307175314  -0.0001101754694071367                       0       300.1781511051836
    0.07187500000000002    0.001864629765690755   -0.000110769125077679                       0       300.1811240510573
            0.072265625    0.001889981224206194  -0.0001113627807482213                       0        300.184096996931
    0.07265625000000001    0.001915332682721634  -0.0001119564364187636                       0       300.1870699428046
    0.07304687499999998    0.001940684141237074  -0.0001125500920893059                       0       300.1900428886782
              0.0734375    0.001966035599752516   -0.000113143747759848                       0       300.1930158345518
    0.07382812499999999     0.00199050823111782  -0.0001136584402191324                       0       300.1959537782788
             0.07421875    0.002011465553882583  -0.0001138572798333854                       0       300.1987517134191
    0.07460937500000001    0.002032422876647346  -0.0001140561194476385                       0       300.2015496485594
    0.07500000000000001     0.00205338019941212  -0.0001142549590618921                       0       300.2043475837014
            0.075390625    0.002074337522176872  -0.0001144537986761445                       0       300.2071455188401
    0.07578125000000001    0.002095294844941643   -0.000114652638290398                       0       300.2099434539815
            0.076171875    0.002116252167706421  -0.0001148514779046518                       0       300.2127413891241
    0.07656249999999999    0.002132681237544461  -0.0001146937024222058                       0       300.2153578407418
            0.076953125    0.002147978244150848  -0.0001144467731655863                       0        300.217928921483
    0.07734374999999999    0.002163275250757236  -0.0001141998439089671                       0       300.2205000022241
    0.07773437500000002    0.002178572257363626  -0.0001139529146523484                       0       300.2230710829655
               0.078125    0.002193869263970017  -0.0001137059853957294                       0       300.2256421637073
    0.07851562500000001    0.002209166270576399  -0.0001134590561391096                       0       300.2282132444477
    0.07890625000000001     0.00222161110594073  -0.0001130084671353672    -3.0924569873084e-27       300.2306726837292
    0.07929687499999999    0.002229777684441973  -0.0001122523885109396  -1.082359945557912e-26       300.2329646608213
    0.07968749999999999    0.002237944262943217  -0.0001114963098865118  -1.855474192385039e-26       300.2352566379133
            0.080078125    0.002246110841444461  -0.0001107402312620843  -2.628588439212192e-26       300.2375486150054
    0.08046875000000001    0.002254277419945706  -0.0001099841526376566  -3.401702686039319e-26       300.2398405920976
    0.08085937500000002     0.00226244399844695  -0.0001092280740132289  -4.174816932866473e-26       300.2421325691897
    0.08124999999999999     0.00227061057694822  -0.0001084719953888024   -4.94793117969363e-26       300.2444245462852
    0.08164062500000001    0.002269975995283262   -0.000107144764610469   -4.82682412074696e-26       300.2463898237506
             0.08203125    0.002269341413618329  -0.0001058175338321367  -4.705717061800345e-26       300.2483551012194
    0.08242187500000001    0.002268706831953396  -0.0001044903030538044  -4.584610002853726e-26       300.2503203786882
    0.08281250000000001    0.002268072250288463  -0.0001031630722754721  -4.463502943907107e-26        300.252285656157
            0.083203125     0.00226743766862353  -0.0001018358414971398  -4.342395884960495e-26       300.2542509336259
    0.08359375000000001    0.002266803086958609   -0.000100508610718808  -4.221288826013897e-26       300.2562162110961
            0.083984375    0.002259778934258153  -9.881730156250758e-05  -3.842584455718045e-26       300.2579632945124
    0.08437500000000001    0.002248495067534035  -9.688327348756253e-05  -3.292148544522708e-26       300.2595649152296
    0.08476562500000001    0.002237211200809916  -9.494924541261748e-05  -2.741712633327371e-26       300.2611665359467
             0.08515625    0.002225927334085796  -9.301521733767249e-05  -2.191276722132062e-26       300.2627681566637
    0.08554687500000001    0.002214643467361683  -9.108118926272774e-05  -1.640840810936708e-26       300.2643697773815
              0.0859375    0.002203359600637568  -8.914716118778292e-05  -1.090404899741401e-26       300.2659713980991
    0.08632812500000001      0.0021895507569402  -8.709691264402694e-05  -6.477611759319089e-27       300.2674963126336
    0.08671875000000001    0.002165642005349808  -8.458178222502608e-05  -6.362862016658797e-27       300.2687144024345
    0.08710937499999999    0.002141733253759428  -8.206665180602586e-05  -6.248112273998528e-27       300.2699324922368
    0.08749999999999999    0.002117824502169047  -7.955152138702544e-05   -6.13336253133825e-27       300.2711505820392
    0.08789062499999999    0.002093915750578668  -7.703639096802518e-05  -6.018612788677883e-27       300.2723686718415
    0.08828124999999999    0.002070006998988288  -7.452126054902479e-05  -5.903863046017615e-27       300.2735867616439
    0.08867187500000001    0.002046098247397906  -7.200613013002432e-05  -5.789113303357343e-27       300.2748048514463
    0.08906249999999999    0.002010468954946611  -6.912743573557316e-05  -4.440937659873567e-27       300.2757189788653
    0.08945312499999999    0.001971909527280084  -6.615785034725905e-05  -2.784405541183783e-27       300.2765571156885
    0.08984374999999999    0.001933350099613558  -6.318826495894504e-05  -1.127873422494057e-27       300.2773952525118
    0.09023437500000001     0.00189479067194703  -6.021867957063088e-05   5.286586961961595e-28       300.2782333893351
    0.09062500000000001    0.001856231244280503  -5.724909418231679e-05   2.185190814885977e-27       300.2790715261583
            0.091015625    0.001817671816613978  -5.427950879400281e-05   3.841722933575736e-27       300.2799096629814
    0.09140625000000001    0.001772459685527922  -5.123296813599994e-05   4.771006275827227e-27       300.2806089517559
            0.091796875    0.001717268499312573  -4.807099457346399e-05   4.609416453421004e-27       300.2810999684571
    0.09218750000000001    0.001662077313097222  -4.490902101092793e-05   4.447826631014778e-27       300.2815909851583
    0.09257812500000001    0.001606886126881871  -4.174704744839188e-05   4.286236808608455e-27       300.2820820018596
    0.09296874999999999    0.001551694940666523  -3.858507388585599e-05   4.124646986202245e-27       300.2825730185608
    0.09335937500000001    0.001496503754451169  -3.542310032331979e-05   3.963057163796019e-27       300.2830640352622
    0.09374999999999999    0.001441312568235821  -3.226112676078391e-05   3.801467341389809e-27       300.2835550519634
    0.09414062500000001    0.001367644089888137  -2.938968779546979e-05   3.207488069297637e-27        300.283765826831
    0.09453125000000001    0.001293975611540455  -2.651824883015579e-05   2.613508797205487e-27       300.2839766016987
            0.094921875    0.001220307133192776  -2.364680986484188e-05   2.019529525113357e-27       300.2841873765663
    0.09531250000000001    0.001146638654845093  -2.077537089952787e-05   1.425550253021164e-27       300.2843981514339
            0.095703125    0.001072970176497416  -1.790393193421401e-05   8.315709809290215e-28       300.2846089263024
    0.09609375000000002   0.0009993016981497335  -1.503249296889992e-05   2.375917088368362e-28       300.2848197011706
    0.09648437500000001   0.0009135514889821348  -1.271665929619136e-05                       0       300.2849247789547
               0.096875   0.0008197467926012654  -1.077122915188643e-05                       0       300.2849593920187
    0.09726562500000002   0.0007259420962203892  -8.825799007581365e-06                       0       300.2849940050826
             0.09765625   0.0006321373998395222  -6.880368863276488e-06                       0       300.2850286181467
    0.09804687500000001   0.0005383327034586471  -4.934938718971437e-06                       0       300.2850632312106
    0.09843750000000001   0.0004445280070777736  -2.989508574666393e-06                       0        300.285097844276
            0.098828125   0.0003463914843497561  -1.343591680521102e-06                       0       300.2851255347259
    0.09921875000000001    0.000230927656233168  -8.957277870140576e-07                       0       300.2851255347259
            0.099609375    0.000115463828116584  -4.478638935070289e-07                       0       300.2851255347259
                    0.1                       0                       0                       0       300.2851255347259
