/*--------------------------------*- C++ -*----------------------------------*\
  =========                 |
  \\      /  F ield         | OpenFOAM: The Open Source CFD Toolbox
   \\    /   O peration     | Website:  https://openfoam.org
    \\  /    A nd           | Version:  13
     \\/     M anipulation  |
\*---------------------------------------------------------------------------*/
FoamFile
{
    format      ascii;
    class       volScalarField;
    location    "1.457463432822117";
    object      T;
}
// * * * * * * * * * * * * * * * * * * * * * * * * * * * * * * * * * * * * * //

dimensions      [0 0 0 1 0 0 0];

internalField   nonuniform List<scalar> 
2128
(
299.99999999570827
299.99999999466951
299.99999999361347
299.99999999253447
299.99999999142466
299.9999999902721
299.99999998905827
299.99999998775303
299.99999998630631
299.99999998463483
299.99999998259932
299.99999997996753
299.99999997635376
299.9999999711211
299.99999996322458
299.99999995096209
299.99999993158121
299.99999990066584
299.99999985118558
299.99999977203765
299.99999964582986
299.99999944554236
299.99999912954644
299.99999863424705
299.99999786331892
299.99999667211932
299.99999484534487
299.99999206533789
299.99998786760801
299.99998157908698
299.9999722333684
299.99995845567815
299.99993830859097
299.9999090875898
299.99986705352359
299.99980708698644
299.99972224778429
299.99960322122837
299.99943763230851
299.99920920922824
299.99889677976932
299.99847308792209
299.99790342461159
299.99714407547009
299.99614060061441
299.99482597616213
299.99311864431616
299.99092053745693
299.98811516076233
299.98456583641359
299.98011423019824
299.97457929994459
299.96775683019644
299.95941976049301
299.94931959539804
299.93718933033961
299.92274856483493
299.90571180615683
299.99999999566978
299.99999999461954
299.999999993551
299.99999999245836
299.99999999133377
299.99999999016563
299.9999999889356
299.9999999876145
299.99999998615419
299.99999998447441
299.99999998244175
299.99999997983355
299.99999997628061
299.99999997117334
299.99999996351204
299.99999995166843
299.99999993300975
299.99999990331156
299.99999985584833
299.99999977999744
299.99999965911672
299.99999946734732
299.9999991648412
299.9999986907099
299.99999795270406
299.99999681226075
299.9999950630592
299.99999240058355
299.99998837937778
299.99998235366394
299.99997339575481
299.99996018522648
299.99994086011287
299.99991281948917
299.99987246477855
299.99981486506448
299.99973332977993
299.99961887060982
299.99945953358144
299.99923958249042
299.99893851643014
299.99852990770091
299.99798005217178
299.99724643258696
299.99627600649421
299.99500334431985
299.9933486591915
299.99121578760105
299.98849019786155
299.98503712053252
299.98069991136362
299.97529877474091
299.96863000021978
299.96046590959708
299.95055579973717
299.93862832888374
299.92439606399648
299.90756329170233
299.88783862922969
299.8649542420448
299.83869316602875
299.80892476393655
299.77564523003667
299.73901542572264
299.69938355176691
299.6572779781236
299.61335897643801
299.5683279727462
299.5228054058424
299.99999999564835
299.99999999459033
299.99999999351297
299.99999999241055
299.99999999127505
299.99999999009503
299.99999998885266
299.99999998751952
299.99999998604926
299.99999998436476
299.99999998233795
299.99999997975578
299.99999997626492
299.99999997128259
299.99999996385316
299.99999995242041
299.99999993446863
299.99999990596109
299.99999986047101
299.99999978784729
299.99999967218503
299.99999948876774
299.99999919950255
299.99999874617231
299.99999804055614
299.99999695011013
299.99999527742017
299.99999273102281
299.9999888844016
299.99998311898264
299.99997454575185
299.9999618986833
299.99994339150146
299.99991652743199
299.99987784957693
299.99982261748556
299.99974439353588
299.99963452110563
299.99948147548218
299.99927006837862
299.99898048818619
299.99858716111964
299.99805742360542
299.99735000393161
299.99641332148593
299.99518362474186
299.99358300407687
299.99151733171925
299.98887419753623
299.98552092499523
299.98130276628632
299.97604139142334
299.96953380993989
299.96155191021637
299.95184289615804
299.94013108073551
299.92612180010792
299.9095086551921
299.88998580389011
299.8672673896387
299.84111594178114
299.81138006436333
299.77803836360408
299.74124143880806
299.70133834053058
299.65887121566539
299.61452534108389
299.5690324827201
299.52303938759644
299.99999999564619
299.99999999458453
299.99999999350268
299.99999999239469
299.99999999125259
299.99999999006508
299.99999998881464
299.99999998747387
299.99999998599793
299.99999998431275
299.99999998229561
299.9999999797426
299.99999997631591
299.99999997145869
299.99999996425828
299.99999995322889
299.99999993596896
299.99999990862517
299.99999986506333
299.99999979559425
299.9999996850363
299.99999950979549
299.99999923350538
299.99999880058044
299.99999812677436
299.99999708549018
299.99999548812832
299.99999305616461
299.99998938189032
299.99998387379645
299.99997568141924
299.9999635930692
299.99994589823996
299.9999202046555
299.99988319791612
299.99983032963513
299.99975541796198
299.99965014266212
299.99950341573327
299.99930060820714
299.9990226146918
299.998644739751
299.99813539478293
299.99745460095096
299.99655230308559
299.99536651120553
299.99382129995615
299.99182471101284
299.9892666182418
299.98601662912859
299.98192210854705
299.97680642473074
299.97046753982153
299.96267711491629
299.95318040097374
299.94169738453854
299.92792599783564
299.91154870849823
299.89224441121871
299.86970801007413
299.84367990211751
299.81398601061926
299.78058538888837
299.74361675455754
299.70342917721621
299.66057888172082
299.6157776400928
299.56978988969149
299.5232911406485
299.99999999566603
299.9999999946055
299.99999999352394
299.99999999241527
299.99999999127147
299.99999999008133
299.99999998882788
299.99999998748444
299.99999998600771
299.99999998432673
299.99999998232374
299.99999997980376
299.99999997644397
299.9999999717129
299.99999996473952
299.9999999541065
299.99999993752351
299.99999991131642
299.99999986963661
299.99999980324651
299.99999969767288
299.99999953042192
299.99999926682233
299.99999885387547
299.99999821124777
299.99999721820598
299.99999569485493
299.99999337546922
299.99998987097621
299.99998461673397
299.99997680062069
299.99996526509995
299.99994837534132
299.99992384367636
299.99988849869806
299.99983798524534
299.99976637949135
299.99966570154368
299.99952530662773
299.99933113534939
299.99906480408868
299.99870251862632
299.99821379803069
299.99756000190916
299.99669266249623
299.995551633589
299.99406308058298
299.99213734897108
299.98966676149905
299.9865234056777
299.98255698343041
299.97759280593158
299.97143003739444
299.96384033973101
299.95456717792001
299.94332626167352
299.92980797773492
299.91368323978224
299.89461488888918
299.87227736079001
299.846387245237
299.81674576746701
299.78329032485732
299.74614597315258
299.70566082494065
299.66240539802317
299.61711945262732
299.57060252016106
299.52356147545936
299.99999999571156
299.99999999465751
299.99999999358153
299.99999999247757
299.99999999133763
299.99999999015057
299.99999998889984
299.99999998755948
299.99999998608786
299.9999999844166
299.99999998243317
299.99999997995093
299.99999997666185
299.99999997205873
299.99999996531108
299.99999995506812
299.9999999391477
299.99999991404979
299.99999987420415
299.99999981081402
299.99999971009771
299.99999955063805
299.99999929942334
299.99999890599202
299.99999829385325
299.99999734804089
299.99999589723444
299.99999368833716
299.99999035069635
299.99998534627366
299.9999779009861
299.9999669111304
299.99995081726553
299.99992743617065
299.99989373955498
299.99984556614396
299.99977725171993
299.99968115981738
299.99954709429358
299.99936157419199
299.99910695152107
299.99876035413445
299.99829243916707
299.99766594771796
299.99683405878619
299.99573854972391
299.99430778118182
299.99245453580414
299.99007375060955
299.98704019196191
299.98320612923129
299.97839907151126
299.97241965008311
299.96503977750666
299.95600132817782
299.94501581923697
299.93176598906803
299.9159108143038
299.89709631954804
299.87497524778672
299.84923867302678
299.81966102182679
299.78615579860781
299.74883245091939
299.70803699912193
299.66435436481726
299.61855377553667
299.57147235764046
299.5238510912161
299.99999999578699
299.99999999474551
299.9999999936814
299.99999999258841
299.99999999145871
299.9999999902812
299.99999998903974
299.99999998770915
299.99999998624918
299.99999998459441
299.99999998263684
299.99999998019825
299.99999997698461
299.99999997251223
299.99999996599001
299.99999995613155
299.99999994085931
299.99999991684263
299.99999987878164
299.99999981830842
299.99999972231501
299.99999957043394
299.99999933127464
299.99999895685642
299.99999837445176
299.99999747475073
299.9999960948557
299.99999399409523
299.99999081997083
299.99998606071159
299.9999789798635
299.99996852708347
299.99995321781614
299.99993097282345
299.99989890663318
299.999853051944
299.99978800496388
299.99969647472409
299.99956871780444
299.99939183888137
299.99914893737565
299.99881808155681
299.99837109406036
299.99777213714765
299.99697609224904
299.99592673622743
299.99455472584867
299.99277541122655
299.99048650728537
299.98756565839449
299.98386793522604
299.97922330763214
299.97343415266238
299.96627290439261
299.95748007164218
299.94676310184832
299.93379702842753
299.91822855738144
299.89968617776958
299.87779973933738
299.85223307817381
299.82273165407628
299.78918271521445
299.75167798521159
299.71056008403434
299.666428324062
299.62008284540474
299.57240093248265
299.52416053873736
299.99999999589812
299.99999999487619
299.99999999383095
299.99999999275616
299.99999999164396
299.9999999904835
299.99999998925887
299.99999998794573
299.99999998650532
299.99999998487471
299.9999999829505
299.99999998056256
299.99999997743032
299.99999997309283
299.99999996679679
299.99999995731787
299.99999994268001
299.99999991971606
299.99999988338806
299.99999982574383
299.99999973432972
299.99999958979856
299.99999936233763
299.99999900638437
299.99999845288465
299.99999759805729
299.99999628725129
299.99999429197965
299.99999127757724
299.99998675812196
299.99998003425998
299.99997010836336
299.99995557001336
299.9999344431447
299.99990398432732
299.99986041966434
299.9997986057204
299.99971159791733
299.99959010811017
299.99942183182719
299.99919062519626
299.99887551217324
299.99844950462688
299.99787822131196
299.99711829683213
299.99611557814774
299.99480311345411
299.99309894536037
299.99090372592866
299.98809817407232
299.98454039599278
299.98006309003028
299.97447066898428
299.96753637910047
299.958999619005
299.94856393173711
299.93589664341351
299.92063191840475
299.90238005333458
299.8807468507988
299.85536719715378
299.82595537075701
299.79236988615617
299.75468245747658
299.71323081003419
299.66862848864554
299.62170793439344
299.57338919515973
299.52449017772039
299.99999999605188
299.99999999505758
299.99999999403934
299.99999999299109
299.99999999190487
299.99999999077011
299.99999998957117
299.99999998828451
299.99999998687269
299.99999998527528
299.99999998339348
299.9999999810646
299.99999997802109
299.99999997382383
299.99999996775591
299.99999995865272
299.99999994463553
299.999999922695
299.99999988804575
299.99999983313711
299.99999974614798
299.99999960871924
299.99999939256753
299.99999905447822
299.99999852896809
299.99999771763964
299.99999647388358
299.99999458111489
299.99999172211778
299.99998743630869
299.99998106076998
299.9999716497494
299.99995786593888
299.99993783524485
299.99990895495915
299.99986764327167
299.9998090160197
299.99972647455144
299.99961118676055
299.99945144192782
299.9992318592266
299.99893242987514
299.99852737418303
299.99798379731641
299.99726013149046
299.99630435724407
299.99505200182574
299.99342391748758
299.99132384523784
299.988635769057
299.98522106163909
299.98091541884486
299.97552558739841
299.96882593425175
299.96055503382757
299.95041273607217
299.93805871998495
299.92311441402518
299.90517134825978
299.88381019705844
299.85863522460954
299.82932729318719
299.79571361003246
299.75784342788734
299.71604788511354
299.67095443214743
299.62342911574888
299.57443737043798
299.52484012746709
299.99999999625715
299.99999999529985
299.99999999431816
299.99999999330612
299.99999999225577
299.9999999911567
299.9999999899938
299.99999998874404
299.9999999873715
299.99999998581808
299.99999998398914
299.99999998172945
299.99999997878371
299.99999997473378
299.99999996889716
299.99999996016669
299.99999994675687
299.99999992580945
299.99999989278155
299.99999984050828
299.99999975777723
299.99999962718084
299.99999942191187
299.99999910102355
299.99999860248795
299.99999783312455
299.99999665412946
299.99999486048904
299.99999215198204
299.99998809274803
299.99998205548934
299.99997314526996
299.99996009655183
299.99994113556914
299.99991379839543
299.99987469313675
299.99981919265645
299.99974104220303
299.99963186440266
299.99948054248591
299.999272461538
299.99898858722787
299.99860436207348
299.99808840096358
299.99740097032765
299.99649223872069
299.99530028997663
299.99374889235412
299.99174501676947
299.98917609288532
299.98590698337335
299.98177664768752
299.97659446901446
299.97013625876355
299.96214008328639
299.95230235984417
299.94027525128968
299.92566734762352
299.90805094375702
299.88698060765415
299.86202838287625
299.83283949449662
299.79920719714659
299.76115567276071
299.71900757242867
299.67340373199653
299.62524499359557
299.5755447891525
299.52521020997546
299.99999999652493
299.9999999956155
299.99999999468156
299.99999999371693
299.99999999271404
299.99999999166249
299.99999999054756
299.99999998934709
299.99999998802627
299.99999998652947
299.99999998476602
299.99999998258744
299.9999999797505
299.99999997585661
299.99999997025634
299.99999996189666
299.99999994908109
299.99999992909511
299.99999989762722
299.99999984788093
299.99999976922567
299.99999964516547
299.99999945030805
299.999999145885
299.99999867319195
299.99999794407438
299.99999682726104
299.99999512892441
299.9999925653018
299.9999887245213
299.99998301391537
299.99997458805467
299.99996225147356
299.99994432858551
299.99991849160165
299.99988153539965
299.99982908629414
299.99975522961614
299.99965203903344
299.99950898879393
299.99931222871135
299.99904370093753
299.99868007751252
299.99819149843114
299.99754009140429
299.99667825624988
299.9955466981591
299.99407219373114
299.99216507006025
299.9897163687931
299.98659465374294
299.98264240607602
299.97767194767698
299.97146086981451
299.96374707570664
299.95422386185885
299.94253608479266
299.9282795009234
299.91100683178576
299.8902456977944
299.86553443830269
299.83648047522632
299.80284042697912
299.76461065341141
299.72210320305817
299.67597155686985
299.62715239017143
299.57670969339569
299.52559988398076
299.99999999686867
299.99999999601994
299.99999999514665
299.99999999424278
299.99999999330072
299.99999999231051
299.99999999125771
299.99999999012084
299.99999998886659
299.99999998744124
299.999999985758
299.99999998367508
299.99999998096007
299.99999997723313
299.99999997187592
299.99999996388641
299.99999995165206
299.99999993259422
299.99999990262017
299.99999985528245
299.99999978050261
299.99999966265057
299.99999947768083
299.99999918890148
299.99999874078151
299.99999804997367
299.99999699242431
299.99999538504397
299.9999929598996
299.99998932823718
299.99998393083149
299.999975970165
299.99996431874052
299.99994739642841
299.99992300813062
299.99988813124327
299.99983864044037
299.99976895526748
299.99967159400614
299.99953661538109
299.99935092806089
299.99909744670367
299.99875407260839
299.99829247687029
299.99767666413749
299.99686129516977
299.99578974557039
299.99439187497688
299.99258147394607
299.99025334313041
299.9872799408123
299.98350751422817
299.978751620286
299.97279197255006
299.96536668243346
299.9561662906072
299.94482864347327
299.9309367922707
299.91402370419297
299.89358938649065
299.86913715366313
299.84023456497738
299.80659892471698
299.7681959022014
299.72532461056846
299.67865018694295
299.62914598202815
299.57792900995787
299.52600816819933
299.99999999730443
299.99999999653141
299.99999999573402
299.99999999490637
299.9999999940411
299.99999999312837
299.9999999921543
299.99999999109809
299.99999998992752
299.99999998859113
299.99999998700571
299.99999998503534
299.99999998245818
299.99999997891155
299.99999997380604
299.99999996618749
299.99999995452123
299.99999993635601
299.99999990780367
299.999999862744
299.99999979161703
299.99999967960753
299.99999950393914
299.9999992298803
299.99999880490202
299.99999815021323
299.99999714861411
299.99999562723309
299.99999333323115
299.99998989994538
299.99998480017848
299.9999772824047
299.99996628452794
299.99995031849869
299.99992731755026
299.99989443608001
299.99984779030001
299.99978212576178
299.99969039580054
299.99956323293662
299.99938829341687
299.99914945347501
299.99882583458685
299.99839063393955
299.99780973529062
299.99704007382945
299.99602772563998
299.99470568645944
299.9929912938187
299.99078322954483
299.98795801561124
299.98436588920703
299.97982592599118
299.97412030544683
299.96698774115362
299.95811643610062
299.94713761590469
299.93362189481917
299.91708249079886
299.89699135100483
299.87281566356671
299.84408123486969
299.81046344004483
299.77189430854776
299.72865747118453
299.68142845330584
299.63121787506901
299.57919808588542
299.5264335516938
299.99999999785132
299.99999999717164
299.99999999646798
299.9999999957347
299.9999999949647
299.99999999414842
299.99999999327247
299.99999999231676
299.99999999125015
299.99999999002324
299.99999998855611
299.99999998671848
299.99999998429786
299.99999998094773
299.99999997610496
299.99999996885924
299.99999995774795
299.99999994043679
299.99999991322665
299.99999987029986
299.99999980257701
299.99999969599912
299.99999952897122
299.99999926858987
299.99999886513137
299.99999824407217
299.99999729464662
299.99999585359751
299.99999368232136
299.99999043504056
299.99998561491282
299.999978514112
299.9999681328473
299.99995307102841
299.99993138481966
299.99990039866503
299.99985646152538
299.99979463408272
299.99970829159224
299.99958862495606
299.99942402052807
299.99919929718578
299.99889477730898
299.9984851663836
299.99793821367808
299.99721312321191
299.99625867901472
299.99501103991184
299.99339114481035
299.99130164776795
299.98862327244848
299.98521044164414
299.98088601295865
299.97543496929842
299.96859703769161
299.96005855347767
299.94944460946334
299.93631380697929
299.92015983654574
299.90042640519016
299.8765437577556
299.84799430319038
299.81440900875776
299.77568328492424
299.73208253083487
299.68429108080682
299.63335710688341
299.58051037922058
299.52687388900171
299.99999999853134
299.99999999796529
299.99999999737616
299.9999999967585
299.99999999610537
299.99999999540768
299.99999999465246
299.99999999382032
299.99999999288133
299.99999999178789
299.99999999046304
299.99999998878167
299.99999998653982
299.99999998340525
299.99999997883856
299.99999997196909
299.99999996139888
299.99999994489951
299.99999991894288
299.999999877986
299.99999981338669
299.9999997117763
299.99999955264013
299.99999930475155
299.99999892096707
299.99999833069836
299.99999742912939
299.99999606191744
299.99999400369592
299.99999092816131
299.99998636685683
299.99997965294028
299.99996984522807
299.99995562662059
299.99993516963144
299.9999059601634
299.99986456890076
299.99980635775142
299.99972510669392
299.99961254420674
299.99945776221108
299.99924649413902
299.99896023229587
299.99857515792343
299.99806085390941
299.99737876521539
299.99648036467499
299.99530497018412
299.99377714135869
299.99180355738281
299.98926924228999
299.98603296292947
299.98192159210373
299.97672323849821
299.97017906390835
299.96197405463113
299.95172776120916
299.9389873675533
299.92322750761321
299.90386378875456
299.88028905626464
299.85194101531397
299.81840397613388
299.77953379111614
299.73557469867495
299.68721791730383
299.63554906406563
299.58185709763529
299.52732627755046
299.99999999936892
299.99999999894032
299.99999999848978
299.99999999801213
299.99999999750088
299.99999999694734
299.999999996339
299.99999999565728
299.99999999487329
299.999999993941
299.99999999278623
299.99999999128846
299.99999998925108
299.99999998635434
299.99999998207971
299.99999997559092
299.99999996554692
299.99999994981204
299.99999992500898
299.99999988583772
299.99999982404381
299.99999972687306
299.9999995747761
299.99999933802974
299.99999897181175
299.99999840908674
299.9999975504291
299.99999624960077
299.99999429331143
299.99999137308657
299.99998704654746
299.99998068463753
299.99997140039801
299.99995795379004
299.99993862575536
299.9999110532176
299.9998720150287
299.99981715698721
299.99974064199438
299.99963470918669
299.99948912348077
299.9992904943465
299.99902143966506
299.99865956697852
299.99817623982835
299.99753509040528
299.99669023015736
299.99558409553543
299.99414484444452
299.99228318796952
299.98988850062221
299.9868240041705
299.98292077878574
299.97797035504573
299.97171575126873
299.96384116618543
299.95396130306511
299.94161271002969
299.92625171834266
299.90726635622843
299.88401206187791
299.85588098006559
299.82240886168836
299.78340919534384
299.73910198693028
299.69018303267313
299.63777480278372
299.58322677822872
299.52778691507513
300.00000000039063
300.00000000012653
299.99999999984209
299.99999999953258
299.99999999919191
299.99999999881175
299.99999999838036
299.99999999787968
299.99999999728192
299.99999999654261
299.99999999558992
299.99999999430696
299.99999999250355
299.99999998987028
299.99999998590602
299.99999997980325
299.99999997026862
299.99999995524445
299.99999993148134
299.9999998938855
299.99999983453398
299.99999974120061
299.99999959516919
299.99999936802107
299.99999901695793
299.99999847805771
299.99999765664035
299.99999641363706
299.99999454648912
299.99999176263918
299.99998764309606
299.99998159284303
299.99997277399035
299.99996001654324
299.99994170043914
299.99991560109879
299.9998786891332
299.99982687302997
299.99975467162182
299.99965480088309
299.99951765707522
299.99933067537575
299.99907753970285
299.99873721516383
299.99828276885853
299.99767993676744
299.99688538279327
299.99584457879683
299.99448920929018
299.99273396888083
299.99047257348695
299.98757275096727
299.98386992671863
299.97915930951314
299.97318618398253
299.96563455699078
299.95611508327107
299.94415465627628
299.92919237688187
299.9105896606186
299.88766508144579
299.85976495049965
299.82637505017072
299.78726395543231
299.74262428085444
299.69315367442982
299.64001026391674
299.58460480396474
299.5282509355302
300.00000000162345
300.0000000015545
300.00000000146741
300.00000000135776
300.00000000121997
300.00000000104649
300.00000000082582
300.00000000054092
300.00000000016485
299.99999999965439
299.99999999893964
299.9999999979068
299.99999999637055
299.99999999402951
299.99999999039602
299.99999998468479
299.99999997563964
299.99999996126445
299.99999993841061
299.9999999021494
299.99999984482497
299.99999975463953
299.99999961355934
299.99999939424208
299.99999905557257
299.99999853623666
299.99999774555818
299.99999655055933
299.99999475786103
299.99999208860993
299.99998814408013
299.99998235893378
299.99997393832439
299.999961774067
299.99994433396694
299.99991951708245
299.99988446618016
299.9998353269047
299.99976694121193
299.99967246035334
299.99954286008398
299.99936633765816
299.99912756634291
299.99880677822949
299.99837863942213
299.99781087224687
299.99706256548802
299.99608209381324
299.99480453894836
299.99314846522742
299.9910118495157
299.98826690312666
299.98475346449931
299.98027062054462
299.9745663042363
299.96732494828098
299.958154057407
299.94657206244585
299.93200226112305
299.91378094119739
299.89119102244757
299.86353345166549
299.83024330741694
299.79104211558979
299.74609193337051
299.69608907596506
299.64222538149102
299.58597285728968
299.52871222377456
300.00000000309353
300.00000000325377
300.00000000339855
300.00000000352406
300.00000000362525
300.00000000369511
300.00000000372302
300.00000000369238
300.00000000357721
300.0000000033354
300.00000000289845
300.00000000215476
300.00000000092223
299.99999999890485
299.99999999562385
299.99999999030888
299.99999998172893
299.99999996793014
299.9999999458347
299.99999991063123
299.99999985485721
299.99999976703032
299.9999996296263
299.99999941611844
299.99999908668451
299.99999858203944
299.99999781466079
299.99999665642417
299.99999492134538
299.99999234172708
299.99998853550471
299.99998296197413
299.99997486234054
299.9999631806408
299.99994645954081
299.99992270428447
299.99988920664691
299.99984231909252
299.99977716743126
299.99968728802139
299.99956417289513
299.99939670289609
299.99917044473568
299.99886678233656
299.99846184522573
299.99792518599003
299.99721814335669
299.99629180517809
299.99508445382827
299.99351833250802
299.99149551314559
299.98889257757918
299.98555375637739
299.98128213804517
299.97582863824709
299.96887873862539
299.96003778413063
299.94881715460588
299.93462616380128
299.91677805422904
299.89452210175301
299.86711528853431
299.83394214891467
299.79467564093716
299.74944420197721
299.69893913249098
299.64438309805848
299.58730832138514
299.52916321280497
300.00000000482294
300.00000000524943
300.00000000566376
300.00000000606269
300.00000000644212
300.00000000679535
300.00000000711259
300.00000000737816
300.00000000756648
300.00000000763652
300.0000000075205
300.00000000710793
300.00000000621822
300.00000000455771
300.00000000165124
299.99999999673503
299.99999998858948
299.9999999752813
299.99999995376896
299.99999991930446
299.99999986453469
299.99999977816373
299.99999964298036
299.99999943297661
299.99999910917848
299.99999861367047
299.99999786111437
299.99999672682634
299.9999950301779
299.99999251171153
299.99998880189383
299.99998337886024
299.99997551182014
299.99996418596538
299.99994800376049
299.99992505635112
299.99989275749817
299.99984763088855
299.99978503983505
299.99969884617747
299.99958098249482
299.99942091832423
299.99920499661386
299.99891561060235
299.99853018292004
299.99801989680344
299.99734811223959
299.99646837539979
299.99532189510529
299.99383431241608
299.9919115269754
299.98943426875979
299.9862510286822
299.98216891941036
299.97694210102298
299.97025771041217
299.96172000113307
299.95083493770557
299.9370000970643
299.91950844129917
299.89757856222542
299.87042602649967
299.83738614593904
299.79808266386965
299.75260759023365
299.70164299622843
299.64643832839943
299.58858365757544
299.5295946737067
300.00000000682644
300.00000000755836
300.00000000828197
300.00000000899502
300.00000000969391
300.0000000103729
300.00000001102285
300.00000001162863
300.00000001216551
300.00000001259269
300.0000000128428
300.00000001280517
300.0000000122987
300.00000001102836
300.00000000851702
300.00000000399774
299.99999999624697
299.99999998332731
299.99999996219441
299.99999992810257
299.99999987371336
299.99999978777146
299.99999965315629
299.99999944404323
299.99999912180363
299.99999862914592
299.99999788181856
299.99999675697848
299.99999507704217
299.99999258748386
299.99998892660915
299.99998358480184
299.99997585010141
299.99996473621184
299.99994888814268
299.99992645963158
299.99989495525836
299.9998510286984
299.99979022680958
299.99970666710152
299.99959263344135
299.99943807134952
299.99922995956234
299.99895152809614
299.99858128400643
299.99809179314798
299.99744814779871
299.99660602369943
299.99550919304011
299.99408630920243
299.99224671271946
299.98987492786534
299.9868234372434
299.98290326997841
299.97787198859544
299.97141894554744
299.96314842852593
299.95256284415331
299.93905073989646
299.92188833182826
299.90026760073027
299.87336664657619
299.84047436028249
299.80116581331782
299.75549423929658
299.70412770918364
299.64833696269096
299.58976581923827
299.52999551973221
300.000000009107
300.00000001018418
300.00000001125773
300.00000001232615
300.00000001338674
300.00000001443453
300.00000001546107
300.00000001645196
300.00000001738289
300.00000001821314
300.0000000188748
300.00000001925582
300.00000001917209
300.00000001832342
300.00000001622402
300.00000001209304
300.00000000468589
299.99999999203305
299.99999997104396
299.99999993690676
299.99999988219162
299.99999979552069
299.99999965961615
299.99999944846058
299.99999912320948
299.99999862636054
299.99999787352141
299.99999674189951
299.99999505436773
299.9999925576239
299.99998889254795
299.99998355436441
299.99997583961795
299.99996477626644
299.99994903236092
299.99992679780928
299.99989563256668
299.99985227322793
299.99979238833072
299.99971027060593
299.99959845174595
299.9994472217295
299.99924402991621
299.99897273839503
299.99861268852175
299.99813752793557
299.99751372582051
299.99669867641984
299.99563825193616
299.99426361291461
299.9924870149498
299.99019626673527
299.98724740709099
299.9834551086513
299.97858035227301
299.97231518186754
299.96426507028394
299.95393093202023
299.94069547521934
299.92382255696947
299.90248290401854
299.87582277506357
299.84308929112166
299.80381097454091
299.75800066618098
299.70630711209941
299.65001508817409
299.59081581778537
299.53035266537125
300.00000001165057
300.0000000131115
300.00000001457414
300.00000001603792
300.00000001750084
300.00000001895893
300.00000002040446
300.00000002182367
300.00000002319234
300.00000002446939
300.00000002558568
300.00000002642611
300.00000002680105
300.00000002640076
300.00000002472331
300.00000002096237
300.0000000138329
300.00000000130325
299.99999998018802
299.99999994553434
299.9999998897041
299.99999980101791
299.99999966176699
299.99999944532931
299.99999911202605
299.99999860322686
299.99999783304838
299.99999667677798
299.9999949548951
299.99999241123413
299.99998868344119
299.9999832634
299.99997544473865
299.99996425386661
299.99994836021364
299.99992596043421
299.99989463026861
299.99985113646807
299.99979119961546
299.99970919668021
299.99959778953234
299.9994474621152
299.99924594407969
299.99897749176586
299.99862198753476
299.99815380428589
299.99754036173124
299.99674027228525
299.99570093437535
299.99435537656854
299.99261808503246
299.99037946094091
299.98749846381861
299.9837929309827
299.97902708827382
299.97289601207433
299.96500748958584
299.95486318499064
299.94184364217108
299.92520566371735
299.90410552548565
299.87766523585526
299.84509706017042
299.80588714362102
299.76000741722441
299.70808148315677
299.65139876315095
299.59168865182181
299.53065101472231
300.00000001441964
300.00000001629883
300.00000001818546
300.00000002008005
300.00000002198152
300.00000002388686
300.00000002578895
300.0000000276745
300.00000002951936
300.0000000312815
300.00000003288949
300.0000000342236
300.0000000350858
300.00000003515197
300.00000003389636
300.00000003047433
300.00000002353971
300.00000001096595
299.99999998942155
299.99999995373139
299.99999989592442
299.99999980382711
299.99999965900724
299.99999943379555
299.99999908701636
299.99999855792765
299.99999775770613
299.99999655760456
299.99999477264714
299.99999213941214
299.99998828606135
299.99998269232151
299.99997463657616
299.99996312659891
299.99994680972031
299.999923857368
299.99989181791273
299.99984743054216
299.99978639139323
299.99970306125761
299.99959010163161
299.99943802239267
299.99923461947975
299.99896427396078
299.99860707381782
299.99813770535388
299.99752404050975
299.9967253172718
299.99568976994055
299.99435151139153
299.99262639857665
299.99040652668839
299.98755290637433
299.98388580995515
299.97917228937939
299.9731105936101
299.96531186093267
299.95528085877532
299.94240008873322
299.92592554043125
299.90500740871732
299.87875327548943
299.84635016132523
299.80724860190952
299.76138069100534
299.70933874449759
299.65240495119804
299.59233397696039
299.53087371122189
300.0000000173477
300.00000001967157
300.00000002200909
300.00000002436167
300.00000002672942
300.00000002911003
300.00000003149728
300.000000033878
300.00000003622779
300.00000003850312
300.00000004062929
300.00000004248017
300.00000004384634
300.00000004438431
300.00000004353637
300.00000004040629
300.00000003356564
300.00000002075899
299.99999999845551
299.99999996117469
299.99999990048326
299.99999980351566
299.999999650814
299.99999941320573
299.99999904733517
299.99999848933322
299.99999764594111
299.99999638219157
299.99999450448831
299.99999173760477
299.99998769373883
299.99998183130583
299.9999734006206
299.99996137300496
299.99994434914856
299.99992044173069
299.99988712635189
299.99984105367241
299.99977781422797
299.99969164554682
299.99957506871937
299.99941843814122
299.99920938328347
299.99893211436893
299.99856655377971
299.99808724059415
299.9974619351072
299.99664982131497
299.99559916551055
299.99424423564716
299.99250121717751
299.99026277805677
299.98739084774678
299.98370710848076
299.97898071026719
299.9729129292611
299.96511909469626
299.95510942533463
299.94227283699513
299.92587161026648
299.90505981144003
299.87894282796765
299.84669513523443
299.80774162048334
299.7619778501699
299.70995876463354
299.65294471338336
299.5926981869805
299.53100288143713
300.00000002033352
300.00000002311577
300.00000002591804
300.00000002874276
300.0000000315909
300.00000003446115
300.00000003734766
300.00000004023769
300.00000004310596
300.00000004590703
300.00000004856173
300.0000000509358
300.00000005280555
300.00000005380315
300.00000005333123
300.00000005042864
300.00000004356451
300.00000003032181
300.00000000691858
299.99999996748858
299.99999990301154
299.99999979973813
299.99999963689282
299.99999938335827
299.99999899293692
299.99999839764854
299.99999749834757
299.99999615172356
299.99999415247908
299.99999120914981
299.99998691164137
299.99998068809714
299.99997174817719
299.99995900921596
299.99994100102469
299.9999157443014
299.99988059667299
299.99983205927902
299.99976553541529
299.99967503096514
299.99955278392059
299.99938880692838
299.99917032199636
299.99888105960537
299.99850038456168
299.99800219674796
299.99735353487296
299.9965127833417
299.99542734414035
299.99403058482596
299.99223780897864
299.98994091850125
299.98700135695401
299.98324086414311
299.97842958842335
299.97227130014028
299.96438601303601
299.95429153979006
299.94138775855026
299.92495095390899
299.90415039463272
299.87810385802044
299.84598927905671
299.80721961607901
299.76166027988666
299.70982352968502
299.65293064053543
299.59272909843412
299.53102128168683
300.00000002323804
300.00000002647408
300.00000002973621
300.0000000330279
300.00000003635114
300.00000003970524
300.00000004308498
300.00000004647734
300.00000004985617
300.00000005317332
300.00000005634439
300.00000005922539
300.00000006157563
300.00000006299894
300.00000006285103
300.0000000600952
300.00000005308016
300.00000003919911
300.0000000143749
299.99999997228628
299.99999990321891
299.99999979237475
299.99999961740923
299.99999934487943
299.99999892517394
299.99999828534936
299.99999731911367
299.99999587296611
299.99999372721987
299.99999057029152
299.99998596423427
299.99997929901519
299.99996973248932
299.99995611239279
299.99993687596753
299.99990992201538
299.99987244923966
299.99982075361572
299.99974997615124
299.9996537906153
299.9995240184154
299.99935015446442
299.99911878314668
299.99881285671808
299.99841079879974
299.99788538189978
299.99720230868451
299.99631840026797
299.99517925917957
299.99371622816125
299.99184240788975
299.98944742944423
299.98639061000603
299.98249207595779
299.97752146547145
299.97118401727437
299.96310437819773
299.95280957561482
299.93971463661154
299.92311760102962
299.90221502443859
299.87615346193866
299.8441333828232
299.80557360692325
299.7603197685159
299.70883820485392
299.65229210837441
299.59238535321151
299.53091555816218
300.00000002588337
300.00000002954278
300.00000003323385
300.00000003696101
300.00000004072689
300.00000004453153
300.00000004837
300.00000005222904
300.00000005608103
300.00000005987494
300.00000006352019
300.00000006686201
300.00000006964103
300.00000007142984
300.00000007153278
300.00000006883056
300.00000006153965
300.00000004684568
300.00000002034761
299.99999997522434
299.99999990099798
299.99999978171411
299.99999959329432
299.99999929971904
299.99999884758392
299.99999815841352
299.99999711792248
299.99999556116779
299.999993252237
299.9999898567529
299.99998490504873
299.9999777433631
299.99996746983078
299.9999528513851
299.99993221694677
299.99990332142778
299.99986317410571
299.99980782377412
299.99973209165967
299.99962924127925
299.99949057198302
299.9993049195744
299.99905804268377
299.99873186689479
299.99830354919817
299.99774431217742
299.99701797919619
299.99607911739866
299.99487066318073
299.99332086400238
299.99133932134396
299.98881186566535
299.98559394523176
299.98150218885996
299.97630385274817
299.96970406615662
299.96133128999861
299.95072241078566
299.93731068841828
299.92042261083122
299.89929346748914
299.87311529588573
299.84113199660197
299.80278965008858
299.75792928003108
299.7069721221273
299.65100482302017
299.59165426324051
299.53068232812126
300.00000002805183
300.00000003206804
300.00000003612047
300.0000000402141
300.00000004435242
300.00000004853581
300.0000000527595
300.00000005700969
300.00000006125731
300.00000006544786
300.00000006948471
300.00000007320187
300.00000007632121
300.00000007838366
300.00000007864213
300.00000007589415
300.00000006822398
300.00000005260875
300.00000002432228
299.99999997604175
299.99999989652133
299.99999976864302
299.99999956658036
299.99999925171267
299.99999876679897
299.99999802775704
299.99999691218147
299.99999524347658
299.99999276915923
299.99998913150188
299.99998382823065
299.99997616046068
299.99996516443872
299.99994952296584
299.99992745158437
299.99989655371672
299.99985363791257
299.99979448914513
299.99971358460664
299.99960374255227
299.99945569022475
299.99925753344854
299.99899410571032
299.99864616787795
299.99818942046795
299.99759327770147
299.99681933556411
299.99581944375694
299.99453326312232
299.99288515586534
299.99078021733374
299.98809922020007
299.98469221575311
299.98037054493659
299.97489709496784
299.96797486712154
299.9592344122309
299.94822160958427
299.9343888176424
299.91709478045772
299.8956217267413
299.86922096186481
299.83719921672332
299.79905245030352
299.75463675220612
299.70433572082942
299.64914631670382
299.59058467289668
299.53033910524852
300.00000002951583
300.00000003377801
300.00000003807946
300.00000004242571
300.00000004682062
300.00000005126481
300.00000005575328
300.00000006027176
300.00000006478962
300.00000006924932
300.00000007354845
300.00000007751129
300.00000008084294
300.00000008305676
300.00000008336048
300.00000008047908
300.00000007238134
300.00000005586264
300.00000002591338
299.99999997477283
299.9999998905252
299.99999975503636
299.99999954095222
299.99999920737628
299.99999869370782
299.99999791094751
299.99999672955886
299.99999496269555
299.99999234327066
299.99998849293462
299.99998288054991
299.99997476718357
299.99996313399458
299.99994658864949
299.99992324506388
299.99989057030882
299.9998451914247
299.9997826535797
299.99969711942464
299.99958099747374
299.9994244846863
299.99921500483441
299.99893651932092
299.99856868035323
299.99808578716363
299.9974554936054
299.99663719926616
299.99558003572616
299.99422033472689
299.99247843687556
299.99025467115968
299.9874243137649
299.98383133253731
299.97928076432044
299.97352969580101
299.96627708706797
299.95715318309703
299.94571012308148
299.93141670812662
299.91366218592509
299.8917762646293
299.86507424169605
299.83293632812854
299.79492539950013
299.75093308736149
299.701321472703
299.64699838187062
299.58934661665523
299.52994351347559
300.00000003021063
300.0000000345994
300.00000003902886
300.00000004350494
300.00000004803138
300.00000005260904
300.0000000572328
300.00000006188782
300.00000006654238
300.00000007113692
300.00000007556531
300.00000007964542
300.00000008307148
300.00000008533925
300.00000008562739
300.00000008261458
300.00000007419578
300.00000005705016
300.00000002598705
299.99999997296641
299.99999988564429
299.99999974523723
299.99999952341489
299.99999917782549
299.99999864571805
299.99999783494411
299.99999661139606
299.99999478164972
299.99999206923559
299.99998808253747
299.99998227181931
299.99997387229803
299.99996182950218
299.99994470239051
299.99992053882289
299.99988671697935
299.99983974516522
299.99977501106838
299.9996864698644
299.99956625843572
299.99940422019068
299.99918732122541
299.99889893348848
299.99851795369102
299.99801771738368
299.99736465530992
299.99651662331627
299.99542081755709
299.9940111639412
299.99220504653329
299.98989921816758
299.98696472615126
299.98324070157929
299.9785269275942
299.97257525969212
299.96508027870323
299.95567009339425
299.94389906546382
299.92924547585602
299.9111187570756
299.88888256176665
299.86190143054716
299.82961671534025
299.79165328557542
299.74794620261179
299.69885745629978
299.64523268200008
299.58833714092788
299.52962603401363
)
;

boundaryField
{
    hotWall
    {
        type            fixedValue;
        value           nonuniform List<scalar> 0();
    }
    coldWall
    {
        type            fixedValue;
        value           uniform 299.5;
    }
    bottomWall
    {
        type            zeroGradient;
    }
    topWall
    {
        type            zeroGradient;
    }
    front
    {
        type            empty;
    }
    back
    {
        type            empty;
    }
    procBoundary3to1
    {
        type            processor;
        value           nonuniform List<scalar> 
31
(
299.99999999673412
299.99999999670632
299.99999999669177
299.99999999669234
299.99999999671041
299.99999999674867
299.99999999681091
299.99999999690186
299.99999999702754
299.99999999719546
299.99999999741505
299.99999999769796
299.99999999805806
299.99999999851201
299.9999999990788
299.9999999997799
300.00000000063824
300.00000000167762
300.00000000292061
300.00000000438644
300.00000000608782
300.00000000802703
300.00000001019106
300.00000001254676
300.00000001503531
300.00000001756797
300.00000002002389
300.00000002225033
300.00000002406586
300.0000000252864
300.0000000258558
)
;
    }
    procBoundary3to4
    {
        type            processor;
        value           nonuniform List<scalar> 
44
(
299.99999462455179
299.99999172573661
299.99998734981591
299.99998079639352
299.99997106036682
299.99995671275684
299.99993574104684
299.9999053378711
299.99986162485772
299.99979929641376
299.99971116645366
299.99958759975465
299.99941580911849
299.99917900021137
299.99885534829122
299.99841679546535
299.99782766407554
299.99704309159858
299.99600730522138
299.99465176986172
299.9928932614032
299.99063193648288
299.98774949025494
299.98410751315515
299.97954617648958
299.973883396117
299.96691464845395
299.95841365377947
299.94813421564254
299.93581363525516
299.92117832716525
299.90395254488703
299.88580132551999
299.88580132551999
299.86276611810968
299.83640816223505
299.80661576078262
299.77340087067046
299.73693314946485
299.6975592489689
299.65579413280307
299.6122745395669
299.56767378584914
299.52258830575101
)
;
    }
    procBoundary3to5
    {
        type            processor;
        value           nonuniform List<scalar> 
26
(
299.99999999576198
299.99999999473806
299.99999999369783
299.99999999263588
299.99999999154409
299.99999999041063
299.99999998921629
299.9999999879301
299.99999998650014
299.9999999848398
299.99999998280396
299.99999998015045
299.99999997647654
299.9999999711174
299.99999996298169
299.99999995029179
299.9999999301732
299.99999989801444
299.99999984647445
299.99999976396214
299.99999963232352
299.99999942336086
299.99999909364186
299.99999857683349
299.99999777249388
299.99999652984906
)
;
    }
}


// ************************************************************************* //
