#              distance                     U_x                     U_y                     U_z                       T
  6.939740885162004e-18                       0                       0                       0       299.8754888800781
  0.0003906250000000001  -2.588023634550598e-05  -8.890149267344615e-09                       0        299.875482609425
  0.0007812500000000002  -5.066072617522301e-05  -4.005708084476706e-08                       0        299.875451256157
            0.001171875  -7.464128991632666e-05  -8.986491279698582e-08                       0       299.8754040358911
              0.0015625  -9.808856959835398e-05  -1.521000116657351e-07                       0       299.8753462376231
            0.001953125  -0.0001202438838130933  -2.431278917665147e-07                       0       299.8752678910114
             0.00234375  -0.0001418984668556449  -3.448221609269872e-07                       0       299.8751835492072
            0.002734375  -0.0001628019531399148  -4.625160136769965e-07                       0       299.8750902146142
               0.003125  -0.0001827355206465016  -6.003182819357653e-07                       0       299.8749890774389
            0.003515625  -0.0002021918610495103   -7.47861523968542e-07                       0       299.8748850228839
   0.003906250000000001  -0.0002207092118158943  -9.142602455886132e-07                       0       299.8747771013985
            0.004296875  -0.0002385450459740791  -1.093876880367965e-06                       0       299.8746690486516
              0.0046875  -0.0002559265357268099  -1.282305457253553e-06                       0       299.8745609084125
            0.005078125   -0.000272209247539218  -1.491254353286249e-06     2.6806127475303e-31       299.8744568703827
   0.005468750000000001  -0.0002880669615317756  -1.707816561890856e-06   4.233338966371518e-31       299.8743560883008
   0.005859374999999999  -0.0003032871787945575  -1.935798739353324e-06   4.094235392177897e-31       299.8742601901407
                0.00625  -0.0003176857832100524  -2.177831920271005e-06   2.033207338669904e-31       299.8741738158618
            0.006640625  -0.0003316805152119337  -2.426599440721829e-06                       0       299.8740929040831
             0.00703125  -0.0003448813704066644  -2.688253315850192e-06                       0       299.8740243184405
   0.007421875000000001  -0.0003575071337385395  -2.958704831184244e-06                       0       299.8739669280303
              0.0078125  -0.0003697495024951573  -3.235021439988605e-06                       0       299.8739170010913
   0.008203125000000002  -0.0003810664332527026  -3.524563772409795e-06                       0       299.8738887423555
   0.008593750000000001   -0.000392026083989626  -3.818824179591544e-06                       0       299.8738702620708
   0.008984374999999999  -0.0004024498146956192   -4.12016169891416e-06                       0       299.8738664494646
   0.009375000000000001  -0.0004121841288045117  -4.429795235839762e-06                       0       299.8738842387644
            0.009765625  -0.0004215798593439907   -4.74329271782706e-06                       0       299.8739132978339
             0.01015625  -0.0004303106722029237  -5.063949962458094e-06                       0       299.8739658340817
            0.010546875  -0.0004385606900231989  -5.389127746525627e-06                       0       299.8740372629961
              0.0109375  -0.0004464901778177021   -5.71731922355085e-06                       0       299.8741212870219
            0.011328125  -0.0004536473660312187  -6.051634790141222e-06                       0       299.8742387464242
             0.01171875  -0.0004605069283878624  -6.387838431130404e-06                       0       299.8743702850647
            0.012109375  -0.0004669200519591968  -6.726874183717844e-06                       0        299.874522942562
                 0.0125  -0.0004727598848591442  -7.068568989879703e-06                       0       299.8747050276612
            0.012890625  -0.0004783184075091277  -7.411315882706662e-06                       0       299.8749021102184
             0.01328125  -0.0004833249798307483  -7.755612068620829e-06                       0       299.8751297550738
            0.013671875  -0.0004879331342805904  -8.100244562141238e-06                       0       299.8753810766733
              0.0140625  -0.0004922756768158846   -8.44510126073205e-06                       0       299.8756481827513
            0.014453125  -0.0004959793397184743  -8.789155646104146e-06                       0       299.8759558561865
             0.01484375  -0.0004994372116638237  -9.132350244055018e-06                       0       299.8762801410808
            0.015234375  -0.0005025263971733678  -9.474255160875052e-06                       0        299.876629343197
               0.015625   -0.000505142932819752  -9.813377368005985e-06                       0       299.8770124273075
    0.01601562500000001  -0.0005075277313881422  -1.015084662457315e-05                       0       299.8774125910591
             0.01640625  -0.0005094582315077162  -1.048448678857373e-05                       0       299.8778471913811
            0.016796875  -0.0005110613430620881  -1.081448459344118e-05                       0       299.8783079607363
              0.0171875  -0.0005124461955729921  -1.114205415888662e-05                       0       299.8787861761137
            0.017578125  -0.0005133069246537792   -1.14622955147857e-05                       0       299.8793084584635
             0.01796875   -0.000513966338749685   -1.17791143577205e-05                       0       299.8798485038816
            0.018359375  -0.0005143237803682693  -1.209079943120885e-05                       0        299.880415193902
                0.01875  -0.0005142947210586648  -1.239468299367549e-05                       0       299.8810175984152
            0.019140625  -0.0005140763114094464  -1.269443375555847e-05                       0       299.8816378873589
             0.01953125  -0.0005134870013299665   -1.29854548261285e-05                       0       299.8822939995363
    0.01992187500000001  -0.0005126308285264311  -1.326925544762137e-05                       0       299.8829770042711
              0.0203125  -0.0005115967472401978  -1.354824243639622e-05                       0        299.883677937381
    0.02070312500000001  -0.0005101361175373717  -1.381411445042568e-05                       0       299.8844236445842
             0.02109375   -0.000508511910996761   -1.40743256421812e-05   1.293771064558324e-31       299.8851872092152
            0.021484375  -0.0005066423391994533  -1.432604560052513e-05   4.528198725970683e-31        299.885977559976
               0.021875  -0.0005044592178947449   -1.45656514108159e-05   2.587542129115113e-31       299.8868034580926
            0.022265625  -0.0005021226057760798  -1.479901181662376e-05  -1.767055005508742e-31       299.8876470731726
             0.02265625   -0.000499485579908994  -1.501950475255388e-05  -1.060233003305742e-30       299.8885260087521
            0.023046875  -0.0004966327537267041  -1.522981291919696e-05  -1.182873977245177e-30       299.8894312227127
              0.0234375  -0.0004936360606676141  -1.543333123964889e-05  -7.982572653065307e-31       299.8903539555961
    0.02382812500000001  -0.0004902949966791722  -1.561903829639901e-05  -2.993464744906982e-31       299.8913200669466
             0.02421875  -0.0004868220877738943  -1.579730848165629e-05                       0       299.8923033375734
            0.024609375  -0.0004831514114933583  -1.596442335967405e-05                       0        299.893312347112
                  0.025  -0.0004792284351489837  -1.611608590216594e-05   2.016261612625887e-29       299.8943552449099
            0.025390625  -0.0004751820551822514  -1.625988951780389e-05   4.038474162728943e-29       299.8954149684878
             0.02578125  -0.0004708943607899267  -1.638770976155134e-05   4.068228850114684e-29       299.8965081069275
            0.026171875  -0.0004664336264803728  -1.650318082249203e-05   4.094689940431734e-29       299.8976259212479
              0.0265625  -0.0004618575322260045  -1.661041909489489e-05   4.118955299369518e-29       299.8987601861589
            0.026953125  -0.0004570058086819159  -1.669653508959706e-05   4.137613045554011e-29       299.8999348884131
             0.02734375  -0.0004520487591089619  -1.677401152043964e-05   3.111605769948467e-29       299.9011254724356
            0.027734375   -0.000446933720492702  -1.683852860549277e-05   5.186009616580791e-30       299.9023398791057
               0.028125  -0.0004416175290494987  -1.688543702422346e-05                       0       299.9035854303331
            0.028515625  -0.0004362030511808448  -1.692347183532983e-05                       0       299.9048463915006
             0.02890625   -0.000430596580437393  -1.694362088226321e-05                       0       299.9061378479117
            0.029296875  -0.0004248527401186903  -1.695018750273919e-05                       0       299.9074516676654
    0.02968750000000001  -0.0004190173200831666  -1.694769917224426e-05   1.388851088181323e-44       299.9087803963236
            0.030078125  -0.0004129636002319788  -1.692235994815527e-05   1.035728516342886e-30       299.9101455178028
             0.03046875  -0.0004068266695732928  -1.688782172796897e-05   1.673299731241376e-30       299.9115248325957
            0.030859375  -0.0004005649227033492  -1.683948501363558e-05   1.713634993984638e-30       299.9129254373514
                0.03125  -0.0003941446834773538  -1.677268662339068e-05   8.608510232678819e-31       299.9143536788105
            0.031640625  -0.0003876471111930927  -1.669665484941145e-05                       0       299.9157955459924
             0.03203125  -0.0003809986990319094  -1.660215121640978e-05                       0       299.9172642794283
            0.032421875  -0.0003742426977516899  -1.649382599599125e-05                       0       299.9187525705472
    0.03281249999999999  -0.0003674149703921209  -1.637628638396196e-05                       0        299.920253900128
            0.033203125  -0.0003604168463147075  -1.623583072677411e-05                       0       299.9217868174843
    0.03359375000000001  -0.0003533540102880385  -1.608628279554596e-05                       0       299.9233319586763
            0.033984375  -0.0003461941063374749  -1.592309645325726e-05                       0       299.9248954356121
               0.034375  -0.0003389114420695631  -1.574192552237104e-05                       0       299.9264825231007
            0.034765625  -0.0003315690088636469  -1.555182500372285e-05                       0       299.9280812032738
             0.03515625  -0.0003241102602230606  -1.534399072262328e-05                       0       299.9297026436323
    0.03554687499999999  -0.0003165689528738073  -1.512308168740251e-05                       0       299.9313405072994
              0.0359375  -0.0003089726063854454    -1.4893456149435e-05                       0       299.9329893198424
            0.036328125  -0.0003012462122674618  -1.464247638619514e-05                       0       299.9346644128035
    0.03671875000000001  -0.0002934707259507727  -1.438315358740998e-05                       0        299.936349576263
    0.03710937500000001  -0.0002856216013360269  -1.411131623530683e-05                       0       299.9380498454715
    0.03750000000000001  -0.0002776799698436831  -1.382323650347247e-05                       0       299.9397693633555
    0.03789062500000001  -0.0002696934627583908  -1.352715774672698e-05                       0       299.9414982804787
             0.03828125  -0.0002616199601788839  -1.321532527006597e-05                       0       299.9432455458597
            0.038671875   -0.000253485227278795  -1.289207658405205e-05                       0       299.9450058916646
              0.0390625  -0.0002453096741649898  -1.256121709180303e-05                       0        299.946774957759
    0.03945312500000001  -0.0002370385809450808  -1.221204799946281e-05                       0       299.9485646818046
    0.03984375000000001  -0.0002287318071764219  -1.185586208613778e-05                       0       299.9503622090185
            0.040234375  -0.0002203715125846338  -1.148915094133482e-05                       0       299.9521714409796
    0.04062500000000001  -0.0002119447996784663  -1.110905848787492e-05                       0       299.9539953540556
            0.041015625  -0.0002034860834946153  -1.072244756312156e-05                       0       299.9558263752158
    0.04140625000000001  -0.0001949657725144563  -1.032314406185496e-05                       0       299.9576711476648
            0.041796875   -0.000186402800178029  -9.914863493768046e-06                       0       299.9595255331515
              0.0421875  -0.0001778113869374248  -9.500598214467515e-06                       0       299.9613863273336
            0.042578125  -0.0001691546351825807  -9.072315562142781e-06                       0        299.963261971384
             0.04296875   -0.000160474006701403  -8.638818846684526e-06   8.509987136716228e-31       299.9651430850733
            0.043359375  -0.0001517575631307224  -8.197501036526031e-06   2.978495497850934e-30       299.9670324032163
                0.04375  -0.0001429977980044684  -7.746568934210465e-06   3.417073976695196e-30       299.9689317172583
            0.044140625  -0.0001342174607122053  -7.291039598518218e-06   3.001383961363778e-30        299.970835792812
             0.04453125  -0.0001253981563114774  -6.826735621474669e-06   8.575382746754429e-31       299.9727489185129
            0.044921875   -0.000116552840221105  -6.356498039760892e-06                       0       299.9746681209724
    0.04531250000000001  -0.0001076901830043036  -5.882304721600086e-06                       0       299.9765913746075
            0.045703125  -9.878945169890216e-05  -5.399327485507447e-06                       0        299.978523569224
             0.04609375  -8.987557510745393e-05  -4.913288241137326e-06                       0       299.9804588647214
            0.046484375  -8.094198058693345e-05  -4.422655984350409e-06                       0       299.9823988115353
               0.046875  -7.198621738658379e-05  -3.926819179091577e-06                       0       299.9843440078423
    0.04726562500000001  -6.302039046203341e-05  -3.428613438717639e-06                       0       299.9862915905597
             0.04765625  -5.403647732052778e-05   -2.92613650635632e-06                       0       299.9882434694928
            0.048046875  -4.504203726055375e-05  -2.421164746388199e-06                       0       299.9901978550246
              0.0484375  -3.604057925493474e-05  -1.914529768015581e-06                       0       299.9921539116255
            0.048828125  -2.702660814853465e-05   -1.40492879542358e-06                       0       299.9941129525278
             0.04921875  -1.800963563340167e-05  -8.946214239434971e-07                       0       299.9960727096021
            0.049609375    -8.9881610051687e-06  -3.832544541313841e-07                       0        299.998033540929
                   0.05   3.531939663593853e-08   1.285615024206945e-07                       0       299.9999948492322
    0.05039062500000001   9.058804302902226e-06   6.403606837948912e-07   -7.14773578848849e-31       300.0019561571626
             0.05078125    1.80803014534428e-05   1.151643777717877e-06  -4.288641473092986e-30       300.0039169866266
    0.05117187500000001   2.709730995357599e-05   1.661816967674832e-06  -6.707300843680717e-30       300.0058767407223
    0.05156250000000001   3.611132602010487e-05   2.171250221654454e-06  -8.355821198497362e-30       300.0078357779158
    0.05195312500000001   4.511285125464428e-05    2.67763370519238e-06   -3.13343294943632e-30        300.009791828939
             0.05234375    5.41073673495736e-05   3.182320499862152e-06                       0       300.0117462081546
            0.052734375   6.309136973509181e-05   3.684462261229895e-06                       0       300.0136980796774
    0.05312500000000001   7.205730324488906e-05   4.182265996905498e-06  -6.322954870296359e-30       300.0156456535344
            0.053515625    8.10131816163805e-05   4.677667414316489e-06  -1.296571001823543e-29       300.0175908402434
    0.05390625000000001   8.994690831037499e-05   5.167797584362793e-06  -1.456471140645365e-29       300.0195307760364
    0.05429687500000001   9.886092952164361e-05    5.65328484001796e-06  -9.502694976087415e-30       300.0214660594285
              0.0546875   0.0001077618137444356   6.135676819412648e-06                       0       300.0233982412432
    0.05507812500000001   0.0001166246440278826   6.609201950506245e-06                       0       300.0253214803272
             0.05546875    0.000125470140972325   7.078738283579646e-06                       0       300.0272406675514
            0.055859375   0.0001342896379082636   7.542291419623159e-06                       0       300.0291537769928
                0.05625   0.0001430701826969462   7.997004042641925e-06                       0       300.0310578349561
            0.056640625   0.0001518301626294589   8.447086567132786e-06                       0       300.0329571307345
    0.05703125000000001   0.0001605468352845762   8.887489210539859e-06                       0       300.0348464293172
            0.057421875   0.0001692277029943035   9.320021803860933e-06                       0       300.0367275224976
              0.0578125   0.0001778847007404399   9.747307697124594e-06                       0       300.0386031454127
    0.05820312500000001   0.0001864763758509422   1.016049506078297e-05                       0       300.0404639169167
    0.05859375000000001   0.0001950396159623493   1.056766544227738e-05  -8.181589024496166e-31       300.0423182791425
    0.05898437500000002   0.0002035602035751144   1.096581035052596e-05  -2.863556158573972e-30       300.0441630274511
    0.05937500000000001   0.0002120192072387282   1.135119855989778e-05  -3.252796057195597e-30       300.0459940233442
            0.059765625   0.0002204462127899016   1.173003635109824e-05  -2.828836941517448e-30       300.0478179105792
             0.06015625    0.000228806809840493   1.209542916849132e-05  -8.082391261480783e-31       300.0496271156346
            0.060546875   0.0002371138926005041   1.245024937792444e-05   5.897436142917446e-31       300.0514246151757
    0.06093750000000001   0.0002453852991668006   1.279802118205147e-05   1.572649638109484e-30       300.0532143110474
            0.061328125    0.000253561175047078   1.312740509720065e-05  -4.043465545311745e-29       300.0549833477475
             0.06171875   0.0002616962338596715   1.344914718076514e-05  -6.664773381859861e-29        300.056743663718
            0.062109375   0.0002697700670707367   1.375942651695224e-05  -6.916947209545729e-29       300.0584908985912
                 0.0625   0.0002777569097659786   1.405389070777495e-05  -3.483690987541234e-29       300.0602197843635
    0.06289062500000001   0.0002856988790117734   1.434032532900508e-05                       0       300.0619392705024
             0.06328125   0.0002935483449755892   1.461045681723124e-05                       0       300.0636395071962
    0.06367187499999999   0.0003013241742497162    1.48680287281669e-05                       0       300.0653246376322
    0.06406250000000002    0.000309050912397394   1.511722758757561e-05                       0       300.0669996972388
            0.064453125   0.0003166476036978125   1.534499814771777e-05                       0       300.0686484756305
    0.06484375000000001   0.0003241892553796683   1.556402298885585e-05                       0       300.0702863048979
    0.06523437500000001   0.0003316483476336581   1.576992925148693e-05                       0       300.0719077104584
               0.065625   0.0003389911218443626   1.595804420231951e-05                       0       300.0735063553872
    0.06601562499999999   0.0003462741253845471   1.613720102630519e-05                       0       300.0750934074301
             0.06640625   0.0003534343642859411   1.629831665470244e-05                       0       300.0766568485652
    0.06679687500000001   0.0003604975306918531   1.644575217007649e-05                       0       300.0782019537491
    0.06718749999999998   0.0003674959821007944   1.658406761010263e-05                       0       300.0797348349801
            0.067578125   0.0003743240268815364   1.669939883839139e-05                       0       300.0812361281924
    0.06796875000000001   0.0003810803406742677   1.680548897714979e-05                       0        300.082724382925
            0.068359375   0.0003877290579849496   1.689771748161103e-05                       0       300.0841930799111
    0.06875000000000001   0.0003942269236590948   1.697142193992455e-05                       0       300.0856349106741
    0.06914062500000001   0.0004006474498971544   1.703586724178205e-05                       0       300.0870631157326
             0.06953125   0.0004069094700274537   1.708179996396741e-05                       0       300.0884636842285
    0.06992187500000002   0.0004130466621040855   1.711389703531517e-05                       0       300.0898429629364
              0.0703125   0.0004191006354782712   1.713677033943771e-05                       0       300.0912080484525
    0.07070312500000001   0.0004249362866993719   1.713673262624594e-05                       0       300.0925367415638
             0.07109375   0.0004306803482099844   1.712761667700157e-05                       0       300.0938505260048
    0.07148437499999999   0.0004362870251548724   1.710488337367884e-05                       0       300.0951419474451
    0.07187499999999999   0.0004417016870880133   1.706421935428283e-05                       0       300.0964028741952
            0.072265625   0.0004470180509831537   1.701465967925255e-05                       0        300.097648391312
    0.07265625000000001   0.0004521332377379962   1.694744809775753e-05                       0       300.0988627645551
    0.07304687500000001    0.000457090415566575   1.686724609744847e-05                       0       300.1000533157443
              0.0734375    0.000461942254110988   1.677838381793021e-05                       0       300.1012279855709
    0.07382812500000001   0.0004665184274627339   1.666834986166131e-05                       0       300.1023622191684
             0.07421875   0.0004709792253988095   1.655006436621316e-05                       0        300.103480002697
    0.07460937500000001   0.0004752669602113646   1.641940156199558e-05                       0       300.1045731111121
    0.07500000000000001   0.0004793133474368905   1.627272001367993e-05                       0       300.1056328058049
    0.07539062500000002   0.0004832363139062677   1.611816241364734e-05                       0       300.1066756753211
    0.07578125000000002   0.0004869069449380353   1.594811935084299e-05                       0       300.1076846578262
            0.076171875   0.0004903797804166482    1.57668979096844e-05                       0       300.1086679024447
    0.07656250000000002    0.000493720752193176   1.557822421628978e-05                       0        300.109633988483
    0.07695312500000001   0.0004967173033613934   1.537170392185638e-05                       0       300.1105566978902
    0.07734374999999999   0.0004995699667114812   1.515838095763621e-05                       0       300.1114618891794
    0.07773437499999999   0.0005022067983343591   1.493485398873569e-05                       0       300.1123408032819
               0.078125   0.0005045431722290681   1.469843666185438e-05                       0       300.1131843985918
    0.07851562500000001   0.0005067260328086695   1.445576321168449e-05                       0       300.1140102778017
    0.07890625000000001    0.000508595297856131    1.42009556263452e-05                       0       300.1148006114767
    0.07929687499999999   0.0005102191616410819   1.393764410364482e-05                       0       300.1155641604301
    0.07968750000000001   0.0005116794245843971   1.366866328937137e-05                       0       300.1163098529248
            0.080078125   0.0005127130767129171   1.338655032937947e-05                       0       300.1170107738127
    0.08046875000000001   0.0005135687944853235   1.309961854879647e-05                       0        300.117693767376
    0.08085937500000001   0.0005141576107235512   1.280545853732657e-05                       0       300.1183498699472
    0.08125000000000002   0.0005143754730492525   1.250256198507374e-05                       0         300.11897015146
    0.08164062500000002   0.0005144039578861486   1.219553013192265e-05                       0        300.119572549623
             0.08203125   0.0005140458866805267   1.188069361596662e-05                       0       300.1201392355487
    0.08242187500000001   0.0005133858005229975   1.156072387326155e-05                       0       300.1206792786014
    0.08281250000000001   0.0005125243710641963    1.12373319793905e-05                       0       300.1212015597387
    0.08320312499999999   0.0005111387456410125   1.090661785480494e-05                       0       300.1216797768532
    0.08359375000000001   0.0005095348315301526   1.057348000735656e-05                       0       300.1221405491467
            0.083984375   0.0005076034843877781   1.023670657561407e-05                       0       300.1225751542082
    0.08437500000000001   0.0005052177783901768   9.896117531654022e-06                       0       300.1229753251308
    0.08476562500000001   0.0005026003048698246   9.553883440072626e-06                       0       300.1233584176315
             0.08515625   0.0004995101201136937   9.208884770223895e-06                       0       300.1237076305845
    0.08554687500000001    0.000496051202287469   8.862613664044175e-06   3.921701350628718e-31       300.1240319281583
    0.08593750000000001   0.0004923464624145261   8.515494266977282e-06   1.045787026833176e-30       300.1243396154861
    0.08632812500000001   0.0004880027643855791   8.167607646767039e-06   1.145703373549061e-30       300.1246067384932
    0.08671875000000001   0.0004833934227993917   7.819961919229131e-06   5.623604896981741e-31        300.124858078211
    0.08710937500000002   0.0004783856158773346   7.472677530699582e-06    -1.0458712400011e-30       300.1250857429897
    0.08750000000000002   0.0004728257950518126   7.126981344548772e-06  -1.449406565277735e-30        300.125282847814
    0.08789062499999999     0.00046698463216136   6.782358142660038e-06  -1.339883601538718e-30       300.1254649562921
    0.08828125000000001   0.0004605701149148164   6.440438675443209e-06  -3.828238861534598e-31       300.1256176394456
    0.08867187500000002   0.0004537091111728819   6.101389342823193e-06                       0       300.1257492053491
    0.08906249999999999   0.0004465504497673596   5.764253433267834e-06   2.204415186306186e-46       300.1258666930892
    0.08945312499999999   0.0004386194095776075    5.43331281903917e-06   1.270758836688706e-30       300.1259507479768
             0.08984375   0.0004303678078940055   5.105417642470976e-06   2.075843496561977e-30       300.1260222086826
    0.09023437499999999   0.0004216353639696291    4.78209062239364e-06   2.182416891217072e-30       300.1260747781151
    0.09062500000000001    0.000412237940023703   4.465993642974126e-06   1.101865785074593e-30       300.1261038720432
    0.09101562499999999   0.0004025019015262371   4.153797512241848e-06   3.186210124018678e-31       300.1261216969661
    0.09140624999999999   0.0003920763848442503   3.849974735601584e-06   1.911726074411563e-30       300.1261179214386
            0.091796875   0.0003811149026142759   3.553292574043292e-06   2.614404051786043e-30       300.1260994791189
    0.09218750000000002   0.0003697961100189612   3.261370822539495e-06     2.7234639727374e-30       300.1260712589264
    0.09257812500000001   0.0003575518048428379   2.982790151784772e-06   1.021298989776509e-30       300.1260213716383
    0.09296875000000002   0.0003449240758223068   2.710124667901694e-06                       0       300.1259640211434
    0.09335937500000001   0.0003317212110351525   2.446331964326018e-06                       0        300.125895475828
                0.09375   0.0003177244121040475   2.195533993738105e-06                       0       300.1258146045388
    0.09414062500000001   0.0003033237124013381   1.951526673278245e-06                       0       300.1257282707076
    0.09453125000000001   0.0002881013437561965   1.721687220343214e-06                       0        300.125632412709
    0.09492187500000002   0.0002722414372405625   1.503361971762301e-06                       0       300.1255316702278
    0.09531249999999999   0.0002559565054779105    1.29271285941735e-06                       0        300.125427671398
            0.095703125   0.0002385727286967672   1.102752478622131e-06                       0       300.1253195687258
    0.09609375000000001   0.0002207345812221386   9.216760944518137e-07                       0       300.1252115525903
            0.096484375   0.0002022148777072841   7.539257052188764e-07                       0       300.1251036662597
    0.09687499999999999   0.0001827561328958603   6.051846093796107e-07                       0       300.1249996442482
    0.09726562500000001     0.00016282013531876   4.662639079766775e-07                       0       300.1248985381086
             0.09765625   0.0001419141679755278    3.47615490925438e-07                       0       300.1248052311387
    0.09804687500000001   0.0001202570658905026   2.450970070380784e-07                       0       300.1247209137417
    0.09843750000000001   9.809920731095405e-05   1.533318119266534e-07                       0       300.1246425894063
    0.09882812499999999   7.464931985903976e-05   9.058389317996636e-08                       0       300.1245848069899
    0.09921875000000002   5.066612259685761e-05    4.03809191414575e-08                       0       300.1245375995836
            0.099609375   2.588296061927302e-05   8.995362165220609e-09                       0       300.1245062546488
                    0.1                       0                       0                       0       300.1244999856631
