#              distance                     U_x                     U_y                     U_z                       T
  6.939827610207933e-18   2.596239557589573e-25   1.898606587404101e-21                       0       300.5000000000001
  0.0003906250000000001   7.698271894580696e-09    2.10833207780164e-05                       0       300.4954535183023
  0.0007812500000000002   3.304290797180153e-08   4.104882940381814e-05                       0       300.4909074716276
            0.001171875   7.196702059241808e-08   6.020498276020061e-05                       0       300.4863622174365
              0.0015625   1.199441175752999e-07    7.88215659369716e-05                       0       300.4818174915754
            0.001953125   1.868838360438167e-07   9.613848024177422e-05  -1.776552872621197e-28       300.4772749888546
             0.00234375   2.600211969956994e-07   0.0001129548232488113  -2.825687219097897e-28       300.4727337416499
   0.002734375000000001   3.424550216726341e-07   0.0001290203093092001  -2.783693776358148e-28       300.4681943777196
               0.003125   4.350636300515503e-07   0.0001441226429032958  -2.742075610113203e-28        300.463658265679
            0.003515625   5.322330535772111e-07   0.0001587527395805796  -3.031912601071211e-28       300.4591239663141
             0.00390625   6.374709539878627e-07   0.0001724570410569084  -4.647194944346007e-28       300.4545936657611
            0.004296875    7.47297904377408e-07    0.000185494531419721   -4.27772989249183e-28        300.450066927403
   0.004687500000000002   8.601842214195512e-07   0.0001980874810401896  -2.585099910551726e-28       300.4455425638415
            0.005078125   9.784799750868856e-07   0.0002096141572240723  -9.694124664568919e-29       300.4410250778855
   0.005468750000000001   1.098120070158417e-06    0.000220732025635235                       0       300.4365107190226
            0.005859375   1.219776677336224e-06   0.0002312366823873175                       0       300.4320010507992
   0.006249999999999999   1.342630068031871e-06   0.0002409584581767204  -1.194346400753341e-28       300.4274983864169
   0.006640625000000002    1.46574431163419e-06   0.0002502973076457552  -2.381001550166908e-28       300.4229994102538
   0.007031250000000001   1.588705183345289e-06   0.0002588873327959973   -2.34254529346741e-28       300.4185081831261
   0.007421875000000001   1.710640661931415e-06    0.000266940766659656  -1.454476744242238e-28       300.4140233218445
   0.007812500000000002   1.831892545100898e-06   0.0002746364729989257                       0       300.4095427044605
   0.008203124999999999    1.95008168690211e-06   0.0002814787011134202                       0       300.4050736098122
   0.008593750000000001   2.066566836235265e-06    0.000287995521121922                       0       300.4006094843286
   0.008984375000000001   2.180495996866341e-06   0.0002940242289714346                       0       300.3961528125923
   0.009375000000000001   2.290178915661203e-06   0.0002994333718116291                       0       300.3917067872337
            0.009765625   2.397557601515442e-06   0.0003045403639743991                       0       300.3872662586057
             0.01015625   2.499965597443362e-06   0.0003090583184367883                       0       300.3828370705223
            0.010546875   2.598183277621243e-06   0.0003131568409582676                       0         300.37841689676
              0.0109375   2.693607413965746e-06    0.000316975742185807                       0       300.3740027325453
            0.011328125   2.781405040204054e-06   0.0003201319090794067                       0       300.3696044187741
             0.01171875   2.865943255666998e-06   0.0003230371361963745                       0       300.3652127663538
            0.012109375   2.945592354967019e-06   0.0003255659536484015                       0       300.3608311059661
                 0.0125   3.018395775128186e-06   0.0003276204456840775                       0       300.3564633901915
            0.012890625   3.087715901349772e-06   0.0003294444736343972                       0       300.3521027967191
             0.01328125   3.149948530951812e-06   0.0003308209706596421                       0        300.347756747842
            0.013671875   3.206743706217159e-06   0.0003318813417866852                       0       300.3434220399075
              0.0140625   3.259913911924716e-06   0.0003327309623149272                       0       300.3390948926015
            0.014453125    3.30391085955026e-06   0.0003330852821431517                       0       300.3347873368937
             0.01484375   3.344228297515476e-06   0.0003332537257155386                       0       300.3304878808981
            0.015234375   3.379026470990189e-06   0.0003331433549041689                       0       300.3262005744707
               0.015625   3.406508038460711e-06   0.0003326849443955664                       0       300.3219299665923
            0.016015625   3.430356281891163e-06   0.0003320582479914064  -1.890054282424288e-29       300.3176678257281
             0.01640625   3.446987835166345e-06   0.0003311064477023232   -1.13403256945456e-28       300.3134228544387
            0.016796875   3.458321029059386e-06   0.0003299274379501899  -1.494433503595562e-28        300.309191091794
              0.0171875    3.46612198336442e-06   0.0003285969552226897  -1.465083633022556e-28       300.3049681349128
            0.017578125   3.465341620795828e-06   0.0003269145151600089  -5.494063623834559e-29       300.3007677074475
             0.01796875   3.461249579885756e-06   0.0003251015937457836                       0       300.2965764823788
            0.018359375   3.452190021463398e-06    0.000323092950304242                       0        300.292399060905
                0.01875    3.43678627670047e-06   0.0003208431722490528  -6.671699821268457e-29       300.2882403940458
            0.019140625   3.418288438875303e-06   0.0003184775908268515  -1.168116147201688e-28       300.2840911839065
             0.01953125   3.393758415142651e-06    0.000315889930550356  -3.369970619422114e-29       300.2799610461329
            0.019921875   3.364959513473917e-06   0.0003131494264357687   4.636747999218605e-29       300.2758454265031
              0.0203125   3.333314693181136e-06   0.0003103070264291201   1.244048512855684e-28       300.2717394856359
    0.02070312500000001   3.295010555279239e-06    0.000307231790323886   4.665181923208728e-29       300.2676580568711
             0.02109375   3.254234829245307e-06   0.0003040718018454651                       0       300.2635865423485
            0.021484375   3.209751721013144e-06   0.0003007846848072468                       0       300.2595298991723
    0.02187500000000001   3.160725647981513e-06   0.0002973440746240034                       0       300.2554932696594
            0.022265625   3.109531184311307e-06   0.0002938305344032701  -1.359544930167571e-29       300.2514666848213
    0.02265625000000001   3.054206122886155e-06   0.0002901787671776091  -8.157269581005162e-29       300.2474602650255
            0.023046875   2.996098811313972e-06   0.0002864342261133365  -1.073367382772371e-28        300.243469057134
              0.0234375   2.936136666310514e-06   0.0002826278358233224  -1.049586447169618e-28        300.239487990512
            0.023828125   2.872070052664948e-06   0.0002786840719944438  -3.935949176886181e-29       300.2355323815525
             0.02421875   2.806575672083647e-06   0.0002746918987962689                       0       300.2315869805295
            0.024609375   2.738939641098736e-06   0.0002706271115441493                       0        300.227656891411
                  0.025   2.668875046421517e-06    0.000266477876245808  -4.702431218219184e-29       300.2237472341959
            0.025390625    2.59770193786796e-06   0.0002622893349524396  -1.049365630858302e-28       300.2198477885413
             0.02578125   2.524523337501563e-06   0.0002580280177252445  -1.593762566930719e-28       300.2159687572926
            0.026171875   2.450153022170423e-06   0.0002537203573080562  -1.459138308086317e-28       300.2121049987764
              0.0265625   2.374988230196007e-06   0.0002493818014308719  -8.718332526307995e-29       300.2082514220817
            0.026953125   2.298346698809298e-06   0.0002449788944362969  -3.269374697365468e-29       300.2044231953279
             0.02734375   2.221312637600804e-06   0.0002405550708678267                       0       300.2006050504286
            0.027734375   2.143689781659462e-06   0.0002360998724385139                       0       300.1968020283116
               0.028125   2.065664903439009e-06   0.0002316118395997734                       0       300.1930190215482
    0.02851562500000001   1.987530980146458e-06   0.0002271094804399347                       0       300.1892459774562
             0.02890625   1.909362898844432e-06    0.000222582650405157                       0       300.1854927687301
            0.029296875   1.831432445911495e-06   0.0002180432741894047                       0       300.1817542782146
    0.02968750000000001     1.7536604118915e-06   0.0002134955338530027                       0       300.1780255998396
            0.030078125   1.676700190174245e-06   0.0002089358038433497                       0       300.1743211498281
             0.03046875   1.600221137925739e-06   0.0002043745507527489                       0       300.1706262554013
            0.030859375   1.524463839880693e-06   0.0001998110130407444                       0       300.1669456943783
                0.03125   1.449960880087446e-06   0.0001952503994264949                       0       300.1632839438274
            0.031640625   1.376152617058529e-06   0.0001906926005923395  -7.498112191662718e-30       300.1596315161961
             0.03203125   1.303868802834447e-06   0.0001861431367808058    -4.4988673149974e-29       300.1559975697708
            0.032421875   1.232913864744041e-06   0.0001816035751734692   -5.89789488635418e-29       300.1523772164387
              0.0328125   1.162844844076185e-06   0.0001770706150355975  -5.730236774728099e-29        300.148765925169
            0.033203125   1.095270597082727e-06   0.0001725595855079186  -5.566402123697733e-29       300.1451768088772
             0.03359375   1.028794288512401e-06   0.0001680592442799881  -5.404048051563665e-29       300.1415963573668
            0.033984375   9.639648875764805e-07     0.00016357493550168  -5.243914847774557e-29        300.138028903028
               0.034375   9.015071188318094e-07   0.0001591153431868473  -2.605944103508312e-29       300.1344783423605
            0.034765625    8.40272970883515e-07   0.0001546688253645661                       0       300.1309361133955
             0.03515625   7.815616739297103e-07   0.0001502498890490157                       0       300.1274103175692
    0.03554687499999999   7.248374540222285e-07   0.0001458534447595368                       0       300.1238964833539
              0.0359375    6.69437952145701e-07   0.0001414719951541053                       0       300.1203906235461
            0.036328125   6.174777268633267e-07   0.0001371304928936333                       0       300.1169040656971
             0.03671875   5.669319844885925e-07   0.0001328057431466786                       0       300.1134249639893
            0.037109375   5.185079664750677e-07   0.0001285061221699999                       0        300.109957046493
    0.03750000000000001   4.729662967829734e-07    0.000124241150159675                       0       300.1065034908554
            0.037890625   4.288732044308193e-07   0.0001199936923831424                       0       300.1030569734856
             0.03828125   3.876920731167578e-07   0.0001157816425754257                       0       300.0996242473277
            0.038671875   3.486996697578685e-07   0.0001115964430841991                       0         300.09620142212
              0.0390625   3.111664183693189e-07   0.0001074291438039658                       0       300.0927851975457
    0.03945312500000001   2.772606405794389e-07   0.0001033066505366385                       0       300.0893847141735
             0.03984375   2.447867046628693e-07   9.920193711969127e-05                       0       300.0859902144227
    0.04023437500000001   2.144605315559689e-07   9.512389347831365e-05                       0       300.0826046901037
               0.040625   1.869385651354937e-07    9.10808135665437e-05                       0       300.0792304908515
    0.04101562500000001   1.607987554758075e-07   8.705499348487416e-05   3.155197192911412e-30       300.0758617897149
    0.04140625000000001   1.373833661726825e-07   8.306324899399934e-05   1.893118315746777e-29        300.072503755975
            0.041796875   1.159369340590476e-07   7.909619002213948e-05   2.449803631228573e-29       300.0691532186385
              0.0421875   9.580314007166533e-08   7.514558806295628e-05   2.325880092727863e-29       300.0658076789042
            0.042578125   7.880409496247188e-08   7.123435836894886e-05   8.722050347729267e-30        300.062473776004
             0.04296875   6.299159052301532e-08   6.733805155480999e-05                       0       300.0591441786882
    0.04335937500000001   4.895889708819196e-08   6.346412906047392e-05                       0       300.0558210397488
    0.04375000000000001    3.71484813074689e-08   5.961818326560079e-05                       0       300.0525058021056
            0.044140625   2.640778484799402e-08   5.578570901545637e-05                       0        300.049194334997
    0.04453125000000001   1.772368801866558e-08   5.197914424476395e-05                       0       300.0458900487313
            0.044921875   1.044757403527663e-08   4.819032669386175e-05                       0       300.0425906005693
    0.04531250000000001   4.110115282701106e-09   4.441334062281946e-05                       0       300.0392943778099
            0.045703125  -1.201937789461428e-10   4.066292456196728e-05                       0       300.0360052952796
             0.04609375  -3.608913641392862e-09   3.692186224978188e-05                       0       300.0327186957393
    0.04648437500000001  -5.985249704666553e-09   3.319483056059636e-05                       0       300.0294358206841
               0.046875  -7.090512230679098e-09   2.948383517356171e-05                       0       300.0261571588304
    0.04726562500000001   -7.61530047929949e-09   2.578016418658352e-05                       0       300.0228804139976
             0.04765625  -7.089265155683055e-09    2.20897544976781e-05                       0       300.0196071240066
            0.048046875  -5.945324887937382e-09   1.840714582880091e-05  -3.367453180249322e-30       300.0163358529854
    0.04843749999999999  -4.389447990580794e-09    1.47297378399424e-05  -8.979875147331163e-30       300.0130659279397
            0.048828125  -2.093960040030853e-09   1.106167405337478e-05  -6.743319055428771e-30       300.0097984097687
    0.04921875000000001   3.794045305612048e-10   7.395861354768569e-06  -4.051039050215358e-30       300.0065314698547
            0.049609375   3.119584031572546e-09   3.733425288104577e-06   -6.75173175035897e-31       300.0032653973262
                   0.05   5.977324809614987e-09   7.248989502608906e-08                       0       299.9999997108047
    0.05039062499999999   8.834109634004849e-09    -3.5884478983354e-06                       0       299.9967340245327
             0.05078125   1.156950936770292e-08  -7.250895966415213e-06                       0       299.9934679532524
    0.05117187500000001   1.403522297575981e-08  -1.091672788359704e-05                       0        299.990201015334
    0.05156250000000001   1.632114583358429e-08  -1.458481570018002e-05                       0       299.9869334996567
            0.051953125   1.786266131967358e-08  -1.826225980202679e-05                       0       299.9836635783449
    0.05234375000000001   1.899031515560245e-08  -2.194490944971556e-05                       0        299.980392311557
    0.05273437500000001   1.949717651618524e-08  -2.563536741616676e-05                       0       299.9771190265451
    0.05312500000000001   1.894934733894928e-08  -2.933909649939495e-05                       0       299.9738422876349
            0.053515625   1.781910526877563e-08  -3.305015491925297e-05                       0       299.9705636322095
             0.05390625   1.541390216485381e-08  -3.677725956884719e-05                       0       299.9672807645484
            0.054296875   1.189338184604943e-08  -4.051840238518362e-05                       0       299.9639941731168
              0.0546875   7.629316717512065e-09  -4.426890397934811e-05                       0       299.9607050991714
    0.05507812500000001   1.253179839249232e-09  -4.804598834740608e-05                       0       299.9574088861677
    0.05546875000000001  -6.063595372866332e-09  -5.183490938810076e-05                       0       299.9541094482214
            0.055859375   -1.47913280860225e-08   -5.56415854377504e-05                       0       299.9508051728603
    0.05624999999999999  -2.557965669100242e-08  -5.947418154900225e-05                       0       299.9474937175552
    0.05664062499999999  -3.743971045711926e-08  -6.332025455072399e-05                       0       299.9441784921589
    0.05703125000000001  -5.152606897680725e-08  -6.719431505272343e-05                       0       299.9408553663423
            0.057421875  -6.739528195801004e-08  -7.109076815573552e-05                       0        299.937525782787
              0.0578125  -8.445306458013953e-08  -7.500214965942275e-05                       0       299.9341918940727
            0.058203125  -1.046507060197201e-07  -7.895291755905422e-05                       0       299.9308463695538
             0.05859375  -1.261630436995607e-07   -8.29201482663085e-05                       0       299.9274958478253
    0.05898437500000001   -1.49647425739606e-07  -8.691207318499882e-05                       0       299.9241378302889
               0.059375  -1.758603699566496e-07   -9.09380855920177e-05                       0       299.9207691461211
            0.059765625   -2.03457547322263e-07  -9.498136386041972e-05                       0       299.9173949641994
    0.06015625000000001  -2.338630951059021e-07  -9.905961808603776e-05                       0       299.9140094579339
    0.06054687500000001  -2.664195413904109e-07   -0.000103164551522384                       0       299.9106149767542
    0.06093750000000001  -3.004099200087774e-07  -0.0001072872710992113                       0       299.9072145122852
            0.061328125  -3.380330126198436e-07  -0.0001114548128832273                       0       299.9037983074248
             0.06171875  -3.771173556066789e-07  -0.0001156402615549083                       0       299.9003755022267
    0.06210937500000001  -4.183935741570224e-07  -0.0001198525705580894                       0       299.8969427965285
                 0.0625  -4.625859470338442e-07  -0.0001241003013041561                       0       299.8934963001692
    0.06289062500000001  -5.082289907261272e-07  -0.0001283655532819578                       0        299.890042765805
    0.06328125000000001  -5.567585633542304e-07  -0.0001326654684438153                       0       299.8865748700894
            0.063671875  -6.074129785830206e-07  -0.0001369905233891977   3.341134720661538e-29       299.8830957904849
    0.06406249999999999  -6.594839555456025e-07    -0.00014133233819027   8.909692588430261e-29       299.8796092549701
    0.06445312500000001   -7.14999363194907e-07  -0.0001457141193039345   9.209134361432368e-29       299.8761034179907
    0.06484375000000001  -7.718415270587476e-07  -0.0001501109029451997   7.041599568925047e-29        299.872589606763
            0.065234375    -8.3067382524419e-07  -0.0001545301903778747   1.173599928154171e-29       299.8690638341793
               0.065625  -8.920329902712993e-07  -0.0001589770755407825                       0       299.8655216287305
    0.06601562499999999     -9.546177652229e-07  -0.0001634370434479693                       0       299.8619710917002
             0.06640625  -1.019578113031316e-06    -0.00016792174460204                       0       299.8584036612092
    0.06679687500000001   -1.08618825584351e-06  -0.0001724224912309775                       0       299.8548232336551
              0.0671875  -1.153898261991464e-06  -0.0001769339348431593                       0       299.8512341413925
            0.067578125   -1.22410771980099e-06   -0.000181467331533578                       0       299.8476228742618
    0.06796875000000002  -1.295204903779554e-06  -0.0001860073389964061                       0       299.8440025450527
    0.06835937500000001  -1.367633677011785e-06  -0.0001905572626178706                       0       299.8403686227629
    0.06875000000000001   -1.44159037340663e-06  -0.0001951155405236229                       0       299.8367162191965
    0.06914062500000001  -1.516243463230791e-06  -0.0001996766430103794   1.704713879679236e-29       299.8330544926674
    0.06953125000000002  -1.592154203609511e-06  -0.0002042406895368427   1.022828327807432e-28         299.82937395553
    0.06992187500000001   -1.66878904625984e-06  -0.0002088024669271816   1.385855202601434e-28       299.8256790848374
              0.0703125  -1.745906623757877e-06   -0.000213362731560104   1.422662034031819e-28       299.8219746584414
    0.07070312499999999  -1.823839675151616e-06  -0.0002179110332413702   5.334982627619769e-29       299.8182460033316
    0.07109374999999998  -1.901932499228407e-06  -0.0002224509818685032                       0       299.8145075359007
    0.07148437500000002  -1.980264982329991e-06  -0.0002269784009144374                       0       299.8107543499882
    0.07187499999999999  -2.058565772816842e-06  -0.0002314813720001695   8.039529484887581e-29       299.8069813282764
            0.072265625  -2.136758685288151e-06  -0.0002359700284242177   1.615995311222979e-28       299.8031983436492
    0.07265625000000001  -2.214551778312797e-06  -0.0002404258741617307   1.656442382450027e-28       299.7993953431589
            0.073046875  -2.291757516621633e-06  -0.0002448503634569505   1.045388256838028e-28       299.7955772194458
              0.0734375  -2.368571685119965e-06  -0.0002492539484573086                       0       299.7917490135841
    0.07382812500000001  -2.443911135853442e-06  -0.0002535932141164055                       0       299.7878954569544
             0.07421875   -2.51845675757556e-06  -0.0002579015974715794                       0       299.7840317181359
    0.07460937500000001  -2.591811635780915e-06  -0.0002621636573708703                       0       299.7801527060341
    0.07500000000000001  -2.663161976784086e-06  -0.0002663529685689705                       0       299.7762532787348
            0.075390625   -2.73340419164331e-06  -0.0002705029876260412                       0       299.7723436394352
    0.07578125000000002  -2.801218439129383e-06  -0.0002745685868202126                       0       299.7684135673658
            0.076171875  -2.866891202390483e-06  -0.0002785615938344082                       0        299.764468182681
    0.07656250000000001  -2.931136309501723e-06  -0.0002825062060619643                       0       299.7605125895973
    0.07695312500000001  -2.991276737691434e-06  -0.0002863134824753669                       0          299.7565315376
    0.07734374999999999  -3.049562046735403e-06  -0.0002900589252770771                       0       299.7525403438039
    0.07773437500000001  -3.105064677061006e-06  -0.0002937116176612498                       0       299.7485339373096
               0.078125  -3.156435723462413e-06  -0.0002972261153523101                       0       299.7445073646605
    0.07851562500000002  -3.205637780099041e-06   -0.000300667699441998                       0       299.7404707467751
    0.07890625000000001  -3.250295461600705e-06  -0.0003039558238192663                       0       299.7364141140586
            0.079296875  -3.291244379719489e-06  -0.0003071168455810715                       0       299.7323426090872
    0.07968750000000001   -3.32972078891632e-06  -0.0003101931322659036                       0       299.7282611892813
            0.080078125  -3.361535033850868e-06  -0.0003130366275937548                       0       299.7241552558086
    0.08046875000000001   -3.39050200278541e-06  -0.0003157782455483328                       0       299.7200396429429
    0.08085937500000001  -3.415198057719878e-06  -0.0003183670474429901                       0       299.7159095109782
    0.08125000000000002  -3.433858775915275e-06  -0.0003207338088111161                       0       299.7117603053724
    0.08164062499999999  -3.449423717763064e-06  -0.0003229847863108297                       0       299.7076016423461
             0.08203125  -3.458640890961282e-06  -0.0003249946688635674                       0       299.7034242234118
    0.08242187500000001  -3.462887542352594e-06  -0.0003268088601819794                       0       299.6992329998868
    0.08281250000000001   -3.46382051253924e-06  -0.0003284925906775076                       0       299.6950325733017
    0.08320312500000002  -3.456166644063369e-06  -0.0003298244169666169                       0       299.6908096156361
    0.08359375000000002  -3.444978129202915e-06  -0.0003310047922840086                       0       299.6865778515437
            0.083984375  -3.428487644765543e-06  -0.0003319579911438238                       0       299.6823328778111
    0.08437500000000001  -3.404775279952908e-06  -0.0003325861316927335                       0       299.6780707331948
    0.08476562500000001   -3.37742690775143e-06  -0.0003330460095414331                       0       299.6738001208979
    0.08515624999999999  -3.342756386370316e-06   -0.000333157894900199                       0       299.6695128087626
    0.08554687500000001  -3.302562199346063e-06  -0.0003329910025588623                       0       299.6652133461071
              0.0859375  -3.258685568559717e-06  -0.0003326382584174572                       0       299.6609057831047
    0.08632812500000001  -3.205627978507139e-06  -0.0003317902769402769                       0         299.65657862696
    0.08671875000000001  -3.148942210408568e-06  -0.0003307315711402018                       0       299.6522439095903
    0.08710937499999999  -3.086814175241032e-06  -0.0003293567788557844                       0       299.6478978503829
    0.08749999999999999  -3.017592011643113e-06  -0.0003275345101442828                       0       299.6435372454352
            0.087890625  -2.944883195915486e-06  -0.0003254818051057626                       0       299.6391695176267
    0.08828124999999999  -2.865321900099454e-06   -0.000322954831186253                       0       299.6347878441151
    0.08867187500000001   -2.78086629819765e-06   -0.000320051491603978                       0       299.6303961778007
    0.08906249999999999  -2.693147825572035e-06  -0.0003168972415798599                       0       299.6259978496179
    0.08945312500000001  -2.597794112599095e-06  -0.0003130803333548534                       0       299.6215836697896
    0.08984374999999999  -2.499643361072413e-06  -0.0003089838354618803                       0        299.617163479968
    0.09023437500000001  -2.397297051715019e-06  -0.0003044679530669565                       0       299.6127342751568
    0.09062500000000001  -2.289973121096493e-06  -0.0002993630986837931                       0       299.6082937289913
            0.091015625  -2.180341523280788e-06  -0.0002939561271244992                       0       299.6038476856932
    0.09140625000000002  -2.066456877938121e-06  -0.0002879296588489884                       0       299.5993909952857
            0.091796875  -1.950011287541068e-06  -0.0002814151316651439                       0       299.5949268506378
    0.09218750000000001  -1.831858400441051e-06  -0.0002745752318757426                       0       299.5904577364963
    0.09257812500000001   -1.71063485221809e-06  -0.0002668819461633055                       0       299.5859770988998
    0.09296874999999999  -1.588724716568209e-06  -0.0002588309713366524                       0       299.5814922171551
    0.09335937499999999  -1.465784699777951e-06  -0.0002502434628386797                       0       299.5770009691945
                0.09375  -1.342685761435047e-06  -0.0002409072099650406                       0        299.572501971784
    0.09414062500000002  -1.219845031208609e-06  -0.0002311880715604748                       0       299.5679992859662
    0.09453125000000001  -1.098196055000661e-06  -0.0002206861354078702                       0       299.5634895959702
            0.094921875  -9.785602754842092e-07  -0.0002095710525756056                       0       299.5589752151375
    0.09531250000000001  -8.602666270954181e-07  -0.0001980472052902348                       0       299.5544577070804
    0.09570312500000001  -7.473777651990983e-07  -0.0001854571973438918                       0       299.5499333211748
    0.09609374999999998  -6.375468071386455e-07  -0.0001724226956358029                       0       299.5454065604064
    0.09648437500000001  -5.323027048319397e-07  -0.0001587214532850897                       0       299.5408762373436
               0.096875  -4.351250447588931e-07  -0.0001440945135965658                       0       299.5363419153881
    0.09726562500000002  -3.425074294670084e-07  -0.0001289953869384445                       0       299.5318057807285
             0.09765625  -2.600635510662131e-07  -0.0001129332097397575                       0       299.5272663941389
    0.09804687500000001  -1.869161581683865e-07  -9.612025520268178e-05                       0       299.5227251242627
    0.09843750000000002  -1.199664222725531e-07  -7.880678244001816e-05                       0       299.5181825988689
            0.098828125  -7.198093358711967e-08   -6.01937789487629e-05                       0       299.5136378503589
    0.09921875000000001  -3.304974181518303e-08  -4.104126282498064e-05                       0       299.5090925735417
    0.09960937500000001   -7.69999541349143e-09  -2.107947775240858e-05                       0        299.504546504264
                    0.1                       0                       0                       0       299.4999999999999
