#              distance                     U_x                     U_y                     U_z                       T
  1.387778780781448e-19   2.871629624505053e-20   3.871390700360652e-18   3.475410880059556e-55       300.5000000000016
  0.0003906250000000002   1.697461909857705e-06   0.0002141626041749897   9.782411965247342e-42       300.4905799996379
  0.0007812500000000002   3.394923819715411e-06   0.0004283252083499795   1.956482393049452e-41       300.4811599992758
            0.001171875   5.092385729573119e-06   0.0006424878125249693   2.934723589574169e-41       300.4717399989137
              0.0015625   1.038770849074537e-05   0.0008067688592245992   2.739075350269227e-41       300.4623242855978
            0.001953125   1.658249646474624e-05   0.0009585795165553892   2.249954752006871e-41       300.4529096440435
             0.00234375   2.277728443874713e-05    0.001110390173886179   1.760834153744514e-41       300.4434950024892
   0.002734375000000001   2.897207241274802e-05     0.00126220083121697   1.271713555482138e-41       300.4340803609348
               0.003125   3.516686038674887e-05    0.001414011488547759   7.825929572197778e-42       300.4246657193805
   0.003515625000000001   4.136164836074977e-05     0.00156582214587855   2.934723589574166e-42       300.4152510778262
             0.00390625   4.823933322520533e-05    0.001696324994466954                       0       300.4058861512136
            0.004296875   5.614136342534286e-05     0.00179486612994178                       0       300.3965957970137
   0.004687500000000001   6.404339362548045e-05    0.001893407265416605                       0       300.3873054428137
            0.005078125   7.194542382561782e-05    0.001991948400891431                       0       300.3780150886137
   0.005468750000000001   7.984745402575556e-05    0.002090489536366256                       0       300.3687247344138
   0.005859375000000002   8.774948422589322e-05    0.002189030671841081                       0       300.3594343802139
   0.006250000000000001   9.565151442603075e-05    0.002287571807315908                       0        300.350144026014
   0.006640625000000001   0.0001027570832571409    0.002341958452979902                       0       300.3411699527137
   0.007031250000000001   0.0001098626520882508    0.002396345098643898                       0       300.3321958794134
   0.007421875000000001   0.0001169682209193609    0.002450731744307894                       0       300.3232218061132
              0.0078125   0.0001240737897504709    0.002505118389971889                       0        300.314247732813
            0.008203125   0.0001311793585815809    0.002559505035635884                       0       300.3052736595127
   0.008593750000000001    0.000138284927412691    0.002613891681299879                       0       300.2962995862125
   0.008984375000000001   0.0001439185148398851    0.002647329306241275                       0       300.2876449046664
   0.009375000000000001   0.0001485707813311347    0.002666800917367602                       0       300.2792031509566
            0.009765625   0.0001532230478223844     0.00268627252849393                       0       300.2707613972466
             0.01015625   0.0001578753143136342    0.002705744139620258                       0       300.2623196435369
            0.010546875    0.000162527580804884    0.002725215750746586                       0        300.253877889827
              0.0109375   0.0001671798472961337    0.002744687361872914                       0       300.2454361361172
            0.011328125   0.0001712289973027328    0.002758978321759947                       0       300.2371405071877
             0.01171875   0.0001728656813707289    0.002752546676689803                       0       300.2294293773796
            0.012109375   0.0001745023654387254     0.00274611503161966                       0       300.2217182475714
                 0.0125   0.0001761390495067217    0.002739683386549516                       0       300.2140071177633
            0.012890625    0.000177775733574718    0.002733251741479371                       0        300.206295987955
             0.01328125   0.0001794124176427144    0.002726820096409228                       0       300.1985848581469
            0.013671875   0.0001810491017107106    0.002720388451339084                       0       300.1908737283387
              0.0140625   0.0001803669240299953    0.002699793052603601                       0       300.1838673115523
            0.014453125   0.0001791050309121021    0.002675656715451785                       0       300.1770370730214
             0.01484375   0.0001778431377942089    0.002651520378299968                       0       300.1702068344903
            0.015234375   0.0001765812446763158    0.002627384041148152                       0       300.1633765959596
               0.015625   0.0001753193515584227    0.002603247703996335                       0       300.1565463574286
            0.016015625   0.0001740574584405297    0.002579111366844518                       0       300.1497161188975
             0.01640625   0.0001718613545270427    0.002550662318972073                       0       300.1432727626809
            0.016796875   0.0001682639344201617    0.002515744205018638                       0         300.13740972993
              0.0171875   0.0001646665143132816    0.002480826091065216                       0       300.1315466971809
            0.017578125   0.0001610690942064012    0.002445907977111795                       0       300.1256836644316
    0.01796875000000001   0.0001574716740995214    0.002410989863158372                       0       300.1198206316824
            0.018359375   0.0001538742539926415     0.00237607174920495                       0       300.1139575989332
                0.01875   0.0001502768338857618    0.002341153635251536                       0       300.1080945661848
            0.019140625    0.000145126026376385      0.0023008749235372                       0       300.1032192820874
             0.01953125   0.0001399752188670088    0.002260596211822873                       0       300.0983439979909
    0.01992187500000001   0.0001348244113576324    0.002220317500108545                       0       300.0934687138944
              0.0203125   0.0001296736038482565    0.002180038788394218                       0       300.0885934297979
            0.020703125   0.0001245227963388798    0.002139760076679889                       0       300.0837181457013
             0.02109375   0.0001193719888295035    0.002099481364965561                       0       300.0788428616048
            0.021484375   0.0001137806968323257    0.002058340568849389                       0       300.0745384759182
    0.02187500000000001   0.0001078957485099461    0.002016625049798652                       0       300.0706146891714
            0.022265625   0.0001020108001875666    0.001974909530747916                       0       300.0666909024246
             0.02265625   9.612585186518663e-05     0.00193319401169718                       0       300.0627671156779
            0.023046875   9.024090354280727e-05    0.001891478492646444                       0       300.0588433289311
              0.0234375    8.43559552204279e-05    0.001849762973595708                       0       300.0549195421843
            0.023828125   7.847093263134566e-05     0.00180827920316739                       0       300.0511704447838
             0.02421875   7.258561297544941e-05    0.001767722427228687                       0       300.0481201047592
            0.024609375   6.670029331955413e-05    0.001727165651289997                       0       300.0450697647366
                  0.025    6.08149736636579e-05      0.0016866088753513                       0       300.0420194247129
            0.025390625    5.49296540077628e-05    0.001646052099412606                       0       300.0389690846898
             0.02578125   4.904433435186672e-05    0.001605495323473913                       0       300.0359187446667
            0.026171875   4.315901469597116e-05    0.001564938547535219                       0       300.0328684046436
              0.0265625   3.773827882382215e-05     0.00152652594596772                       0       300.0304341012346
            0.026953125   3.243368889760971e-05    0.001488649387993019                       0       300.0281538069791
             0.02734375   2.712909897139728e-05    0.001450772830018318                       0       300.0258735127236
            0.027734375   2.182450904518501e-05    0.001412896272043624                       0       300.0235932184695
               0.028125   1.651991911897267e-05     0.00137501971406892                       0       300.0213129242134
    0.02851562500000001   1.121532919275988e-05    0.001337143156094215                       0       300.0190326299571
             0.02890625   6.304896219754953e-06    0.001300626587770709   2.304307482447561e-28       300.0170147048597
            0.029296875   1.985698676559601e-06    0.001266150003923993   8.065076188566133e-28       300.0153903334989
    0.02968750000000001  -2.333498866635385e-06    0.001231673420077276   1.382584489468486e-27       300.0137659621382
            0.030078125  -6.652696409830338e-06    0.001197196836230567   1.958661360080362e-27       300.0121415907792
    0.03046875000000001   -1.09718939530251e-05    0.001162720252383844    2.53473823069221e-27       300.0105172194169
            0.030859375  -1.529109149621985e-05    0.001128243668537129   3.110815101304063e-27       300.0088928480562
                0.03125  -1.961028903941465e-05    0.001093767084690413   3.686891971915922e-27       300.0072684766957
            0.031640625  -2.271040314516591e-05    0.001062855342720307    4.45552157349434e-27       300.0061862931124
             0.03203125   -2.58105172509161e-05    0.001031943600750201    5.22415117507273e-27        300.005104109529
            0.032421875  -2.891063135666679e-05    0.001001031858780095   5.992780776651126e-27       300.0040219259458
    0.03281249999999999  -3.201074546241676e-05   0.0009701201168099914   6.761410378229497e-27        300.002939742363
            0.033203125  -3.511085956816751e-05    0.000939208374839884   7.530039979807909e-27       300.0018575587794
             0.03359375  -3.821097367391781e-05   0.0009082966328697786   8.298669581386283e-27        300.000775375196
            0.033984375  -4.052891526688293e-05    0.000879409698130211   7.799297538703487e-27       299.9999548186148
               0.034375  -4.232540851799119e-05   0.0008518726348776698   6.454591066513245e-27        299.999308680035
            0.034765625  -4.412190176909943e-05   0.0008243355716251287   5.109884594323003e-27       299.9986625414551
    0.03515625000000001  -4.591839502020707e-05    0.000796798508372587   3.765178122132686e-27       299.9980164028754
    0.03554687500000001  -4.771488827131518e-05   0.0007692614451200458   2.420471649942435e-27       299.9973702642955
              0.0359375  -4.951138152242386e-05   0.0007417243818675051   1.075765177752206e-27       299.9967241257157
            0.036328125  -5.105439793870514e-05    0.000714782793006591                       0       299.9961462336718
    0.03671874999999999  -5.158350701567907e-05   0.0006902231017121894                       0       299.9958413277721
            0.037109375  -5.211261609265303e-05   0.0006656634104177868                       0       299.9955364218723
    0.03750000000000001  -5.264172516962699e-05   0.0006411037191233843                       0       299.9952315159725
            0.037890625  -5.317083424660013e-05   0.0006165440278289822                       0       299.9949266100729
             0.03828125  -5.369994332357448e-05   0.0005919843365345801                       0       299.9946217041731
    0.03867187499999999  -5.422905240054819e-05   0.0005674246452401782                       0       299.9943167982734
              0.0390625  -5.384699091379785e-05   0.0005448438294828374                       0       299.9942189507136
    0.03945312500000001  -5.323713678611301e-05   0.0005227577326097617                       0       299.9941728677387
    0.03984375000000001  -5.262728265843067e-05    0.000500671635736687                       0       299.9941267847639
            0.040234375  -5.201742853074688e-05   0.0004785855388636125                       0        299.994080701789
    0.04062500000000001  -5.140757440306417e-05   0.0004564994419905375                       0       299.9940346188142
            0.041015625  -5.079772027538087e-05   0.0004344133451174633                       0       299.9939885358394
    0.04140625000000001  -4.981036544072813e-05   0.0004130975991019208                       0       299.9940176764582
    0.04179687500000001  -4.825675954562133e-05   0.0003929373793726783                       0       299.9941596524674
              0.0421875  -4.670315365051457e-05   0.0003727771596434361                       0       299.9943016284768
            0.042578125  -4.514954775540773e-05   0.0003526169399141937                       0        299.994443604486
             0.04296875  -4.359594186030071e-05   0.0003324567201849513                       0       299.9945855804953
    0.04335937500000001  -4.204233596519368e-05   0.0003122965004557086                       0       299.9947275565046
                0.04375  -4.048873007008667e-05   0.0002921362807264663                       0        299.994869532514
            0.044140625  -3.823243612287893e-05   0.0002733445234762239                       0       299.9951385635541
             0.04453125  -3.597614217567248e-05   0.0002545527662259817                       0       299.9954075945942
            0.044921875  -3.371984822846539e-05   0.0002357610089757394                       0       299.9956766256344
    0.04531250000000001  -3.146355428125822e-05   0.0002169692517254965                       0       299.9959456566745
            0.045703125  -2.920726033405172e-05   0.0001981774944752539                       0       299.9962146877147
             0.04609375  -2.695096638684396e-05   0.0001793857372250112                       0       299.9964837187547
            0.046484375  -2.443525132994084e-05   0.0001610836462135337                       0       299.9967967299376
               0.046875  -2.174658886657374e-05   0.0001431079993612329                       0       299.9971390612155
    0.04726562500000001  -1.905792640320659e-05   0.0001251323525089317                       0       299.9974813924935
    0.04765625000000001  -1.636926393983952e-05   0.0001071567056566309                       0        299.997823723773
            0.048046875  -1.368060147647251e-05   8.918105880433019e-05                       0       299.9981660550493
    0.04843750000000001  -1.099193901310555e-05   7.120541195202975e-05                       0       299.9985083863306
    0.04882812499999999  -8.274088806724677e-06   5.328401486726093e-05                       0        299.998855513249
    0.04921875000000001  -5.439487628284477e-06   3.557961685261875e-05                       0       299.9992218227459
    0.04960937500000001  -2.604886449844958e-06   1.787521883797694e-05                       0       299.9995881322428
                   0.05   2.297147285944597e-07   1.708208233357648e-07                       0       299.9999544417414
    0.05039062500000001   3.064315907034599e-06   -1.75335771913068e-05                       0       300.0003207512394
             0.05078125   5.898917085474484e-06   -3.52379752059478e-05                       0       300.0006870607342
    0.05117187500000001   8.733518263914522e-06  -5.294237322058974e-05                       0       300.0010533702306
              0.0515625   1.145161416029567e-05  -7.086309698168192e-05                       0       300.0014005966005
    0.05195312500000001   1.414058373616295e-05  -8.883790217938709e-05                       0       300.0017430521887
             0.05234375   1.682955331203013e-05  -0.0001068127073770916                       0       300.0020855077769
            0.052734375    1.95185228878975e-05  -0.0001247875125747974                       0       300.0024279633669
    0.05312500000000001   2.220749246376475e-05  -0.0001427623177725024                       0       300.0027704189552
            0.053515625   2.489646203963195e-05  -0.0001607371229702071                       0       300.0031128745434
             0.05390625   2.741258667954403e-05  -0.0001790380331642116                       0       300.0034260613278
            0.054296875   2.966944391552381e-05   -0.000197828100852668                       0       300.0036953449106
              0.0546875   3.192630115150359e-05  -0.0002166181685411244                       0       300.0039646284934
    0.05507812500000001   3.418315838748341e-05  -0.0002354082362295812                       0       300.0042339120761
             0.05546875   3.644001562346346e-05  -0.0002541983039180389                       0       300.0045031956606
            0.055859375   3.869687285944314e-05  -0.0002729883716064942                       0       300.0047724792417
                0.05625   4.095373009542301e-05  -0.0002917784392949508                       0       300.0050417628246
            0.056640625   4.250805242478612e-05   -0.000311936112874535                       0       300.0051841270387
    0.05703125000000001   4.406237475414856e-05  -0.0003320937864541175                       0       300.0053264912505
            0.057421875   4.561669708351194e-05  -0.0003522514600337009                       0       300.0054688554637
    0.05781250000000001   4.717101941287501e-05  -0.0003724091336132843                       0       300.0056112196766
            0.058203125   4.872534174223806e-05  -0.0003925668071928671                       0       300.0057535838896
             0.05859375   5.027966407160051e-05  -0.0004127244807724502                       0       300.0058959481026
            0.058984375   5.126773301573108e-05   -0.000434037164912718                       0       300.0059255643816
               0.059375   5.187829970303832e-05  -0.0004561198560934426                       0       300.0058800153712
            0.059765625   5.248886639034617e-05  -0.0004782025472741667                       0       300.0058344663608
    0.06015624999999999   5.309943307765354e-05  -0.0005002852384548902                       0       300.0057889173505
    0.06054687499999999   5.370999976496234e-05  -0.0005223679296356147                       0       300.0057433683399
    0.06093750000000001   5.432056645227054e-05  -0.0005444506208163398                       0       300.0056978193296
            0.061328125   5.470329739752172e-05  -0.0005670278621582193                       0       300.0056005371396
             0.06171875    5.41746853745432e-05  -0.0005915833041447021                       0       300.0052963222219
            0.062109375   5.364607335156502e-05  -0.0006161387461311879                       0       300.0049921073058
                 0.0625   5.311746132858682e-05  -0.0006406941881176735                       0       300.0046878923895
    0.06289062499999999   5.258884930560828e-05  -0.0006652496301041588                       0       300.0043836774734
             0.06328125    5.20602372826303e-05  -0.0006898050720906449                       0       300.0040794625572
            0.063671875   5.153162525965294e-05  -0.0007143605140771309                       0       300.0037752476411
    0.06406250000000001   4.998872294682832e-05   -0.000741297221754138  -7.153103721260215e-28       300.0031981802126
            0.064453125   4.819224806154213e-05  -0.0007688292458537745  -1.609448337283509e-27       300.0025528996561
    0.06484375000000001   4.639577317625614e-05  -0.0007963612699534157  -2.503586302441027e-27       300.0019076191011
            0.065234375   4.459929829097007e-05   -0.000823893294053053  -3.397724267598549e-27       300.0012623385446
               0.065625   4.280282340568413e-05    -0.00085142531815269  -4.291862232756074e-27       300.0006170579879
    0.06601562500000001   4.100634852039819e-05  -0.0008789573422523273  -5.186000197913599e-27       299.9999717774314
             0.06640625   3.868811204916704e-05  -0.0009078389685823077  -7.546617873495569e-27       299.9991521478067
    0.06679687500000001   3.558723319901788e-05  -0.0009387449982578049  -1.210695511471441e-26       299.9980709945796
    0.06718749999999998   3.248635434886872e-05  -0.0009696510279332952   -1.66672923559329e-26       299.9969898413508
    0.06757812499999999   2.938547549871971e-05   -0.001000557057608798   -2.12276295971519e-26       299.9959086881252
    0.06796875000000001   2.628459664857045e-05   -0.001031463087284291  -2.578796683837065e-26       299.9948275348966
            0.068359375   2.318371779842155e-05   -0.001062369116959786  -3.034830407958925e-26       299.9937463816695
    0.06874999999999999   2.008283894827208e-05   -0.001093275146635282  -3.490864132080798e-26       299.9926652284424
    0.06914062499999998   1.576176957232718e-05   -0.001127745555021032  -3.174142608525612e-26       299.9910420557049
             0.06953125   1.144070019638251e-05   -0.001162215963406785  -2.857421084970364e-26       299.9894188829673
    0.06992187499999999   7.119630820437573e-06   -0.001196686371792535   -2.54069956141515e-26       299.9877957102298
              0.0703125   2.798561444492476e-06   -0.001231156780178286  -2.223978037859931e-26       299.9861725374922
    0.07070312500000001  -1.522507931452632e-06   -0.001265627188564037  -1.907256514304711e-26       299.9845493647546
    0.07109375000000001  -5.843577307397741e-06   -0.001300097596949788  -1.590534990749491e-26       299.9829261920171
    0.07148437499999999  -1.075673039868356e-05   -0.001336607913370132  -1.260855232193111e-26       299.9809095551763
    0.07187500000000001  -1.606460596686385e-05   -0.001374478168480197  -9.225366503025595e-27       299.9786306089305
            0.072265625  -2.137248153504377e-05   -0.001412348423590259  -5.842180684120324e-27       299.9763516626847
    0.07265624999999999  -2.668035710322445e-05   -0.001450218678700318  -2.458994865215077e-27       299.9740727164381
            0.073046875  -3.198823267140412e-05   -0.001488088933810383   9.241909536903242e-28       299.9717937701927
              0.0734375   -3.72961082395843e-05   -0.001525959188920448   4.307376772595688e-27       299.9695148239472
    0.07382812499999999  -4.272045968645904e-05   -0.001564365560117461    6.11581743503209e-27       299.9670818906194
             0.07421875  -4.861071464811297e-05   -0.001604916395662279   1.625277471593002e-27       299.9640330089636
    0.07460937500000001  -5.450096960976698e-05   -0.001645467231207086  -2.865262491846164e-27       299.9609841273057
    0.07500000000000001   -6.03912245714212e-05   -0.001686018066751907  -7.355802455285253e-27       299.9579352456506
    0.07539062499999999  -6.628147953307427e-05   -0.001726568902296708   -1.18463424187242e-26       299.9548863639922
    0.07578125000000001  -7.217173449472826e-05   -0.001767119737841523   -1.63368823821635e-26       299.9518374823354
            0.076171875  -7.806198945638182e-05   -0.001807670573386334  -2.082742234560248e-26       299.9487886006787
    0.07656250000000001  -8.395334501573201e-05   -0.001849149219481762  -2.541060314126986e-26       299.9450409998095
    0.07695312500000001  -8.984497572450629e-05   -0.001890859818214842   -3.00169441449943e-26       299.9411187191371
    0.07734374999999999  -9.573660643328017e-05   -0.001932570416947921  -3.462328514871841e-26       299.9371964384649
    0.07773437500000001  -0.0001016282371420546   -0.001974281015681004  -3.922962615244315e-26       299.9332741577927
               0.078125  -0.0001075198678508286   -0.002015991614414089  -4.383596715616737e-26       299.9293518771212
    0.07851562499999998  -0.0001134114985596022   -0.002057702213147162  -4.844230815989143e-26        299.925429596448
    0.07890625000000001  -0.0001190101266763748   -0.002098838820870834  -4.800573071449362e-26       299.9211267017623
            0.079296875  -0.0001241692509051439   -0.002139114442080392  -4.000477559541159e-26       299.9162528860571
    0.07968750000000001  -0.0001293283751339129   -0.002179390063289939  -3.200382047632921e-26       299.9113790703502
    0.08007812499999999  -0.0001344874993626817    -0.00221966568449949  -2.400286535724714e-26       299.9065052546442
    0.08046874999999999  -0.0001396466235914505   -0.002259941305709042  -1.600191023816476e-26       299.9016314389382
    0.08085937500000001  -0.0001448057478202203   -0.002300216926918597  -8.000955119082097e-27       299.8967576232322
                0.08125  -0.0001499648720489893    -0.00234049254812815  -1.046403358112599e-41       299.8918838075263
    0.08164062500000001  -0.0001535718624893763   -0.002375410302569904  -3.909984583516437e-26       299.8860221051246
             0.08203125  -0.0001571788529297639   -0.002410328057011657  -7.819969167032736e-26        299.880160402723
    0.08242187500000001  -0.0001607858433701512   -0.002445245811453411  -1.172995375054917e-25       299.8742987003214
              0.0828125  -0.0001643928338105383   -0.002480163565895168   -1.56399383340655e-25       299.8684369979204
    0.08320312499999999  -0.0001679998242509254   -0.002515081320336917  -1.954992291758176e-25       299.8625752955184
    0.08359374999999999  -0.0001716068146913126   -0.002549999074778673  -2.345990750109818e-25       299.8567135931169
    0.08398437499999999  -0.0001738128405860541   -0.002578449928180877   -2.59929649957441e-25       299.8502714248279
    0.08437500000000001  -0.0001750848901170318   -0.002602589514223383  -2.760807109780975e-25       299.8434422792806
    0.08476562500000001  -0.0001763569396480095   -0.002626729100265888  -2.922317719987536e-25       299.8366131337334
             0.08515625  -0.0001776289891789868   -0.002650868686308394  -3.083828330194089e-25       299.8297839881863
    0.08554687499999999  -0.0001789010387099646   -0.002675008272350904  -3.245338940400647e-25       299.8229548426395
              0.0859375  -0.0001801730882409423   -0.002699147858393413   -3.40684955060721e-25       299.8161256970927
    0.08632812499999999  -0.0001808653581032709   -0.002719747367023281  -3.425556225060844e-25       299.8091203106734
             0.08671875  -0.0001792385092910018   -0.002726186566002575  -2.873047156502625e-25       299.8014099607623
    0.08710937499999999  -0.0001776116604787337   -0.002732625764981883  -2.320538087944445e-25       299.7936996108529
    0.08750000000000001  -0.0001759848116664664   -0.002739064963961206  -1.768029019386245e-25       299.7859892609451
    0.08789062500000001  -0.0001743579628541971   -0.002745504162940504  -1.215519950828021e-25       299.7782789110345
    0.08828125000000001  -0.0001727311140419286   -0.002751943361919806  -6.630108822698384e-26       299.7705685611244
    0.08867187500000001  -0.0001711042652296602   -0.002758382560899114  -1.105018137116366e-26        299.762858211215
              0.0890625  -0.0001670638828199859   -0.002744102897521839                       0       299.7545630885832
    0.08945312500000001    -0.00016242011701096   -0.002724643518555416                       0       299.7461217727708
             0.08984375  -0.0001577763512019342   -0.002705184139588995                       0       299.7376804569586
    0.09023437499999999  -0.0001531325853929086   -0.002685724760622574                       0       299.7292391411463
    0.09062500000000001  -0.0001484888195838829   -0.002666265381656158                       0       299.7207978253348
    0.09101562499999999   -0.000143845053774857   -0.002646806002689731                       0       299.7123565095217
    0.09140625000000001  -0.0001382190752852762   -0.002613382492999472                       0       299.7037021419649
    0.09179687499999999  -0.0001311197777748614   -0.002559012787223418                       0       299.6947281967862
    0.09218750000000001  -0.0001240204802644466   -0.002504643081447372                       0       299.6857542516091
    0.09257812500000001  -0.0001169211827540319    -0.00245027337567133                       0       299.6767803064323
    0.09296874999999999  -0.0001098218852436176   -0.002395903669895288                       0        299.667806361255
    0.09335937500000001  -0.0001027225877332035   -0.002341533964119265                       0       299.6588324160811
                0.09375  -9.562329022278816e-05   -0.002287164258343197                       0       299.6498584709005
    0.09414062500000001   -8.77248314133761e-05   -0.002188644666495685  -5.995233764422847e-26       299.6405680241274
    0.09453125000000001  -7.982637260396322e-05   -0.002090125074648151  -1.199046752884548e-25        299.631277577351
    0.09492187499999999  -7.192791379455142e-05   -0.001991605482800634  -1.798570129326768e-25        299.621987130576
    0.09531249999999999  -6.402945498513909e-05   -0.001893085890953112  -2.398093505769011e-25       299.6126966838011
    0.09570312499999999  -5.613099617572709e-05   -0.001794566299105593  -2.997616882211254e-25       299.6034062370263
    0.09609374999999999   -4.82325373663148e-05   -0.001696046707258072  -3.597140258653518e-25       299.5941157902515
    0.09648437500000001  -4.135686220236804e-05   -0.001565568261509853  -3.815557815780051e-25        299.584750709216
    0.09687500000000002  -3.516304280206531e-05   -0.001413783913161176  -3.779904826696133e-25       299.5753358720067
    0.09726562500000001  -2.896922340176309e-05   -0.001261999564812514  -3.744251837612218e-25       299.5659210347992
    0.09765625000000001  -2.277540400146014e-05    -0.00111021521646383  -3.708598848528278e-25         299.55650619759
    0.09804687499999999  -1.658158460115781e-05  -0.0009584308681151627  -3.672945859444341e-25       299.5470913603808
    0.09843750000000001  -1.038776520085479e-05  -0.0008066465197664746   -3.63729287036038e-25       299.5376765231699
    0.09882812500000002   -5.09316532557442e-06  -0.0006423928510195613  -3.383222324149884e-25       299.5282606125664
    0.09921874999999999  -3.395443550382989e-06  -0.0004282619006797128  -2.255481549433276e-25       299.5188404083765
    0.09960937499999999  -1.697721775191526e-06  -0.0002141309503398602  -1.127740774716648e-25       299.5094202041883
    0.09999999999999998                       0                       0                       0                   299.5
