/*--------------------------------*- C++ -*----------------------------------*\
  =========                 |
  \\      /  F ield         | OpenFOAM: The Open Source CFD Toolbox
   \\    /   O peration     | Website:  https://openfoam.org
    \\  /    A nd           | Version:  13
     \\/     M anipulation  |
\*---------------------------------------------------------------------------*/
FoamFile
{
    format      ascii;
    class       volScalarField;
    location    "2.9205739016407448";
    object      p_0;
}
// * * * * * * * * * * * * * * * * * * * * * * * * * * * * * * * * * * * * * //

dimensions      [1 -1 -2 0 0 0 0];

internalField   nonuniform List<scalar> 
2120
(
-10.607420852868978
-10.60741900002807
-10.607418374638169
-10.607419921773797
-10.607423750843815
-10.607429840008614
-10.607438018072735
-10.60744795823212
-10.607459231805224
-10.607471368625491
-10.607483905925994
-10.607496423443152
-10.6075085651789
-10.607520049489716
-10.607530670072917
-10.607540290640827
-10.607548835803378
-10.607556280180225
-10.607562637210272
-10.607567948628146
-10.607572275135386
-10.60757568871024
-10.607578266181434
-10.607580083902459
-10.60758121652008
-10.607581731090066
-10.607581687916346
-10.607581139214449
-10.607580128837538
-10.607578692530147
-10.607576858360515
-10.607574647724892
-10.607572075969918
-10.607569153488157
-10.607565886733662
-10.607562279270391
-10.607558332817618
-10.607554048274631
-10.607549426709921
-10.607544470298988
-10.607539183194268
-10.607533572309464
-10.607527647998918
-10.607521424611539
-10.607514920898607
-10.607508160255737
-10.607501170782324
-10.607493985148482
-10.607486640260499
-10.607479176731697
-10.607471638184123
-10.607464070397738
-10.607456520629023
-10.695434784996477
-10.695432753214023
-10.695432001754661
-10.695433545053389
-10.69543751050039
-10.695443891624448
-10.695452524202858
-10.695463075860186
-10.695475101363026
-10.695488106253185
-10.695501599088079
-10.695515129572954
-10.695528312772064
-10.695540840950184
-10.695552485627823
-10.695563092738118
-10.695572573536861
-10.695580893421626
-10.695588060248632
-10.695594113222811
-10.695599113001556
-10.695603133439874
-10.695606254857276
-10.695608554629393
-10.695610116685209
-10.69561100978955
-10.69561129926441
-10.695611041842698
-10.695610285449701
-10.695609069455973
-10.695607425137307
-10.695605376489844
-10.695602940994142
-10.695600130650229
-10.695596953020821
-10.69559341230809
-10.695589510443609
-10.695585248169699
-10.695580626097168
-10.695575645723901
-10.695570310396901
-10.69556462619861
-10.695558602735558
-10.695552253805591
-10.695545597918173
-10.695538658642377
-10.695531464758748
-10.695524050199866
-10.695516453760682
-10.695508718569005
-10.695500891336708
-10.695493021372576
-10.695485160578935
-10.783447380204695
-10.783445161713038
-10.783444272032805
-10.783445795999794
-10.783449881001284
-10.7834565390006
-10.783465616066326
-10.783476777141892
-10.783489562507775
-10.783503454497746
-10.78351793311632
-10.783532517339349
-10.783546791976265
-10.783560421481978
-10.783573153284014
-10.783584813592174
-10.783595298465565
-10.783604562428225
-10.783612606348603
-10.783619465762012
-10.783625200354289
-10.783629884995749
-10.783633602357165
-10.783636436540737
-10.783638470992924
-10.783639782149459
-10.783640439896933
-10.783640505445893
-10.783640031141633
-10.783639060370293
-10.783637627994223
-10.783635761056351
-10.783633479567342
-10.783630797528255
-10.783627723973074
-10.783624264066397
-10.783620420228198
-10.783616193263272
-10.783611583480694
-10.783606591787912
-10.783601220742147
-10.783595475538769
-10.783589364913153
-10.783582901929032
-10.783576104624293
-10.783568996483082
-10.78356160670004
-10.783553970216326
-10.783546127523405
-10.783538124204059
-10.78353001004197
-10.783521836214264
-10.783513662276755
-10.871458581011094
-10.871456168861149
-10.871455128439584
-10.8714566153667
-10.871460799043254
-10.871467713147155
-10.871477217749609
-10.871488978524615
-10.871502523889509
-10.871517314568218
-10.871532802556267
-10.871548475705071
-10.871563887432952
-10.871578672735135
-10.871592553004062
-10.871605332683691
-10.871616890645468
-10.871627168709916
-10.871636159159516
-10.871643892530917
-10.871650426494408
-10.871655836251833
-10.871660206613081
-10.871663625656486
-10.871666180197158
-10.871667952037795
-10.871669015918187
-10.871669437990583
-10.87166927542636
-10.871668575956619
-10.871667378452376
-10.871665713475684
-10.871663604006553
-10.871661066497994
-10.871658111882626
-10.871654746683681
-10.871650974164403
-10.871646795494337
-10.871642210920532
-10.871637220928623
-10.871631827376786
-10.871626034582242
-10.871619850335657
-10.871613286814664
-10.871606361365394
-10.871599097114705
-10.871591523363044
-10.871583675739327
-10.871575596164174
-10.871567332757328
-10.871558939533479
-10.871550460731873
-10.871541977806761
-10.959468334759727
-10.959465723067183
-10.959464519213025
-10.95946594922067
-10.959470206462735
-10.959477349775485
-10.959487257317635
-10.959499599443674
-10.959513895934471
-10.959529588081647
-10.959546100908794
-10.959562891120967
-10.959579479851566
-10.959595471104322
-10.959610558304748
-10.959624522013055
-10.95963722178448
-10.959648584728457
-10.959658592743994
-10.959667269834421
-10.95967467040845
-10.959680869064984
-10.959685952074603
-10.959690010547567
-10.959693135291714
-10.959695412877469
-10.95969692310045
-10.959697737331972
-10.959697917709162
-10.959697516794547
-10.95969657789165
-10.959695135595425
-10.959693216293266
-10.959690839398625
-10.959688018240387
-10.959684761170527
-10.959681072734595
-10.959676954861573
-10.959672408073521
-10.959667432701691
-10.959662030092273
-10.959656203782068
-10.959649960619597
-10.959643311802942
-10.959636273802925
-10.959628869120047
-10.95962112681579
-10.959613082835675
-10.959604780051405
-10.959596267909385
-10.959587601678733
-10.959578839525273
-10.959570049901847
-11.047476594815677
-11.047473779026525
-11.047472399124739
-11.04747375028284
-11.047478051674338
-11.047485390833359
-11.047495668426295
-11.047508563978054
-11.047523592501063
-11.047540178673888
-11.04755772215298
-11.047575648924708
-11.047593447256549
-11.047610688806307
-11.04762703715668
-11.047642246822425
-11.047656155794689
-11.047668674293135
-11.047679771834071
-11.047689464137898
-11.047697800886855
-11.047704854909284
-11.047710713059612
-11.047715468840215
-11.047719216719772
-11.047722047833929
-11.047724047056068
-11.047725291076734
-11.047725847334705
-11.047725773579712
-11.047725117959123
-11.047723919444957
-11.047722208527315
-11.047720008069476
-11.047717334346762
-11.04771419807834
-11.047710605618024
-11.047706560146937
-11.047702062906433
-11.047697114454353
-11.04769171592773
-11.047685870293833
-11.047679583566504
-11.0476728659612
-11.047665732956908
-11.047658206196996
-11.047650314167681
-11.047642092743201
-11.04763358532845
-11.047624842620031
-11.047615922057767
-11.047606886840139
-11.047597805841223
-11.135483321781928
-11.135480298952009
-11.135478730761184
-11.13547997930239
-11.135484291166039
-11.135491786132036
-11.135502392069103
-11.135515802684996
-11.135531532757801
-11.135548993870117
-11.135567562558908
-11.135586635050696
-11.135605666557732
-11.135624195284169
-11.135641853206412
-11.135658366630063
-11.13567354964232
-11.135687293237661
-11.135699552352138
-11.135710332454009
-11.13571967680911
-11.135727655087935
-11.135734353646948
-11.135739867579597
-11.135744294486502
-11.135747729760501
-11.135750263246837
-11.135751977008594
-11.135752944000776
-11.135753227453669
-11.135752880787987
-11.135751947828723
-11.135750463685953
-11.135748455258932
-11.135745942337012
-11.135742938635344
-11.135739452924936
-11.135735490227567
-11.135731053059006
-11.135726142707544
-11.135720760534925
-11.135714909284246
-11.135708594374474
-11.13570182515571
-11.13569461609214
-11.135686987818003
-11.135678968008444
-11.135670592047894
-11.135661903395617
-11.135652953573755
-11.13564380175484
-11.13563451398044
-11.135625162120361
-11.223488484705834
-11.223485253787182
-11.22348348578662
-11.2234846064229
-11.223488891012446
-11.223496495029247
-11.223507378427495
-11.223521254591516
-11.223537643271458
-11.223555947214898
-11.223575522801738
-11.223595738073605
-11.223616015476219
-11.223635858978792
-11.223654867368031
-11.223672736627812
-11.223689254547672
-11.223704290428387
-11.223717782241019
-11.223729723013102
-11.223740147671847
-11.22374912111065
-11.223756727881931
-11.223763063665311
-11.223768228485097
-11.223772321525294
-11.223775437363704
-11.223777663389987
-11.223779078193541
-11.223779750717451
-11.22377973999585
-11.223779095288252
-11.223777856717509
-11.223776055821356
-11.223773716561485
-11.223770856306327
-11.223767486922091
-11.223763615950306
-11.223759247844345
-11.223754385251674
-11.223749030331938
-11.223743186098948
-11.223736857769806
-11.223730054098255
-11.223722788660764
-11.223715081051543
-11.2237069579297
-11.223698453858766
-11.223689611891055
-11.223680483771428
-11.223671129729187
-11.223661617813935
-11.223652022762053
-11.311492062237242
-11.311488624361859
-11.31148664614456
-11.311487612495455
-11.311491828358267
-11.311499488121134
-11.311510588782539
-11.311524869308112
-11.311541860281629
-11.311560960650345
-11.311581510379147
-11.311602851600822
-11.311624374853553
-11.311645549506009
-11.311665939831283
-11.311685209495668
-11.311703117593433
-11.311719509164712
-11.311734302664156
-11.311747476278683
-11.311759054440037
-11.311769095403239
-11.31177768037362
-11.311784904391669
-11.311790868988671
-11.311795676496009
-11.311799425829717
-11.311802209528915
-11.311804111827419
-11.311805207548217
-11.311805561633516
-11.311805229145286
-11.31180425574609
-11.311802678188577
-11.311800525264005
-11.311797818689511
-11.311794574155561
-11.311790802475167
-11.31178651079799
-11.31178170387701
-11.311776385381069
-11.311770559245106
-11.311764231045656
-11.311757409383491
-11.311750107247068
-11.311742343319125
-11.311734143175789
-11.311725540315997
-11.31171657694936
-11.311707304443667
-11.311697783353495
-11.311688082947647
-11.311678280179381
-11.399494043695968
-11.399490402445556
-11.399488205149582
-11.399488990286086
-11.399493092815771
-11.399500748885306
-11.399511997432711
-11.399526609216206
-11.399544132123154
-11.399563967117084
-11.399585442321483
-11.399607877018552
-11.399630631363644
-11.399653140272674
-11.399674932531541
-11.399695637688419
-11.399714983803978
-11.39973278903941
-11.399748949646417
-11.399763426378001
-11.399776230784907
-11.399787412377032
-11.399797047222322
-11.399805228259124
-11.399812057383537
-11.399817639229649
-11.39982207647876
-11.399825466487673
-11.39982789901458
-11.399829454826989
-11.399830204992073
-11.399830210662378
-11.399829523454537
-11.39982818594066
-11.39982623240307
-11.39982368960705
-11.399820577820135
-11.3998169119278
-11.399812702609847
-11.399807957571849
-11.399802682829243
-11.399796884038759
-11.399790567869168
-11.399783743399086
-11.399776423522457
-11.399768626332262
-11.39976037643976
-11.399751706171184
-11.399742656561676
-11.399733278053668
-11.399723630792497
-11.399713784411247
-11.39970381721294
-11.487494430003268
-11.487490591651405
-11.487488168418043
-11.487488745519586
-11.487492687711635
-11.487500275207921
-11.48751159354908
-11.487526451664335
-11.487544421740507
-11.487564913334859
-11.487587248167248
-11.487610726581348
-11.487634680634955
-11.487658511555884
-11.4876817121212
-11.487703876247078
-11.487724698758933
-11.48774396833025
-11.487761556232542
-11.487777403027422
-11.487791504786017
-11.487803899925407
-11.487814657334081
-11.487823866135527
-11.487831627209049
-11.487838046425523
-11.487843229457875
-11.487847277971104
-11.487850286975906
-11.48785234312647
-11.487853523735582
-11.487853896244705
-11.48785351847229
-11.487852439409512
-11.487850699500193
-11.487848331233174
-11.487845360191876
-11.487841806154226
-11.487837684212332
-11.48783300594676
-11.48782778065992
-11.487822016662859
-11.487815722609678
-11.487808908873227
-11.487801588951141
-11.487793780882981
-11.487785508646809
-11.487776803485714
-11.48776770509004
-11.487758262540288
-11.487748534890288
-11.487738591258951
-11.487728510303619
-11.575493234431097
-11.57548920814277
-11.575486554585318
-11.575486897700118
-11.575490631114187
-11.575498080717384
-11.575509382886187
-11.575524391091971
-11.575542709219079
-11.575563762699115
-11.575586873155665
-11.575611326815245
-11.575636430772567
-11.575661554054989
-11.57568615347064
-11.575709786180624
-11.575732111801548
-11.575752886995692
-11.575771955245187
-11.57578923404099
-11.575804701189757
-11.575818381441493
-11.575830334214816
-11.575840642851102
-11.575849405581325
-11.575856728210251
-11.575862718408651
-11.575867481439499
-11.575871117118162
-11.575873717774643
-11.575875366872191
-11.575876138130868
-11.575876096534817
-11.575875297172349
-11.575873787384936
-11.575871606106434
-11.575868784936587
-11.575865349356011
-11.575861319770349
-11.575856712600393
-11.575851541446131
-11.575845818306467
-11.575839554848006
-11.575832763721371
-11.57582545992312
-11.575817662196
-11.57580939445001
-11.575800687168936
-11.575791578741308
-11.575782116624527
-11.575772358217574
-11.575762371291043
-11.575752233813606
-11.663490483124221
-11.663486281096597
-11.663483395758957
-11.663483480649385
-11.663486956571711
-11.663494195839695
-11.663505389255153
-11.66352044098333
-11.66353899423747
-11.663560498205953
-11.663584281562803
-11.663609622179083
-11.663635806246063
-11.663662172904337
-11.663688143709566
-11.663713238449819
-11.663737079892828
-11.663759390342587
-11.663779982724824
-11.663798748515447
-11.66381564432608
-11.663830678464411
-11.663843898353715
-11.663855379334736
-11.663865215104577
-11.6638735098522
-11.66388037201852
-11.663885909532961
-11.663890226350512
-11.663893420057114
-11.663895580022814
-11.663896786781326
-11.663897111665115
-11.663896617333851
-11.663895357764297
-11.663893378925433
-11.663890719144346
-11.663887410411691
-11.663883479336649
-11.663878948149495
-11.663873835787541
-11.663868159031137
-11.66386193368132
-11.663855175782194
-11.663847902894478
-11.663840135425611
-11.663831898015662
-11.663823220962685
-11.663814141645583
-11.663804705866646
-11.66379496899294
-11.663784996734103
-11.66377486536525
-11.751486215354126
-11.75148185288214
-11.751478737662545
-11.751478542707259
-11.751481713491071
-11.751488668491048
-11.751499655658067
-11.751514635538774
-11.75153329832405
-11.751555125291832
-11.751579460078057
-11.751605578897637
-11.751632752077693
-11.751660292105401
-11.75168758679205
-11.751714118561644
-11.751739472144143
-11.751763333420469
-11.751785482125349
-11.751805780782728
-11.751824161788072
-11.751840614069243
-11.7518551703185
-11.751867895419023
-11.751878876398345
-11.751888214030751
-11.751896016061718
-11.751902391930999
-11.751907448810719
-11.751911288781088
-11.751914007162979
-11.751915690936363
-11.751916418104228
-11.751916259067508
-11.751915274755385
-11.751913518105766
-11.751911035006852
-11.751907864759628
-11.75190404100506
-11.751899592708758
-11.751894545168687
-11.751888921052599
-11.751882741463586
-11.751876027038577
-11.751868799092676
-11.751861080827171
-11.751852898618131
-11.751844283392055
-11.751835272071268
-11.751825909033483
-11.751816247478391
-11.751806350537308
-11.751796291912443
-11.839480483470853
-11.839475978922332
-11.839472639434071
-11.839472146549115
-11.839474967094903
-11.839481564325029
-11.839492244978823
-11.839507030940126
-11.839525666781647
-11.839547674447916
-11.839572421085428
-11.839599188843341
-11.839627238226839
-11.839655859298036
-11.839684408531966
-11.839712331749068
-11.83973917503066
-11.839764586171864
-11.839788309320154
-11.839810175206997
-11.839830088971361
-11.83984801711485
-11.839863974690648
-11.839878013453115
-11.839890211386617
-11.839900663804828
-11.839909476045795
-11.839916757678115
-11.83992261806546
-11.83992716310842
-11.839930493034254
-11.839932701146122
-11.839933872833262
-11.839934085079429
-11.839933406160361
-11.839931896918767
-11.8399296110859
-11.839926595812665
-11.839922892505689
-11.839918537722797
-11.839913564090468
-11.839908001235088
-11.839901876721852
-11.839895217005903
-11.839888048413009
-11.839880398178414
-11.839872295578546
-11.839863773186682
-11.839854868264517
-11.839845624263791
-11.839836092354433
-11.839826332825142
-11.839816416131304
-11.927473352529024
-11.927468727215778
-11.92746517305515
-11.927464368587545
-11.927466797908174
-11.927472966460888
-11.927483240128469
-11.92749770608099
-11.927516170128952
-11.927538203443351
-11.927563205679814
-11.927590473302528
-11.927619264020857
-11.927648850742131
-11.927678562006482
-11.927707808663229
-11.927736098244051
-11.927763039327935
-11.927788338437812
-11.927811791874053
-11.927833274547137
-11.927852727446986
-11.927870144959734
-11.927885562862608
-11.927899047510246
-11.927910686478567
-11.92792058075244
-11.927928838415964
-11.927935569724216
-11.92794088341034
-11.92794488409605
-11.927947670586953
-11.927949334887373
-11.9279499608718
-11.927949624608759
-11.927948394854786
-11.927946333514539
-11.92794349608304
-11.927939932349183
-11.927935687208034
-11.927930801485847
-11.927925312757985
-11.927919256150624
-11.927912665127433
-11.927905572279686
-11.927898010156815
-11.927890012188683
-11.927881613755375
-11.927872853448495
-11.927863774533309
-11.92785442656074
-11.927844866996153
-11.927835162640296
-12.015464899576822
-12.015460177511608
-12.015456422403572
-12.015455297944163
-12.015457300743519
-12.015462974634019
-12.015472743557888
-12.015486762636117
-12.015504904898735
-12.015526798971358
-12.015551886215698
-12.015579486418575
-12.015608862430726
-12.015639276323448
-12.015670033164055
-12.01570051144313
-12.015730181081301
-12.015758610980246
-12.015785468492469
-12.015810513171127
-12.015833586898937
-12.01585460211639
-12.01587352946266
-12.015890385764145
-12.015905222982321
-12.015918118469212
-12.015929166684129
-12.015938472383272
-12.015946145199043
-12.015952295480226
-12.015957031268968
-12.015960456231779
-12.015962668155531
-12.015963757931853
-12.015963809217137
-12.015962898831692
-12.015961097087393
-12.015958468162161
-12.015955070714766
-12.015950958600378
-12.015946181594716
-12.015940786095163
-12.015934815779318
-12.015928312215991
-12.015921315445961
-12.015913864575039
-12.015905998444918
-12.015897756461243
-12.015889179655325
-12.015880312027278
-12.015871202158316
-12.015861904989931
-12.015852483557977
-12.103455212612145
-12.103450420145453
-12.103446481939594
-12.103445034998686
-12.103446583179764
-12.103451703741108
-12.10346087606572
-12.103474324356915
-12.103491993635259
-12.103513577519573
-12.10353856815836
-12.103566318062501
-12.103596103935264
-12.103627184332961
-12.103658846402107
-12.103690439951368
-12.10372139918794
-12.103751253680715
-12.103779630696982
-12.103806251182048
-12.103830921484324
-12.103853522607755
-12.103873998397882
-12.103892343698366
-12.103908593188027
-12.103922811336128
-12.10393508370208
-12.103945509650613
-12.103954196444539
-12.103961254609906
-12.103966794443966
-12.103970923538679
-12.10397374496501
-12.103975356032599
-12.103975847806399
-12.103975305140178
-12.103973806834416
-12.103971425972803
-12.103968230444002
-12.103964283549956
-12.103959644624529
-12.103954369614765
-12.103948511592257
-12.103942121181751
-12.103935246921012
-12.103927935597632
-12.103920232639606
-12.103912182660293
-12.103903830265242
-12.103895221207207
-12.103886403919127
-12.103877431359949
-12.10386836298458
-12.191444389226135
-12.191439554561656
-12.191435455056247
-12.19143368954605
-12.191434763556414
-12.191439281779541
-12.191447774867079
-12.1914605355077
-12.191477583949094
-12.191498685266984
-12.191523390990502
-12.191551095846183
-12.191581099664861
-12.191612665700463
-12.191645069798556
-12.191677637875255
-12.19170977137861
-12.191740961822449
-12.191770796245816
-12.19179895572216
-12.191825208984
-12.191849402980706
-12.19187145185265
-12.191891325454096
-12.191909038232284
-12.191924638992917
-12.191938201856228
-12.191949818539495
-12.191959591979318
-12.191967631225788
-12.191974047492153
-12.191978951236646
-12.191982449985835
-12.191984646919957
-12.191985640082461
-12.19198552210905
-12.191984380248758
-12.191982296596992
-12.191979348500377
-12.191975609053118
-12.191971147604386
-12.191966030214044
-12.191960320012191
-12.191954077440885
-12.191947360387594
-12.191940224256935
-12.191932722066328
-12.191924904684223
-12.191916821345977
-12.191908520569953
-12.191900051544634
-12.191891465961747
-12.191882820136522
-12.279432534971768
-12.279427687564459
-12.279423452142773
-12.279421378616918
-12.279421968537843
-12.279425847220027
-12.279433590930799
-12.279445558398438
-12.279461846520368
-12.279482296827812
-12.279506527926642
-12.279533985970916
-12.279564003471689
-12.279595857299066
-12.279628819598706
-12.279662198294158
-12.279695366148058
-12.279727778936811
-12.279758984232187
-12.279788622710486
-12.279816423972608
-12.279842198695567
-12.279865828654765
-12.27988725583376
-12.279906471522935
-12.27992350602851
-12.27993841938002
-12.279951293240874
-12.279962224091815
-12.279971317663502
-12.279978684532725
-12.279984436816635
-12.279988685627861
-12.279991539192993
-12.279993101910872
-12.279993473839163
-12.279992750514563
-12.279991023020617
-12.279988378256725
-12.279984899312565
-12.279980665852257
-12.279975754433735
-12.279970238708682
-12.279964189473001
-12.279957674572243
-12.279950758708566
-12.279943503241338
-12.279935966114406
-12.279928202068183
-12.279920263289901
-12.279912200609662
-12.279904065254872
-12.279895911036695
-12.367419761510757
-12.367414931355603
-12.367410588428111
-12.367408224039655
-12.36740833033363
-12.367411545893997
-12.367418485639687
-12.367429570026326
-12.36744497199293
-12.367464612702886
-12.367488184209115
-12.367515192603143
-12.367545012546621
-12.367576943884712
-12.367610263482941
-12.36764426821653
-12.367678307369205
-12.367711804410185
-12.367744269220859
-12.367775302427644
-12.367804593691408
-12.367831915738034
-12.367857115699072
-12.367880105047016
-12.367900849112711
-12.367919356895504
-12.367935671639193
-12.367949862452321
-12.367962017102599
-12.367972236009262
-12.367980627386272
-12.367987303611011
-12.367992378404207
-12.367995964100103
-12.367998170660428
-12.367999105063324
-12.367998870861518
-12.367997567986929
-12.367995292858582
-12.367992138623308
-12.367988195397956
-12.36798355043455
-12.367978288148093
-12.367972489969629
-12.367966234024976
-12.367959594685376
-12.367952642087127
-12.367945441764105
-12.367938054568159
-12.367930537054344
-12.367922942466759
-12.36791532236882
-12.367907728821216
-12.455406184605929
-12.455401401428752
-12.455396981684727
-12.455394349841544
-12.45539398369058
-12.455396527521016
-12.455402626890802
-12.455412757899197
-12.455427166770422
-12.455445855363275
-12.455468593810012
-12.455494955497175
-12.455524366204441
-12.455556158206685
-12.455589622082572
-12.455624051504337
-12.45565877856478
-12.455693198991984
-12.455726787847478
-12.455759107040995
-12.455789806324903
-12.455818619473375
-12.455845357212183
-12.455869898229997
-12.455892179332087
-12.455912185531256
-12.455929940632236
-12.455945498665065
-12.455958936360856
-12.455970346756216
-12.455979833933291
-12.455987508947791
-12.455993486499317
-12.455997882522622
-12.456000811669432
-12.456002387125331
-12.456002720066461
-12.456001919022254
-12.45600008977323
-12.455997335441506
-12.45599375656465
-12.455989451081349
-12.455984514168831
-12.45597903789057
-12.455973110652055
-12.455966816511934
-12.455960234449282
-12.455953437737808
-12.455946493612343
-12.455939463418012
-12.455932403394915
-12.455925366162061
-12.455918402826287
-12.543391922034415
-12.543387214398338
-12.543382749882628
-12.543379879601883
-12.543379062796932
-12.543380942039308
-12.543386184805055
-12.543395315191431
-12.543408647811546
-12.543426263979981
-12.543448014445394
-12.543473545650686
-12.543502342499952
-12.543533778836018
-12.543567168189073
-12.543601809546651
-12.543637025050982
-12.54367218834887
-12.543706743673878
-12.543740216616522
-12.543772218003657
-12.543802442464843
-12.543830663210789
-12.543856724374411
-12.543880532031228
-12.543902044768659
-12.543921264440764
-12.543938227540611
-12.543952997451608
-12.54396565773725
-12.543976306591142
-12.543985052081965
-12.543992008037675
-12.543997292917076
-12.544001025597879
-12.544003324869802
-12.544004308945357
-12.544004094526789
-12.544002796461751
-12.54400052761436
-12.543997398725466
-12.543993518186985
-12.543988991666982
-12.543983921543221
-12.543978406144193
-12.543972538847029
-12.543966407136113
-12.543960091775761
-12.543953666284665
-12.543947196904423
-12.543940743217652
-12.543934359485428
-12.543928096640878
-12.631377091496043
-12.631372485839961
-12.631368008886392
-12.631364933878793
-12.631363698257973
-12.631364935936135
-12.63136932726754
-12.631377435456653
-12.631389636619472
-12.631406087924336
-12.631426720923942
-12.631451258888129
-12.631479252429793
-12.631510125324041
-12.631543223134541
-12.631577859040956
-12.631613353211634
-12.631649063844854
-12.631684409421217
-12.631718882701351
-12.631752057596753
-12.631783590314487
-12.631813216219065
-12.63184074374912
-12.631866046539624
-12.631889054679833
-12.631909745817238
-12.631928136617599
-12.631944274922333
-12.631958232783415
-12.631970100437028
-12.631979981742662
-12.631987988012854
-12.631994238646552
-12.631998855899635
-12.632001964016265
-12.632003687512221
-12.632004150660121
-12.632003476943234
-12.632001788569715
-12.631999206055275
-12.631995847752583
-12.63199182924247
-12.631987262548581
-12.631982255179752
-12.631976909053634
-12.631971319406654
-12.631965573841425
-12.63195975169215
-12.631953923888974
-12.631948153463524
-12.631942496754872
-12.631937005251547
-12.719361808573117
-12.719357328206897
-12.719352870282496
-12.719349627833967
-12.719348014313535
-12.71934864879859
-12.719352215565316
-12.719359307192461
-12.719370352716435
-12.719385579290604
-12.719404997000391
-12.719428407424587
-12.719455431628187
-12.719485550440943
-12.719518149932663
-12.719552566318704
-12.719588126202106
-12.719624179729392
-12.719660125668495
-12.719695428492692
-12.71972962825984
-12.719762344463184
-12.719793275171153
-12.71982219274539
-12.719848937294659
-12.7198734088373
-12.719895558944339
-12.719915382441632
-12.719932909580937
-12.719948198926931
-12.719961331111643
-12.719972403379913
-12.719981525293015
-12.719988814645143
-12.719994396363454
-12.719998398895276
-12.720000952550221
-12.720002188701278
-12.720002238907108
-12.720001234108516
-12.719999303908104
-12.719996575819124
-12.719993174405381
-12.719989220281786
-12.719984828987695
-12.719980109790999
-12.719975164527005
-12.719970086614076
-12.719964960408532
-12.719959861053781
-12.71995485493567
-12.719950000776699
-12.719945351291175
-12.80734618475149
-12.807341848854309
-12.807337439404989
-12.807334069169693
-12.807332126465679
-12.807332210314904
-12.807335000417748
-12.80734110861057
-12.807351006990784
-12.807364984829988
-12.807383126081163
-12.807405309670111
-12.80743122968976
-12.80746042947175
-12.807492342985567
-12.807526337845257
-12.807561755545358
-12.807597946043591
-12.807634295195751
-12.807670244666008
-12.80770530473106
-12.807739060886519
-12.807771175404149
-12.807801385042666
-12.807829496046173
-12.807855377422618
-12.807878953320893
-12.807900195143819
-12.807919113870128
-12.807935752896068
-12.807950181633181
-12.807962489644884
-12.80797278265927
-12.807981177104921
-12.807987798894761
-12.807992779681925
-12.807996254902605
-12.807998362343396
-12.807999240867748
-12.80799902927791
-12.807997865258736
-12.807995884320693
-12.807993218685034
-12.807989996092171
-12.807986338554548
-12.807982361115181
-12.80797817070982
-12.807973865256846
-12.807969533106805
-12.807965252964969
-12.807961094353315
-12.807957118603097
-12.807953380278022
-12.895330325426215
-12.895326148141024
-12.895321813585678
-12.895318356459986
-12.895316139658545
-12.895315737938919
-12.895317818695689
-12.895323002998063
-12.89533179538863
-12.895344537828713
-12.895361381331352
-12.895382278792578
-12.895406997556593
-12.895435146882134
-12.895466214511989
-12.895499606873877
-12.895534688418772
-12.895570816869361
-12.895607372438569
-12.895643780194034
-12.89567952559821
-12.895714163831348
-12.895747323837227
-12.895778708170004
-12.895808089719511
-12.895835306301491
-12.895860253958988
-12.895882879658409
-12.895903173907625
-12.895921163657292
-12.895936905833663
-12.89595048135986
-12.895961990697566
-12.895971548141105
-12.89597927957908
-12.895985319082309
-12.895989806317477
-12.89599288452777
-12.895994698828819
-12.895995394679101
-12.895995116457337
-12.895994006093675
-12.895992201718867
-12.895989836326228
-12.895987036475699
-12.8959839210999
-12.895980600496536
-12.895977175601834
-12.895973737632884
-12.895970368156638
-12.895967139592361
-12.895964116088759
-12.895961354650264
-12.983314327685674
-12.983310317484047
-12.983306080579554
-12.98330257788427
-12.983300147076312
-12.983299335360227
-12.983300791075999
-12.983305135046672
-12.983312893469849
-12.983324450581343
-12.983340015941236
-12.98335961085608
-12.983383073788668
-12.983410081118807
-12.983440178358086
-12.983472816774807
-12.983507390991001
-12.983543274111387
-12.983579848081121
-12.98361652803713
-12.983652780295047
-12.98368813425677
-12.983722188937563
-12.983754615030964
-12.983785153499227
-12.983813611641601
-12.983839857492379
-12.983863813264543
-12.98388544841481
-12.983904772734927
-12.983921829828715
-12.98393669077319
-12.983949450326097
-12.983960219540153
-12.983969123493642
-12.98397629775719
-12.983981885142777
-12.983986033126033
-12.983988891677953
-12.983990611308492
-12.983991341272228
-12.983991227910515
-12.983990413113553
-12.98398903290982
-12.98398721621564
-12.983985083795918
-12.983982747495409
-12.983980309793678
-12.983977863714426
-12.983975493079571
-12.983973273047788
-12.983971270826475
-12.983969546411682
-13.071298277519006
-13.071294437126793
-13.071290317007023
-13.071286810239714
-13.071284229470017
-13.071283091757437
-13.071284020726454
-13.071287628415435
-13.071294452305056
-13.071304908165251
-13.071319254478265
-13.071337573645778
-13.071359770958862
-13.071385588852131
-13.071414632501394
-13.071446402298129
-13.071480328973417
-13.071515807856319
-13.071552229700318
-13.071589006488704
-13.071625591494419
-13.071661493551224
-13.071696285971864
-13.071729610841851
-13.071761179555716
-13.071790770485149
-13.071818224612826
-13.07184343986183
-13.071866364740028
-13.071886991807148
-13.071905351155761
-13.071921502720082
-13.071935535375655
-13.071947556134591
-13.07195768848031
-13.071966068363697
-13.071972840381186
-13.07197815467568
-13.071982164274694
-13.071985022703378
-13.07198688185087
-13.071987890082639
-13.071988190597265
-13.071987920042965
-13.071987207421694
-13.071986173311743
-13.071984929430945
-13.071983578539973
-13.07198221464912
-13.071980923445745
-13.071979782814921
-13.071978863297486
-13.071978228334004
-13.159282246000686
-13.159278573301103
-13.159274586537718
-13.159271117924149
-13.159268454672011
-13.159267081514304
-13.159267592802477
-13.159270584498747
-13.159276595955459
-13.159286064087151
-13.15929928624862
-13.159316397444023
-13.159337363740079
-13.159361990471211
-13.159389942230396
-13.159420770853576
-13.159453947506959
-13.159488895416789
-13.159525020519329
-13.159561738161624
-13.159598494801063
-13.159634784342511
-13.159670159276322
-13.159704237134363
-13.15973670298386
-13.159767308758898
-13.15979587022205
-13.159822262278121
-13.159846413255242
-13.15986829878266
-13.159887935685921
-13.1599053733575
-13.159920693071852
-13.159933997167823
-13.159945406899558
-13.159955057264165
-13.159963092932541
-13.159969664760476
-13.159974926628076
-13.159979032656247
-13.159982134808882
-13.159984380871425
-13.159985912811312
-13.15998686553432
-13.159987366048441
-13.159987533033499
-13.159987476790292
-13.159987299506335
-13.159987095730333
-13.159986952901548
-13.159986951748936
-13.15998716637638
-13.159987663898537
-13.247266284108656
-13.247262774516075
-13.247258937491646
-13.247255551402697
-13.247252876650629
-13.247251363660389
-13.247251574034387
-13.247254081821861
-13.247259420226381
-13.247268037868873
-13.247280261184638
-13.247296268765862
-13.247316080180831
-13.247339558779119
-13.24736642633634
-13.247396286456713
-13.2474286532655
-13.247462982094744
-13.247498699388156
-13.24753522975651
-13.247572018856795
-13.247608551441767
-13.247644364474359
-13.247679055602049
-13.247712287544466
-13.247743789081561
-13.247773353372354
-13.24780083430581
-13.247826141466236
-13.24784923429217
-13.247870115287057
-13.247888828479635
-13.247905442466042
-13.247920055112056
-13.247932784244341
-13.247943762287049
-13.247953132052505
-13.247961042838634
-13.247967646871221
-13.247973096237805
-13.247977540339617
-13.247981123856187
-13.247983985226369
-13.247986255645786
-13.247988058564008
-13.247989509636861
-13.247990717052687
-13.247991782105602
-13.247992799841004
-13.247993859560001
-13.247995044959209
-13.247996433718493
-13.247998096443157
-13.335250416305007
-13.33524706702512
-13.335243399664312
-13.335240144616913
-13.335237533217656
-13.335235979868061
-13.335236011063023
-13.33523817468415
-13.335242991432594
-13.335250913585069
-13.335262287687629
-13.335277327006288
-13.335296096710307
-13.335318512036096
-13.335344348048578
-13.335373258597659
-13.335404801473571
-13.335438466706682
-13.335473705274905
-13.335509956031441
-13.33554666931137
-13.335583326309184
-13.335619453869736
-13.33565463476617
-13.335688513842515
-13.335720800579097
-13.335751268730693
-13.335779753715153
-13.335806148372168
-13.335830397679365
-13.335852491019093
-13.335872461436949
-13.33589037090468
-13.335906310229417
-13.335920391733175
-13.335932743339669
-13.335943503799555
-13.335952818403808
-13.335960835176399
-13.335967701669023
-13.335973562393702
-13.335978556891083
-13.335982818424984
-13.335986473277487
-13.335989640590554
-13.335992432663252
-13.335994955569163
-13.335997309910752
-13.335999591482926
-13.336001891592838
-13.336004296799928
-13.336006887912507
-13.336009738212944
-13.423234633988608
-13.423231450201351
-13.423227980582096
-13.423224910983683
-13.423222441485253
-13.423220949578381
-13.423220925621736
-13.423222888760854
-13.423227342629469
-13.423234736717356
-13.423245429889134
-13.423259661743124
-13.423277535049063
-13.423299010068899
-13.423323910027788
-13.423351935943701
-13.423382688300595
-13.423415692798063
-13.423450427546367
-13.423486349471519
-13.423522918235053
-13.423559616550524
-13.423595966314785
-13.423631540417981
-13.423665970435488
-13.423698950627829
-13.42373023880406
-13.423759654654004
-13.423787075983883
-13.423812433931316
-13.423835708583756
-13.423856919219133
-13.423876120197145
-13.423893394767262
-13.423908848104727
-13.423922601551007
-13.423934787567436
-13.423945545186124
-13.423955016086111
-13.423963341388186
-13.423970659184182
-13.423977102787928
-13.423982799676269
-13.423987871062346
-13.423992432009575
-13.423996591954358
-13.424000455457026
-13.424004122958271
-13.424007691281085
-13.42401125361317
-13.424014898746734
-13.424018709460759
-13.424022760098563
-13.51121889136993
-13.511215893578154
-13.511212662116575
-13.511209838214517
-13.511207590639222
-13.511206261109693
-13.511206304629235
-13.511208210886712
-13.511212463703304
-13.511219504978676
-13.511229699405137
-13.511243305395029
-13.511260455574696
-13.511281148048047
-13.511305248234374
-13.511332500015413
-13.511362544137048
-13.5113949414035
-13.511429198180862
-13.511464791984155
-13.511501195353555
-13.511537896739508
-13.51157441762477
-13.511610325559584
-13.511645243149799
-13.511678853295749
-13.511710901124998
-13.511741193247092
-13.511769594437219
-13.511796023070682
-13.51182044846462
-13.511842878414139
-13.511863358059712
-13.511881961533039
-13.511898785287936
-13.511913942392727
-13.511927557321785
-13.511939761326285
-13.5119506885415
-13.511960472884164
-13.511969245734896
-13.511977134374826
-13.511984261120725
-13.511990743069363
-13.511996692331564
-13.512002216594045
-13.512007419806622
-13.512012402749665
-13.51201726321532
-13.512022095549311
-13.512026989368396
-13.512032027402942
-13.51203728260055
-13.599203108036658
-13.599200338678713
-13.599197399714548
-13.599194883777628
-13.599192933508338
-13.59919185973556
-13.5991920854227
-13.599194072211525
-13.599198283244897
-13.599205149640706
-13.599215036718419
-13.599228215075948
-13.599244839866678
-13.599264939759824
-13.599288415822027
-13.599315049503137
-13.599344518088625
-13.599376415456751
-13.599410275830705
-13.599445598348778
-13.59948187061025
-13.599518589796388
-13.599555280443223
-13.599591508389258
-13.599626890796761
-13.599661102416986
-13.599693878323558
-13.599725014005189
-13.59975436248981
-13.59978183156082
-13.59980737706911
-13.599830997291303
-13.599852726890123
-13.599872629758135
-13.599890792662597
-13.599907319537049
-13.599922326247496
-13.599935936021996
-13.599948275671334
-13.599959472612023
-13.599969652669557
-13.599978938613235
-13.599987449345956
-13.599995299646455
-13.600002600325672
-13.60000945862563
-13.600015978651538
-13.600022261595335
-13.600028405498984
-13.600034504337071
-13.600040646287011
-13.600046911204933
-13.600053367515688
-13.687187183684719
-13.687184709870635
-13.687182127986768
-13.687179975059459
-13.68717838148536
-13.687177637565979
-13.687178140820896
-13.687180328771875
-13.687184645112792
-13.687191508716278
-13.687201281687877
-13.687214241130334
-13.687230557876578
-13.687250283871066
-13.68727334878019
-13.687299565389374
-13.687328642512076
-13.68736020353133
-13.687393808445899
-13.687428977321662
-13.687465213293944
-13.687502023644726
-13.687538937920865
-13.687575522499207
-13.687611391396116
-13.687646213404166
-13.687679715424146
-13.687711683537765
-13.687741959554449
-13.687770439803556
-13.687797069375129
-13.687821836021181
-13.687844763656077
-13.687865905937199
-13.687885340191364
-13.687903161751711
-13.687919478802902
-13.687934407924462
-13.68794807040427
-13.687960589316365
-13.68797208732755
-13.687982685175768
-13.687992500737099
-13.68800164857333
-13.688010239823919
-13.68801838227494
-13.688026180405405
-13.688033735187798
-13.688041143422216
-13.688048496429774
-13.688055878032579
-13.688063361901369
-13.68807100853163
-13.775171029803291
-13.775168935607146
-13.775166770642789
-13.775165009696755
-13.775163795988774
-13.775163415961039
-13.77516425197472
-13.775166724340526
-13.775171261182603
-13.77517826996678
-13.775188107617108
-13.775201053410326
-13.775217287762404
-13.775236878723165
-13.775259777017116
-13.775285819484413
-13.775314739944641
-13.775346185855742
-13.775379738815124
-13.775414936902687
-13.775451297034653
-13.775488335804088
-13.775525587706742
-13.775562620054592
-13.77559904421633
-13.775634523239198
-13.775668776642126
-13.775701588843717
-13.775732782588959
-13.775762245468954
-13.775789913812803
-13.775815765132165
-13.775839813622627
-13.775862104272493
-13.775882706847115
-13.77590171030127
-13.775919217730777
-13.7759353419716
-13.77595020189491
-13.775963919395377
-13.775976617041195
-13.775988416330293
-13.775999436474601
-13.776009793611111
-13.776019600313147
-13.7760289652462
-13.776037992785959
-13.776046782402222
-13.776055427627712
-13.776064014489208
-13.77607261938719
-13.776081306557531
-13.776090125406578
-13.863154622179842
-13.863152972242638
-13.863151232851893
-13.863149820855487
-13.863148928062738
-13.86314885870592
-13.863149993863887
-13.863152747392087
-13.863157539849766
-13.863164772197706
-13.863174797829737
-13.863187896717749
-13.863204254635228
-13.863223949360881
-13.863246944860741
-13.863273093494968
-13.863302145485058
-13.863333764208598
-13.863367545515557
-13.863403039171386
-13.863439770658129
-13.863477261760449
-13.863515048825953
-13.863552697865961
-13.863589815676104
-13.863626056455921
-13.863661127650767
-13.863694837376684
-13.863726964388587
-13.8637573964212
-13.863786062666518
-13.863812932585002
-13.863838013595169
-13.863861345305258
-13.863882993527822
-13.86390304473432
-13.863921600992267
-13.863938775461483
-13.863954688506915
-13.863969464441293
-13.863983228878787
-13.863996106655787
-13.864008220251307
-13.864019688615151
-13.864030626284379
-13.864041142641298
-13.864051341144924
-13.864061318365469
-13.864071162680863
-13.864080952565633
-13.864090754515095
-13.864100620785448
-13.864110587261157
-13.951138081973321
-13.951136847051332
-13.951135412752677
-13.951134170263648
-13.951133396600808
-13.951133434287128
-13.95113467909802
-13.951137553771268
-13.951142485431294
-13.951149880222484
-13.951160096234023
-13.951173418289718
-13.951190037483345
-13.951210037399072
-13.951233388061045
-13.951259947711355
-13.951289471745717
-13.951321627473224
-13.951356012991139
-13.951392178325053
-13.95142964705588
-13.951467936999038
-13.95150657874095
-13.951545131173393
-13.951583193353059
-13.951620413270833
-13.951656506856358
-13.951691187081559
-13.95172431167455
-13.951755744771056
-13.951785403141971
-13.951813251617965
-13.951839295327805
-13.951863573291782
-13.951886152457275
-13.951907122005478
-13.951926588044545
-13.951944668806531
-13.951961490419137
-13.951977183282761
-13.951991879051512
-13.952005708188862
-13.952018798039918
-13.952031271330432
-13.952043244970541
-13.952054829011793
-13.952066125590525
-13.952077227700505
-13.952088217684807
-13.952099165426111
-13.952110126337349
-13.952121139388563
-13.952132225514687
-14.039121762769796
-14.039120891898063
-14.039119668320678
-14.039118492297213
-14.039117724876679
-14.039117748587833
-14.03911898180311
-14.039121866844495
-14.039126848932682
-14.039134350195935
-14.039144742112464
-14.039158319991493
-14.039175282365864
-14.039195717226859
-14.039219596101956
-14.039246776011815
-14.039277008619504
-14.039309955228916
-14.039345205923777
-14.039382301016488
-14.039420753057685
-14.039460067903718
-14.039499763559691
-14.039539385908286
-14.039578522525662
-14.039616818752267
-14.039653957833194
-14.039689682473375
-14.039723814990589
-14.039756220372007
-14.039786815542993
-14.039815566028306
-14.039842479286721
-14.039867598413208
-14.039890995975849
-14.039912767999875
-14.039933028287145
-14.039951903213108
-14.039969527090291
-14.039986038149298
-14.040001575155301
-14.040016274644202
-14.040030268726463
-14.040043683366111
-14.040056637001873
-14.040069239344213
-14.040081590168798
-14.040093777947172
-14.040105878220409
-14.040117951731107
-14.040130042470354
-14.040142175935786
-14.040154357990726
)
;

boundaryField
{
    hotWall
    {
        type            calculated;
        value           nonuniform List<scalar> 
40
(
-10.607420852868961
-10.6954347849965
-10.783447380204704
-10.871458581011103
-10.959468334759737
-11.047476594815695
-11.135483321781953
-11.223488484705861
-11.311492062237271
-11.399494043696006
-11.487494430003313
-11.575493234431145
-11.663490483124276
-11.751486215354179
-11.83948048347091
-11.927473352529077
-12.015464899576884
-12.103455212612205
-12.1914443892262
-12.279432534971827
-12.367419761510812
-12.455406184605977
-12.543391922034449
-12.631377091496063
-12.719361808573122
-12.807346184751472
-12.895330325426189
-12.98331432768564
-13.071298277518972
-13.159282246000657
-13.247266284108631
-13.335250416304985
-13.423234633988592
-13.511218891369902
-13.599203108036571
-13.687187183684472
-13.77517102980284
-13.863154622179362
-13.951138081973163
-14.039121762769838
)
;
    }
    coldWall
    {
        type            calculated;
        value           nonuniform List<scalar> 0();
    }
    bottomWall
    {
        type            calculated;
        value           nonuniform List<scalar> 0();
    }
    topWall
    {
        type            calculated;
        value           nonuniform List<scalar> 
53
(
-14.083114047959116
-14.083113589666741
-14.083112770580618
-14.08311198692487
-14.083111597007667
-14.083111981792753
-14.083113559054372
-14.083116771248845
-14.083122064241843
-14.083129861128212
-14.083140534526406
-14.083154380952738
-14.083171600142993
-14.083192281245488
-14.083216396878804
-14.083243805084217
-14.083274258480786
-14.083307419276263
-14.083342878422693
-14.083380177084527
-14.083418828669055
-14.08345833991611
-14.083498229764412
-14.08353804510468
-14.083577374620532
-14.083615864884814
-14.083653200522283
-14.083689125787183
-14.083723464733982
-14.083756084282701
-14.083786903485711
-14.083815890173561
-14.083843054256906
-14.08386844137654
-14.083892126667836
-14.083914208652699
-14.083934803450518
-14.083954039454733
-14.08397205257107
-14.083988982076043
-14.084004967121626
-14.084020143877662
-14.084034643265834
-14.08404858919657
-14.084062097178167
-14.084075273132475
-14.084088212237946
-14.084100997641183
-14.084113698944062
-14.084126370483871
-14.084139049564804
-14.084151754936876
-14.084164485911277
)
;
    }
    front
    {
        type            empty;
    }
    back
    {
        type            empty;
    }
    procBoundary2to0
    {
        type            processor;
        value           nonuniform List<scalar> 
53
(
-10.51940564498587
-10.519403962724354
-10.519403451774302
-10.519404989441922
-10.519408669121839
-10.519414456427002
-10.51942217610944
-10.519431509333028
-10.519442045528471
-10.519453339454492
-10.519464956789005
-10.519476506360961
-10.519487659665129
-10.519498159403922
-10.519507819589117
-10.519516519882185
-10.519524196559139
-10.519530831988083
-10.519536443969459
-10.519541075794299
-10.519544787372409
-10.519547648700893
-10.519549733037028
-10.519551113213328
-10.519551858504071
-10.519552032012188
-10.5195516896546
-10.519550879514757
-10.519549641719225
-10.51954800871037
-10.519546005960112
-10.519543652416051
-10.519540961703562
-10.519537942953876
-10.519534601816899
-10.519530941476523
-10.519526963645669
-10.519522669529314
-10.519518060740996
-10.519513140157722
-10.519507912698302
-10.519502386009227
-10.519496571041703
-10.519490482502967
-10.519484139165927
-10.519477564022718
-10.519470784271494
-10.519463831131292
-10.519456739484433
-10.519449547357178
-10.51944229525883
-10.519435025404519
-10.519427780938505
)
;
    }
    procBoundary2to1
    {
        type            processor;
        value           nonuniform List<scalar> 
40
(
-10.607449035951538
-10.695477360176321
-10.783505542618744
-10.87153353935517
-10.959561296790779
-11.047588749761244
-11.135615821634786
-11.223642424136068
-11.31166845801258
-11.399693814680356
-11.487718378974568
-11.575742033029874
-11.663764661202574
-11.751786155807963
-11.839806423314185
-11.927825390539073
-12.015843010363728
-12.103859266518404
-12.191874177105548
-12.279887796677247
-12.367900216838684
-12.455911565469576
-12.543922004711634
-12.631931727856156
-12.719940955197574
-12.807949928833347
-12.895958906332265
-12.983968153202335
-13.071977934186645
-13.159988503587094
-13.248000095008777
-13.336012911061166
-13.424027113591837
-13.512042814828151
-13.600060068912445
-13.688078862267636
-13.776099108134034
-13.864120671843168
-13.952143386791619
-14.040166574746175
)
;
    }
}


// ************************************************************************* //
