#              distance                     U_x                     U_y                     U_z                       T
  6.939740885162004e-18                       0                       0                       0       299.7163499900303
  0.0003906250000000001  -0.0001155038997805553   1.691763179588511e-07                       0       299.7163482073117
  0.0007812500000000002  -0.0002265282194135986   7.329576843564447e-07                       0       299.7163392937154
            0.001171875  -0.0003342480731791574   1.606337221423302e-06                       0       299.7163312975614
              0.0015625  -0.0004397649496997231    2.68611553893632e-06                       0       299.7163239130322
            0.001953125  -0.0005398659915803712   4.209124457650591e-06                       0       299.7163282618848
             0.00234375  -0.0006378375761709512   5.882018077050584e-06                       0        299.716341167858
            0.002734375  -0.0007326149748264289   7.779738747479168e-06                       0        299.716366909512
               0.003125  -0.0008232084383945359   9.933876001712417e-06                       0       299.7164170368417
            0.003515625  -0.0009117290884648705   1.220582887141646e-05                       0       299.7164810572492
   0.003906250000000001  -0.0009961424196315068   1.469262761919931e-05                       0       299.7165762642983
            0.004296875    -0.00107753420331273   1.731141335279036e-05                       0       299.7166996021124
              0.0046875   -0.001156911622003732   2.001819041025439e-05                       0       299.7168416937853
            0.005078125   -0.001231354140375691   2.289982465451737e-05   1.027937396758839e-30       299.7170379651012
   0.005468750000000001     -0.0013038642948418   2.583468589877047e-05    1.67772445752597e-30       299.7172585829973
   0.005859374999999999   -0.001373475903449132   2.884938764300875e-05   1.760286014305359e-30       299.7175157207637
                0.00625   -0.001439308442612535   3.193970954972242e-05   8.883991628307148e-31       299.7178264162147
            0.006640625   -0.001503273480973664   3.506076850939118e-05                       0       299.7181649864859
             0.00703125   -0.001563547585569703   3.822915551840665e-05                       0       299.7185614983698
   0.007421875000000001   -0.001621121409367296    4.14136832511902e-05                       0       299.7190043989387
              0.0078125   -0.001676895045965833   4.460897146648351e-05                       0       299.7194782252807
   0.008203125000000002   -0.001728284303864946   4.780193394218254e-05                       0       299.7200336718353
   0.008593750000000001   -0.001777967320830766   5.098345571087837e-05                       0       299.7206232612223
   0.008984374999999999   -0.001825090976396659   5.414781641906974e-05                       0       299.7212640648596
   0.009375000000000001   -0.001868899114950218   5.727056363634523e-05                       0       299.7219757003978
            0.009765625   -0.001911074161652064   6.036837318576024e-05                       0       299.7227232808836
             0.01015625   -0.001950032357959431   6.340804555465047e-05                       0       299.7235438092648
            0.010546875   -0.001986652989673983   6.639331160012248e-05                       0       299.7244203235862
              0.0109375   -0.002021715244993325   6.934230676331564e-05                       0        299.725334161868
            0.011328125   -0.002053008104571006   7.218514508712375e-05                       0       299.7263429342192
             0.01171875   -0.002082844239689382   7.498028588631492e-05                       0       299.7273901376378
            0.012109375   -0.002110495288118799   7.770388039858056e-05                       0       299.7284949876567
                 0.0125   -0.002135335471461089    8.03234099421025e-05                       0       299.7296772473354
            0.012890625   -0.002158795917886492   8.288915915894427e-05                       0       299.7308982613368
             0.01328125   -0.002179548281731939   8.534385203782702e-05                       0       299.7321968830378
            0.013671875   -0.002198346583919314   8.771117321720397e-05                       0       299.7335536108779
              0.0140625    -0.00221584217833451   9.002024659690516e-05                       0       299.7349490761266
            0.014453125   -0.002230208810359873   9.217867862582204e-05                       0       299.7364408292966
             0.01484375   -0.002243374622796673   9.427548992424374e-05                       0       299.7379707294027
            0.015234375   -0.002254739205850875   9.627987012693318e-05                       0       299.7395578499461
               0.015625   -0.002263802688054299   9.815943612132655e-05                       0       299.7412202563012
    0.01601562500000001   -0.002271740441643013   9.997645755454893e-05                       0       299.7429199907681
             0.01640625   -0.002277476381623662   0.0001016681149513844                       0         299.74469375187
            0.016796875    -0.00228163431027482   0.0001032660062807496                       0        299.746521915894
              0.0171875   -0.002284740231372986   0.0001048013868984677                       0       299.7483863485329
            0.017578125   -0.002285336251902734    0.000106181875985111                       0       299.7503393294253
             0.01796875   -0.002284975411783485   0.0001075012843664105                       0       299.7523267862201
            0.018359375   -0.002283179280690743   0.0001087290716896946                       0       299.7543659568682
                0.01875   -0.002279561564144103    0.000109836977069741                       0       299.7564720253268
            0.019140625   -0.002275055536969413   0.0001108856160104082                       0       299.7586109925888
             0.01953125   -0.002268817852736443   0.0001118170711367985                       0       299.7608146572572
    0.01992187500000001   -0.002261347125643555   0.0001126629000775724                       0        299.763065100214
              0.0203125   -0.002253054369977417   0.0001134516448946034                       0       299.7653467286998
    0.02070312500000001   -0.002242813008553505   0.0001141017296232176                       0       299.7677032807195
             0.02109375    -0.00223183353841289   0.0001146980407231175  -5.358627974930362e-30       299.7700885428563
            0.021484375   -0.002219746905197131   0.0001152136913799416  -1.875519791222683e-29       299.7725168701569
               0.021875   -0.002206264157757731   0.0001156252414047738  -1.071725594986302e-29       299.7750000316045
            0.022265625   -0.002192102727804135   0.0001159856028386674   5.297175834665745e-30       299.7775099512701
             0.02265625   -0.002176622682017414   0.0001162453105407976   3.178305500798639e-29       299.7800720696632
            0.023046875    -0.00216020982586856   0.0001164320711318243   3.436739055200412e-29       299.7826713365397
              0.0234375   -0.002143175096144965    0.000116570200315449   2.101736367650745e-29       299.7852953690738
    0.02382812500000001    -0.00212467596777731   0.0001165908607479397   7.881511378677066e-30       299.7879779620235
             0.02421875   -0.002105625874632964   0.0001165661069142925                       0       299.7906826376151
            0.024609375   -0.002085749334323563   0.0001164732316814379                       0       299.7934204371668
                  0.025   -0.002064837827061541   0.0001162925033101273   3.488179636024105e-28       299.7961997333349
            0.025390625   -0.002043424925518106   0.0001160685440315538   6.981535316024852e-28       299.7989991175974
             0.02578125   -0.002021041413801638   0.0001157595142623857   7.007415535907869e-28        299.801837357621
            0.026171875   -0.001997976278802366   0.0001153886134462465   7.027262915876898e-28        299.804702788933
              0.0265625   -0.001974456728281246   0.0001149764652654614   7.043088402569705e-28       299.8075863477737
            0.026953125   -0.001949875183225823   0.0001144641507710675   7.048933384050586e-28       299.8105120387623
             0.02734375   -0.001924897205402884   0.0001139128431078056   5.289330279704229e-28       299.8134533387095
            0.027734375   -0.001899324578428639   0.0001133030456912394   8.815550466173736e-29       299.8164180520898
               0.028125   -0.001873013352374879   0.0001126171984561921                       0       299.8194115661211
            0.028515625   -0.001846345788485748   0.0001118937603301287                       0       299.8224188957726
             0.02890625   -0.001818991472334905   0.0001110960084584985                       0       299.8254526872933
            0.029296875   -0.001791159196492694   0.0001102436835281221                       0       299.8285046351614
    0.02968750000000001   -0.001763008280856292   0.0001093549765585847  -1.480966720178405e-43       299.8315686872706
            0.030078125   -0.001734119696812443   0.0001083770406375209  -1.104423272504769e-29         299.83466029722
             0.03046875   -0.001704958477271632   0.0001073640295225335  -1.757487237802455e-29       299.8377618972555
            0.030859375   -0.001675388304485338   0.0001062984056166595  -1.733512242271351e-29       299.8408784824131
                0.03125   -0.001645315489986185   0.0001051637388677915  -8.643586215806846e-30        299.844013081588
            0.031640625    -0.00161500146495548   0.0001039948024291803                       0       299.8471562219558
             0.03203125     -0.0015842252395118   0.0001027578300746153                       0       299.8503155131442
            0.032421875   -0.001553131088376574    0.000101470529810275                       0        299.853485598864
    0.03281249999999999   -0.001521824986780349   0.0001001496776060865                       0       299.8566628809446
            0.033203125   -0.001490034263503265   9.874604986242813e-05                       0       299.8598560892975
    0.03359375000000001   -0.001458066768251457   9.730974252264455e-05                       0       299.8630548958382
            0.033984375   -0.001425834115037515    9.58244157886691e-05                       0       299.8662620996507
               0.034375   -0.001393280066842824   9.427459489383039e-05                       0       299.8694790620729
            0.034765625   -0.001360572868800925   9.269275042760909e-05                       0       299.8727005709064
             0.03515625    -0.00132757446635094   9.104730583672277e-05                       0        299.875930506776
    0.03554687499999999   -0.001294378869676949   8.935487147864847e-05                       0       299.8791658428929
              0.0359375   -0.001261051810186964   8.763111060911505e-05                       0       299.8824047791781
            0.036328125    -0.00122742911174959   8.583031190850384e-05                       0       299.8856513112795
    0.03671875000000001   -0.001193700457185807   8.399925770661051e-05                       0       299.8889003702375
    0.03710937500000001   -0.001159812868432418   8.212282025279476e-05                       0        299.892153219482
    0.03750000000000001   -0.001125736201081543   8.018710643917119e-05                       0       299.8954101975003
    0.03789062500000001   -0.001091570274595171   7.822209613098094e-05                       0       299.8986690324033
             0.03828125   -0.001057236390164221   7.619917620432918e-05                       0       299.9019311660472
            0.038671875   -0.001022791133888249   7.413395900449839e-05                       0       299.9051952198388
              0.0390625   -0.000988271629715618   7.204054362255002e-05                       0       299.9084605537353
    0.03945312500000001  -0.0009535888316811859   6.987872249815398e-05                       0       299.9117282744353
    0.03984375000000001  -0.0009188488756683152    6.76904589804894e-05                       0       299.9149966663995
            0.040234375  -0.0008840231826877713   6.546253187292194e-05                       0       299.9182660652547
    0.04062500000000001  -0.0008490980142384819    6.31837348253102e-05                       0       299.9215363193898
            0.041015625  -0.0008141264650567649   6.088005139836766e-05                       0       299.9248068981716
    0.04140625000000001   -0.000779068868414268   5.852769239415731e-05                       0       299.9280779203265
            0.041796875  -0.0007439557999776642   5.614060859827403e-05                       0       299.9313490192219
              0.0421875  -0.0007088057503449967   5.373037494127638e-05                       0       299.9346201692809
            0.042578125  -0.0006735767666433373   5.126546272170864e-05                       0       299.9378911037521
             0.04296875  -0.0006383210201736063   4.878004659586421e-05  -3.494468060591141e-30       299.9411618453819
            0.043359375  -0.0006030251295517574   4.626387461060344e-05  -1.223063821206557e-29       299.9444322977452
                0.04375  -0.0005676842217030611   4.370960288358288e-05  -1.384024484040594e-29       299.9477022079823
            0.044140625  -0.0005323226748259382   4.113704973768728e-05  -1.198979025867137e-29       299.9509718210351
             0.04453125   -0.000496923589061951   3.852947065805442e-05  -3.425654359619735e-30       299.9542407874764
            0.044921875  -0.0004615012504814965   3.589804479241681e-05                       0       299.9575092258984
    0.04531250000000001  -0.0004260634100233995   3.325072106944343e-05                       0       299.9607773123108
            0.045703125  -0.0003905939171783696   3.056787198246194e-05                       0       299.9640444996147
             0.04609375  -0.0003551142240989095   2.787256660196293e-05                       0       299.9673113382637
            0.046484375  -0.0003196192306677958   2.515857678118798e-05                       0       299.9705776539255
               0.046875  -0.0002841080933974934   2.242329989293783e-05                       0       299.9738433265122
    0.04726562500000001  -0.0002485898066685046    1.96783113494033e-05                       0         299.97710869793
             0.04765625  -0.0002130590659440317   1.691576325221196e-05                       0       299.9803735078144
            0.048046875  -0.0001775214021213755   1.414290488401695e-05                       0       299.9836379744547
              0.0484375  -0.0001419791228999329   1.136317300181968e-05                       0       299.9869022122692
            0.048828125  -0.0001064288782601004   8.571106829115612e-06                       0       299.9901660295675
             0.04921875  -7.087674597318014e-05     5.7760709262296e-06                       0       299.9934297454909
            0.049609375  -3.532178221562566e-05   2.976580428070203e-06                       0       299.9966933093468
                   0.05   2.345168905729798e-07   1.751075839167873e-07                       0       299.9999568115252
    0.05039062500000001   3.579088672340181e-05    -2.6263647584906e-06  -6.281277401903592e-30       300.0032203187494
             0.05078125    7.13462041141045e-05  -5.425852747918975e-06   -3.76876644114206e-29       300.0064839078338
    0.05117187500000001   0.0001068989015873616  -8.220885008810827e-06  -6.428665083904015e-29       300.0097476640829
    0.05156250000000001   0.0001424498524489908  -1.101294678401189e-05  -8.768070354539296e-29       300.0130115317851
    0.05195312500000001   0.0001779931883962456  -1.379267361750072e-05  -3.288026382952036e-29        300.016275845014
             0.05234375   0.0002135320479001651   -1.65655274153482e-05                       0       300.0195403969973
            0.052734375   0.0002490641927390972  -1.932807165973495e-05                       0       300.0228053071309
    0.05312500000000001   0.0002845841581874414  -2.207305926432502e-05  -1.059270685919981e-28        300.026070798456
            0.053515625   0.0003200971104531681   -2.48083372769132e-05  -2.164524170144692e-28       300.0293366006963
    0.05390625000000001   0.0003555941893790322  -2.752233356128936e-05  -2.394438161669133e-28       300.0326030654154
    0.05429687500000001   0.0003910761671616932   -3.02176515696167e-05  -1.554002348924209e-28       300.0358700674043
              0.0546875   0.0004265480775155807  -3.290051739391402e-05                       0       300.0391374275963
    0.05507812500000001   0.0004619886604332978  -3.554787227465219e-05                       0       300.0424057102695
             0.05546875   0.0004974138682579635   -3.81793369341257e-05                       0       300.0456743540934
            0.055859375   0.0005328160134430654  -4.078696626170277e-05                       0       300.0489435396506
                0.05625   0.0005681808662021204  -4.335958906001472e-05                       0       300.0522133896393
            0.056640625   0.0006035252012130169  -4.591394126781473e-05                       0       300.0554835455763
    0.05703125000000001   0.0006388247576574388  -4.843021764283755e-05                       0        300.058754260941
            0.057421875   0.0006740843425948295  -5.091575972758789e-05                       0       300.0620252781185
              0.0578125   0.0007093172798608756  -5.338081228549101e-05                       0       300.0652964965076
    0.05820312500000001   0.0007444715594151197  -5.579122868700525e-05                       0       300.0685679506143
    0.05859375000000001   0.0007795889634545159  -5.817851491533593e-05   3.829617927458646e-30        300.071839361291
    0.05898437500000002   0.0008146510542216437  -6.053110588389134e-05    1.34036627461004e-29       300.0751107068229
    0.05937500000000001   0.0008496272985754876  -6.283506635325482e-05   1.551285439640581e-29       300.0783816237353
            0.059765625   0.0008845572599996285   -6.51141644618245e-05   1.374383244762298e-29       300.0816522231679
             0.06015625   0.0009193879361183546  -6.734244362641961e-05   3.926809270745528e-30       300.0849219813376
            0.060546875   0.0009541330093167653  -6.953110202043563e-05  -3.101623895222816e-30       300.0881907425281
    0.06093750000000001   0.0009888210139016541  -7.169334656739996e-05  -8.270997053953992e-30       300.0914588390728
            0.061328125    0.001023345933079777  -7.378726453195684e-05  -6.027618441424854e-28       300.0947245642851
             0.06171875    0.001057796681501124  -7.585301914548566e-05  -9.678303156423269e-28       300.0979890151664
            0.062109375    0.001092136173787301  -7.787652873247227e-05  -9.887652237590778e-28        300.101251554548
                 0.0625    0.001126307849415588  -7.984220475376555e-05  -4.964761026911831e-28       300.1045108058109
    0.06289062500000001    0.001160390333177659    -8.1778623907811e-05                       0       300.1077682052787
             0.06328125    0.001194283866132695  -8.365584915854879e-05                       0       300.1110214856715
    0.06367187499999999    0.001228018550242206  -8.548775777914379e-05                       0       300.1142709823495
    0.06406250000000002    0.001261647335121408  -8.728945531298069e-05                       0       300.1175179565601
            0.064453125    0.001294980605162772  -8.901423392224804e-05                       0       300.1207573446375
    0.06484375000000001    0.001328182454522542  -9.070773666969582e-05                       0       300.1239931359499
    0.06523437500000001    0.001361187172859832  -9.235432562440792e-05                       0        300.127223532094
               0.065625    0.001393900755510501  -9.393742175953401e-05                       0       300.1304455069578
    0.06601562499999999    0.001426461218651249  -9.548854942363665e-05                       0       300.1336629380306
             0.06640625    0.001458700339438959  -9.697529602323144e-05                       0       300.1368706152227
    0.06679687500000001    0.001490674329237924  -9.841311219880436e-05                       0       300.1400698979015
    0.06718749999999998    0.001522471565044461  -9.981830809170043e-05                       0       300.1432635842528
            0.067578125    0.001553784202551643   -0.000101140883258683                       0       300.1464413476103
    0.06796875000000001    0.001584884890007458  -0.0001024299708472854                       0       300.1496119154282
            0.068359375    0.001615667652386088  -0.0001036688270683088                       0       300.1527716899095
    0.06875000000000001    0.001645988196624982  -0.0001048397805720993                       0        300.155915314142
    0.06914062500000001    0.001676067516658722  -0.0001059765319945491                       0       300.1590503971879
             0.06953125    0.001705644158011767  -0.0001070443778088754                       0       300.1621674657687
    0.06992187500000002    0.001734811803413947    -0.00010805971642434                       0       300.1652695481235
              0.0703125    0.001763706784848879  -0.0001090400502405637                       0       300.1683616396612
    0.07070312500000001    0.001791864000775021  -0.0001099313348825095                       0       300.1714261702717
             0.07109375    0.001819702527294483  -0.0001107863106320718                       0       300.1744785949368
    0.07148437499999999    0.001847063019703957  -0.0001115868230430602                       0       300.1775128606889
    0.07187499999999999    0.001873736638247079    -0.00011231316987655                       0        300.180520660204
            0.072265625    0.001900053852341434  -0.0001130020002138008                       0        300.183514641693
    0.07265625000000001    0.001925632322506905  -0.0001136149301435809                       0       300.1864798172843
    0.07304687500000001     0.00195061601678371  -0.0001141694828129439                       0       300.1894215748619
              0.0734375    0.001975203193801447  -0.0001146851173086986                       0       300.1923477204368
    0.07382812500000001    0.001998728133755197  -0.0001151007728375294                       0       300.1952317252001
             0.07421875    0.002021798548196602  -0.0001154752555242339                       0       300.1980975986086
    0.07460937500000001    0.002044187174369426  -0.0001157879789477449                       0       300.2009362749749
    0.07500000000000001    0.002065604943512986  -0.0001160157793506982                       0       300.2037360872073
    0.07539062500000002    0.002086521188001013  -0.0001162004219968584                       0       300.2065158070034
    0.07578125000000002     0.00210640219089598  -0.0001162973566363951                       0       300.2092540211617
            0.076171875    0.002125456519140633  -0.0001163262763864735                       0       300.2119591041631
    0.07656250000000002    0.002143959730951823  -0.0001163098528769182                       0       300.2146420997374
    0.07695312500000001     0.00216099812806328  -0.0001161761332403663                       0       300.2172665222463
    0.07734374999999999    0.002177414470005518  -0.0001159938488862994                       0       300.2198661738306
    0.07773437499999999    0.002192897729193857  -0.0001157387174559552                       0       300.2224286690178
               0.078125    0.002207061978258237  -0.0001153830601405138                       0       300.2249389545586
    0.07851562500000001    0.002220547339715323  -0.0001149762765696585                       0       300.2274224763297
    0.07890625000000001    0.002232636160867716  -0.0001144655138622723                       0       300.2298511527417
    0.07929687499999999    0.002243617475086031    -0.00011387417645547                       0       300.2322367553755
    0.07968750000000001    0.002253860451348459  -0.0001132291225823988                       0       300.2345936421793
            0.080078125    0.002262154207615261  -0.0001124455415421076                       0       300.2368755909142
    0.08046875000000001    0.002269625672952528  -0.0001116049251465137                       0       300.2391263482735
    0.08085937500000001    0.002275863701895457  -0.0001106787557179642                       0       300.2413303185647
    0.08125000000000002    0.002280369515447094  -0.0001096354904082268                       0        300.243469579731
    0.08164062500000002    0.002283986730754653  -0.0001085330000266794                       0       300.2455759362218
             0.08203125    0.002285781768477971  -0.0001073107052391159                       0       300.2476153832391
    0.08242187500000001    0.002286141045744153  -0.0001059968391666368                       0       300.2496031077297
    0.08281250000000001    0.002285543149372244  -0.0001046219255708805                       0       300.2515563505359
    0.08320312499999999    0.002282434527749774  -0.0001030921884840123                       0       300.2534210308495
    0.08359375000000001    0.002278273551923811  -0.0001014999615666705                       0       300.2552494369671
            0.083984375    0.002272534044792607  -9.981399990361847e-05                       0       300.2570234317906
    0.08437500000000001    0.002264591997540275  -9.800270258452376e-05                       0       300.2587233890962
    0.08476562500000001    0.002255523850231311  -9.612887137801186e-05                       0       300.2603860129299
             0.08515625    0.002244153842816956  -9.413024027787299e-05                       0        300.261973340394
    0.08554687500000001    0.002230982012466266  -9.203917778053562e-05   9.713697375875906e-30       300.2635034397838
    0.08593750000000001    0.002216608966824734  -8.988649435173487e-05   2.590319300231556e-29       300.2649953871308
    0.08632812500000001    0.002199105930227536   -8.75831499065213e-05   2.551192135200059e-29       300.2663910343119
    0.08671875000000001    0.002180299759109291  -8.522154184393208e-05    1.28101726881865e-29        300.267747939391
    0.08710937500000002    0.002159538886209434  -8.277253835527765e-05  -1.835729149584535e-29       300.2690467313118
    0.08750000000000002    0.002136069047472554  -8.021243046448876e-05  -2.421870187334925e-29       300.2702679066101
    0.08789062499999999     0.00211121902298874  -7.759851398932999e-05  -2.086579198730758e-29       300.2714503231966
    0.08828125000000001    0.002083557221354967   -7.48804675788545e-05  -5.961654853508759e-30       300.2725553216655
    0.08867187500000002    0.002053709628130147  -7.209081316811525e-05                       0       300.2736026675087
    0.08906249999999999    0.002022404840511321  -6.925342009053476e-05   2.309660013189017e-45       300.2746115782713
    0.08945312499999999    0.001987329448833964  -6.630974523220249e-05   1.331428348770368e-29       300.2755255454948
             0.08984375     0.00195069518455219  -6.332974054139214e-05   2.106868616835238e-29       300.2764021851877
    0.09023437499999999    0.001911722611363795  -6.029524110186454e-05   2.048326763849162e-29       300.2772228335849
    0.09062500000000001    0.001869532170584714  -5.720246843530252e-05   1.018309196626704e-29        300.277970527368
    0.09101562499999999    0.001825708123392013  -5.408468551345543e-05   2.299062396285803e-30       300.2786822729243
    0.09140624999999999    0.001778567518135912  -5.092513479751396e-05   1.379437437771746e-29       300.2793231802536
            0.091796875    0.001728866753417993  -4.774829359130525e-05   1.800823194291268e-29       300.2799128688394
    0.09218750000000002    0.001677459215725462  -4.455992539158306e-05   1.736778656395444e-29       300.2804684115848
    0.09257812500000001    0.001621665941296565  -4.136899301572937e-05   6.512919961482791e-30       300.2809423270135
    0.09296875000000002    0.001564071925531876  -3.818871676487769e-05                       0       300.2813853139447
    0.09335937500000001    0.001503776797763448  -3.502442470152781e-05                       0       300.2817819081196
                0.09375    0.001439789606385107  -3.190723434413001e-05                       0       300.2821205554444
    0.09414062500000001    0.001373934343886819  -2.882066357955645e-05                       0       300.2824313253473
    0.09453125000000001     0.00130429886051882  -2.580946948033176e-05                       0       300.2826885324391
    0.09492187500000002     0.00123176395127402   -2.28779208593838e-05                       0       300.2829092158743
    0.09531249999999999    0.001157296091444583  -1.999946922395177e-05                       0       300.2831055501782
            0.095703125     0.00107789183623913   -1.72955300492098e-05                       0       300.2832476984817
    0.09609375000000001   0.0009964726060602371  -1.467943690866303e-05                       0       300.2833710903338
            0.096484375   0.0009120309134211926  -1.219511281940938e-05                       0       300.2834663475087
    0.09687499999999999   0.0008234806562048875  -9.925330309641881e-06                       0       300.2835304126538
    0.09726562500000001   0.0007328569556209169  -7.773208138926104e-06                       0       300.2835805819452
             0.09765625   0.0006380480461435701  -5.877185744931669e-06                       0       300.2836063598523
    0.09804687500000001   0.0005400439719260854  -4.205745040714765e-06                       0       300.2836192974201
    0.09843750000000001    0.000439909787881866  -2.684025463016442e-06                       0       300.2836236747748
    0.09882812499999999   0.0003343580939546493  -1.605126578711787e-06                       0       300.2836163099803
    0.09921875000000002   0.0002266027323083336  -7.324204816683211e-07                       0       300.2836083296332
            0.099609375   0.0001155418690833667  -1.690035655167067e-07                       0       300.2835994259136
                    0.1                       0                       0                       0        300.283597645171
