#              distance                     U_x                     U_y                     U_z                       T
  1.387778780781448e-19   2.871643899632165e-20   3.871393966768101e-18   3.475412028250582e-55       300.5000000000016
  0.0003906250000000002   1.697469827000157e-06   0.0002141627655886133   9.782415197117763e-42       300.4905799957835
  0.0007812500000000002   3.394939654000315e-06   0.0004283255311772266   1.956483039423536e-41       300.4811599915669
            0.001171875   5.092409481000474e-06   0.0006424882967658399   2.934724559135295e-41       300.4717399873504
              0.0015625   1.038776480774702e-05   0.0008067694953459496   2.739076255192945e-41       300.4623242698789
            0.001953125   1.658259150943016e-05   0.0009585803021739337   2.249955495337068e-41       300.4529096240937
             0.00234375   2.277741821111332e-05    0.001110391109001918    1.76083473548119e-41       300.4434949783084
   0.002734375000000001   2.897224491279647e-05    0.001262201915829902   1.271713975625293e-41       300.4340803325232
               0.003125   3.516707161447958e-05    0.001414012722657886   7.825932157694115e-42       300.4246656867379
   0.003515625000000001   4.136189831616274e-05     0.00156582352948587   2.934724559135292e-42       300.4152510409527
             0.00390625   4.823963010015757e-05    0.001696326520476972                       0       300.4058861099541
            0.004296875   5.614171950761986e-05    0.001794867787712752                       0       300.3965957511353
   0.004687500000000001   6.404380891508221e-05    0.001893409054948531                       0       300.3873053923164
            0.005078125   7.194589832254434e-05     0.00199195032218431                       0       300.3780150334976
   0.005468750000000001   7.984798773000686e-05     0.00209049158942009                       0       300.3687246746788
   0.005859375000000002   8.775007713746926e-05    0.002189032856655868                       0         300.35943431586
   0.006250000000000001   9.565216654493156e-05    0.002287574123891649                       0       300.3501439570413
   0.006640625000000001   0.0001027578021469941    0.002341960875904677                       0       300.3411698789583
   0.007031250000000001   0.0001098634377490566    0.002396347627917706                       0       300.3321958008755
   0.007421875000000001   0.0001169690733511191    0.002450734379930735                       0       300.3232217227926
              0.0078125   0.0001240747089531816    0.002505121131943764                       0       300.3142476447098
            0.008203125   0.0001311803445552441    0.002559507883956793                       0       300.3052735666269
   0.008593750000000001   0.0001382859801573067    0.002613894635969822                       0        300.296299488544
   0.008984375000000001    0.000143919632685534    0.002647332349029363                       0       300.2876448023444
   0.009375000000000001   0.0001485719631645374    0.002666804036119911                       0       300.2792030440667
            0.009765625   0.0001532242936435409     0.00268627572321046                       0       300.2707612857891
             0.01015625   0.0001578766241225444    0.002705747410301008                       0       300.2623195275115
            0.010546875    0.000162528954601548    0.002725219097391556                       0        300.253877769234
              0.0109375   0.0001671812850805515    0.002744690784482105                       0       300.2454360109563
            0.011328125   0.0001712304973126692     0.00275898181403116                       0       300.2371403775804
             0.01171875   0.0001728672365572436    0.002752550213414239                       0       300.2294292438116
            0.012109375   0.0001745039758018185    0.002746118612797318                       0       300.2217181100427
                 0.0125   0.0001761407150463931    0.002739687012180398                       0       300.2140069762739
            0.012890625   0.0001777774542909677    0.002733255411563476                       0       300.2062958425049
             0.01328125   0.0001794141935355423    0.002726823810946556                       0       300.1985847087361
            0.013671875   0.0001810509327801169    0.002720392210329634                       0       300.1908735749671
              0.0140625   0.0001803688006166896    0.002699796832480601                       0       300.1838671549489
            0.014453125   0.0001791069506012617     0.00267566051032354                       0       300.1770369133684
             0.01484375   0.0001778451005858339    0.002651524188166478                       0       300.1702066717878
            0.015234375   0.0001765832505704061    0.002627387866009418                       0       300.1633764302074
               0.015625   0.0001753214005549784    0.002603251543852356                       0       300.1565461886268
            0.016015625   0.0001740595505395508    0.002579115221695294                       0       300.1497159470462
             0.01640625    0.000171863484432988    0.002550666178658056                       0       300.1432725882111
            0.016796875   0.0001682660941897194    0.002515748054300504                       0       300.1374095534884
              0.0171875   0.0001646687039464517    0.002480829929942965                       0       300.1315465187673
            0.017578125   0.0001610713137031837    0.002445911805585427                       0       300.1256834840463
    0.01796875000000001   0.0001574739234599163    0.002410993681227888                       0       300.1198204493252
            0.018359375   0.0001538765332166487    0.002376075556870349                       0       300.1139574146042
                0.01875   0.0001502791429733815    0.002341157432512818                       0        300.108094379884
            0.019140625    0.000145128352255807    0.002300878690024961                       0        300.103219094914
             0.01953125   0.0001399775615382332    0.002260599947537112                       0       300.0983438099449
    0.01992187500000001   0.0001348267708206591    0.002220321205049263                       0       300.0934685249758
              0.0203125   0.0001296759801030856    0.002180042462561413                       0       300.0885932400068
            0.020703125   0.0001245251893855113    0.002139763720073564                       0       300.0837179550377
             0.02109375   0.0001193743986679373    0.002099484977585713                       0       300.0788426700685
            0.021484375    0.000113783116139771    0.002058344141642306                       0       300.0745382841109
    0.02187500000000001   0.0001078981724045422    0.002016628576728525                       0       300.0706144974939
            0.022265625   0.0001020132286693134    0.001974913011814744                       0       300.0666907108771
             0.02265625    9.61282849340843e-05    0.001933197446900963                       0       300.0627669242602
            0.023046875   9.024334119885572e-05    0.001891481881987183                       0       300.0588431376433
              0.0234375   8.435839746362715e-05    0.001849766317073402                       0       300.0549193510265
            0.023828125   7.847337725059763e-05    0.001808282498779472                       0       300.0511702539218
             0.02421875   7.258805112636186e-05    0.001767725666964886                       0       300.0481199148568
            0.024609375   6.670272500212704e-05    0.001727168835150313                       0       300.0450695757938
                  0.025   6.081739887789128e-05    0.001686612003335734                       0       300.0420192367297
            0.025390625   5.493207275365664e-05    0.001646055171521158                       0       300.0389688976665
             0.02578125   4.904674662942103e-05    0.001605498339706582                       0       300.0359185586029
            0.026171875   4.316142050518594e-05    0.001564941507892006                       0       300.0328682195394
              0.0265625   3.774067028192807e-05    0.001526528846104909                       0       300.0304339175896
            0.026953125   3.243606403391445e-05     0.00148865222682468                       0       300.0281536249182
             0.02734375   2.713145778590082e-05    0.001450775607544451                       0       300.0258733322467
            0.027734375   2.182685153788735e-05    0.001412898988264228                       0       300.0235930395767
               0.028125   1.652224528987382e-05    0.001375022368983997                       0       300.0213127469048
    0.02851562500000001   1.121763904185985e-05    0.001337145749703765                       0       300.0190324542325
             0.02890625   6.307186269279218e-06    0.001300629119459552   2.304475274890629e-28       300.0170145308876
            0.029296875   1.987963709846409e-06    0.001266152472769361   8.065663462116872e-28       300.0153901615319
    0.02968750000000001  -2.331258849586032e-06    0.001231675826079169   1.382685164934327e-27       300.0137657921765
            0.030078125  -6.650481409018442e-06    0.001197199179388984    1.95880398365697e-27       300.0121414228226
    0.03046875000000001  -1.096970396845066e-05    0.001162722532698787   2.534922802379586e-27       300.0105170534655
            0.030859375  -1.528892652788287e-05    0.001128245886008596   3.111041621102206e-27         300.00889268411
                0.03125  -1.960814908731512e-05    0.001093769239318405   3.687160439824831e-27       300.0072683147546
            0.031640625  -2.270829580679834e-05     0.00106285743603314   4.455783888488215e-27       300.0061861334196
             0.03203125  -2.580844252628047e-05    0.001031945632747875    5.22440733715157e-27       300.0051039520846
            0.032421875  -2.890858924576312e-05     0.00100103382946261   5.993030785814932e-27       300.0040217707495
    0.03281249999999999  -3.200873596524504e-05   0.0009701220261773477   6.761654234478267e-27        300.002939589415
            0.033203125  -3.510888268472775e-05   0.0009392102228920814   7.530277683141646e-27       300.0018574080796
             0.03359375     -3.820902940421e-05   0.0009082984196068169   8.298901131804985e-27       300.0007752267447
            0.033984375  -4.052700754063631e-05   0.0008794114257694474   7.799505150838735e-27       299.9999546724731
               0.034375  -4.232353995502525e-05   0.0008518743048973422   6.454762883452761e-27        299.999308536244
            0.034765625  -4.412007236941418e-05   0.0008243371840252372   5.110020616066786e-27       299.9986624000148
    0.03515625000000001   -4.59166047838025e-05   0.0007968000631531317   3.765278348680737e-27       299.9980162637857
    0.03554687500000001  -4.771313719819129e-05   0.0007692629422810264   2.420536081294753e-27       299.9973701275566
              0.0359375  -4.950966961258066e-05   0.0007417258214089218   1.075793813908792e-27       299.9967239913274
            0.036328125  -5.105272629780239e-05    0.000714784175919244                       0       299.9961461016348
    0.03671874999999999  -5.158188006635586e-05   0.0006902244319592791                       0       299.9958411980883
            0.037109375  -5.211103383490934e-05   0.0006656646879993135                       0       299.9955362945418
    0.03750000000000001  -5.264018760346283e-05   0.0006411049440393479                       0       299.9952313909951
            0.037890625   -5.31693413720155e-05   0.0006165452000793826                       0       299.9949264874487
             0.03828125  -5.369849514056937e-05   0.0005919854561194173                       0       299.9946215839021
    0.03867187499999999  -5.422764890912263e-05   0.0005674257121594524                       0       299.9943166803556
              0.0390625  -5.384563572640682e-05   0.0005448448480198571                       0       299.9942188351022
    0.03945312500000001  -5.323583080587028e-05   0.0005227587038353543                       0       299.9941727544222
    0.03984375000000001  -5.262602588533623e-05   0.0005006725596508522                       0       299.9941266737421
            0.040234375  -5.201622096480074e-05   0.0004785864154663505                       0        299.994080593062
    0.04062500000000001  -5.140641604426633e-05   0.0004565002712818483                       0        299.994034512382
            0.041015625  -5.079661112373132e-05   0.0004344141270973469                       0       299.9939884317019
    0.04140625000000001  -4.980930689685923e-05   0.0004130983357699919                       0       299.9940175745812
    0.04179687500000001   -4.82557537104816e-05   0.0003929380737283591                       0       299.9941595527995
              0.0421875    -4.6702200524104e-05   0.0003727778116867268                       0       299.9943015310179
            0.042578125  -4.514864733772633e-05   0.0003526175496450941                       0       299.9944435092362
             0.04296875  -4.359509415134847e-05   0.0003324572876034616                       0       299.9945854874546
    0.04335937500000001  -4.204154096497059e-05   0.0003122970255618287                       0        299.994727465673
                0.04375  -4.048798777859275e-05   0.0002921367635201963                       0       299.9948694438914
            0.044140625  -3.823174902559636e-05   0.0002733449679887082                       0       299.9951384770541
             0.04453125  -3.597551027260125e-05   0.0002545531724572205                       0       299.9954075102168
            0.044921875  -3.371927151960552e-05   0.0002357613769257326                       0       299.9956765433796
    0.04531250000000001   -3.14630327666097e-05   0.0002169695813942441                       0       299.9959455765423
            0.045703125  -2.920679401361455e-05   0.0001981777858627558                       0        299.996214609705
             0.04609375  -2.695055526061815e-05   0.0001793859903312675                       0       299.9964836428676
            0.046484375   -2.44348962429984e-05   0.0001610838626112337                       0       299.9967966561316
               0.046875    -2.1746290382296e-05    0.000143108180098836                       0        299.997138989463
    0.04726562500000001  -1.905768452159356e-05    0.000125132497586438                       0       299.9974813227943
    0.04765625000000001   -1.63690786608912e-05   0.0001071568150740403                       0       299.9978236561273
            0.048046875   -1.36804728001889e-05   8.918113256164271e-05                       0       299.9981659894571
    0.04843750000000001  -1.099186693948664e-05    7.12054500492454e-05                       0       299.9985083227917
    0.04882812499999999  -8.274073416997297e-06   5.328401748676194e-05                       0       299.9988554517616
    0.04921875000000001  -5.439529247355936e-06   3.557958472393411e-05                       0       299.9992217633019
    0.04960937500000001  -2.604985077715255e-06   1.787515196110666e-05                       0       299.9995880748422
                   0.05   2.295590919253257e-07   1.707191982798398e-07                       0       299.9999543863842
    0.05039062500000001   3.064103261566627e-06  -1.753371356454838e-05                       0       300.0003206979256
             0.05078125   5.898647431207674e-06  -3.523814632737503e-05                       0       300.0006870094637
    0.05117187500000001   8.733191600848874e-06  -5.294257909020262e-05                       0       300.0010533210035
              0.0515625   1.145123097315798e-05  -7.086333826039524e-05                       0       300.0014005494176
    0.05195312500000001   1.414014414613491e-05  -8.883817903242957e-05                       0       300.0017430070502
             0.05234375   1.682905731911175e-05  -0.0001068130198044632                       0       300.0020854646828
            0.052734375   1.951797049208876e-05  -0.0001247878605764981                       0        300.002427922317
    0.05312500000000001   2.220688366506567e-05  -0.0001427627013485323                       0       300.0027703799495
            0.053515625   2.489579683804253e-05  -0.0001607375421205661                       0       300.0031128375821
             0.05390625   2.741186575527399e-05   -0.000179038488880198                       0       300.0034260264265
            0.054296875   2.966866828888773e-05  -0.0001978285946212291                       0       300.0036953120929
              0.0546875   3.192547082250148e-05  -0.0002166187003622603                       0       300.0039645977592
    0.05507812500000001   3.418227335611527e-05  -0.0002354088061032917                       0       300.0042338834255
             0.05546875    3.64390758897293e-05  -0.0002541989118443241                       0       300.0045031690935
            0.055859375   3.869587842334295e-05  -0.0002729890175853541                       0       300.0047724547582
                0.05625   4.095268095695679e-05  -0.0002917791233263854                       0       300.0050417404246
            0.056640625   4.250695133147122e-05  -0.0003119368387790504                       0       300.0051841067885
    0.05703125000000001   4.406122170598499e-05  -0.0003320945542317135                       0       300.0053264731503
            0.057421875   4.561549208049969e-05  -0.0003522522696843776                       0       300.0054688395132
    0.05781250000000001   4.716976245501408e-05  -0.0003724099851370418                       0       300.0056112058761
            0.058203125   4.872403282952844e-05  -0.0003925677005897053                       0       300.0057535722389
             0.05859375   5.027830320404221e-05  -0.0004127254160423691                       0       300.0058959386018
            0.058984375     5.1266322474486e-05  -0.0004340381448586607                       0       300.0059255570766
               0.059375   5.187684100888108e-05  -0.0004561208825840377                       0       300.0058800102924
            0.059765625   5.248735954327676e-05  -0.0004782036203094144                       0       300.0058344635083
    0.06015624999999999   5.309787807767196e-05  -0.0005002863580347904                       0       300.0057889167243
    0.06054687499999999   5.370839661206859e-05  -0.0005223690957601675                       0       300.0057433699401
    0.06093750000000001   5.431891514646462e-05  -0.0005444518334855451                       0        300.005697823156
            0.061328125   5.470159891068269e-05  -0.0005670291223446218                       0       300.0056005432051
             0.06171875   5.417294359418729e-05  -0.0005915846157384805                       0       300.0052963305773
            0.062109375   5.364428827769224e-05  -0.0006161401091323423                       0       300.0049921179511
                 0.0625   5.311563296119716e-05  -0.0006406956025262039                       0       300.0046879053249
    0.06289062499999999   5.258697764470174e-05  -0.0006652510959200651                       0       300.0043836926987
             0.06328125    5.20583223282069e-05  -0.0006898065893139274                       0       300.0040794800725
            0.063671875   5.152966701171266e-05  -0.0007143620827077895                       0       300.0037752674464
    0.06406250000000001   4.998672614232584e-05  -0.0007412988451941304  -7.153310748527924e-28       300.0031982023257
            0.064453125   4.819021388471611e-05  -0.0007688309249535904  -1.609494918418743e-27       300.0025529240817
    0.06484375000000001   4.639370162710659e-05  -0.0007963630047130551  -2.503658761984726e-27       300.0019076458392
            0.065234375   4.459718936949699e-05  -0.0008238950844725159  -3.397822605550711e-27       300.0012623675951
               0.065625   4.280067711188752e-05  -0.0008514271642319765  -4.291986449116699e-27        300.000617089351
    0.06601562500000001   4.100416485427806e-05  -0.0008789592439914373  -5.186150292682688e-27       299.9999718111069
             0.06640625   3.868589380807629e-05  -0.0009078409270786402  -7.546834930539408e-27       299.9991521837741
    0.06679687500000001   3.558498457898584e-05  -0.0009387470151574584  -1.210730075983242e-26       299.9980710328083
    0.06718749999999998   3.248407534989539e-05  -0.0009696531032362694  -1.666776658912509e-26       299.9969898818408
    0.06757812499999999   2.938316612080511e-05   -0.001000559191315093  -2.122823241841827e-26       299.9959087308765
    0.06796875000000001   2.628225689171457e-05   -0.001031465279393906   -2.57886982477112e-26       299.9948275799091
            0.068359375   2.318134766262439e-05   -0.001062371367472723  -3.034916407700398e-26       299.9937464289433
    0.06874999999999999   2.008043843353364e-05    -0.00109327745555154  -3.490962990629688e-26       299.9926652779775
    0.06914062499999998   1.575934676492831e-05   -0.001127747922641836  -3.174243559529167e-26       299.9910421073428
             0.06953125   1.143825509632319e-05   -0.001162218389732135  -2.857524128428583e-26       299.9894189367081
    0.06992187499999999   7.117163427717809e-06   -0.001196688856822431  -2.540804697328034e-26       299.9877957660735
              0.0703125   2.796071759112268e-06   -0.001231159323912729  -2.224085266227479e-26       299.9861725954387
    0.07070312500000001  -1.525019909493287e-06   -0.001265629791003026  -1.907365835126924e-26       299.9845494248041
    0.07109375000000001  -5.846111578098842e-06   -0.001300100258093323  -1.590646404026368e-26       299.9829262541694
    0.07148437499999999  -1.075928143570299e-05   -0.001336610631399621    -1.2609594254188e-26       299.9809096192541
    0.07187500000000001  -1.606717008597354e-05   -0.001374480942183245  -9.226274151398259e-27       299.9786306748157
            0.072265625   -2.13750587362437e-05   -0.001412351252966867  -5.842954048608757e-27       299.9763517303772
    0.07265624999999999  -2.668294738651464e-05   -0.001450221563750486   -2.45963394581928e-27       299.9740727859379
            0.073046875  -3.199083603678456e-05   -0.001488091874534111   9.236861569703511e-28       299.9717938414998
              0.0734375  -3.729872468705499e-05   -0.001525962185317735   4.307006259759946e-27       299.9695148970616
    0.07382812499999999  -4.272308714280287e-05   -0.001564368610763678    6.11557678209114e-27       299.9670819654508
             0.07421875  -4.861334482046149e-05   -0.001604919494858907   1.625148982589091e-27       299.9640330851504
    0.07460937500000001   -5.45036024981202e-05   -0.001645470378954125  -2.865278816913033e-27       299.9609842048479
    0.07500000000000001   -6.03938601757791e-05   -0.001686021263049357  -7.355706616415081e-27       299.9579353245483
    0.07539062499999999  -6.628411785343687e-05    -0.00172657214714457  -1.184613441591699e-26       299.9548864442452
    0.07578125000000001  -7.217437553109554e-05   -0.001767123031239795  -1.633656221541925e-26       299.9518375639439
            0.076171875  -7.806463320875379e-05   -0.001807673915335018  -2.082699001492119e-26       299.9487886836426
    0.07656250000000001   -8.39559822701104e-05   -0.001849152600574875  -2.541014873352781e-26       299.9450410836427
    0.07695312500000001  -8.984760417739156e-05   -0.001890863236100889  -3.001649018191054e-26       299.9411188037182
    0.07734374999999999  -9.573922608467229e-05   -0.001932573871626901  -3.462283163029296e-26       299.9371965237938
    0.07773437500000001  -0.0001016308479919536   -0.001974284507152918  -3.922917307867601e-26       299.9332742438694
               0.078125  -0.0001075224698992344   -0.002015995142678938  -4.383551452705853e-26       299.9293519639457
    0.07851562499999998  -0.0001134140918065149   -0.002057705778204944  -4.844185597544091e-26       299.9254296840204
    0.07890625000000001  -0.0001190127061000669   -0.002098842416071103  -4.800530704169155e-26       299.9211267897892
            0.079296875  -0.0001241718089730244   -0.002139118057447474   -4.00044225347432e-26       299.9162529740988
    0.07968750000000001  -0.0001293309118459818   -0.002179393698823835   -3.20035380277945e-26       299.9113791584066
    0.08007812499999999  -0.0001344900147189389   -0.002219669340200198  -2.400265352084611e-26       299.9065053427153
    0.08046874999999999   -0.000139649117591896   -0.002259944981576565  -1.600176901389741e-26       299.9016315270241
    0.08085937500000001  -0.0001448082204648542   -0.002300220622952934  -8.000884506948419e-27       299.8967577113327
                0.08125  -0.0001499673233378116   -0.002340496264329299  -1.046394123118438e-41       299.8918838956415
    0.08164062500000001  -0.0001535742791835992   -0.002375414017623531  -3.909975250228516e-26       299.8860221924618
             0.08203125  -0.0001571812350293875   -0.002410331770917764  -7.819950500456893e-26       299.8801604892822
    0.08242187500000001  -0.0001607881908751755   -0.002445249524211996  -1.172992575068541e-25       299.8742987861026
              0.0828125  -0.0001643951467209632   -0.002480167277506231  -1.563990100091381e-25       299.8684370829236
    0.08320312499999999  -0.0001680021025667509   -0.002515085030800459  -1.954987625114215e-25       299.8625753797435
    0.08359374999999999  -0.0001716090584125388   -0.002550002784094692  -2.345985150137064e-25        299.856713676564
    0.08398437499999999  -0.0001738150418192537   -0.002578453621196862  -2.599290613522735e-25       299.8502715070455
    0.08437500000000001    -0.00017508704359992   -0.002602593180837658  -2.760801369150294e-25       299.8434423599677
    0.08476562500000001  -0.0001763590453805862   -0.002626732740478453  -2.922312124777847e-25       299.8366132128899
             0.08515625  -0.0001776310471612521   -0.002650872300119249  -3.083822880405393e-25       299.8297840658122
    0.08554687499999999  -0.0001789030489419184   -0.002675011859760048  -3.245333636032943e-25       299.8229549187349
              0.0859375  -0.0001801750507225847   -0.002699151419400848  -3.406844391660498e-25       299.8161257716575
    0.08632812499999999  -0.0001808672704954544   -0.002719750896096643  -3.425551340032486e-25       299.8091203835889
             0.08671875  -0.0001792403622371361   -0.002726190041012413  -2.873043059382067e-25       299.8014100315543
    0.08710937499999999   -0.000177613453978819   -0.002732629185928198  -2.320534778731687e-25       299.7936996795212
    0.08750000000000001  -0.0001759865457205026   -0.002739068330843997  -1.768026498081286e-25       299.7859893274897
    0.08789062500000001  -0.0001743596374621842   -0.002745507475759772  -1.215518217430861e-25       299.7782789754555
    0.08828125000000001  -0.0001727327292038666   -0.002751946620675551  -6.630099367804789e-26       299.7705686234219
    0.08867187500000001  -0.0001711058209455491   -0.002758385765591335  -1.105016561300767e-26       299.7628582713887
              0.0890625  -0.0001670653725794532   -0.002744106026126069                       0        299.754563146374
    0.08945312500000001  -0.0001624215391864125    -0.00272464656556554                       0       299.7461218281138
             0.08984375   -0.000157777705793372    -0.00270518710500501                       0       299.7376805098538
    0.09023437499999999  -0.0001531338724003316   -0.002685727644444481                       0       299.7292391915936
    0.09062500000000001   -0.000148490039007291   -0.002666268183883958                       0       299.7207978733344
    0.09101562499999999  -0.0001438462056142504   -0.002646808723323423                       0       299.7123565550735
    0.09140625000000001  -0.0001382201587911471   -0.002613385122504382                       0       299.7037021850714
    0.09179687499999999  -0.0001311207918229481   -0.002559015311297535                       0       299.6947282374514
    0.09218750000000001   -0.000124021424854749   -0.002504645500090694                       0       299.6857542898328
    0.09257812500000001  -0.0001169220578865501   -0.002450275688883858                       0       299.6767803422145
    0.09296874999999999  -0.0001098226909183515   -0.002395905877677022                       0       299.6678063945958
    0.09335937500000001  -0.0001027233239501533   -0.002341536066470205                       0       299.6588324469804
                0.09375  -9.562395698195369e-05   -0.002287166255263343                       0       299.6498584993583
    0.09414062500000001  -8.772543731039347e-05    -0.00218864654180267   -5.99523410182151e-26       299.6405680504535
    0.09453125000000001  -7.982691763883245e-05   -0.002090126828341975   -1.19904682036428e-25       299.6312776015452
    0.09492187499999999  -7.192839796727252e-05   -0.001991607114881298  -1.798570230546367e-25       299.6219871526383
    0.09531249999999999  -6.402987829571203e-05   -0.001893087401420616  -2.398093640728476e-25       299.6126967037316
    0.09570312499999999  -5.613135862415188e-05   -0.001794567687959937  -2.997617050910585e-25        299.603406254825
    0.09609374999999999  -4.823283895259145e-05   -0.001696047974499255  -3.597140461092716e-25       299.5941158059183
    0.09648437500000001  -4.135711582002218e-05   -0.001565569403536763  -3.815558051837373e-25       299.5847507230258
    0.09687500000000002  -3.516325704678073e-05    -0.00141378492757307  -3.779905096290419e-25       299.5753358841428
    0.09726562500000001  -2.896939827353977e-05   -0.001262000451609393  -3.744252140743467e-25       299.5659210452614
    0.09765625000000001  -2.277553950029808e-05   -0.001110215975645694   -3.70859918519649e-25       299.5565062063783
    0.09804687499999999  -1.658168072705702e-05  -0.0009584314996820111  -3.672946229649517e-25       299.5470913674953
    0.09843750000000001  -1.038782195381526e-05  -0.0008066470237183077   -3.63729327410252e-25       299.5376765286106
    0.09882812500000002  -5.093189001770811e-06  -0.0006423932277631434  -3.383222727810862e-25       299.5282606164117
    0.09921874999999999  -3.395459334513916e-06  -0.0004282621518421009  -2.255481818540595e-25       299.5188404109401
    0.09960937499999999  -1.697729667256989e-06  -0.0002141310759210542  -1.127740909270308e-25       299.5094202054701
    0.09999999999999998                       0                       0                       0                   299.5
