#              distance                     U_x                     U_y                     U_z                       T
                      0   -4.60401888131161e-19  -1.772773773375844e-22                       0       299.8653043807747
  0.0003906250000000001  -2.584195280401318e-05  -2.086421122518592e-08                       0        299.865304380773
  0.0007812500000000004  -5.168390560802666e-05  -4.172842245037235e-08                       0       299.8653043807741
   0.001171875000000001  -7.752585841204002e-05  -6.259263367555855e-08                       0       299.8653043807746
   0.001562500000000001  -9.923631534811537e-05  -1.771706413969319e-07                       0       299.8652415247987
            0.001953125  -0.0001199138983172069  -3.151770982423525e-07                       0       299.8651629548308
   0.002343750000000001  -0.0001405914812862984  -4.531835550877733e-07                       0        299.865084384863
   0.002734375000000001  -0.0001612690642553899  -5.911900119331909e-07                       0        299.865005814895
   0.003125000000000001  -0.0001819466472244814   -7.29196468778612e-07                       0       299.8649272449271
            0.003515625  -0.0002026242301935729  -8.672029256240327e-07                       0       299.8648486749592
             0.00390625  -0.0002214809410022358  -1.047511168175371e-06                       0       299.8647711913527
            0.004296875  -0.0002376063435702559  -1.291272089285586e-06                       0       299.8646953372883
   0.004687500000000001   -0.000253731746138276  -1.535033010395802e-06                       0       299.8646194832238
   0.005078125000000001  -0.0002698571487062962  -1.778793931506012e-06                       0       299.8645436291594
   0.005468750000000001  -0.0002859825512743163  -2.022554852616238e-06                       0       299.8644677750949
   0.005859375000000001  -0.0003021079538423364  -2.266315773726446e-06                       0       299.8643919210305
   0.006250000000000001  -0.0003182333564103564  -2.510076694836663e-06                       0        299.864316066966
   0.006640625000000001  -0.0003303809560438349  -2.829017444888973e-06                       0       299.8643056196809
   0.007031250000000001  -0.0003425285556773134  -3.147958194941284e-06                       0        299.864295172396
   0.007421875000000001  -0.0003546761553107919  -3.466898944993594e-06                       0       299.8642847251109
   0.007812500000000002  -0.0003668237549442704    -3.7858396950459e-06                       0        299.864274277826
            0.008203125  -0.0003789713545777488  -4.104780445098214e-06                       0        299.864263830541
   0.008593750000000002  -0.0003911189542112273  -4.423721195150545e-06                       0        299.864253383256
   0.008984375000000003  -0.0004011899194063504  -4.769758095777544e-06                       0       299.8643102003339
   0.009375000000000001  -0.0004098764616425698  -5.133859096787689e-06                       0       299.8644118603204
            0.009765625  -0.0004185630038787892  -5.497960097797835e-06                       0       299.8645135203071
             0.01015625  -0.0004272495461150088  -5.862061098807977e-06                       0       299.8646151802937
            0.010546875  -0.0004359360883512282  -6.226162099818124e-06                       0       299.8647168402803
              0.0109375  -0.0004446226305874476  -6.590263100828274e-06                       0       299.8648185002668
            0.011328125  -0.0004527102531515887  -6.958251914051266e-06                       0       299.8649492146515
             0.01171875   -0.000458402197027416  -7.341791976125625e-06                       0       299.8651961466285
            0.012109375  -0.0004640941409032434  -7.725332038199989e-06                       0       299.8654430786056
                 0.0125  -0.0004697860847790708  -8.108872100274343e-06                       0       299.8656900105826
            0.012890625  -0.0004754780286548983  -8.492412162348721e-06                       0       299.8659369425598
             0.01328125  -0.0004811699725307257  -8.875952224423099e-06                       0       299.8661838745368
            0.013671875   -0.000486861916406553  -9.259492286497437e-06                       0       299.8664308065139
              0.0140625  -0.0004904916457115328  -9.638760670589519e-06                       0       299.8668114495108
            0.014453125  -0.0004936058213738005  -1.001696113518598e-05                       0       299.8672255202626
             0.01484375  -0.0004967199970360681  -1.039516159978243e-05                       0       299.8676395910143
            0.015234375  -0.0004998341726983358  -1.077336206437889e-05                       0       299.8680536617661
               0.015625  -0.0005029483483606034  -1.115156252897537e-05                       0       299.8684677325179
    0.01601562500000001  -0.0005060625240228734  -1.152976299357191e-05                       0       299.8688818032711
             0.01640625  -0.0005082933681808233  -1.189659241096326e-05                       0       299.8693677498823
            0.016796875  -0.0005091992150823027  -1.224636525754708e-05                       0       299.8699615102863
              0.0171875  -0.0005101050619837822  -1.259613810413091e-05                       0       299.8705552706903
            0.017578125  -0.0005110109088852617  -1.294591095071472e-05                       0       299.8711490310944
    0.01796875000000001  -0.0005119167557867411  -1.329568379729857e-05                       0       299.8717427914984
            0.018359375  -0.0005128226026882242   -1.36454566438825e-05                       0       299.8723365519047
                0.01875  -0.0005137284495897003  -1.399522949046621e-05                       0       299.8729303123068
            0.019140625  -0.0005127510988999013  -1.429578749161662e-05                       0       299.8737087209374
             0.01953125   -0.000511773748210101  -1.459634549276697e-05                       0       299.8744871295673
    0.01992187500000001  -0.0005107963975203017  -1.489690349391733e-05                       0       299.8752655381978
              0.0203125   -0.000509819046830504  -1.519746149506778e-05                       0        299.876043946829
    0.02070312500000001  -0.0005088416961407092  -1.549801949621828e-05                       0       299.8768223554622
             0.02109375  -0.0005078643454509061   -1.57985774973685e-05                       0       299.8776007640903
            0.021484375  -0.0005059277286864963  -1.605888204075315e-05                       0       299.8784892693827
    0.02187500000000001  -0.0005033516012056781  -1.629235094562729e-05                       0       299.8794511724489
            0.022265625  -0.0005007754737248616  -1.652581985050143e-05                       0       299.8804130755161
             0.02265625  -0.0004981993462440453  -1.675928875537559e-05                       0       299.8813749785835
            0.023046875  -0.0004956232187632288  -1.699275766024979e-05                       0       299.8823368816507
              0.0234375  -0.0004930470912824123  -1.722622656512399e-05                       0        299.883298784718
            0.023828125  -0.0004902007407897224  -1.744340161989761e-05                       0       299.8842961849791
             0.02421875  -0.0004862734982495379  -1.759540127426896e-05                       0       299.8854355740156
            0.024609375  -0.0004823462557093535  -1.774740092864031e-05                       0       299.8865749630521
                  0.025  -0.0004784190131691693  -1.789940058301166e-05                       0       299.8877143520887
            0.025390625  -0.0004744917706289846  -1.805140023738304e-05                       0       299.8888537411251
    0.02578125000000001  -0.0004705645280888007  -1.820339989175444e-05                       0       299.8899931301621
            0.026171875  -0.0004666372855486206  -1.835539954612594e-05                       0       299.8911325192013
              0.0265625  -0.0004618011886161168  -1.843389452987243e-05                       0       299.8924060530023
            0.026953125  -0.0004567378780855365  -1.849401334596282e-05                       0       299.8937131229965
             0.02734375  -0.0004516745675549574  -1.855413216205323e-05                       0       299.8950201929915
    0.02773437500000001  -0.0004466112570243783  -1.861425097814363e-05                       0       299.8963272629866
               0.028125  -0.0004415479464937993  -1.867436979423404e-05                       0       299.8976343329816
            0.028515625  -0.0004364846359632202  -1.873448861032445e-05                       0       299.8989414029765
             0.02890625  -0.0004310415450637108  -1.875540633838369e-05                       0       299.9003104568241
            0.029296875  -0.0004250287836108061  -1.871752243439618e-05                       0       299.9017724864503
              0.0296875  -0.0004190160221579013  -1.867963853040866e-05                       0       299.9032345160766
            0.030078125  -0.0004130032607049966  -1.864175462642114e-05                       0       299.9046965457028
             0.03046875  -0.0004069904992520924  -1.860387072243376e-05                       0       299.9061585753296
            0.030859375  -0.0004009777377991867  -1.856598681844617e-05                       0       299.9076206049553
                0.03125   -0.000394964976346283  -1.852810291445874e-05                       0       299.9090826345824
    0.03164062500000001   -0.000388165044445117  -1.839052944230296e-05                       0       299.9106847084443
    0.03203125000000001  -0.0003813651125439521  -1.825295597014721e-05                       0        299.912286782307
            0.032421875  -0.0003745651806427875  -1.811538249799148e-05                       0       299.9138888561698
              0.0328125  -0.0003677652487416227  -1.797780902583578e-05                       0       299.9154909300325
            0.033203125   -0.000360965316840459   -1.78402355536802e-05                       0       299.9170930038961
             0.03359375  -0.0003541653849392948  -1.770266208152451e-05                       0       299.9186950777594
    0.03398437500000001  -0.0003469782556631219    -1.7506901995072e-05                       0       299.9203712620915
               0.034375  -0.0003395329948036139  -1.727235083242177e-05                       0       299.9220968534057
    0.03476562500000001  -0.0003320877339441056  -1.703779966977153e-05                       0       299.9238224447199
    0.03515625000000001  -0.0003246424730846006  -1.680324850712148e-05                       0       299.9255480360372
    0.03554687500000001  -0.0003171972122250902  -1.656869734447116e-05                       0       299.9272736273492
              0.0359375  -0.0003097519513655811  -1.633414618182069e-05                       0       299.9289992186626
            0.036328125  -0.0003022026308428971  -1.608157939983549e-05                       0       299.9307459779215
    0.03671874999999999  -0.0002942370716675096  -1.575695014051059e-05                       0       299.9325774089592
            0.037109375  -0.0002862715124921218  -1.543232088118555e-05                       0       299.9344088399969
    0.03750000000000001  -0.0002783059533167341  -1.510769162186051e-05                       0       299.9362402710346
            0.037890625  -0.0002703403941413464   -1.47830623625355e-05                       0       299.9380717020724
             0.03828125  -0.0002623748349659588   -1.44584331032105e-05                       0       299.9399031331101
            0.038671875  -0.0002544092757905724  -1.413380384388558e-05                       0       299.9417345641494
              0.0390625  -0.0002461167076316223  -1.374568608294503e-05                       0       299.9436358879851
    0.03945312500000001   -0.000237742387226783  -1.334169619660068e-05                       0       299.9455546850222
             0.03984375  -0.0002293680668219441  -1.293770631025635e-05                       0       299.9474734820594
    0.04023437500000001  -0.0002209937464171049  -1.253371642391212e-05                       0       299.9493922790969
    0.04062500000000001  -0.0002126194260122656  -1.212972653756767e-05                       0       299.9513110761337
            0.041015625  -0.0002042451056074276  -1.172573665122343e-05                       0       299.9532298731722
    0.04140625000000001  -0.0001957476966563193  -1.129561377337756e-05                       0       299.9551760150714
    0.04179687500000001   -0.000187065654885811  -1.082629140827967e-05                       0       299.9571631742687
              0.0421875  -0.0001783836131153007  -1.035696904318151e-05                       0       299.9591503334626
    0.04257812499999999  -0.0001697015713447916  -9.887646678083704e-06                       0       299.9611374926583
             0.04296875  -0.0001610195295742822  -9.418324312985698e-06                       0       299.9631246518539
    0.04335937500000001  -0.0001523374878037727  -8.949001947887689e-06                       0       299.9651118110496
    0.04375000000000001  -0.0001436554460332637  -8.479679582789858e-06                       0        299.967098970246
            0.044140625  -0.0001347589190650925  -7.961743465374922e-06                       0       299.9691351507623
             0.04453125  -0.0001258623920969216   -7.44380734796015e-06                       0       299.9711713312794
            0.044921875  -0.0001169658651287507  -6.925871230545377e-06                       0       299.9732075117965
    0.04531250000000001  -0.0001080693381605796  -6.407935113130594e-06                       0       299.9752436923135
            0.045703125  -9.917281119240857e-05  -5.889998995715818e-06                       0       299.9772798728306
             0.04609375  -9.027628422423757e-05  -5.372062878301042e-06                       0       299.9793160533476
            0.046484375  -8.130378531443256e-05   -4.83617963130457e-06                       0       299.9813699219251
               0.046875  -7.228063844353818e-05  -4.288331631253633e-06                       0       299.9834355825426
    0.04726562500000001  -6.325749157264364e-05  -3.740483631202686e-06                       0         299.98550124316
             0.04765625  -5.423434470174924e-05  -3.192635631151755e-06                       0       299.9875669037775
            0.048046875  -4.521119783085489e-05  -2.644787631100837e-06                       0       299.9896325643949
              0.0484375  -3.618805095996052e-05  -2.096939631049918e-06                       0       299.9916982250124
            0.048828125   -2.71565256154334e-05  -1.547092413376957e-06                       0       299.9937658525903
    0.04921875000000001  -1.809148637637513e-05  -9.892483252158213e-07                       0       299.9958413480102
            0.049609375  -9.026447137317016e-06   -4.31404237054696e-07                       0       299.9979168434302
    0.05000000000000001   3.859210174109625e-08   1.264398511064302e-07                       0       299.9999923388518
    0.05039062500000001   9.103631340799756e-06   6.842839392674463e-07                       0       300.0020678342717
             0.05078125   1.816867057985776e-05   1.242128027428421e-06                       0       300.0041433296899
    0.05117187500000001   2.723370981891626e-05   1.799972115589428e-06                       0       300.0062188251098
              0.0515625   3.626530480298776e-05   2.349554069880916e-06                       0       300.0082864465908
    0.05195312500000001   4.528853872331324e-05   2.897070490705072e-06                       0       300.0103520995888
    0.05234375000000001    5.43117726436381e-05   3.444586911529186e-06                       0       300.0124177525834
            0.052734375   6.333500656396303e-05   3.992103332353276e-06                       0       300.0144834055797
    0.05312500000000001   7.235824048428898e-05   4.539619753177407e-06                       0       300.0165490585776
    0.05351562500000001   8.138147440461412e-05   5.087136174001487e-06                       0       300.0186147115738
             0.05390625   9.035409294105112e-05   5.622556115259694e-06                       0       300.0206685695831
    0.05429687500000001   9.925078840165649e-05   6.139831337169124e-06                       0        300.022704735112
    0.05468750000000001   0.0001081474838622617   6.657106559078544e-06                       0       300.0247409006409
    0.05507812500000001   0.0001170441793228665   7.174381780987947e-06                       0       300.0267770661681
             0.05546875   0.0001259408747834716   7.691657002897376e-06                       0        300.028813231697
            0.055859375   0.0001348375702440768   8.208932224806814e-06                       0       300.0308493972258
                0.05625   0.0001437342657046819   8.726207446716252e-06                       0       300.0328855627547
            0.056640625   0.0001524165461559945   9.194544250048434e-06                       0       300.0348727001114
    0.05703125000000001   0.0001610988266073072   9.662881053380626e-06                       0        300.036859837468
    0.05742187500000001     0.00016978110705862   1.013121785671282e-05                       0       300.0388469748247
    0.05781250000000002   0.0001784633875099339   1.059955466004493e-05                       0       300.0408341121833
    0.05820312499999999   0.0001871456679612446   1.106789146337705e-05                       0       300.0428212495379
             0.05859375   0.0001958279484125573   1.153622826670918e-05                       0       300.0448083868945
    0.05898437500000001   0.0002043256279820486    1.19651751558577e-05                       0       300.0467545033181
    0.05937500000000001   0.0002127002402969923   1.236786210221716e-05                       0       300.0486732724532
            0.059765625   0.0002210748526119357    1.27705490485766e-05                       0       300.0505920415881
    0.06015625000000001   0.0002294494649268796   1.317323599493593e-05                       0       300.0525108107233
    0.06054687500000001   0.0002378240772418229   1.357592294129546e-05                       0        300.054429579858
    0.06093750000000001   0.0002461986895567665   1.397860988765501e-05                       0        300.056348348993
            0.061328125   0.0002544915557353847   1.436536329429238e-05                       0       300.0582496439297
             0.06171875   0.0002624574373687022   1.468838254204231e-05                       0        300.060081042073
    0.06210937499999999   0.0002704233190020196   1.501140178979224e-05                       0       300.0619124402165
                 0.0625   0.0002783892006353389   1.533442103754226e-05                       0       300.0637438383615
    0.06289062500000002   0.0002863550822686552   1.565744028529206e-05                       0       300.0655752365033
    0.06328125000000001   0.0002943209639019737   1.598045953304194e-05                       0       300.0674066346477
    0.06367187500000002   0.0003022868455352903   1.630347878079182e-05                       0       300.0692380327901
    0.06406250000000001   0.0003098364903076325   1.655420096664377e-05                       0       300.0709847562517
            0.064453125   0.0003172820758647307   1.678684888702126e-05                       0       300.0727103110427
    0.06484375000000001   0.0003247276614218292   1.701949680739874e-05                       0       300.0744358658339
            0.065234375   0.0003321732469789273   1.725214472777618e-05                       0       300.0761614206249
    0.06562500000000002   0.0003396188325360261   1.748479264815362e-05                       0        300.077886975416
    0.06601562500000002    0.000347064418093126   1.771744056853111e-05                       0       300.0796125302082
             0.06640625   0.0003542518595096182   1.791118733332976e-05                       0       300.0812886772281
    0.06679687500000001   0.0003610520847152059   1.804658236476041e-05                       0       300.0828907125943
              0.0671875   0.0003678523099207939   1.818197739619098e-05                       0       300.0844927479609
    0.06757812500000002   0.0003746525351263813   1.831737242762156e-05                       0       300.0860947833266
    0.06796874999999999   0.0003814527603319684   1.845276745905228e-05                       0       300.0876968186927
            0.068359375   0.0003882529855375561    1.85881624904829e-05                       0       300.0892988540591
    0.06875000000000001   0.0003950532107431461   1.872355752191363e-05                       0        300.090900889427
    0.06914062499999998   0.0004010661957602039   1.875901081598541e-05                       0        300.092362880513
             0.06953125   0.0004070791807772648    1.87944641100573e-05                       0       300.0938248716008
    0.06992187500000001   0.0004130921657943253    1.88299174041292e-05                       0       300.0952868626885
              0.0703125    0.000419105150811388    1.88653706982012e-05                       0        300.096748853778
    0.07070312500000001    0.000425118135828446     1.8900823992273e-05                       0        300.098210844864
             0.07109375   0.0004311311208455062    1.89362772863449e-05                       0       300.0996728359517
    0.07148437500000002    0.000436574368239716   1.891279503966214e-05                       0       300.1010418525356
    0.07187500000000002   0.0004416377905520249   1.885002243247627e-05                       0       300.1023488861169
            0.072265625   0.0004467012128643335    1.87872498252904e-05                       0       300.1036559196982
    0.07265625000000001   0.0004517646351766423   1.872447721810451e-05                       0       300.1049629532794
    0.07304687499999998   0.0004568280574889509   1.866170461091861e-05                       0       300.1062699868606
              0.0734375   0.0004618914798012599    1.85989320037328e-05                       0        300.107577020442
    0.07382812499999999   0.0004667276573139722   1.851774580702633e-05                       0        300.108850518722
             0.07421875   0.0004706548556282986   1.836290525223758e-05                       0       300.1099898757973
    0.07460937500000001   0.0004745820539426251   1.820806469744873e-05                       0       300.1111292328726
    0.07500000000000001   0.0004785092522569542   1.805322414266007e-05                       0       300.1122685899495
            0.075390625    0.000482436450571278   1.789838358787117e-05                       0       300.1134079470231
    0.07578125000000001   0.0004863636488856061    1.77435430330824e-05                       0       300.1145473040995
            0.076171875   0.0004902908471999361   1.758870247829377e-05                       0        300.115686661177
    0.07656249999999999    0.000493136993176704   1.736857239611801e-05                       0       300.1166840349329
            0.076953125   0.0004957128760690888   1.713211993209581e-05                       0       300.1176459128631
    0.07734374999999999   0.0004982887589614738   1.689566746807354e-05                       0       300.1186077907931
    0.07773437500000002   0.0005008646418538594    1.66592150040511e-05                       0       300.1195696687234
               0.078125   0.0005034405247462451   1.642276254002888e-05                       0       300.1205315466541
    0.07851562500000001   0.0005060164076386288   1.618631007600665e-05                       0       300.1214934245834
    0.07890625000000001   0.0005079526829084626   1.592298662927311e-05  -1.600629607124772e-28       300.1223819083659
    0.07929687499999999   0.0005089295467444698   1.561935670847289e-05  -5.602203624936556e-28       300.1231603009267
    0.07968749999999999   0.0005099064105804771   1.531572678767271e-05  -9.603777642748626e-28       300.1239386934877
            0.080078125   0.0005108832744164845   1.501209686687239e-05  -1.360535166056083e-27       300.1247170860486
    0.08046875000000001    0.000511860138252492   1.470846694607215e-05   -1.76069256783729e-27       300.1254954786097
    0.08085937500000002   0.0005128370020884993    1.44048370252719e-05  -2.160849969618512e-27       300.1262738711706
    0.08124999999999999   0.0005138138659245127    1.41012071044719e-05  -2.561007371399734e-27        300.127052263735
    0.08164062500000001   0.0005129072534593326   1.374833976167862e-05  -2.504203941662454e-27        300.127646019013
             0.08203125   0.0005120006409941583   1.339547241888557e-05  -2.447400511925203e-27       300.1282397742945
    0.08242187500000001    0.000511094028528984    1.30426050760925e-05   -2.39059708218795e-27       300.1288335295758
    0.08281250000000001   0.0005101874160638097   1.268973773329943e-05  -2.333793652450697e-27       300.1294272848572
            0.083203125   0.0005092808035986355   1.233687039050639e-05  -2.276990222713449e-27       300.1300210401386
    0.08359375000000001   0.0005083741911334637   1.198400304771338e-05  -2.220186792976206e-27       300.1306147954214
            0.083984375   0.0005061423975083698   1.161411301983185e-05  -2.018875499972279e-27       300.1311007441979
    0.08437500000000001   0.0005030271497766667   1.123287453522474e-05  -1.721225631457237e-27       300.1315148219734
    0.08476562500000001   0.0004999119020449638   1.085163605061762e-05  -1.423575762942195e-27        300.131928899749
             0.08515625   0.0004967966543132607    1.04703975660105e-05   -1.12592589442717e-27       300.1323429775244
    0.08554687500000001   0.0004936814065815588   1.008915908140338e-05  -8.282760259121184e-28       300.1327570553008
              0.0859375   0.0004905661588498569   9.707920596796299e-06  -5.306261573970933e-28       300.1331711330768
    0.08632812500000001   0.0004869352929333516      9.325644366812e-06  -2.975886037527596e-28       300.1335517855495
    0.08671875000000001   0.0004812419542776319   8.939217155318862e-06  -3.230003095913078e-28       300.1337987368073
    0.08710937499999999    0.000475548615621915     8.5527899438258e-06  -3.484120154298545e-28       300.1340456880666
    0.08749999999999999   0.0004698552769661977   8.166362732332709e-06  -3.738237212684031e-28       300.1342926393258
    0.08789062499999999   0.0004641619383104807   7.779935520839626e-06  -3.992354271069467e-28       300.1345395905852
    0.08828124999999999   0.0004584685996547634   7.393508309346541e-06  -4.246471329454956e-28       300.1347865418446
    0.08867187500000001    0.000452775260999046    7.00708109785344e-06  -4.500588387840455e-28       300.1350334931039
    0.08906249999999999   0.0004446859834039486   6.636415295825628e-06  -3.204211226665709e-28       300.1351642353828
    0.08945312499999999   0.0004359977210740052   6.269689846164102e-06  -1.520210510600774e-28       300.1352659254168
    0.08984374999999999   0.0004273094587440623   5.902964396502588e-06   1.637902054641026e-29       300.1353676154507
    0.09023437500000001   0.0004186211964141188   5.536238946841043e-06   1.847790921529362e-28       300.1354693054847
    0.09062500000000001   0.0004099329340841757   5.169513497179519e-06   3.531791637594319e-28       300.1355709955187
            0.091015625   0.0004012446717542328   4.802788047518005e-06   5.215792353659216e-28       300.1356726855525
    0.09140625000000001   0.0003911718607527814   4.454283299525478e-06   6.349685137203968e-28       300.1357295354848
            0.091796875   0.0003790222267440678   4.133109604036472e-06   6.658416021968235e-28       300.1357191252645
    0.09218750000000001   0.0003668725927353537   3.811935908547452e-06   6.967146906732512e-28       300.1357087150442
    0.09257812500000001   0.0003547229587266397   3.490762213058424e-06   7.275877791496773e-28       300.1356983048239
    0.09296874999999999   0.0003425733247179263   3.169588517569423e-06   7.584608676261031e-28       300.1356878946035
    0.09335937500000001   0.0003304236907092117   2.848414822080388e-06   7.893339561025324e-28       300.1356774843833
    0.09374999999999999   0.0003182740567004983   2.527241126591388e-06   8.202070445789583e-28       300.1356670741629
    0.09414062500000001   0.0003021463265803897   2.281769730162082e-06   6.920496938634939e-28       300.1355912573766
    0.09453125000000001   0.0002860185964602816   2.036298333732785e-06   5.638923431480341e-28       300.1355154405901
            0.094921875    0.000269890866340174   1.790826937303496e-06   4.357349924325788e-28       300.1354396238037
    0.09531250000000001   0.0002537631362200659   1.545355540874189e-06   3.075776417171066e-28       300.1353638070172
            0.095703125    0.000237635406099959   1.299884144444896e-06   1.794202910016474e-28       300.1352879902316
    0.09609375000000002   0.0002215076759798507   1.054412748015587e-06   5.126294028617914e-29       300.1352121734458
    0.09648437500000001   0.0002026484728615597   8.729376359334437e-07                       0        300.135134720742
               0.096875   0.0001819682877444816   7.341267134160674e-07                       0        300.135056177429
    0.09726562500000002   0.0001612881026274021   5.953157908986814e-07                       0       300.1349776341161
             0.09765625   0.0001406079175103246   4.565048683813058e-07                       0       300.1348990908032
    0.09804687500000001   0.0001199277323932453   3.176939458639211e-07                       0       300.1348205474902
    0.09843750000000001   9.924754727616634e-05   1.788830233465369e-07                       0       300.1347420041785
            0.098828125   7.753443673359637e-05   6.359464249935127e-08                       0       300.1346791695269
    0.09921875000000001   5.168962448906364e-05   4.239642833290041e-08                       0       300.1346791695268
            0.099609375   2.584481224453182e-05    2.11982141664503e-08                       0       300.1346791695269
                    0.1                       0                       0                       0       300.1346791695268
