/*--------------------------------*- C++ -*----------------------------------*\
  =========                 |
  \\      /  F ield         | OpenFOAM: The Open Source CFD Toolbox
   \\    /   O peration     | Website:  https://openfoam.org
    \\  /    A nd           | Version:  13
     \\/     M anipulation  |
\*---------------------------------------------------------------------------*/
FoamFile
{
    format      ascii;
    class       labelList;
    note        "nPoints: 4526 nCells: 2154 nFaces: 8724 nInternalFaces: 4200";
    location    "constant/polyMesh";
    object      owner;
}
// * * * * * * * * * * * * * * * * * * * * * * * * * * * * * * * * * * * * * //


8724
(
0
0
1
1
2
2
3
3
4
4
5
5
6
6
7
7
8
8
9
9
10
10
11
11
12
12
13
13
14
14
15
15
16
16
17
17
18
18
19
19
20
20
21
21
22
22
23
23
24
24
25
26
26
27
27
28
28
29
29
30
30
31
31
32
32
33
33
34
34
35
35
36
36
37
37
38
38
39
39
40
40
41
41
42
42
43
43
44
44
45
45
46
46
47
47
48
48
49
49
50
50
51
52
52
53
53
54
54
55
55
56
56
57
57
58
58
59
59
60
60
61
61
62
62
63
63
64
64
65
65
66
66
67
67
68
68
69
69
70
70
71
71
72
72
73
73
74
74
75
75
76
76
77
78
78
79
79
80
80
81
81
82
82
83
83
84
84
85
85
86
86
87
87
88
88
89
89
90
90
91
91
92
92
93
93
94
94
95
95
96
96
97
97
98
98
99
99
100
100
101
101
102
102
103
104
104
105
105
106
106
107
107
108
108
109
109
110
110
111
111
112
112
113
113
114
114
115
115
116
116
117
117
118
118
119
119
120
120
121
121
122
122
123
123
124
124
125
125
126
126
127
127
128
128
129
130
130
131
131
132
132
133
133
134
134
135
135
136
136
137
137
138
138
139
139
140
140
141
141
142
142
143
143
144
144
145
145
146
146
147
147
148
148
149
149
150
150
151
151
152
152
153
153
154
154
155
156
156
157
157
158
158
159
159
160
160
161
161
162
162
163
163
164
164
165
165
166
166
167
167
168
168
169
169
170
170
171
171
172
172
173
173
174
174
175
175
176
176
177
177
178
178
179
179
180
180
181
182
182
183
183
184
184
185
185
186
186
187
187
188
188
189
189
190
190
191
191
192
192
193
193
194
194
195
195
196
196
197
197
198
198
199
199
200
200
201
201
202
202
203
203
204
204
205
205
206
206
207
208
208
209
209
210
210
211
211
212
212
213
213
214
214
215
215
216
216
217
217
218
218
219
219
220
220
221
221
222
222
223
223
224
224
225
225
226
226
227
227
228
228
229
229
230
230
231
231
232
232
233
234
234
235
235
236
236
237
237
238
238
239
239
240
240
241
241
242
242
243
243
244
244
245
245
246
246
247
247
248
248
249
249
250
250
251
251
252
252
253
253
254
254
255
255
256
256
257
257
258
258
259
260
260
261
261
262
262
263
263
264
264
265
265
266
266
267
267
268
268
269
269
270
270
271
271
272
272
273
273
274
274
275
275
276
276
277
277
278
278
279
279
280
280
281
281
282
282
283
283
284
284
285
286
286
287
287
288
288
289
289
290
290
291
291
292
292
293
293
294
294
295
295
296
296
297
297
298
298
299
299
300
300
301
301
302
302
303
303
304
304
305
305
306
306
307
307
308
308
309
309
310
310
311
312
312
313
313
314
314
315
315
316
316
317
317
318
318
319
319
320
320
321
321
322
322
323
323
324
324
325
325
326
326
327
327
328
328
329
329
330
330
331
331
332
332
333
333
334
334
335
335
336
336
337
338
338
339
339
340
340
341
341
342
342
343
343
344
344
345
345
346
346
347
347
348
348
349
349
350
350
351
351
352
352
353
353
354
354
355
355
356
356
357
357
358
358
359
359
360
360
361
361
362
362
363
364
364
365
365
366
366
367
367
368
368
369
369
370
370
371
371
372
372
373
373
374
374
375
375
376
376
377
377
378
378
379
379
380
380
381
381
382
382
383
383
384
384
385
385
386
386
387
387
388
388
389
390
390
391
391
392
392
393
393
394
394
395
395
396
396
397
397
398
398
399
399
400
400
401
401
402
402
403
403
404
404
405
405
406
406
407
407
408
408
409
409
410
410
411
411
412
412
413
413
414
414
415
416
416
417
417
418
418
419
419
420
420
421
421
422
422
423
423
424
424
425
425
426
426
427
427
428
428
429
429
430
430
431
431
432
432
433
433
434
434
435
435
436
436
437
437
438
438
439
439
440
440
441
442
442
443
443
444
444
445
445
446
446
447
447
448
448
449
449
450
450
451
451
452
452
453
453
454
454
455
455
456
456
457
457
458
458
459
459
460
460
461
461
462
462
463
463
464
464
465
465
466
466
467
468
468
469
469
470
470
471
471
472
472
473
473
474
474
475
475
476
476
477
477
478
478
479
479
480
480
481
481
482
482
483
483
484
484
485
485
486
486
487
487
488
488
489
489
490
490
491
491
492
492
493
494
494
495
495
496
496
497
497
498
498
499
499
500
500
501
501
502
502
503
503
504
504
505
505
506
506
507
507
508
508
509
509
510
510
511
511
512
512
513
513
514
514
515
515
516
516
517
517
518
518
519
520
520
521
521
522
522
523
523
524
524
525
525
526
526
527
527
528
528
529
529
530
530
531
531
532
532
533
533
534
534
535
535
536
536
537
537
538
538
539
539
540
540
541
541
542
542
543
543
544
544
545
546
546
547
547
548
548
549
549
550
550
551
551
552
552
553
553
554
554
555
555
556
556
557
557
558
558
559
559
560
560
561
561
562
562
563
563
564
564
565
565
566
566
567
567
568
568
569
569
570
570
571
572
572
573
573
574
574
575
575
576
576
577
577
578
578
579
579
580
580
581
581
582
582
583
583
584
584
585
585
586
586
587
587
588
588
589
589
590
590
591
591
592
592
593
593
594
594
595
595
596
596
597
598
598
599
599
600
600
601
601
602
602
603
603
604
604
605
605
606
606
607
607
608
608
609
609
610
610
611
611
612
612
613
613
614
614
615
615
616
616
617
617
618
618
619
619
620
620
621
621
622
622
623
624
624
625
625
626
626
627
627
628
628
629
629
630
630
631
631
632
632
633
633
634
634
635
635
636
636
637
637
638
638
639
639
640
640
641
641
642
642
643
643
644
644
645
645
646
646
647
647
648
648
649
650
650
651
651
652
652
653
653
654
654
655
655
656
656
657
657
658
658
659
659
660
660
661
661
662
662
663
663
664
664
665
665
666
666
667
667
668
668
669
669
670
670
671
671
672
672
673
673
674
674
675
676
676
677
677
678
678
679
679
680
680
681
681
682
682
683
683
684
684
685
685
686
686
687
687
688
688
689
689
690
690
691
691
692
692
693
693
694
694
695
695
696
696
697
697
698
698
699
699
700
700
701
702
702
703
703
704
704
705
705
706
706
707
707
708
708
709
709
710
710
711
711
712
712
713
713
714
714
715
715
716
716
717
717
718
718
719
719
720
720
721
721
722
722
723
723
724
724
725
725
726
726
727
728
728
729
729
730
730
731
731
732
732
733
733
734
734
735
735
736
736
737
737
738
738
739
739
740
740
741
741
742
742
743
743
744
744
745
745
746
746
747
747
748
748
749
749
750
750
751
751
752
752
753
754
754
755
755
756
756
757
757
758
758
759
759
760
760
761
761
762
762
763
763
764
764
765
765
766
766
767
767
768
768
769
769
770
770
771
771
772
772
773
773
774
774
775
775
776
776
777
777
778
778
779
780
780
781
781
782
782
783
783
784
784
785
785
786
786
787
787
788
788
789
789
790
790
791
791
792
792
793
793
794
794
795
795
796
796
797
797
798
798
799
799
800
800
801
801
802
802
803
803
804
804
805
806
806
807
807
808
808
809
809
810
810
811
811
812
812
813
813
814
814
815
815
816
816
817
817
818
818
819
819
820
820
821
821
822
822
823
823
824
824
825
825
826
826
827
827
828
828
829
829
830
830
831
832
832
833
833
834
834
835
835
836
836
837
837
838
838
839
839
840
840
841
841
842
842
843
843
844
844
845
845
846
846
847
847
848
848
849
849
850
850
851
851
852
852
853
853
854
854
855
855
856
856
857
858
858
859
859
860
860
861
861
862
862
863
863
864
864
865
865
866
866
867
867
868
868
869
869
870
870
871
871
872
872
873
873
874
874
875
875
876
876
877
877
878
878
879
879
880
880
881
881
882
882
883
884
884
885
885
886
886
887
887
888
888
889
889
890
890
891
891
892
892
893
893
894
894
895
895
896
896
897
897
898
898
899
899
900
900
901
901
902
902
903
903
904
904
905
905
906
906
907
907
908
908
909
909
910
911
911
912
912
913
913
914
914
915
915
916
916
917
917
918
918
919
919
920
920
921
921
922
922
923
923
924
924
925
925
926
926
927
927
928
928
929
929
930
930
931
931
932
932
933
933
934
934
935
935
936
936
937
938
938
939
939
940
940
941
941
942
942
943
943
944
944
945
945
946
946
947
947
948
948
949
949
950
950
951
951
952
952
953
953
954
954
955
955
956
956
957
957
958
958
959
959
960
960
961
961
962
962
963
963
964
965
965
966
966
967
967
968
968
969
969
970
970
971
971
972
972
973
973
974
974
975
975
976
976
977
977
978
978
979
979
980
980
981
981
982
982
983
983
984
984
985
985
986
986
987
987
988
988
989
989
990
990
991
992
992
993
993
994
994
995
995
996
996
997
997
998
998
999
999
1000
1000
1001
1001
1002
1002
1003
1003
1004
1004
1005
1005
1006
1006
1007
1007
1008
1008
1009
1009
1010
1010
1011
1011
1012
1012
1013
1013
1014
1014
1015
1015
1016
1016
1017
1017
1018
1019
1019
1020
1020
1021
1021
1022
1022
1023
1023
1024
1024
1025
1025
1026
1026
1027
1027
1028
1028
1029
1029
1030
1030
1031
1031
1032
1032
1033
1033
1034
1034
1035
1035
1036
1036
1037
1037
1038
1038
1039
1039
1040
1040
1041
1041
1042
1042
1043
1043
1044
1044
1045
1046
1046
1047
1047
1048
1048
1049
1049
1050
1050
1051
1051
1052
1052
1053
1053
1054
1054
1055
1055
1056
1056
1057
1057
1058
1058
1059
1059
1060
1060
1061
1061
1062
1062
1063
1063
1064
1064
1065
1065
1066
1066
1067
1067
1068
1068
1069
1069
1070
1070
1071
1071
1072
1073
1073
1074
1074
1075
1075
1076
1076
1077
1077
1078
1078
1079
1079
1080
1080
1081
1081
1082
1082
1083
1083
1084
1084
1085
1085
1086
1086
1087
1087
1088
1088
1089
1089
1090
1090
1091
1091
1092
1092
1093
1093
1094
1094
1095
1095
1096
1096
1097
1097
1098
1098
1099
1100
1100
1101
1101
1102
1102
1103
1103
1104
1104
1105
1105
1106
1106
1107
1107
1108
1108
1109
1109
1110
1110
1111
1111
1112
1112
1113
1113
1114
1114
1115
1115
1116
1116
1117
1117
1118
1118
1119
1119
1120
1120
1121
1121
1122
1122
1123
1123
1124
1124
1125
1125
1126
1127
1127
1128
1128
1129
1129
1130
1130
1131
1131
1132
1132
1133
1133
1134
1134
1135
1135
1136
1136
1137
1137
1138
1138
1139
1139
1140
1140
1141
1141
1142
1142
1143
1143
1144
1144
1145
1145
1146
1146
1147
1147
1148
1148
1149
1149
1150
1150
1151
1151
1152
1152
1153
1154
1154
1155
1155
1156
1156
1157
1157
1158
1158
1159
1159
1160
1160
1161
1161
1162
1162
1163
1163
1164
1164
1165
1165
1166
1166
1167
1167
1168
1168
1169
1169
1170
1170
1171
1171
1172
1172
1173
1173
1174
1174
1175
1175
1176
1176
1177
1177
1178
1178
1179
1179
1180
1181
1181
1182
1182
1183
1183
1184
1184
1185
1185
1186
1186
1187
1187
1188
1188
1189
1189
1190
1190
1191
1191
1192
1192
1193
1193
1194
1194
1195
1195
1196
1196
1197
1197
1198
1198
1199
1199
1200
1200
1201
1201
1202
1202
1203
1203
1204
1204
1205
1205
1206
1206
1207
1208
1208
1209
1209
1210
1210
1211
1211
1212
1212
1213
1213
1214
1214
1215
1215
1216
1216
1217
1217
1218
1218
1219
1219
1220
1220
1221
1221
1222
1222
1223
1223
1224
1224
1225
1225
1226
1226
1227
1227
1228
1228
1229
1229
1230
1230
1231
1231
1232
1232
1233
1233
1234
1235
1235
1236
1236
1237
1237
1238
1238
1239
1239
1240
1240
1241
1241
1242
1242
1243
1243
1244
1244
1245
1245
1246
1246
1247
1247
1248
1248
1249
1249
1250
1250
1251
1251
1252
1252
1253
1253
1254
1254
1255
1255
1256
1256
1257
1257
1258
1258
1259
1259
1260
1260
1261
1262
1262
1263
1263
1264
1264
1265
1265
1266
1266
1267
1267
1268
1268
1269
1269
1270
1270
1271
1271
1272
1272
1273
1273
1274
1274
1275
1275
1276
1276
1277
1277
1278
1278
1279
1279
1280
1280
1281
1281
1282
1282
1283
1283
1284
1284
1285
1285
1286
1286
1287
1287
1288
1289
1289
1290
1290
1291
1291
1292
1292
1293
1293
1294
1294
1295
1295
1296
1296
1297
1297
1298
1298
1299
1299
1300
1300
1301
1301
1302
1302
1303
1303
1304
1304
1305
1305
1306
1306
1307
1307
1308
1308
1309
1309
1310
1310
1311
1311
1312
1312
1313
1313
1314
1314
1315
1316
1316
1317
1317
1318
1318
1319
1319
1320
1320
1321
1321
1322
1322
1323
1323
1324
1324
1325
1325
1326
1326
1327
1327
1328
1328
1329
1329
1330
1330
1331
1331
1332
1332
1333
1333
1334
1334
1335
1335
1336
1336
1337
1337
1338
1338
1339
1339
1340
1340
1341
1341
1342
1343
1343
1344
1344
1345
1345
1346
1346
1347
1347
1348
1348
1349
1349
1350
1350
1351
1351
1352
1352
1353
1353
1354
1354
1355
1355
1356
1356
1357
1357
1358
1358
1359
1359
1360
1360
1361
1361
1362
1362
1363
1363
1364
1364
1365
1365
1366
1366
1367
1367
1368
1368
1369
1370
1370
1371
1371
1372
1372
1373
1373
1374
1374
1375
1375
1376
1376
1377
1377
1378
1378
1379
1379
1380
1380
1381
1381
1382
1382
1383
1383
1384
1384
1385
1385
1386
1386
1387
1387
1388
1388
1389
1389
1390
1390
1391
1391
1392
1392
1393
1393
1394
1394
1395
1395
1396
1396
1397
1398
1398
1399
1399
1400
1400
1401
1401
1402
1402
1403
1403
1404
1404
1405
1405
1406
1406
1407
1407
1408
1408
1409
1409
1410
1410
1411
1411
1412
1412
1413
1413
1414
1414
1415
1415
1416
1416
1417
1417
1418
1418
1419
1419
1420
1420
1421
1421
1422
1422
1423
1423
1424
1424
1425
1426
1426
1427
1427
1428
1428
1429
1429
1430
1430
1431
1431
1432
1432
1433
1433
1434
1434
1435
1435
1436
1436
1437
1437
1438
1438
1439
1439
1440
1440
1441
1441
1442
1442
1443
1443
1444
1444
1445
1445
1446
1446
1447
1447
1448
1448
1449
1449
1450
1450
1451
1451
1452
1452
1453
1454
1454
1455
1455
1456
1456
1457
1457
1458
1458
1459
1459
1460
1460
1461
1461
1462
1462
1463
1463
1464
1464
1465
1465
1466
1466
1467
1467
1468
1468
1469
1469
1470
1470
1471
1471
1472
1472
1473
1473
1474
1474
1475
1475
1476
1476
1477
1477
1478
1478
1479
1479
1480
1480
1481
1482
1482
1483
1483
1484
1484
1485
1485
1486
1486
1487
1487
1488
1488
1489
1489
1490
1490
1491
1491
1492
1492
1493
1493
1494
1494
1495
1495
1496
1496
1497
1497
1498
1498
1499
1499
1500
1500
1501
1501
1502
1502
1503
1503
1504
1504
1505
1505
1506
1506
1507
1507
1508
1508
1509
1510
1510
1511
1511
1512
1512
1513
1513
1514
1514
1515
1515
1516
1516
1517
1517
1518
1518
1519
1519
1520
1520
1521
1521
1522
1522
1523
1523
1524
1524
1525
1525
1526
1526
1527
1527
1528
1528
1529
1529
1530
1530
1531
1531
1532
1532
1533
1533
1534
1534
1535
1535
1536
1536
1537
1538
1538
1539
1539
1540
1540
1541
1541
1542
1542
1543
1543
1544
1544
1545
1545
1546
1546
1547
1547
1548
1548
1549
1549
1550
1550
1551
1551
1552
1552
1553
1553
1554
1554
1555
1555
1556
1556
1557
1557
1558
1558
1559
1559
1560
1560
1561
1561
1562
1562
1563
1563
1564
1564
1565
1566
1566
1567
1567
1568
1568
1569
1569
1570
1570
1571
1571
1572
1572
1573
1573
1574
1574
1575
1575
1576
1576
1577
1577
1578
1578
1579
1579
1580
1580
1581
1581
1582
1582
1583
1583
1584
1584
1585
1585
1586
1586
1587
1587
1588
1588
1589
1589
1590
1590
1591
1591
1592
1592
1593
1594
1594
1595
1595
1596
1596
1597
1597
1598
1598
1599
1599
1600
1600
1601
1601
1602
1602
1603
1603
1604
1604
1605
1605
1606
1606
1607
1607
1608
1608
1609
1609
1610
1610
1611
1611
1612
1612
1613
1613
1614
1614
1615
1615
1616
1616
1617
1617
1618
1618
1619
1619
1620
1620
1621
1622
1622
1623
1623
1624
1624
1625
1625
1626
1626
1627
1627
1628
1628
1629
1629
1630
1630
1631
1631
1632
1632
1633
1633
1634
1634
1635
1635
1636
1636
1637
1637
1638
1638
1639
1639
1640
1640
1641
1641
1642
1642
1643
1643
1644
1644
1645
1645
1646
1646
1647
1647
1648
1648
1649
1650
1650
1651
1651
1652
1652
1653
1653
1654
1654
1655
1655
1656
1656
1657
1657
1658
1658
1659
1659
1660
1660
1661
1661
1662
1662
1663
1663
1664
1664
1665
1665
1666
1666
1667
1667
1668
1668
1669
1669
1670
1670
1671
1671
1672
1672
1673
1673
1674
1674
1675
1675
1676
1676
1677
1678
1678
1679
1679
1680
1680
1681
1681
1682
1682
1683
1683
1684
1684
1685
1685
1686
1686
1687
1687
1688
1688
1689
1689
1690
1690
1691
1691
1692
1692
1693
1693
1694
1694
1695
1695
1696
1696
1697
1697
1698
1698
1699
1699
1700
1700
1701
1701
1702
1702
1703
1703
1704
1704
1705
1706
1706
1707
1707
1708
1708
1709
1709
1710
1710
1711
1711
1712
1712
1713
1713
1714
1714
1715
1715
1716
1716
1717
1717
1718
1718
1719
1719
1720
1720
1721
1721
1722
1722
1723
1723
1724
1724
1725
1725
1726
1726
1727
1727
1728
1728
1729
1729
1730
1730
1731
1731
1732
1732
1733
1734
1734
1735
1735
1736
1736
1737
1737
1738
1738
1739
1739
1740
1740
1741
1741
1742
1742
1743
1743
1744
1744
1745
1745
1746
1746
1747
1747
1748
1748
1749
1749
1750
1750
1751
1751
1752
1752
1753
1753
1754
1754
1755
1755
1756
1756
1757
1757
1758
1758
1759
1759
1760
1760
1761
1762
1762
1763
1763
1764
1764
1765
1765
1766
1766
1767
1767
1768
1768
1769
1769
1770
1770
1771
1771
1772
1772
1773
1773
1774
1774
1775
1775
1776
1776
1777
1777
1778
1778
1779
1779
1780
1780
1781
1781
1782
1782
1783
1783
1784
1784
1785
1785
1786
1786
1787
1787
1788
1788
1789
1790
1790
1791
1791
1792
1792
1793
1793
1794
1794
1795
1795
1796
1796
1797
1797
1798
1798
1799
1799
1800
1800
1801
1801
1802
1802
1803
1803
1804
1804
1805
1805
1806
1806
1807
1807
1808
1808
1809
1809
1810
1810
1811
1811
1812
1812
1813
1813
1814
1814
1815
1815
1816
1816
1817
1818
1818
1819
1819
1820
1820
1821
1821
1822
1822
1823
1823
1824
1824
1825
1825
1826
1826
1827
1827
1828
1828
1829
1829
1830
1830
1831
1831
1832
1832
1833
1833
1834
1834
1835
1835
1836
1836
1837
1837
1838
1838
1839
1839
1840
1840
1841
1841
1842
1842
1843
1843
1844
1844
1845
1846
1846
1847
1847
1848
1848
1849
1849
1850
1850
1851
1851
1852
1852
1853
1853
1854
1854
1855
1855
1856
1856
1857
1857
1858
1858
1859
1859
1860
1860
1861
1861
1862
1862
1863
1863
1864
1864
1865
1865
1866
1866
1867
1867
1868
1868
1869
1869
1870
1870
1871
1871
1872
1872
1873
1874
1874
1875
1875
1876
1876
1877
1877
1878
1878
1879
1879
1880
1880
1881
1881
1882
1882
1883
1883
1884
1884
1885
1885
1886
1886
1887
1887
1888
1888
1889
1889
1890
1890
1891
1891
1892
1892
1893
1893
1894
1894
1895
1895
1896
1896
1897
1897
1898
1898
1899
1899
1900
1900
1901
1902
1902
1903
1903
1904
1904
1905
1905
1906
1906
1907
1907
1908
1908
1909
1909
1910
1910
1911
1911
1912
1912
1913
1913
1914
1914
1915
1915
1916
1916
1917
1917
1918
1918
1919
1919
1920
1920
1921
1921
1922
1922
1923
1923
1924
1924
1925
1925
1926
1926
1927
1927
1928
1928
1929
1930
1930
1931
1931
1932
1932
1933
1933
1934
1934
1935
1935
1936
1936
1937
1937
1938
1938
1939
1939
1940
1940
1941
1941
1942
1942
1943
1943
1944
1944
1945
1945
1946
1946
1947
1947
1948
1948
1949
1949
1950
1950
1951
1951
1952
1952
1953
1953
1954
1954
1955
1955
1956
1956
1957
1958
1958
1959
1959
1960
1960
1961
1961
1962
1962
1963
1963
1964
1964
1965
1965
1966
1966
1967
1967
1968
1968
1969
1969
1970
1970
1971
1971
1972
1972
1973
1973
1974
1974
1975
1975
1976
1976
1977
1977
1978
1978
1979
1979
1980
1980
1981
1981
1982
1982
1983
1983
1984
1984
1985
1986
1986
1987
1987
1988
1988
1989
1989
1990
1990
1991
1991
1992
1992
1993
1993
1994
1994
1995
1995
1996
1996
1997
1997
1998
1998
1999
1999
2000
2000
2001
2001
2002
2002
2003
2003
2004
2004
2005
2005
2006
2006
2007
2007
2008
2008
2009
2009
2010
2010
2011
2011
2012
2012
2013
2014
2014
2015
2015
2016
2016
2017
2017
2018
2018
2019
2019
2020
2020
2021
2021
2022
2022
2023
2023
2024
2024
2025
2025
2026
2026
2027
2027
2028
2028
2029
2029
2030
2030
2031
2031
2032
2032
2033
2033
2034
2034
2035
2035
2036
2036
2037
2037
2038
2038
2039
2039
2040
2040
2041
2042
2042
2043
2043
2044
2044
2045
2045
2046
2046
2047
2047
2048
2048
2049
2049
2050
2050
2051
2051
2052
2052
2053
2053
2054
2054
2055
2055
2056
2056
2057
2057
2058
2058
2059
2059
2060
2060
2061
2061
2062
2062
2063
2063
2064
2064
2065
2065
2066
2066
2067
2067
2068
2068
2069
2070
2070
2071
2071
2072
2072
2073
2073
2074
2074
2075
2075
2076
2076
2077
2077
2078
2078
2079
2079
2080
2080
2081
2081
2082
2082
2083
2083
2084
2084
2085
2085
2086
2086
2087
2087
2088
2088
2089
2089
2090
2090
2091
2091
2092
2092
2093
2093
2094
2094
2095
2095
2096
2096
2097
2098
2098
2099
2099
2100
2100
2101
2101
2102
2102
2103
2103
2104
2104
2105
2105
2106
2106
2107
2107
2108
2108
2109
2109
2110
2110
2111
2111
2112
2112
2113
2113
2114
2114
2115
2115
2116
2116
2117
2117
2118
2118
2119
2119
2120
2120
2121
2121
2122
2122
2123
2123
2124
2124
2125
2126
2127
2128
2129
2130
2131
2132
2133
2134
2135
2136
2137
2138
2139
2140
2141
2142
2143
2144
2145
2146
2147
2148
2149
2150
2151
2152
0
1
2
3
4
5
6
7
8
9
10
11
12
13
14
15
16
17
18
19
20
21
22
23
24
25
1370
1398
1426
1454
1482
1510
1538
1566
1594
1622
1650
1678
1706
1734
1762
1790
1818
1846
1874
1902
1930
1958
1986
2014
2042
2070
2098
2126
0
26
52
78
104
130
156
182
208
234
260
286
312
338
364
390
416
442
468
494
520
546
572
598
624
650
676
702
728
754
780
806
832
858
884
911
938
965
992
1019
1046
1073
1100
1127
1154
1181
1208
1235
1262
1289
1316
1343
1371
1399
1427
1455
1483
1511
1539
1567
1595
1623
1651
1679
1707
1735
1763
1791
1819
1847
1875
1903
1931
1959
1987
2015
2043
2071
2099
2127
1
27
53
79
105
131
157
183
209
235
261
287
313
339
365
391
417
443
469
495
521
547
573
599
625
651
677
703
729
755
781
807
833
859
885
912
939
966
993
1020
1047
1074
1101
1128
1155
1182
1209
1236
1263
1290
1317
1344
1372
1400
1428
1456
1484
1512
1540
1568
1596
1624
1652
1680
1708
1736
1764
1792
1820
1848
1876
1904
1932
1960
1988
2016
2044
2072
2100
2128
2
28
54
80
106
132
158
184
210
236
262
288
314
340
366
392
418
444
470
496
522
548
574
600
626
652
678
704
730
756
782
808
834
860
886
913
940
967
994
1021
1048
1075
1102
1129
1156
1183
1210
1237
1264
1291
1318
1345
1373
1401
1429
1457
1485
1513
1541
1569
1597
1625
1653
1681
1709
1737
1765
1793
1821
1849
1877
1905
1933
1961
1989
2017
2045
2073
2101
2129
3
29
55
81
107
133
159
185
211
237
263
289
315
341
367
393
419
445
471
497
523
549
575
601
627
653
679
705
731
757
783
809
835
861
887
914
941
968
995
1022
1049
1076
1103
1130
1157
1184
1211
1238
1265
1292
1319
1346
1374
1402
1430
1458
1486
1514
1542
1570
1598
1626
1654
1682
1710
1738
1766
1794
1822
1850
1878
1906
1934
1962
1990
2018
2046
2074
2102
2130
4
30
56
82
108
134
160
186
212
238
264
290
316
342
368
394
420
446
472
498
524
550
576
602
628
654
680
706
732
758
784
810
836
862
888
915
942
969
996
1023
1050
1077
1104
1131
1158
1185
1212
1239
1266
1293
1320
1347
1375
1403
1431
1459
1487
1515
1543
1571
1599
1627
1655
1683
1711
1739
1767
1795
1823
1851
1879
1907
1935
1963
1991
2019
2047
2075
2103
2131
5
31
57
83
109
135
161
187
213
239
265
291
317
343
369
395
421
447
473
499
525
551
577
603
629
655
681
707
733
759
785
811
837
863
889
916
943
970
997
1024
1051
1078
1105
1132
1159
1186
1213
1240
1267
1294
1321
1348
1376
1404
1432
1460
1488
1516
1544
1572
1600
1628
1656
1684
1712
1740
1768
1796
1824
1852
1880
1908
1936
1964
1992
2020
2048
2076
2104
2132
6
32
58
84
110
136
162
188
214
240
266
292
318
344
370
396
422
448
474
500
526
552
578
604
630
656
682
708
734
760
786
812
838
864
890
917
944
971
998
1025
1052
1079
1106
1133
1160
1187
1214
1241
1268
1295
1322
1349
1377
1405
1433
1461
1489
1517
1545
1573
1601
1629
1657
1685
1713
1741
1769
1797
1825
1853
1881
1909
1937
1965
1993
2021
2049
2077
2105
2133
7
33
59
85
111
137
163
189
215
241
267
293
319
345
371
397
423
449
475
501
527
553
579
605
631
657
683
709
735
761
787
813
839
865
891
918
945
972
999
1026
1053
1080
1107
1134
1161
1188
1215
1242
1269
1296
1323
1350
1378
1406
1434
1462
1490
1518
1546
1574
1602
1630
1658
1686
1714
1742
1770
1798
1826
1854
1882
1910
1938
1966
1994
2022
2050
2078
2106
2134
8
34
60
86
112
138
164
190
216
242
268
294
320
346
372
398
424
450
476
502
528
554
580
606
632
658
684
710
736
762
788
814
840
866
892
919
946
973
1000
1027
1054
1081
1108
1135
1162
1189
1216
1243
1270
1297
1324
1351
1379
1407
1435
1463
1491
1519
1547
1575
1603
1631
1659
1687
1715
1743
1771
1799
1827
1855
1883
1911
1939
1967
1995
2023
2051
2079
2107
2135
9
35
61
87
113
139
165
191
217
243
269
295
321
347
373
399
425
451
477
503
529
555
581
607
633
659
685
711
737
763
789
815
841
867
893
920
947
974
1001
1028
1055
1082
1109
1136
1163
1190
1217
1244
1271
1298
1325
1352
1380
1408
1436
1464
1492
1520
1548
1576
1604
1632
1660
1688
1716
1744
1772
1800
1828
1856
1884
1912
1940
1968
1996
2024
2052
2080
2108
2136
10
36
62
88
114
140
166
192
218
244
270
296
322
348
374
400
426
452
478
504
530
556
582
608
634
660
686
712
738
764
790
816
842
868
894
921
948
975
1002
1029
1056
1083
1110
1137
1164
1191
1218
1245
1272
1299
1326
1353
1381
1409
1437
1465
1493
1521
1549
1577
1605
1633
1661
1689
1717
1745
1773
1801
1829
1857
1885
1913
1941
1969
1997
2025
2053
2081
2109
2137
11
37
63
89
115
141
167
193
219
245
271
297
323
349
375
401
427
453
479
505
531
557
583
609
635
661
687
713
739
765
791
817
843
869
895
922
949
976
1003
1030
1057
1084
1111
1138
1165
1192
1219
1246
1273
1300
1327
1354
1382
1410
1438
1466
1494
1522
1550
1578
1606
1634
1662
1690
1718
1746
1774
1802
1830
1858
1886
1914
1942
1970
1998
2026
2054
2082
2110
2138
12
38
64
90
116
142
168
194
220
246
272
298
324
350
376
402
428
454
480
506
532
558
584
610
636
662
688
714
740
766
792
818
844
870
896
923
950
977
1004
1031
1058
1085
1112
1139
1166
1193
1220
1247
1274
1301
1328
1355
1383
1411
1439
1467
1495
1523
1551
1579
1607
1635
1663
1691
1719
1747
1775
1803
1831
1859
1887
1915
1943
1971
1999
2027
2055
2083
2111
2139
13
39
65
91
117
143
169
195
221
247
273
299
325
351
377
403
429
455
481
507
533
559
585
611
637
663
689
715
741
767
793
819
845
871
897
924
951
978
1005
1032
1059
1086
1113
1140
1167
1194
1221
1248
1275
1302
1329
1356
1384
1412
1440
1468
1496
1524
1552
1580
1608
1636
1664
1692
1720
1748
1776
1804
1832
1860
1888
1916
1944
1972
2000
2028
2056
2084
2112
2140
14
40
66
92
118
144
170
196
222
248
274
300
326
352
378
404
430
456
482
508
534
560
586
612
638
664
690
716
742
768
794
820
846
872
898
925
952
979
1006
1033
1060
1087
1114
1141
1168
1195
1222
1249
1276
1303
1330
1357
1385
1413
1441
1469
1497
1525
1553
1581
1609
1637
1665
1693
1721
1749
1777
1805
1833
1861
1889
1917
1945
1973
2001
2029
2057
2085
2113
2141
15
41
67
93
119
145
171
197
223
249
275
301
327
353
379
405
431
457
483
509
535
561
587
613
639
665
691
717
743
769
795
821
847
873
899
926
953
980
1007
1034
1061
1088
1115
1142
1169
1196
1223
1250
1277
1304
1331
1358
1386
1414
1442
1470
1498
1526
1554
1582
1610
1638
1666
1694
1722
1750
1778
1806
1834
1862
1890
1918
1946
1974
2002
2030
2058
2086
2114
2142
16
42
68
94
120
146
172
198
224
250
276
302
328
354
380
406
432
458
484
510
536
562
588
614
640
666
692
718
744
770
796
822
848
874
900
927
954
981
1008
1035
1062
1089
1116
1143
1170
1197
1224
1251
1278
1305
1332
1359
1387
1415
1443
1471
1499
1527
1555
1583
1611
1639
1667
1695
1723
1751
1779
1807
1835
1863
1891
1919
1947
1975
2003
2031
2059
2087
2115
2143
17
43
69
95
121
147
173
199
225
251
277
303
329
355
381
407
433
459
485
511
537
563
589
615
641
667
693
719
745
771
797
823
849
875
901
928
955
982
1009
1036
1063
1090
1117
1144
1171
1198
1225
1252
1279
1306
1333
1360
1388
1416
1444
1472
1500
1528
1556
1584
1612
1640
1668
1696
1724
1752
1780
1808
1836
1864
1892
1920
1948
1976
2004
2032
2060
2088
2116
2144
18
44
70
96
122
148
174
200
226
252
278
304
330
356
382
408
434
460
486
512
538
564
590
616
642
668
694
720
746
772
798
824
850
876
902
929
956
983
1010
1037
1064
1091
1118
1145
1172
1199
1226
1253
1280
1307
1334
1361
1389
1417
1445
1473
1501
1529
1557
1585
1613
1641
1669
1697
1725
1753
1781
1809
1837
1865
1893
1921
1949
1977
2005
2033
2061
2089
2117
2145
19
45
71
97
123
149
175
201
227
253
279
305
331
357
383
409
435
461
487
513
539
565
591
617
643
669
695
721
747
773
799
825
851
877
903
930
957
984
1011
1038
1065
1092
1119
1146
1173
1200
1227
1254
1281
1308
1335
1362
1390
1418
1446
1474
1502
1530
1558
1586
1614
1642
1670
1698
1726
1754
1782
1810
1838
1866
1894
1922
1950
1978
2006
2034
2062
2090
2118
2146
20
46
72
98
124
150
176
202
228
254
280
306
332
358
384
410
436
462
488
514
540
566
592
618
644
670
696
722
748
774
800
826
852
878
904
931
958
985
1012
1039
1066
1093
1120
1147
1174
1201
1228
1255
1282
1309
1336
1363
1391
1419
1447
1475
1503
1531
1559
1587
1615
1643
1671
1699
1727
1755
1783
1811
1839
1867
1895
1923
1951
1979
2007
2035
2063
2091
2119
2147
21
47
73
99
125
151
177
203
229
255
281
307
333
359
385
411
437
463
489
515
541
567
593
619
645
671
697
723
749
775
801
827
853
879
905
932
959
986
1013
1040
1067
1094
1121
1148
1175
1202
1229
1256
1283
1310
1337
1364
1392
1420
1448
1476
1504
1532
1560
1588
1616
1644
1672
1700
1728
1756
1784
1812
1840
1868
1896
1924
1952
1980
2008
2036
2064
2092
2120
2148
22
48
74
100
126
152
178
204
230
256
282
308
334
360
386
412
438
464
490
516
542
568
594
620
646
672
698
724
750
776
802
828
854
880
906
933
960
987
1014
1041
1068
1095
1122
1149
1176
1203
1230
1257
1284
1311
1338
1365
1393
1421
1449
1477
1505
1533
1561
1589
1617
1645
1673
1701
1729
1757
1785
1813
1841
1869
1897
1925
1953
1981
2009
2037
2065
2093
2121
2149
23
49
75
101
127
153
179
205
231
257
283
309
335
361
387
413
439
465
491
517
543
569
595
621
647
673
699
725
751
777
803
829
855
881
907
934
961
988
1015
1042
1069
1096
1123
1150
1177
1204
1231
1258
1285
1312
1339
1366
1394
1422
1450
1478
1506
1534
1562
1590
1618
1646
1674
1702
1730
1758
1786
1814
1842
1870
1898
1926
1954
1982
2010
2038
2066
2094
2122
2150
24
50
76
102
128
154
180
206
232
258
284
310
336
362
388
414
440
466
492
518
544
570
596
622
648
674
700
726
752
778
804
830
856
882
908
935
962
989
1016
1043
1070
1097
1124
1151
1178
1205
1232
1259
1286
1313
1340
1367
1395
1423
1451
1479
1507
1535
1563
1591
1619
1647
1675
1703
1731
1759
1787
1815
1843
1871
1899
1927
1955
1983
2011
2039
2067
2095
2123
2151
25
51
77
103
129
155
181
207
233
259
285
311
337
363
389
415
441
467
493
519
545
571
597
623
649
675
701
727
753
779
805
831
857
883
909
936
963
990
1017
1044
1071
1098
1125
1152
1179
1206
1233
1260
1287
1314
1341
1368
1396
1424
1452
1480
1508
1536
1564
1592
1620
1648
1676
1704
1732
1760
1788
1816
1844
1872
1900
1928
1956
1984
2012
2040
2068
2096
2124
2152
910
937
964
991
1018
1045
1072
1099
1126
1153
1180
1207
1234
1261
1288
1315
1342
1369
1397
1425
1453
1481
1509
1537
1565
1593
1621
1649
1677
1705
1733
1761
1789
1817
1845
1873
1901
1929
1957
1985
2013
2041
2069
2097
2125
2153
1370
1398
1426
1454
1482
1510
1538
1566
1594
1622
1650
1678
1706
1734
1762
1790
1818
1846
1874
1902
1930
1958
1986
2014
2042
2070
2098
2126
0
26
52
78
104
130
156
182
208
234
260
286
312
338
364
390
416
442
468
494
520
546
572
598
624
650
676
702
728
754
780
806
832
858
884
911
938
965
992
1019
1046
1073
1100
1127
1154
1181
1208
1235
1262
1289
1316
1343
1371
1399
1427
1455
1483
1511
1539
1567
1595
1623
1651
1679
1707
1735
1763
1791
1819
1847
1875
1903
1931
1959
1987
2015
2043
2071
2099
2127
1
27
53
79
105
131
157
183
209
235
261
287
313
339
365
391
417
443
469
495
521
547
573
599
625
651
677
703
729
755
781
807
833
859
885
912
939
966
993
1020
1047
1074
1101
1128
1155
1182
1209
1236
1263
1290
1317
1344
1372
1400
1428
1456
1484
1512
1540
1568
1596
1624
1652
1680
1708
1736
1764
1792
1820
1848
1876
1904
1932
1960
1988
2016
2044
2072
2100
2128
2
28
54
80
106
132
158
184
210
236
262
288
314
340
366
392
418
444
470
496
522
548
574
600
626
652
678
704
730
756
782
808
834
860
886
913
940
967
994
1021
1048
1075
1102
1129
1156
1183
1210
1237
1264
1291
1318
1345
1373
1401
1429
1457
1485
1513
1541
1569
1597
1625
1653
1681
1709
1737
1765
1793
1821
1849
1877
1905
1933
1961
1989
2017
2045
2073
2101
2129
3
29
55
81
107
133
159
185
211
237
263
289
315
341
367
393
419
445
471
497
523
549
575
601
627
653
679
705
731
757
783
809
835
861
887
914
941
968
995
1022
1049
1076
1103
1130
1157
1184
1211
1238
1265
1292
1319
1346
1374
1402
1430
1458
1486
1514
1542
1570
1598
1626
1654
1682
1710
1738
1766
1794
1822
1850
1878
1906
1934
1962
1990
2018
2046
2074
2102
2130
4
30
56
82
108
134
160
186
212
238
264
290
316
342
368
394
420
446
472
498
524
550
576
602
628
654
680
706
732
758
784
810
836
862
888
915
942
969
996
1023
1050
1077
1104
1131
1158
1185
1212
1239
1266
1293
1320
1347
1375
1403
1431
1459
1487
1515
1543
1571
1599
1627
1655
1683
1711
1739
1767
1795
1823
1851
1879
1907
1935
1963
1991
2019
2047
2075
2103
2131
5
31
57
83
109
135
161
187
213
239
265
291
317
343
369
395
421
447
473
499
525
551
577
603
629
655
681
707
733
759
785
811
837
863
889
916
943
970
997
1024
1051
1078
1105
1132
1159
1186
1213
1240
1267
1294
1321
1348
1376
1404
1432
1460
1488
1516
1544
1572
1600
1628
1656
1684
1712
1740
1768
1796
1824
1852
1880
1908
1936
1964
1992
2020
2048
2076
2104
2132
6
32
58
84
110
136
162
188
214
240
266
292
318
344
370
396
422
448
474
500
526
552
578
604
630
656
682
708
734
760
786
812
838
864
890
917
944
971
998
1025
1052
1079
1106
1133
1160
1187
1214
1241
1268
1295
1322
1349
1377
1405
1433
1461
1489
1517
1545
1573
1601
1629
1657
1685
1713
1741
1769
1797
1825
1853
1881
1909
1937
1965
1993
2021
2049
2077
2105
2133
7
33
59
85
111
137
163
189
215
241
267
293
319
345
371
397
423
449
475
501
527
553
579
605
631
657
683
709
735
761
787
813
839
865
891
918
945
972
999
1026
1053
1080
1107
1134
1161
1188
1215
1242
1269
1296
1323
1350
1378
1406
1434
1462
1490
1518
1546
1574
1602
1630
1658
1686
1714
1742
1770
1798
1826
1854
1882
1910
1938
1966
1994
2022
2050
2078
2106
2134
8
34
60
86
112
138
164
190
216
242
268
294
320
346
372
398
424
450
476
502
528
554
580
606
632
658
684
710
736
762
788
814
840
866
892
919
946
973
1000
1027
1054
1081
1108
1135
1162
1189
1216
1243
1270
1297
1324
1351
1379
1407
1435
1463
1491
1519
1547
1575
1603
1631
1659
1687
1715
1743
1771
1799
1827
1855
1883
1911
1939
1967
1995
2023
2051
2079
2107
2135
9
35
61
87
113
139
165
191
217
243
269
295
321
347
373
399
425
451
477
503
529
555
581
607
633
659
685
711
737
763
789
815
841
867
893
920
947
974
1001
1028
1055
1082
1109
1136
1163
1190
1217
1244
1271
1298
1325
1352
1380
1408
1436
1464
1492
1520
1548
1576
1604
1632
1660
1688
1716
1744
1772
1800
1828
1856
1884
1912
1940
1968
1996
2024
2052
2080
2108
2136
10
36
62
88
114
140
166
192
218
244
270
296
322
348
374
400
426
452
478
504
530
556
582
608
634
660
686
712
738
764
790
816
842
868
894
921
948
975
1002
1029
1056
1083
1110
1137
1164
1191
1218
1245
1272
1299
1326
1353
1381
1409
1437
1465
1493
1521
1549
1577
1605
1633
1661
1689
1717
1745
1773
1801
1829
1857
1885
1913
1941
1969
1997
2025
2053
2081
2109
2137
11
37
63
89
115
141
167
193
219
245
271
297
323
349
375
401
427
453
479
505
531
557
583
609
635
661
687
713
739
765
791
817
843
869
895
922
949
976
1003
1030
1057
1084
1111
1138
1165
1192
1219
1246
1273
1300
1327
1354
1382
1410
1438
1466
1494
1522
1550
1578
1606
1634
1662
1690
1718
1746
1774
1802
1830
1858
1886
1914
1942
1970
1998
2026
2054
2082
2110
2138
12
38
64
90
116
142
168
194
220
246
272
298
324
350
376
402
428
454
480
506
532
558
584
610
636
662
688
714
740
766
792
818
844
870
896
923
950
977
1004
1031
1058
1085
1112
1139
1166
1193
1220
1247
1274
1301
1328
1355
1383
1411
1439
1467
1495
1523
1551
1579
1607
1635
1663
1691
1719
1747
1775
1803
1831
1859
1887
1915
1943
1971
1999
2027
2055
2083
2111
2139
13
39
65
91
117
143
169
195
221
247
273
299
325
351
377
403
429
455
481
507
533
559
585
611
637
663
689
715
741
767
793
819
845
871
897
924
951
978
1005
1032
1059
1086
1113
1140
1167
1194
1221
1248
1275
1302
1329
1356
1384
1412
1440
1468
1496
1524
1552
1580
1608
1636
1664
1692
1720
1748
1776
1804
1832
1860
1888
1916
1944
1972
2000
2028
2056
2084
2112
2140
14
40
66
92
118
144
170
196
222
248
274
300
326
352
378
404
430
456
482
508
534
560
586
612
638
664
690
716
742
768
794
820
846
872
898
925
952
979
1006
1033
1060
1087
1114
1141
1168
1195
1222
1249
1276
1303
1330
1357
1385
1413
1441
1469
1497
1525
1553
1581
1609
1637
1665
1693
1721
1749
1777
1805
1833
1861
1889
1917
1945
1973
2001
2029
2057
2085
2113
2141
15
41
67
93
119
145
171
197
223
249
275
301
327
353
379
405
431
457
483
509
535
561
587
613
639
665
691
717
743
769
795
821
847
873
899
926
953
980
1007
1034
1061
1088
1115
1142
1169
1196
1223
1250
1277
1304
1331
1358
1386
1414
1442
1470
1498
1526
1554
1582
1610
1638
1666
1694
1722
1750
1778
1806
1834
1862
1890
1918
1946
1974
2002
2030
2058
2086
2114
2142
16
42
68
94
120
146
172
198
224
250
276
302
328
354
380
406
432
458
484
510
536
562
588
614
640
666
692
718
744
770
796
822
848
874
900
927
954
981
1008
1035
1062
1089
1116
1143
1170
1197
1224
1251
1278
1305
1332
1359
1387
1415
1443
1471
1499
1527
1555
1583
1611
1639
1667
1695
1723
1751
1779
1807
1835
1863
1891
1919
1947
1975
2003
2031
2059
2087
2115
2143
17
43
69
95
121
147
173
199
225
251
277
303
329
355
381
407
433
459
485
511
537
563
589
615
641
667
693
719
745
771
797
823
849
875
901
928
955
982
1009
1036
1063
1090
1117
1144
1171
1198
1225
1252
1279
1306
1333
1360
1388
1416
1444
1472
1500
1528
1556
1584
1612
1640
1668
1696
1724
1752
1780
1808
1836
1864
1892
1920
1948
1976
2004
2032
2060
2088
2116
2144
18
44
70
96
122
148
174
200
226
252
278
304
330
356
382
408
434
460
486
512
538
564
590
616
642
668
694
720
746
772
798
824
850
876
902
929
956
983
1010
1037
1064
1091
1118
1145
1172
1199
1226
1253
1280
1307
1334
1361
1389
1417
1445
1473
1501
1529
1557
1585
1613
1641
1669
1697
1725
1753
1781
1809
1837
1865
1893
1921
1949
1977
2005
2033
2061
2089
2117
2145
19
45
71
97
123
149
175
201
227
253
279
305
331
357
383
409
435
461
487
513
539
565
591
617
643
669
695
721
747
773
799
825
851
877
903
930
957
984
1011
1038
1065
1092
1119
1146
1173
1200
1227
1254
1281
1308
1335
1362
1390
1418
1446
1474
1502
1530
1558
1586
1614
1642
1670
1698
1726
1754
1782
1810
1838
1866
1894
1922
1950
1978
2006
2034
2062
2090
2118
2146
20
46
72
98
124
150
176
202
228
254
280
306
332
358
384
410
436
462
488
514
540
566
592
618
644
670
696
722
748
774
800
826
852
878
904
931
958
985
1012
1039
1066
1093
1120
1147
1174
1201
1228
1255
1282
1309
1336
1363
1391
1419
1447
1475
1503
1531
1559
1587
1615
1643
1671
1699
1727
1755
1783
1811
1839
1867
1895
1923
1951
1979
2007
2035
2063
2091
2119
2147
21
47
73
99
125
151
177
203
229
255
281
307
333
359
385
411
437
463
489
515
541
567
593
619
645
671
697
723
749
775
801
827
853
879
905
932
959
986
1013
1040
1067
1094
1121
1148
1175
1202
1229
1256
1283
1310
1337
1364
1392
1420
1448
1476
1504
1532
1560
1588
1616
1644
1672
1700
1728
1756
1784
1812
1840
1868
1896
1924
1952
1980
2008
2036
2064
2092
2120
2148
22
48
74
100
126
152
178
204
230
256
282
308
334
360
386
412
438
464
490
516
542
568
594
620
646
672
698
724
750
776
802
828
854
880
906
933
960
987
1014
1041
1068
1095
1122
1149
1176
1203
1230
1257
1284
1311
1338
1365
1393
1421
1449
1477
1505
1533
1561
1589
1617
1645
1673
1701
1729
1757
1785
1813
1841
1869
1897
1925
1953
1981
2009
2037
2065
2093
2121
2149
23
49
75
101
127
153
179
205
231
257
283
309
335
361
387
413
439
465
491
517
543
569
595
621
647
673
699
725
751
777
803
829
855
881
907
934
961
988
1015
1042
1069
1096
1123
1150
1177
1204
1231
1258
1285
1312
1339
1366
1394
1422
1450
1478
1506
1534
1562
1590
1618
1646
1674
1702
1730
1758
1786
1814
1842
1870
1898
1926
1954
1982
2010
2038
2066
2094
2122
2150
24
50
76
102
128
154
180
206
232
258
284
310
336
362
388
414
440
466
492
518
544
570
596
622
648
674
700
726
752
778
804
830
856
882
908
935
962
989
1016
1043
1070
1097
1124
1151
1178
1205
1232
1259
1286
1313
1340
1367
1395
1423
1451
1479
1507
1535
1563
1591
1619
1647
1675
1703
1731
1759
1787
1815
1843
1871
1899
1927
1955
1983
2011
2039
2067
2095
2123
2151
25
51
77
103
129
155
181
207
233
259
285
311
337
363
389
415
441
467
493
519
545
571
597
623
649
675
701
727
753
779
805
831
857
883
909
936
963
990
1017
1044
1071
1098
1125
1152
1179
1206
1233
1260
1287
1314
1341
1368
1396
1424
1452
1480
1508
1536
1564
1592
1620
1648
1676
1704
1732
1760
1788
1816
1844
1872
1900
1928
1956
1984
2012
2040
2068
2096
2124
2152
910
937
964
991
1018
1045
1072
1099
1126
1153
1180
1207
1234
1261
1288
1315
1342
1369
1397
1425
1453
1481
1509
1537
1565
1593
1621
1649
1677
1705
1733
1761
1789
1817
1845
1873
1901
1929
1957
1985
2013
2041
2069
2097
2125
2153
2126
2127
2128
2129
2130
2131
2132
2133
2134
2135
2136
2137
2138
2139
2140
2141
2142
2143
2144
2145
2146
2147
2148
2149
2150
2151
2152
2153
1370
1398
1426
1454
1482
1510
1538
1566
1594
1622
1650
1678
1706
1734
1762
1790
1818
1846
1874
1902
1930
1958
1986
2014
2042
2070
2098
2126
0
26
52
78
104
130
156
182
208
234
260
286
312
338
364
390
416
442
468
494
520
546
572
598
624
650
676
702
728
754
780
806
832
858
884
911
938
965
992
1019
1046
1073
1100
1127
1154
1181
1208
1235
1262
1289
1316
1343
1370
1072
1099
1126
1153
1180
1207
1234
1261
1288
1315
1342
1369
1397
1425
1453
1481
1509
1537
1565
1593
1621
1649
1677
1705
1733
1761
1789
1817
1845
1873
1901
1929
1957
1985
2013
2041
2069
2097
2125
2153
25
51
77
103
129
155
181
207
233
259
285
311
337
363
389
415
441
467
493
519
545
571
597
623
649
675
701
727
753
779
805
831
857
883
910
910
937
964
991
1018
1045
)


// ************************************************************************* //
