#              distance                     U_x                     U_y                     U_z                       T
  1.387778780781448e-19   9.360700614484731e-21   3.041937571335171e-18   2.972541998743755e-55       300.5000000000016
  0.0003906250000000002   5.764040735092238e-07   0.0001701638603263446   8.366961898678538e-42       300.4937243688248
  0.0007812500000000002   1.152808147018449e-06   0.0003403277206526893   1.673392379735693e-41       300.4874487376496
            0.001171875   1.729212220527674e-06   0.0005104915809790342   2.510088569603532e-41       300.4811731064743
              0.0015625   3.207426749065495e-06   0.0006384411955806003   2.342749331629966e-41       300.4749125700075
            0.001953125   4.911093891360464e-06   0.0007558372487509718   1.924401236696048e-41       300.4686558072178
             0.00234375   6.614761033655436e-06   0.0008732333019213438    1.50605314176213e-41       300.4623990444281
   0.002734375000000001    8.31842817595041e-06   0.0009906293550917154   1.087705046828196e-41       300.4561422816383
               0.003125   1.002209531824537e-05    0.001108025408262087   6.693569518942748e-42       300.4498855188486
   0.003515625000000001   1.172576246054034e-05    0.001225421461432459    2.51008856960353e-42       300.4436287560588
             0.00390625   1.349298800947415e-05    0.001325153506921055                       0       300.4374011646384
            0.004296875   1.535555116836616e-05     0.00139838954088699                       0       300.4312173302719
   0.004687500000000001   1.721811432725821e-05    0.001471625574852924                       0       300.4250334959052
            0.005078125   1.908067748615016e-05    0.001544861608818858                       0       300.4188496615387
   0.005468750000000001   2.094324064504228e-05    0.001618097642784793                       0       300.4126658271721
   0.005859375000000002   2.280580380393436e-05    0.001691333676750727                       0       300.4064819928056
   0.006250000000000001   2.466836696282638e-05    0.001764569710716662                       0       300.4002981584392
   0.006640625000000001   2.594435980378382e-05    0.001802264922278871                       0       300.3942610504622
   0.007031250000000001   2.722035264474121e-05     0.00183996013384108                       0       300.3882239424852
   0.007421875000000001   2.849634548569862e-05     0.00187765534540329                       0       300.3821868345083
              0.0078125   2.977233832665602e-05    0.001915350556965499                       0       300.3761497265314
            0.008203125   3.104833116761344e-05    0.001953045768527709                       0       300.3701126185545
   0.008593750000000001   3.232432400857087e-05    0.001990740980089918                       0       300.3640755105776
   0.008984375000000001   3.298315475106432e-05    0.002011970577820491                       0       300.3581726134527
   0.009375000000000001   3.323054409458164e-05    0.002022223099663305                       0       300.3523591902292
            0.009765625     3.3477933438099e-05    0.002032475621506121                       0       300.3465457670056
             0.01015625   3.372532278161636e-05    0.002042728143348936                       0       300.3407323437821
            0.010546875   3.397271212513373e-05    0.002052980665191751                       0       300.3349189205586
              0.0109375    3.42201014686511e-05    0.002063233187034566                       0       300.3291054973351
            0.011328125   3.424445097746122e-05    0.002069473212291945                       0       300.3233505639622
             0.01171875   3.337664114744225e-05    0.002059663251207575                       0        300.317829589992
            0.012109375   3.250883131742345e-05    0.002049853290123206                       0       300.3123086160217
                 0.0125   3.164102148740455e-05    0.002040043329038837                       0       300.3067876420514
            0.012890625   3.077321165738566e-05    0.002030233367954467                       0        300.301266668081
             0.01328125   2.990540182736679e-05    0.002020423406870098                       0       300.2957456941107
            0.013671875   2.903759199734791e-05    0.002010613445785728                       0       300.2902247201404
              0.0140625   2.738134223477293e-05     0.00198991145192977                       0       300.2849797563488
            0.014453125   2.552798248905894e-05    0.001966486449880915                       0       300.2798037951017
             0.01484375   2.367462274334493e-05    0.001943061447832059                       0       300.2746278338547
            0.015234375   2.182126299763097e-05    0.001919636445783205                       0       300.2694518726078
               0.015625   1.996790325191708e-05    0.001896211443734349                       0       300.2642759113607
            0.016015625   1.811454350620317e-05    0.001872786441685494                       0       300.2590999501136
             0.01640625    1.59742792255538e-05    0.001846068461263493                       0       300.2540749511107
            0.016796875   1.340365814250087e-05    0.001814411013281738                       0       300.2492763954684
              0.0171875   1.083303705944802e-05    0.001782753565299993                       0       300.2444778398278
            0.017578125   8.262415976395006e-06    0.001751096117318249                       0       300.2396792841873
    0.01796875000000001   5.691794893342327e-06    0.001719438669336503                       0       300.2348807285466
            0.018359375   3.121173810289507e-06    0.001687781221354758                       0        300.230082172906
                0.01875   5.505527272367113e-07    0.001656123773373019                       0       300.2252836172661
            0.019140625  -2.401739840822941e-06    0.001620518018892919                       0       300.2208745113626
             0.01953125  -5.354032408882513e-06    0.001584912264412826                       0       300.2164654054599
    0.01992187500000001  -8.306324976942164e-06    0.001549306509932732                       0       300.2120562995573
              0.0203125  -1.125861754500154e-05    0.001513700755452639                       0       300.2076471936546
            0.020703125  -1.421091011306137e-05    0.001478095000972544                       0       300.2032380877519
             0.02109375  -1.716320268112096e-05     0.00144248924649245                       0       300.1988289818492
            0.021484375   -2.01376517525209e-05    0.001406456927018301                       0        300.194650124658
    0.02187500000000001  -2.312687182614817e-05    0.001370140230881447                       0       300.1906247666075
            0.022265625  -2.611609189977538e-05    0.001333823534744594                       0       300.1865994085571
             0.02265625   -2.91053119734028e-05    0.001297506838607741                       0       300.1825740505067
            0.023046875  -3.209453204702993e-05    0.001261190142470887                       0       300.1785486924562
              0.0234375  -3.508375212065707e-05    0.001224873446334034                       0       300.1745233344058
            0.023828125   -3.80179373469572e-05    0.001188874819346528                       0       300.1705708510165
             0.02421875  -4.073198318394814e-05    0.001154148468956374                       0       300.1669098662625
            0.024609375  -4.344602902093915e-05    0.001119422118566228                       0       300.1632488815106
                  0.025  -4.616007485793033e-05    0.001084695768176078                       0       300.1595878967576
            0.025390625  -4.887412069492113e-05     0.00104996941778593                       0       300.1559269120053
             0.02578125  -5.158816653191239e-05    0.001015243067395782                       0       300.1522659272529
            0.026171875  -5.430221236890339e-05   0.0009805167170056342                       0       300.1486049425005
              0.0265625   -5.65935143496347e-05   0.0009482680059603449                       0       300.1452125095333
            0.026953125   -5.87791303663011e-05   0.0009166387047512699                       0       300.1418872145125
             0.02734375  -6.096474638296747e-05    0.000885009403542195                       0       300.1385619194916
            0.027734375  -6.315036239963415e-05   0.0008533801023331238                       0       300.1352366244721
               0.028125  -6.533597841630037e-05   0.0008217508011240473                       0       300.1319113294507
    0.02851562500000001  -6.752159443296675e-05   0.0007901214999149701                       0        300.128586034429
             0.02890625  -6.942331193084033e-05   0.0007600754075700831  -4.890796576508138e-27       300.1253813546497
            0.029296875  -7.089918165052543e-05   0.0007324041285214762  -1.711778801777778e-26        300.122357597732
    0.02968750000000001  -7.237505137021036e-05   0.0007047328494728691  -2.934477945904775e-26       300.1193338408146
            0.030078125  -7.385092108989567e-05   0.0006770615704242661   -4.15717709003178e-26        300.116310083899
    0.03046875000000001  -7.532679080958011e-05   0.0006493902913756557  -5.379876234158725e-26         300.11328632698
            0.030859375  -7.680266052926492e-05   0.0006217190123270493  -6.602575378285681e-26       300.1102625700626
                0.03125  -7.827853024894978e-05   0.0005940477332784427  -7.825274522412648e-26       300.1072388131453
            0.031640625  -7.893837525496635e-05   0.0005706898235454357  -7.588763275336955e-26       300.1044798896601
             0.03203125  -7.959822026098234e-05   0.0005473319138124284   -7.35225202826117e-26       300.1017209661751
            0.032421875  -8.025806526699862e-05   0.0005239740040794213  -7.115740781185436e-26       300.0989620426899
    0.03281249999999999  -8.091791027301461e-05   0.0005006160943464156  -6.879229534109657e-26       300.0962031192054
            0.033203125  -8.157775527903083e-05   0.0004772581846134077  -6.642718287033909e-26       300.0934441957199
             0.03359375   -8.22376002850469e-05   0.0004539002748804008  -6.406207039958148e-26       300.0906852722349
            0.033984375  -8.238680668831492e-05   0.0004331136302420108  -5.719889802897102e-26       300.0880628440579
               0.034375  -8.219558735641759e-05    0.000414041162333366  -4.733701905845889e-26       300.0855314127533
            0.034765625  -8.200436802452028e-05   0.0003949686944247212  -3.747514008794675e-26       300.0829999814485
    0.03515625000000001  -8.181314869262261e-05    0.000375896226516076  -2.761326111743406e-26       300.0804685501438
    0.03554687500000001  -8.162192936072521e-05   0.0003568237586074312  -1.775138214692185e-26       300.0779371188391
              0.0359375  -8.143071002882814e-05   0.0003377512906987867  -7.889503176409806e-27       300.0754056875344
            0.036328125  -8.107491266556087e-05   0.0003194739019171024                       0        300.072912369792
    0.03671874999999999  -8.006080317681426e-05   0.0003043768296432622                       0       300.0705715062988
            0.037109375  -7.904669368806763e-05   0.0002892797573694214                       0       300.0682306428058
    0.03750000000000001  -7.803258419932097e-05   0.0002741826850955806                       0       300.0658897793126
            0.037890625  -7.701847471057392e-05   0.0002590856128217401                       0       300.0635489158195
             0.03828125   -7.60043652218275e-05   0.0002439885405478996                       0       300.0612080523263
    0.03867187499999999  -7.499025573308077e-05   0.0002288914682740593                       0       300.0588671888332
              0.0390625  -7.338281080490535e-05   0.0002165651644949795                       0        300.056649909612
    0.03945312500000001  -7.162703201687091e-05   0.0002049315528395897                       0       300.0544635264588
    0.03984375000000001  -6.987125322883784e-05   0.0001932979411842006                       0       300.0522771433056
            0.040234375  -6.811547444080402e-05   0.0001816643295288116                       0       300.0500907601523
    0.04062500000000001  -6.635969565277075e-05   0.0001700307178734223                       0       300.0479043769992
            0.041015625  -6.460391686473721e-05   0.0001583971062180334                       0       300.0457179938459
    0.04140625000000001   -6.26008440058839e-05   0.0001478880208253138                       0       300.0435793131253
    0.04179687500000001  -6.022683004080119e-05   0.0001390657248265995                       0       300.0415121860538
              0.0421875  -5.785281607571851e-05   0.0001302434288278854                       0       300.0394450589821
            0.042578125  -5.547880211063577e-05   0.0001214211328291711                       0       300.0373779319105
             0.04296875  -5.310478814555295e-05   0.0001125988368304568                       0        300.035310804839
    0.04335937500000001  -5.073077418047009e-05   0.0001037765408317424                       0       300.0332436777674
                0.04375  -4.835676021538727e-05   9.495424483302823e-05                       0       300.0311765506959
            0.044140625  -4.551958039966825e-05   8.819737007457321e-05                       0       300.0291941508819
             0.04453125  -4.268240058394992e-05   8.144049531611833e-05                       0        300.027211751068
            0.044921875  -3.984522076823125e-05    7.46836205576634e-05                       0       300.0252293512541
    0.04531250000000001  -3.700804095251249e-05   6.792674579920824e-05                       0       300.0232469514402
            0.045703125  -3.417086113679409e-05   6.116987104075322e-05                       0       300.0212645516262
             0.04609375  -3.133368132107502e-05    5.44129962822981e-05                       0       300.0192821518123
            0.046484375  -2.832470149664974e-05   4.841249082679171e-05                       0       300.0173301533499
               0.046875  -2.520118833308673e-05   4.291623157325105e-05                       0       300.0153984224551
    0.04726562500000001  -2.207767516952368e-05   3.741997231971028e-05                       0       300.0134666915603
    0.04765625000000001   -1.89541620059607e-05   3.192371306616962e-05                       0       300.0115349606671
            0.048046875  -1.583064884239775e-05     2.6427453812629e-05                       0       300.0096032297706
    0.04843750000000001  -1.270713567883487e-05   2.093119455908844e-05                       0       300.0076714988792
    0.04882812499999999  -9.564256693982575e-06   1.551966224737247e-05                       0       300.0057431421417
    0.04921875000000001  -6.343914423970746e-06   1.044703770295451e-05                       0         300.00382828205
    0.04960937500000001  -3.123572153959314e-06   5.374413158536707e-06                       0       300.0019134219582
                   0.05   9.677011605200166e-08    3.01788614119085e-07                       0       299.9999985618683
    0.05039062500000001   3.317112386063833e-06  -4.770835930298973e-06                       0       299.9980837017778
             0.05078125   6.537454656075378e-06  -9.843460474716583e-06                       0       299.9961688416839
    0.05117187500000001   9.757796926087095e-06  -1.491608501913446e-05                       0       299.9942539815917
              0.0515625   1.290067061105009e-05    -2.0327546192069e-05                       0       299.9923256455043
    0.05195312500000001   1.602417714975138e-05  -2.582371652213289e-05                       0       299.9903939404181
             0.05234375   1.914768368845258e-05  -3.131988685219659e-05                       0       299.9884622353318
            0.052734375   2.227119022715398e-05  -3.681605718226064e-05                       0       299.9865305302473
    0.05312500000000001   2.539469676585526e-05  -4.231222751232447e-05                       0        299.984598825161
            0.053515625   2.851820330455648e-05  -4.780839784238822e-05                       0       299.9826671200749
             0.05390625   3.152716502203574e-05  -5.380877618913958e-05                       0       299.9807151583345
            0.054296875    3.43643095076825e-05  -6.056546656092303e-05                       0        299.978732811617
              0.0546875   3.720145399332925e-05   -6.73221569327065e-05                       0       299.9767504648995
    0.05507812500000001   4.003859847897605e-05  -7.407884730449004e-05                       0       299.9747681181819
             0.05546875   4.287574296462307e-05  -8.083553767627391e-05                       0        299.972785771466
            0.055859375   4.571288745026966e-05  -8.759222804805698e-05                       0       299.9708034247468
                0.05625   4.855003193591647e-05  -9.434891841984048e-05                       0       299.9688210780294
            0.056640625   5.092393854891548e-05  -0.0001031709247854937                       0       299.9667540339929
    0.05703125000000001   5.329784516191397e-05  -0.0001119929311511464                       0       299.9646869899542
            0.057421875   5.567175177491302e-05  -0.0001208149375167993                       0       299.9626199459167
    0.05781250000000001   5.804565838791192e-05  -0.0001296369438824523                       0       299.9605529018791
            0.058203125   6.041956500091076e-05  -0.0001384589502481049                       0       299.9584858578415
             0.05859375    6.27934716139093e-05  -0.0001472809566137578                       0        299.956418813804
            0.058984375   6.479635631999188e-05   -0.000157789685409198                       0       299.9542802360015
               0.059375   6.655189308812936e-05  -0.0001694228958244965                       0       299.9520939690222
            0.059765625   6.830742985626715e-05  -0.0001810561062397948                       0       299.9499077020429
    0.06015624999999999   7.006296662440465e-05  -0.0001926893166550928                       0       299.9477214350637
    0.06054687499999999   7.181850339254298e-05  -0.0002043225270703914                       0       299.9455351680845
    0.06093750000000001   7.357404016068101e-05  -0.0002159557374856902                       0       299.9433489011052
            0.061328125   7.518120042316739e-05  -0.0002282816191209214                       0       299.9411317452535
             0.06171875   7.619485466304504e-05  -0.0002433781856358767                       0       299.9387910339027
            0.062109375   7.720850890292314e-05  -0.0002584747521508332                       0       299.9364503225535
                 0.0625   7.822216314280121e-05  -0.0002735713186657896                       0       299.9341096112042
    0.06289062499999999   7.923581738267909e-05  -0.0002886678851807458                       0       299.9317688998549
             0.06328125    8.02494716225573e-05  -0.0003037644516957024                       0       299.9294281885058
            0.063671875   8.126312586243585e-05  -0.0003188610182106591                       0       299.9270874771565
    0.06406250000000001   8.161822624480683e-05  -0.0003371378444691303   5.255864500138771e-27        299.924594341334
            0.064453125   8.180868816280104e-05  -0.0003562097356634795   1.182569512531194e-26       299.9220630993933
    0.06484375000000001   8.199915008079566e-05   -0.000375281626857831   1.839552575048535e-26       299.9195318574541
            0.065234375   8.218961199878997e-05  -0.0003943535180521808   2.496535637565878e-26       299.9170006155133
               0.065625   8.238007391678429e-05  -0.0004134254092465305   3.153518700083222e-26       299.9144693735725
    0.06601562500000001   8.257053583477866e-05  -0.0004324973004408803   3.810501762600567e-26       299.9119381316318
             0.06640625   8.242041478156168e-05  -0.0004532833699843092   5.363633617773648e-26       299.9093159070055
    0.06679687500000001   8.175941927152761e-05  -0.0004766407070513582   8.260988661930466e-26       299.9065572083506
    0.06718749999999998   8.109842376149314e-05  -0.0004999980441184031   1.115834370608706e-25       299.9037985096942
    0.06757812499999999   8.043742825145952e-05   -0.000523355381185455   1.405569875024399e-25        299.901039811041
    0.06796875000000001   7.977643274142508e-05  -0.0005467127182525015   1.695305379440077e-25       299.8982811123847
            0.068359375   7.911543723139112e-05  -0.0005700700553195496   1.985040883855747e-25         299.89552241373
    0.06874999999999999   7.845444172135686e-05  -0.0005934273923865975   2.274776388271415e-25       299.8927637150752
    0.06914062499999998   7.697694735018375e-05  -0.0006210982340908299   2.355295348731656e-25       299.8897402121984
             0.06953125   7.549945297901078e-05  -0.0006487690757950641   2.435814309191897e-25       299.8867167093214
    0.06992187499999999   7.402195860783763e-05  -0.0006764399174992965   2.516333269652131e-25       299.8836932064445
              0.0703125    7.25444642366644e-05  -0.0007041107592035296   2.596852230112369e-25       299.8806697035677
    0.07070312500000001   7.106696986549118e-05  -0.0007317816009077628   2.677371190572604e-25       299.8776462006907
    0.07109375000000001   6.958947549431794e-05  -0.0007594524426119958   2.757890151032839e-25       299.8746226978139
    0.07148437499999999    6.76858154577673e-05   -0.000789498298210382   2.599980344629136e-25       299.8714182823544
    0.07187500000000001   6.549804497763079e-05  -0.0008211274964048676   2.283118026982765e-25       299.8680932585038
            0.072265625   6.331027449749444e-05   -0.000852756694599351   1.966255709336417e-25       299.8647682346531
    0.07265624999999999    6.11225040173575e-05  -0.0008843858927938324   1.649393391690061e-25       299.8614432108016
            0.073046875   5.893473353722138e-05  -0.0009160150909883177   1.332531074043705e-25       299.8581181869513
              0.0734375   5.674696305708498e-05  -0.0009476442891828028   1.015668756397348e-25       299.8547931631009
    0.07382812499999999   5.445339828936847e-05  -0.0009798930182171265   6.958838385008769e-26       299.8514010009981
             0.07421875   5.173665637133147e-05   -0.001014619870610814   3.644085196038983e-26       299.8477402858874
    0.07460937500000001   4.901991445329389e-05   -0.001049346723004493   3.293320070691418e-27       299.8440795707745
    0.07500000000000001   4.630317253525691e-05   -0.001084073575398182  -2.985421181900629e-26       299.8404188556643
    0.07539062499999999   4.358643061721964e-05   -0.001118800427791858  -6.300174370870347e-26       299.8367581405508
    0.07578125000000001   4.086968869918236e-05   -0.001153527280185544  -9.614927559840301e-26        299.833097425439
            0.076171875   3.815294678114529e-05   -0.001188254132579227  -1.292968074881002e-25       299.8294367103272
    0.07656250000000001   3.521567314456731e-05   -0.001224254013176301  -1.395229025377591e-25       299.8254844754206
    0.07695312500000001   3.222326657835412e-05   -0.001260572150824222  -1.440186383774071e-25       299.8214593605653
    0.07734374999999999   2.923086001214115e-05   -0.001296890288472142  -1.485143742170549e-25       299.8174342457102
    0.07773437500000001   2.623845344592795e-05   -0.001333208426120065  -1.530101100567031e-25        299.813409130855
               0.078125    2.32460468797151e-05    -0.00136952656376799  -1.575058458963507e-25       299.8093840160006
    0.07851562499999998   2.025364031350205e-05   -0.001405844701415905  -1.620015817359982e-25       299.8053589011446
    0.07890625000000001   1.727586049037104e-05    -0.00144187898845111  -1.544053342873008e-25       299.8011802648825
            0.079296875   1.432002078186395e-05   -0.001477487499567237  -1.286711119060847e-25       299.7967713465108
    0.07968750000000001   1.136418107335646e-05   -0.001513096010683356  -1.029368895248676e-25       299.7923624281373
    0.08007812499999999   8.408341364849358e-06   -0.001548704521799477  -7.720266714365144e-26       299.7879535097647
    0.08046874999999999   5.452501656342182e-06     -0.0015843130329156  -5.146844476243429e-26       299.7835445913921
    0.08085937500000001   2.496661947834526e-06   -0.001619921544031726  -2.573422238121623e-26       299.7791356730196
                0.08125  -4.591777606727298e-07   -0.001655530055147848  -3.365645265763021e-41       299.7747267546471
    0.08164062500000001  -3.033492751200181e-06   -0.001687191954678623  -6.252143507321957e-26       299.7699283012925
             0.08203125  -5.607807741727913e-06   -0.001718853854209397  -1.250428701464369e-25       299.7651298479379
    0.08242187500000001  -8.182122732255547e-06   -0.001750515753740171  -1.875643052196565e-25       299.7603313945834
              0.0828125   -1.07564377227829e-05   -0.001782177653270948  -2.500857402928743e-25       299.7555329412294
    0.08320312499999999  -1.333075271331045e-05   -0.001813839552801719  -3.126071753660911e-25       299.7507344878745
    0.08359374999999999    -1.5905067703838e-05   -0.001845501452332495  -3.751286104393105e-25       299.7459360345201
    0.08398437499999999  -1.804894236510589e-05   -0.001872225104758284  -4.070136085212805e-25       299.7409110721608
    0.08437500000000001  -1.990585680686748e-05   -0.001895656592447418  -4.184743152757503e-25       299.7357351037984
    0.08476562500000001  -2.176277124862901e-05   -0.001919088080136552  -4.299350220302197e-25       299.7305591354361
             0.08515625  -2.361968569039029e-05   -0.001942519567825686  -4.413957287846884e-25       299.7253831670739
    0.08554687499999999  -2.547660013215169e-05   -0.001965951055514822  -4.528564355391579e-25        299.720207198712
              0.0859375  -2.733351457391316e-05   -0.001989382543203958  -4.643171422936278e-25       299.7150312303501
    0.08632812499999999  -2.899322680699929e-05   -0.002010091481579832  -4.586892793316691e-25       299.7097862351308
             0.08671875  -2.986413020538414e-05   -0.002019910222702651  -3.847071375039782e-25       299.7042651324805
    0.08710937499999999   -3.07350336037691e-05   -0.002029728963825479  -3.107249956762924e-25       299.6987440298317
    0.08750000000000001  -3.160593700215427e-05   -0.002039547704948319  -2.367428538486039e-25       299.6932229271846
    0.08789062500000001  -3.247684040053896e-05    -0.00204936644607114  -1.627607120209121e-25       299.6877018245348
    0.08828125000000001  -3.334774379892381e-05   -0.002059185187193965  -8.877857019322597e-26       299.6821807218855
    0.08867187500000001  -3.421864719730869e-05   -0.002069003928316793  -1.479642836553724e-26       299.6766596192367
              0.0890625  -3.419678581598732e-05   -0.002062774655798355                       0        299.670904464041
    0.08945312500000001  -3.395173323973939e-05   -0.002052533379869598                       0       299.6650907957087
             0.08984375  -3.370668066349146e-05   -0.002042292103940843                       0       299.6592771273764
    0.09023437499999999  -3.346162808724358e-05   -0.002032050828012087                       0       299.6534634590441
    0.09062500000000001  -3.321657551099565e-05   -0.002021809552083338                       0       299.6476497907126
    0.09101562499999999   -3.29715229347477e-05   -0.002011568276154578                       0       299.6418361223795
    0.09140625000000001  -3.231465144986432e-05    -0.00199035096027926                       0       299.6359329430713
    0.09179687499999999  -3.104005160202734e-05    -0.00195266958448407                       0       299.6298954972941
    0.09218750000000001  -2.976545175419038e-05   -0.001914988208688887                       0       299.6238580515183
    0.09257812500000001  -2.849085190635341e-05   -0.001877306832893706                       0        299.617820605743
    0.09296874999999999  -2.721625205851652e-05   -0.001839625457098525                       0       299.6117831599671
    0.09335937500000001  -2.594165221067977e-05   -0.001801944081303359                       0       299.6057457141946
                0.09375  -2.466705236284261e-05   -0.001764262705508159                       0       299.5997082684154
    0.09414062500000001  -2.280497043446856e-05    -0.00169104327328509   -5.36039584537397e-26       299.5935240408821
    0.09453125000000001   -2.09428885060943e-05   -0.001617823841062006  -1.072079169074775e-25       299.5873398133454
    0.09492187499999999  -1.908080657772032e-05   -0.001544604408838934  -1.608118753612114e-25       299.5811555858101
    0.09531249999999999  -1.721872464934619e-05   -0.001471384976615858  -2.144158338149474e-25       299.5749713582749
    0.09570312499999999  -1.535664272097216e-05   -0.001398165544392785  -2.680197922686833e-25       299.5687871307398
    0.09609374999999999  -1.349456079259805e-05    -0.00132494611216971  -3.216237507224212e-25       299.5626029032047
    0.09648437500000001  -1.172742270627464e-05   -0.001225232538965981  -3.398403648389818e-25       299.5563749086161
    0.09687500000000002  -1.002358051465175e-05   -0.001107856205108488  -3.344654160640943e-25       299.5501177359918
    0.09726562500000001  -8.319738323029004e-06  -0.0009904798712510065  -3.290904672892069e-25       299.5438605633693
    0.09765625000000001  -6.615896131406059e-06  -0.0008731035373935087  -3.237155185143172e-25       299.5376033907449
    0.09804687499999999  -4.912053939783285e-06  -0.0007557272035360228  -3.183405697394281e-25       299.5313462181207
    0.09843750000000001  -3.208211748160317e-06  -0.0006383508696785212  -3.129656209645367e-25       299.5250890454947
    0.09882812500000002  -1.729816870183161e-06  -0.0005104216899304932  -2.893740580730845e-25       299.5188281006847
    0.09921874999999999  -1.153211246788788e-06   -0.000340281126620333  -1.929160387153914e-25       299.5125520671221
    0.09960937499999999  -5.766056233944049e-07  -0.0001701405633101695  -9.645801935769655e-26       299.5062760335611
    0.09999999999999998                       0                       0                       0                   299.5
