#              distance                     U_x                     U_y                     U_z                       T
                      0   5.323364639175332e-22   4.932173868556304e-19   1.401099160155513e-40       300.5000000000034
  0.0003906250000000001    3.27145285782955e-08   2.764677459130626e-05   1.357513551377586e-27       300.4955981880916
  0.0007812500000000003    1.38919806713197e-07   5.410213607945812e-05   2.223394121972581e-27       300.4911963419362
            0.001171875   3.553612091830056e-07   7.877037791287708e-05   2.351825221393902e-27       300.4867944444015
              0.0015625   5.718026116528132e-07   0.0001034386197462963   2.480256320815159e-27       300.4823925468692
            0.001953125   8.225866512174515e-07   0.0001275487099566815   1.975652395290181e-27       300.4779907348373
             0.00234375   1.210741239161412e-06   0.0001494261936749306  -1.061091630020373e-27       300.4735892648064
   0.002734375000000001   1.598895827105373e-06   0.0001713036773931798  -4.097835655331041e-27       300.4691877947755
   0.003125000000000001   1.987050415049339e-06   0.0001931811611114294  -7.134579680641593e-27       300.4647863247451
   0.003515625000000001   2.503288683383113e-06   0.0002124492171171612  -6.328266579887054e-27       300.4603864651629
             0.00390625   3.019526951716897e-06   0.0002317172731228939  -5.521953479132554e-27       300.4559866055821
            0.004296875   3.535765220050654e-06   0.0002509853291286253   -4.71564037837813e-27       300.4515867459996
   0.004687500000000001   4.122389466964756e-06   0.0002683027967611999  -2.888302132985973e-27       300.4471895815382
            0.005078125    4.72661020852395e-06   0.0002851326173004855  -8.057076014342881e-28       300.4427930908573
   0.005468750000000001   5.330830950083132e-06   0.0003019624378397704   1.276886930117327e-27       300.4383966001756
            0.005859375   5.969129066734339e-06   0.0003174274621551643   1.714313853474613e-27       300.4340034734732
                0.00625   6.630145433446841e-06   0.0003319826223212946   1.054962371368977e-27       300.4296125894206
   0.006640625000000001   7.291161800159267e-06    0.000346537782487421   3.956108892633637e-28       300.4252217053651
   0.007031249999999999   7.963888586792412e-06   0.0003602455547616233                       0       300.4208341147934
   0.007421875000000001   8.654181003306548e-06   0.0003726822451979352                       0       300.4164514644436
              0.0078125   9.344473419820707e-06   0.0003851189356342469                       0       300.4120688140938
            0.008203125   1.003590344590658e-05   0.0003971617537076248                       0       300.4076883968012
   0.008593750000000001   1.073188391027949e-05   0.0004076290823292666                       0       300.4033169117368
   0.008984375000000001   1.142786437465239e-05   0.0004180964109509085                       0       300.3989454266723
   0.009375000000000003   1.212384483902529e-05   0.0004285637395725502                       0       300.3945739416079
            0.009765625   1.280566352531847e-05   0.0004372039795407988   5.276405415660805e-28       300.3902167774664
             0.01015625   1.348748221161166e-05   0.0004458442195090474   1.055281083132145e-27        300.385859613325
            0.010546875   1.416930089790487e-05   0.0004544844594772961   1.582921624698236e-27       300.3815024491835
              0.0109375   1.482666529392029e-05   0.0004617715200760897   1.664178476077422e-27       300.3771593844311
            0.011328125   1.547791611736633e-05   0.0004687202858325203    1.63383940490991e-27       300.3728198445264
             0.01171875   1.612916694081231e-05   0.0004756690515889495   1.603500333742388e-27        300.368480304621
            0.012109375    1.67541260508112e-05   0.0004816803824529347   1.292983823036242e-27       300.3641533664445
                 0.0125   1.736155735184532e-05   0.0004870667567219567   7.956823526376766e-28       300.3598348294203
            0.012890625    1.79689886528795e-05   0.0004924531309909789   2.983808822391307e-28       300.3555162923964
             0.01328125   1.855473785711932e-05   0.0004972636074406993                       0       300.3512075108543
            0.013671875   1.910796391616757e-05    0.000501210237161467                       0       300.3469133625351
              0.0140625   1.966118997521585e-05   0.0005051568668822347                       0       300.3426192142161
            0.014453125   2.020201345851162e-05   0.0005088388056093108                       0       300.3383306095026
             0.01484375   2.069322663879726e-05   0.0005114619803616206                       0       300.3340641792117
            0.015234375   2.118443981908305e-05   0.0005140851551139326                       0       300.3297977489219
               0.015625   2.167565299936863e-05   0.0005167083298662404                       0       300.3255313186298
            0.016015625   2.209934041950964e-05   0.0005181180540159338                       0       300.3212958203176
             0.01640625   2.252302783965066e-05   0.0005195277781656273                       0       300.3170603220055
            0.016796875   2.294671525979167e-05   0.0005209375023153208                       0       300.3128248236933
              0.0171875   2.331358699337321e-05   0.0005214595011225232                       0       300.3086165068534
            0.017578125   2.366625480531488e-05   0.0005217595685941029                       0       300.3044149853815
             0.01796875   2.401892261725656e-05   0.0005220596360656826                       0       300.3002134639097
            0.018359375   2.432793447346858e-05   0.0005217525101214493  -4.133284306990488e-28       300.2960340250568
    0.01875000000000001   2.460784235919413e-05   0.0005210405885666739  -1.102209148530794e-27       300.2918693079496
            0.019140625   2.488775024491973e-05    0.000520328667011899   -1.79108986636253e-27       300.2877045908427
             0.01953125   2.513845822991252e-05   0.0005192486057746161  -2.185876079859669e-27       300.2835556225478
    0.01992187500000001   2.534536636380609e-05   0.0005176163350135716  -2.139520536854942e-27       300.2794302774706
              0.0203125   2.555227449769986e-05   0.0005159840642525301  -2.093164993850205e-27       300.2753049323952
    0.02070312500000001   2.574478707196376e-05   0.0005141848692369871  -1.869167245849111e-27       300.2711879159592
             0.02109375   2.587971740770998e-05   0.0005117179772034703  -9.346006778627728e-28        300.267104214099
            0.021484375   2.601464774345581e-05   0.0005092510851699455  -3.410987637790329e-32       300.2630205122341
               0.021875   2.614957807920158e-05   0.0005067841931364194   9.345324581099912e-28       300.2589368103685
            0.022265625   2.621459143517784e-05   0.0005035626311593215   9.134852551580936e-28       300.2548966957847
             0.02265625   2.627960479115422e-05   0.0005003410691822233   8.924380522062111e-28       300.2508565812008
            0.023046875   2.634461814713065e-05   0.0004971195072051252   8.713908492543346e-28        300.246816466617
    0.02343749999999999   2.635601285673957e-05   0.0004933536732810145   6.503860564979531e-28       300.2428124956876
            0.023828125   2.635400290475701e-05   0.0004894517713701504   3.793918662904792e-28       300.2388175606717
             0.02421875   2.635199295277436e-05   0.0004855498694592865   1.083976760829903e-28       300.2348226256562
            0.024609375   2.631189192101515e-05   0.0004812810938139619  -4.296569620543969e-28       300.2308555314146
                  0.025   2.624639683607158e-05   0.0004767677356789969  -1.145751898811719e-27       300.2269069976892
            0.025390625   2.618090175112807e-05   0.0004722543775440318  -1.861846835569044e-27       300.2229584639638
             0.02578125   2.609161758356596e-05   0.0004675218893826056  -2.355107620321485e-27       300.2190288259739
            0.026171875   2.596664979207551e-05   0.0004624607061814876  -2.514117177066682e-27       300.2151275315867
              0.0265625   2.584168200058538e-05   0.0004573995229803725   -2.67312673381185e-27       300.2112262372015
            0.026953125   2.570568660218884e-05   0.0004522404926732424  -2.625313480507492e-27       300.2073344800195
             0.02734375   2.552558077616661e-05   0.0004466900739420458  -1.750208987004978e-27        300.203480871646
            0.027734375   2.534547495014466e-05   0.0004411396552108543  -8.751044935024829e-28       300.1996272632758
               0.028125   2.516536912412271e-05   0.0004355892364796629   2.921351409348713e-42       300.1957736549057
            0.028515625   2.493464831121097e-05   0.0004296033563189589   2.321529857619607e-42       300.1919677852435
             0.02890625   2.470392749829927e-05    0.000423617476158255   1.266289013247078e-42       300.1881619155815
            0.029296875   2.447320668538764e-05   0.0004176315959975511   2.110481688745006e-43       300.1843560459195
    0.02968750000000001   2.420567016661092e-05   0.0004113367050551867  -1.315595837208553e-28       300.1805880958494
            0.030078125   2.392892972136796e-05   0.0004049645614174073  -2.960090633719209e-28       300.1768296256773
    0.03046875000000001   2.365218927612533e-05   0.0003985924177796322  -4.604585430229987e-28       300.1730711555085
            0.030859375   2.335057837228118e-05   0.0003920154392147195  -4.275686470927764e-28       300.1693406901626
                0.03125   2.303238716270272e-05   0.0003853019040317177  -2.631191674417039e-28       300.1656288947007
            0.031640625   2.271419595312462e-05   0.0003785883688487186  -9.866968779064085e-29        300.161917099241
             0.03203125    2.23812085088992e-05   0.0003717545988944654  -5.428345186603684e-29       300.1582235336043
            0.032421875   2.202602671270286e-05   0.0003647404767833315  -1.899920815311253e-28        300.154557312702
              0.0328125   2.167084491650681e-05   0.0003577263546721995  -3.257007111962167e-28       300.1508910918016
            0.033203125   2.130912201478375e-05   0.0003506595156571139   -4.31612914365912e-28        300.147233693418
             0.03359375   2.092123469095289e-05    0.000343381809026211  -4.183394115540125e-28       300.1436115850998
            0.033984375   2.053334736712227e-05   0.0003361041023953114  -4.050659087421192e-28       300.1399894767846
               0.034375   2.014546004329171e-05   0.0003288263957644121  -3.917924059302266e-28       300.1363673684696
            0.034765625   1.972892556354625e-05   0.0003213185742920658   -3.79190445056149e-28       300.1327875654513
             0.03515625   1.931239108380087e-05   0.0003138107528197197  -3.665884841820738e-28       300.1292077624331
    0.03554687500000001   1.889585660405558e-05   0.0003063029313473734  -3.539865233080005e-28        300.125627959415
    0.03593750000000001   1.845943958780127e-05   0.0002986351851795763  -4.984525760566863e-28       300.1220802937461
            0.036328125   1.801805193741976e-05    0.000290927457837917  -6.821856322110448e-28       300.1185406624147
             0.03671875    1.75766642870384e-05   0.0002832197304962575  -8.659186883654206e-28       300.1150010310832
            0.037109375    1.71224675698761e-05   0.0002754083923785788   -8.67015482344724e-28       300.1114840394629
    0.03750000000000001   1.665973147485983e-05   0.0002675279804102205   -7.46354768207314e-28       300.1079821409835
            0.037890625   1.619699537984376e-05   0.0002596475684418623  -6.256940540699181e-28       300.1044802425041
             0.03828125    1.57270008447594e-05   0.0002517078850655413  -4.841354223890422e-28       300.1009923486687
    0.03867187500000001   1.524611864957263e-05   0.0002436792945772764  -3.112299143929492e-28       300.0975254617998
              0.0390625   1.476523645438601e-05   0.0002356507040890116   -1.38324406396872e-28       300.0940585749308
    0.03945312500000001   1.428130453903072e-05   0.0002275968903193026  -5.614333962631304e-29       300.0905980944946
    0.03984375000000001   1.378517374300063e-05   0.0002194421834238175   -3.36860037757888e-28       300.0871632397894
            0.040234375   1.328904294697052e-05   0.0002112874765283329  -6.175767358894585e-28        300.083728385084
               0.040625   1.279291215094078e-05   0.0002031327696328479  -8.982934340210278e-28       300.0802935303791
            0.041015625   1.228413250871485e-05   0.0001948718333366762  -9.135292304772274e-28       300.0768874954728
             0.04140625   1.177535286648885e-05   0.0001866108970405047  -9.287650269334251e-28       300.0734814605666
            0.041796875   1.126657322426328e-05   0.0001783499607443332  -9.440008233896172e-28       300.0700754256604
              0.0421875   1.074952857520059e-05   0.0001700184233214863   -7.46735179804179e-28       300.0666897112616
            0.042578125   1.023041767442869e-05   0.0001616692356169706  -4.963441762083297e-28       300.0633090769897
    0.04296874999999999     9.7113067736566e-06   0.0001533200479124551  -2.459531726124874e-28       300.0599284427177
    0.04335937500000001   9.187232160172753e-06   0.0001449277085492416  -7.495889494783864e-29       300.0565608892871
                0.04375   8.659848404880378e-06   0.0001365066014135633   4.310423209600551e-29       300.0532020564173
            0.044140625   8.132464649588146e-06    0.000128085494277885   1.611673591398527e-28       300.0498432235476
    0.04453125000000001   7.602503175745677e-06   0.0001196415976885078    2.35638543149917e-28       300.0464916103891
            0.044921875   7.068675124077878e-06   0.0001111635169185826   2.447218126093043e-28       300.0431508267973
    0.04531250000000001   6.534847072410167e-06   0.0001026854361486571   2.538050820686939e-28       300.0398100432056
            0.045703125   6.000056836602168e-06   9.419872393553178e-05    2.48422289844606e-28       300.0364720939651
             0.04609375   5.461417864232399e-06   8.567748594960154e-05   1.851752508865865e-28       300.0331454821114
    0.04648437500000001   4.922778891862839e-06   7.715624796367203e-05   1.219282119285716e-28       300.0298188702607
               0.046875   4.384139919493399e-06   6.863500997774283e-05   5.868117297055728e-29       300.0264922584102
    0.04726562500000001    3.84216720287528e-06   6.008355588965657e-05   1.441618292580641e-29        300.023175843031
             0.04765625    3.30019448625728e-06    5.15321018015708e-05   -2.98488071189419e-29       300.0198594276519
            0.048046875   2.758221769639403e-06   4.298064771348493e-05  -7.411379716369046e-29       300.0165430122728
              0.0484375   2.214672694260396e-06   3.441487483035009e-05  -6.916005017755069e-29       300.0132315179149
    0.04882812499999999   1.670729529191146e-06   2.584552224845323e-05  -5.190161893368981e-29       300.0099212538122
    0.04921875000000001   1.126786364121942e-06   1.727616966655553e-05  -3.464318768982708e-29       300.0066109897095
            0.049609375   5.824373916110385e-07   8.703244504355404e-06  -2.253859984372943e-29        300.003301964028
                   0.05   3.781788080549695e-08   1.279376219534971e-07  -1.386990759614152e-29       299.9999937639605
    0.05039062500000001  -5.068016299998268e-07  -8.447369260448986e-06   -5.20121534855271e-30       299.9966855638942
             0.05078125  -1.051183273662033e-06  -1.702032993900719e-05  -6.494406540569008e-30       299.9933765488919
    0.05117187500000001  -1.595208116609558e-06  -2.558977131180019e-05  -2.273042289199138e-29       299.9900663114904
              0.0515625  -2.139232959556707e-06  -3.415921268459338e-05    -3.8966439243414e-29       299.9867560740906
            0.051953125  -2.682879968745175e-06  -4.272509213543881e-05  -4.870804905426565e-29       299.9834446117073
    0.05234374999999999  -3.225015642898449e-06  -5.127672389849487e-05  -3.247203270284409e-29       299.9801282494055
            0.052734375  -3.767151317051748e-06  -5.982835566155213e-05  -1.623601635142181e-29        299.976811887107
               0.053125  -4.309286991204905e-06  -6.837998742460763e-05                       0       299.9734955248019
            0.053515625  -4.848169400341299e-06  -7.690149215661807e-05   3.380691522252338e-29       299.9701689917576
             0.05390625  -5.387051809477614e-06  -8.542299688862828e-05    6.76138304450448e-29       299.9668424587134
    0.05429687499999999  -5.925934218613993e-06  -9.394450162063843e-05   1.014207456675663e-28       299.9635159256692
              0.0546875  -6.461031306329863e-06  -0.0001024315520624799   2.324585128055088e-29       299.9601780750462
            0.055078125  -6.995182063691008e-06  -0.0001109099889317791  -8.292449550885078e-29       299.9568373950286
             0.05546875  -7.529332821051895e-06  -0.0001193884258010783   -1.89094842298249e-28       299.9534967150109
            0.055859375  -8.059663583142003e-06   -0.000127832732329201  -2.740385102162965e-28       299.9501452195274
    0.05625000000000001  -8.587447681718317e-06   -0.000136254285296542  -3.448310588867786e-28       299.9467865137398
            0.056640625  -9.115231780294461e-06  -0.0001446758382638774  -4.156236075572494e-28       299.9434278079387
             0.05703125   -9.63973696553059e-06  -0.0001530686595426876  -4.943609029607003e-28       299.9400603903638
            0.057421875  -1.015932378075628e-05  -0.0001614183832887016  -5.850153184635969e-28       299.9366799051092
              0.0578125  -1.067891059598194e-05  -0.0001697681070347169  -6.756697339664967e-28        299.933299419857
            0.058203125  -1.119644577017151e-05  -0.0001781001986565476   -7.41826264120615e-28       299.9299138585008
             0.05859375  -1.170577438021681e-05  -0.0001863617617816403  -7.099912528796024e-28       299.9265079927283
    0.05898437500000001    -1.2215102990262e-05   -0.000194623324906733  -6.781562416385903e-28       299.9231021269558
    0.05937500000000001   -1.27244316003071e-05  -0.0002028848880318253  -6.463212303975768e-28       299.9196962611833
            0.059765625  -1.322118143063024e-05  -0.0002110403132220084    -4.4434584589833e-28       299.9162615936427
             0.06015625  -1.371793126095327e-05  -0.0002191957384121911  -2.423704613990878e-28       299.9128269261021
            0.060546875  -1.421468109127617e-05  -0.0002273511636023738   -4.03950768998474e-29       299.9093922585614
    0.06093750000000001  -1.469928531483091e-05  -0.0002354057694623482  -1.489039904054911e-28       299.9059319778659
            0.061328125  -1.518085313669345e-05  -0.0002434351704897709  -3.350339784123517e-28       299.9024652938822
             0.06171875  -1.566242095855597e-05  -0.0002514645715171927  -5.211639664192118e-28       299.8989986098975
    0.06210937499999999  -1.613313868855343e-05  -0.0002594051213054775  -6.719847210026203e-28       299.8955109268729
                 0.0625  -1.659662302397427e-05  -0.0002672864369343375  -7.992659866370607e-28        299.892009244488
    0.06289062500000001  -1.706010735939494e-05  -0.0002751677525631977  -9.265472522715135e-28        299.888507562103
             0.06328125   -1.75150755630335e-05  -0.0002829800319782443  -9.241325730126819e-28       299.8849907907899
            0.063671875  -1.795726956899893e-05  -0.0002906887570725715  -7.271739764139494e-28       299.8814513860845
    0.06406249999999999  -1.839946357496423e-05  -0.0002983974821668984  -5.302153798152325e-28       299.8779119813792
            0.064453125  -1.883669756377206e-05  -0.0003060662451173871  -3.493579711277344e-28       299.8743645438806
    0.06484375000000001  -1.925409148395004e-05  -0.0003135751594925216  -2.329053140851556e-28       299.8707849752094
            0.065234375   -1.96714854041279e-05  -0.0003210840738676559  -1.164526570425816e-28       299.8672054065382
               0.065625  -2.008887932430572e-05  -0.0003285929882427906  -4.143030808846519e-42       299.8636258378671
    0.06601562500000001  -2.047767360438203e-05  -0.0003358718840620542                       0       299.8600039687151
             0.06640625  -2.086646788445838e-05  -0.0003431507798813177                       0       299.8563820995633
    0.06679687500000001  -2.125526216453481e-05  -0.0003504296757005814                       0       299.8527602304115
    0.06718749999999998  -2.161792514868219e-05  -0.0003574977818927801  -2.501564882901834e-28       299.8491030726775
            0.067578125  -2.197405530884735e-05  -0.0003645131906782136  -5.628520986529635e-28       299.8454370927979
    0.06796875000000002  -2.233018546901247e-05  -0.0003715285994636469  -8.755477090157456e-28       299.8417711129183
            0.068359375  -2.266414213829103e-05  -0.0003783637153336247  -8.170533912166739e-28       299.8380777876408
    0.06874999999999999  -2.298331648031257e-05  -0.0003850786359266414  -5.110991213097569e-28       299.8343662321044
            0.069140625  -2.330249082233276e-05   -0.000391793556519641   -2.05144851402858e-28       299.8306546765549
             0.06953125  -2.360509590498027e-05  -0.0003983719605013113   1.277701459590087e-28       299.8269244495166
    0.06992187500000001  -2.388284709856706e-05   -0.000404745589565961    5.01126234503312e-28        299.823166215225
              0.0703125  -2.416059829215404e-05  -0.0004111192186306143   8.744823230475819e-28       299.8194079809363
    0.07070312499999999  -2.442914955516391e-05  -0.0004174156152617473   1.179728959304698e-27       299.8156402653747
             0.07109375  -2.466090109586576e-05  -0.0004234030821587998   1.212537786413066e-27       299.8118346247209
    0.07148437499999999  -2.489265263656775e-05  -0.0004293905490558524   1.245346613521434e-27       299.8080289840673
    0.07187500000000001  -2.512440417726947e-05  -0.0004353780159529051   1.278155440629803e-27       299.8042233434135
            0.072265625   -2.53055526328713e-05  -0.0004409301240132113   1.312719797539995e-27       299.8003699544681
    0.07265625000000001  -2.548670108847309e-05  -0.0004464822320735175   1.347284154450186e-27       299.7965165655226
    0.07304687500000001  -2.566784954407486e-05  -0.0004520343401338236   1.381848511360378e-27       299.7926631765772
              0.0734375  -2.580489032436112e-05  -0.0004571951428473211   1.041571037056804e-27       299.7887716291299
    0.07382812500000001  -2.593090418581845e-05  -0.0004622581192241167   6.075831049497948e-28       299.7848705420574
             0.07421875  -2.605691804727561e-05  -0.0004673210956009123   1.735951728427986e-28       299.7809694549848
    0.07460937500000001  -2.614724508610278e-05  -0.0004720554399699316  -4.515378242002023e-28       299.7770400156636
    0.07500000000000001  -2.621378090984357e-05  -0.0004765706963337717  -1.204100864533855e-27       299.7730916748465
            0.075390625  -2.628031673358364e-05  -0.0004810859526976016  -1.956663904867509e-27       299.7691433340228
    0.07578125000000001  -2.632145277534748e-05  -0.0004853566690517315  -2.321113531209757e-27       299.7651764261117
            0.076171875  -2.632448914414651e-05  -0.0004892605753913033  -2.103393036564954e-27       299.7611816675645
    0.07656250000000001   -2.63275255129458e-05  -0.0004931644817308808  -1.885672541920148e-27       299.7571869090207
    0.07695312500000001  -2.631715253557109e-05    -0.00049693234153997  -1.544718456082894e-27       299.7531831109292
             0.07734375  -2.625314217350151e-05  -0.0005001560152271261  -7.108300054760772e-28       299.7491431546598
    0.07773437499999999  -2.618913181143212e-05  -0.0005033796889142868   1.230584451307695e-28       299.7451031983932
               0.078125  -2.612512144936272e-05  -0.0005066033626014479   9.569468957376267e-28       299.7410632421266
    0.07851562500000001  -2.599116160152935e-05  -0.0005090724746484764   6.579009908196412e-28       299.7369796790617
    0.07890625000000001    -2.5857201753696e-05  -0.0005115415866955048    3.58855085901616e-28       299.7328961159967
    0.07929687499999999  -2.572324190586268e-05  -0.0005140106987425332   5.980918098361331e-29       299.7288125529317
    0.07968750000000001  -2.553166668015535e-05  -0.0005158122012004809  -5.509920657756113e-28       299.7246956588882
    0.08007812499999999   -2.53256876099796e-05  -0.0005174468012611585  -1.239732147995028e-27          299.7205704321
    0.08046875000000001  -2.511970853980369e-05  -0.0005190814013218361  -1.928472230214616e-27       299.7164452053119
    0.08085937500000001  -2.486989961159568e-05  -0.0005201638580191691  -2.233040130424006e-27       299.7122963426441
                0.08125   -2.45908707780329e-05  -0.0005208782191409388  -2.281493242626641e-27       299.7081317227233
    0.08164062500000001  -2.431184194447005e-05  -0.0005215925802627084  -2.329946354829304e-27       299.7039671028024
             0.08203125  -2.400368590690249e-05   -0.000521902190296554  -2.064140944382058e-27        299.699787752624
    0.08242187500000001  -2.365183906332716e-05  -0.0005216046736984991  -1.326947749959859e-27        299.695586307051
    0.08281250000000001  -2.329999221975199e-05  -0.0005213071571004467  -5.897545555376991e-28       299.6913848614795
            0.083203125  -2.293392836666198e-05   -0.000520787731664292                       0       299.6871766163328
    0.08359375000000002  -2.251099647551158e-05  -0.0005193806708756896                       0       299.6829411728638
            0.083984375  -2.208806458436146e-05  -0.0005179736100870933                       0       299.6787057293981
    0.08437500000000001  -2.166513269321132e-05  -0.0005165665492984972                       0       299.6744702859327
    0.08476562500000001  -2.117460318087671e-05  -0.0005139461518285391   8.953171510053943e-28       299.6702038900713
             0.08515625    -2.0684073668542e-05  -0.0005113257543585788   1.790634302010771e-27       299.6659374942084
    0.08554687500000002  -2.019354415620724e-05  -0.0005087053568886175   2.685951453016199e-27        299.661671098345
    0.08593750000000001  -1.965334264660715e-05  -0.0005050262880409272   4.033670623705122e-27       299.6573825125477
    0.08632812499999999  -1.910072313769026e-05  -0.0005010825513487912   5.494490299314792e-27       299.6530883792587
    0.08671875000000001  -1.854810362877345e-05  -0.0004971388146566609   6.955309974924632e-27       299.6487942459732
    0.08710937500000002  -1.796291239417978e-05  -0.0004923313021127059   7.324429926131108e-27       299.6444854686568
    0.08749999999999999  -1.735600667580147e-05  -0.0004869479390008642   6.965750061068844e-27       299.6401669286508
            0.087890625   -1.67491009574227e-05  -0.0004815645758890147   6.607070196006409e-27       299.6358483886402
    0.08828125000000001  -1.612463416635342e-05  -0.0004755563046853408   5.174344691155168e-27         299.63152144095
    0.08867187500000001  -1.547382576624815e-05  -0.0004686106713439269   2.130550726620811e-27       299.6271818817382
              0.0890625  -1.482301736614276e-05  -0.0004616650380025088  -9.132432379136334e-28       299.6228423225239
    0.08945312500000002  -1.416607870600199e-05  -0.0004543811348870372  -3.474385607479729e-27       299.6184992355855
             0.08984375  -1.348461900571988e-05  -0.0004457441526753544  -4.104921597172149e-27       299.6141420377518
    0.09023437500000001  -1.280315930543784e-05  -0.0004371071704636755  -4.735457586864538e-27       299.6097848399211
    0.09062500000000001  -1.212169960515579e-05  -0.0004284701882519971  -5.365993576556892e-27       299.6054276420907
            0.091015625  -1.142599658325443e-05  -0.0004180062479813518  -3.689120583882856e-27       299.6010561110936
    0.09140625000000001  -1.073029356135309e-05  -0.0004075423077107081  -2.012247591208784e-27       299.5966845800978
            0.091796875  -1.003459053945184e-05  -0.0003970783674400665  -3.353745985347975e-28        299.592313049103
    0.09218750000000002  -9.343376179383622e-06    -0.00038503904749655                       0       299.5879325778784
    0.09257812500000002  -8.653283984773846e-06   -0.000372605882634821                       0       299.5835498716005
    0.09296874999999999  -7.963191790164247e-06  -0.0003601727177730983                       0       299.5791671653268
    0.09335937499999999  -7.290623096886589e-06  -0.0003464685583187726                       0       299.5747795141902
                0.09375  -6.629736737830231e-06  -0.0003319170691360437                       0       299.5703885664769
    0.09414062500000002  -5.968850378773948e-06  -0.0003173655799533191                       0       299.5659976187678
    0.09453125000000002   -5.33065815301725e-06  -0.0003019042887323066                       0       299.5616044261916
            0.094921875  -4.726507127209912e-06  -0.0002850782944538632                       0       299.5572078663144
    0.09531250000000001  -4.122356101402505e-06  -0.0002682523001754181                       0       299.5528113064374
    0.09570312499999999  -3.535792112258298e-06  -0.0002509386921766805   2.972520250703357e-28       299.5484140720744
    0.09609375000000001  -3.019576269766435e-06  -0.0002316746292967533   1.783512150421856e-27       299.5440141397517
    0.09648437500000001  -2.503360427274612e-06  -0.0002124105664168295   3.269772275773445e-27       299.5396142074336
               0.096875  -1.987144584782778e-06   -0.000193146503536903   4.756032401124868e-27       299.5352142751096
    0.09726562499999999  -1.598982342617084e-06  -0.0001712731929943991   4.833653080657319e-27       299.5308127304772
             0.09765625  -1.210820100451385e-06  -0.0001493998824518949   4.911273760189798e-27       299.5264111858449
    0.09804687500000001  -8.226578582856768e-07  -0.0001275265719093903   4.988894439722321e-27       299.5220096412125
    0.09843750000000001  -5.718576832230688e-07  -0.0001034208108500568   3.753313931721593e-27       299.5176077540735
            0.098828125   -3.55398024936241e-07  -7.875693716151739e-05   2.189433126837608e-27       299.5132057813112
    0.09921875000000002  -1.389383666493902e-07  -5.409306347297444e-05   6.255523219534515e-28       299.5088038085421
    0.09960937500000001  -3.272156458417237e-08  -2.764219624847359e-05                       0       299.5044018871495
                    0.1                       0                       0                       0                   299.5
