#              distance                     U_x                     U_y                     U_z                       T
  1.387778780781448e-19   2.871644081000148e-20   3.871394045792356e-18   3.475412069898991e-55       300.5000000000016
  0.0003906250000000002   1.697469930603537e-06   0.0002141627697710095   9.782415314347615e-42       300.4905799956716
  0.0007812500000000002   3.394939861207075e-06    0.000428325539542019   1.956483062869506e-41       300.4811599913431
            0.001171875   5.092409791810615e-06   0.0006424883093130285   2.934724594304251e-41       300.4717399870146
              0.0015625   1.038776549925067e-05   0.0008067695114988822   2.739076288017303e-41        300.462324269427
            0.001953125   1.658259265089984e-05   0.0009585803217884471   2.249955522299934e-41       300.4529096235246
             0.00234375   2.277741980254902e-05    0.001110391132078012   1.760834756582564e-41       300.4434949776222
   0.002734375000000001   2.897224695419821e-05    0.001262201942367577   1.271713990865173e-41       300.4340803317197
               0.003125   3.516707410584736e-05    0.001414012752657142   7.825932251477996e-42       300.4246656858173
   0.003515625000000001   4.136190125749655e-05    0.001565823562946707   2.934724594304248e-42       300.4152510399149
             0.00390625   4.823963356641827e-05    0.001696326557095601                       0       300.4058861087968
            0.004296875   5.614172361124874e-05     0.00179486782703349                       0       300.3965957498554
   0.004687500000000001   6.404381365607926e-05    0.001893409096971378                       0       300.3873053909138
            0.005078125   7.194590370090957e-05    0.001991950366909266                       0       300.3780150319723
   0.005468750000000001   7.984799374574023e-05    0.002090491636847155                       0       300.3687246730308
   0.005859375000000002   8.775008379057083e-05    0.002189032906785042                       0       300.3594343140893
   0.006250000000000001    9.56521738354013e-05    0.002287574176722932                       0       300.3501439551479
   0.006640625000000001   0.0001027578100938862    0.002341960930650718                       0       300.3411698769416
   0.007031250000000001   0.0001098634463523709    0.002396347684578505                       0       300.3321957987354
   0.007421875000000001   0.0001169690826108558    0.002450734438506292                       0       300.3232217205291
              0.0078125   0.0001240747188693406     0.00250512119243408                       0        300.314247642323
            0.008203125   0.0001311803551278254    0.002559507946361867                       0       300.3052735641168
   0.008593750000000001   0.0001382859913863103    0.002613894700289654                       0       300.2962994859104
   0.008984375000000001   0.0001439196445082809    0.002647332414815171                       0        300.287644799591
   0.009375000000000001   0.0001485719755392415    0.002666804103072508                       0       300.2792030411959
            0.009765625   0.0001532243065702023    0.002686275791329846                       0       300.2707612828008
             0.01015625    0.000157876637601163    0.002705747479587183                       0       300.2623195244059
            0.010546875   0.0001625289686321238     0.00272521916784452                       0       300.2538777660108
              0.0109375   0.0001671812996630846    0.002744690856101857                       0       300.2454360076159
            0.011328125   0.0001712305124150616    0.002758981886688305                       0       300.2371403741252
             0.01171875    0.000172867252051103    0.002752550286591198                       0        300.229429240252
            0.012109375   0.0001745039916871449    0.002746118686494091                       0       300.2217181063788
                 0.0125   0.0001761407313231866    0.002739687086396984                       0       300.2140069725056
            0.012890625   0.0001777774709592282    0.002733255486299876                       0       300.2062958386323
             0.01328125   0.0001794142105952699    0.002726823886202768                       0       300.1985847047591
            0.013671875   0.0001810509502313115    0.002720392286105661                       0       300.1908735708859
              0.0140625   0.0001803688183192586    0.002699796908365309                       0       300.1838671507792
            0.014453125   0.0001791069685201819    0.002675660586214145                       0       300.1770369091141
             0.01484375   0.0001778451187211052     0.00265152426406298                       0        300.170206667449
            0.015234375   0.0001765832689220286    0.002627387941911817                       0       300.1633764257841
               0.015625   0.0001753214191229521    0.002603251619760653                       0        300.156546184119
            0.016015625   0.0001740595693238756    0.002579115297609488                       0       300.1497159424538
             0.01640625   0.0001718635033682535    0.002550666254425358                       0       300.1432725835433
            0.016796875   0.0001682661131778095     0.00251574812969173                       0       300.1374095487588
              0.0171875   0.0001646687229873665    0.002480830004958115                       0       300.1315465139759
            0.017578125   0.0001610713327969232    0.002445911880224502                       0       300.1256834791931
    0.01796875000000001   0.0001574739426064805    0.002410993755490886                       0       300.1198204444102
            0.018359375   0.0001538765524160376    0.002376075630757272                       0       300.1139574096273
                0.01875   0.0001502791622255951    0.002341157506023665                       0       300.1080943748453
            0.019140625   0.0001451283714222606    0.002300878762891048                       0       300.1032190898367
             0.01953125   0.0001399775806189268    0.002260600019758439                       0        300.098343804829
    0.01992187500000001   0.0001348267898155928    0.002220321276625829                       0       300.0934685198213
              0.0203125   0.0001296759990122593     0.00218004253349322                       0       300.0885932348136
            0.020703125    0.000124525208208925     0.00213976379036061                       0       300.0837179498059
             0.02109375   0.0001193744174055911       0.002099485047228                       0       300.0788426647982
            0.021484375   0.0001137831347254192    0.002058344210531499                       0       300.0745382788148
    0.02187500000000001   0.0001078981907940211      0.0020166286447924                       0       300.0706144921809
            0.022265625   0.0001020132468626231    0.001974913079053302                       0        300.066690705547
             0.02265625    9.61283029312247e-05    0.001933197513314204                       0       300.0627669189132
            0.023046875   9.024335899982685e-05    0.001891481947575107                       0       300.0588431322793
              0.0234375     8.4358415068429e-05    0.001849766381836009                       0       300.0549193456454
            0.023828125    7.84733946421083e-05    0.001808282562693435                       0       300.0511702485275
             0.02421875   7.258806823609378e-05    0.001767725729936898                       0       300.0481199094639
            0.024609375   6.670274183008021e-05    0.001727168897180375                       0       300.0450695704025
                  0.025   6.081741542406568e-05    0.001686612064423845                       0       300.0420192313399
            0.025390625   5.493208901805228e-05    0.001646055231667318                       0       300.0389688922779
             0.02578125    4.90467626120379e-05    0.001605498398910791                       0       300.0359185532159
            0.026171875   4.316143620602404e-05    0.001564941566154265                       0       300.0328682141538
              0.0265625   3.774068564775065e-05    0.001526528903367724                       0       300.0304339122173
            0.026953125   3.243607905141232e-05     0.00148865228307368                       0       300.0281536195621
             0.02734375   2.713147245507399e-05    0.001450775662779635                       0       300.0258733269068
            0.027734375   2.182686585873581e-05    0.001412899042485598                       0       300.0235930342531
               0.028125   1.652225926239757e-05    0.001375022422191551                       0       300.0213127415973
    0.02851562500000001   1.121765266605888e-05    0.001337145801897503                       0       300.0190324489413
             0.02890625   6.307199523836575e-06    0.001300629170623031   2.304476261777907e-28        300.017014525617
            0.029296875   1.987976562786635e-06    0.001266152522877913   8.065666916222343e-28       300.0153901562886
    0.02968750000000001  -2.331246398262937e-06    0.001231675875132795   1.382685757066693e-27       300.0137657869604
            0.030078125  -6.650469359312479e-06    0.001197199227387685   1.958804822511156e-27       300.0121414176338
    0.03046875000000001  -1.096969232036183e-05    0.001162722579642561   2.534923887955591e-27       300.0105170483039
            0.030859375  -1.528891528141118e-05    0.001128245931897445   3.111042953400031e-27       300.0088926789757
                0.03125  -1.960813824246056e-05    0.001093769284152328   3.687162018844475e-27       300.0072683096475
            0.031640625  -2.270828540791399e-05    0.001062857479792158   4.455785393520888e-27       300.0061861283473
             0.03203125  -2.580843257336634e-05    0.001031945675431988   5.224408768197274e-27       300.0051039470472
            0.032421875   -2.89085797388192e-05    0.001001033871071818   5.993032142873664e-27       300.0040217657471
    0.03281249999999999  -3.200872690427134e-05   0.0009701220667116509    6.76165551755003e-27       300.0029395844474
            0.033203125  -3.510887406972426e-05   0.0009392102623514797   7.530278892226436e-27       300.0018574031469
             0.03359375  -3.820902123517675e-05   0.0009082984579913104   8.298902266902806e-27       300.0007752218468
            0.033984375  -4.052699984016917e-05   0.0008794114630756006   7.799506152700857e-27       299.9999546676131
               0.034375  -4.232353273818815e-05   0.0008518743411228647   6.454763712580035e-27       299.9993085314237
            0.034765625  -4.412006563620715e-05   0.0008243372191701291   5.110021272459212e-27       299.9986623952342
    0.03515625000000001  -4.591659853422552e-05    0.000796800097217393   3.765278832338313e-27       299.9980162590448
    0.03554687500000001  -4.771313143224434e-05    0.000769262975264657   2.420536392217481e-27       299.9973701228555
              0.0359375  -4.950966433026376e-05   0.0007417258533119218   1.075793952096671e-27       299.9967239866661
            0.036328125  -5.105272150543815e-05   0.0007147842067422632                       0       299.9961460970138
    0.03671874999999999  -5.158187578923474e-05   0.0006902244617049164                       0       299.9958411935098
            0.037109375  -5.211103007303135e-05   0.0006656647166675689                       0       299.9955362900058
    0.03750000000000001  -5.264018435682796e-05   0.0006411049716302212                       0       299.9952313865018
            0.037890625  -5.316933864062375e-05   0.0006165452265928742                       0       299.9949264829979
             0.03828125  -5.369849292442074e-05    0.000591985481555527                       0       299.9946215794939
    0.03867187499999999  -5.422764720821711e-05   0.0005674257365181801                       0       299.9943166759899
              0.0390625  -5.384563456099752e-05   0.0005448448713074666                       0       299.9942188307801
    0.03945312500000001  -5.323583018102048e-05   0.0005227587260534113                       0        299.994172750144
    0.03984375000000001  -5.262602580104592e-05   0.0005006725807993568                       0       299.9941266695079
            0.040234375  -5.201622142106991e-05   0.0004785864355453027                       0       299.9940805888717
    0.04062500000000001    -5.1406417041095e-05   0.0004565002902912481                       0       299.9940345082356
            0.041015625  -5.079661266111947e-05   0.0004344141450371943                       0       299.9939884275995
    0.04140625000000001  -4.980930898185875e-05   0.0004130983526437202                       0       299.9940175705229
    0.04179687500000001  -4.825575635367033e-05   0.0003929380895411186                       0       299.9941595487858
              0.0421875  -4.670220372548193e-05   0.0003727778264385173                       0       299.9943015270486
            0.042578125  -4.514865109729346e-05   0.0003526175633359156                       0       299.9944435053114
             0.04296875   -4.35950984691048e-05   0.0003324573002333142                       0       299.9945854835743
    0.04335937500000001  -4.204154584091613e-05   0.0003122970371307123                       0       299.9947274618373
                0.04375  -4.048799321272748e-05   0.0002921367740281109                       0       299.9948694401002
            0.044140625  -3.823175502480958e-05   0.0002733449774414579                       0       299.9951384733077
             0.04453125  -3.597551683689295e-05   0.0002545531808548052                       0       299.9954075065154
            0.044921875  -3.371927864897571e-05   0.0002357613842681524                       0        299.995676539723
    0.04531250000000001  -3.146304046105837e-05   0.0002169695876814989                       0       299.9959455729306
            0.045703125  -2.920680227314169e-05   0.0001981777910948458                       0       299.9962146061382
             0.04609375  -2.695056408522376e-05   0.0001793859945081925                       0       299.9964836393458
            0.046484375  -2.443490564312759e-05   0.0001610838657324876                       0       299.9967966526553
               0.046875  -2.174630036491219e-05   0.0001431081821640813                       0       299.9971389860327
    0.04726562500000001  -1.905769508669674e-05   0.0001251324985956747                       0         299.99748131941
    0.04765625000000001  -1.636908980848137e-05   0.0001071568150272685                       0        299.997823652789
            0.048046875  -1.368048453026606e-05    8.91811314588623e-05                       0       299.9981659861647
    0.04843750000000001  -1.099187925205079e-05   7.120544789045642e-05                       0       299.9985083195455
    0.04882812499999999  -8.274086310336608e-06   5.328401427317631e-05                       0       299.9988554485598
    0.04921875000000001  -5.439542714623091e-06   3.557958046039949e-05                       0       299.9992217601383
    0.04960937500000001  -2.604999118910253e-06   1.787514664762302e-05                       0       299.9995880717166
                   0.05   2.295444768024829e-07   1.707128348472013e-07                       0       299.9999543832969
    0.05039062500000001   3.064088072515934e-06  -1.753372097793002e-05                       0       300.0003206948765
             0.05078125    5.89863166822913e-06  -3.523815479070567e-05                       0       300.0006870064527
    0.05117187500000001   8.733175263942481e-06  -5.294258860348225e-05                       0       300.0010533180306
              0.0515625   1.145121408952533e-05  -7.086334882957548e-05                       0       300.0014005464835
    0.05195312500000001   1.414012672257641e-05  -8.883819065899828e-05                       0       300.0017430041551
             0.05234375   1.682903935562739e-05  -0.0001068130324884204                       0       300.0020854618267
            0.052734375   1.951795198867855e-05  -0.0001247878743178438                       0       300.0024279194999
    0.05312500000000001    2.22068646217296e-05  -0.0001427627161472665                       0       300.0027703771714
            0.053515625   2.489577725478061e-05  -0.0001607375579766888                       0        300.003112834843
             0.05390625    2.74118456423191e-05  -0.0001790385057961461                       0       300.0034260237263
            0.054296875   2.966864766158922e-05  -0.0001978286126006582                       0       300.0036953094314
              0.0546875   3.192544968085935e-05  -0.0002166187194051703                       0       300.0039645951365
    0.05507812500000001   3.418225170012951e-05  -0.0002354088262096826                       0       300.0042338808416
             0.05546875   3.643905371939992e-05  -0.0002541989330141959                       0       300.0045031665482
            0.055859375   3.869585573866996e-05  -0.0002729890398187068                       0       300.0047724522516
                0.05625   4.095265775794018e-05   -0.000291779146623219                       0       300.0050417379568
            0.056640625   4.250692765685046e-05  -0.0003119368631414819                       0       300.0051841043587
    0.05703125000000001   4.406119755576008e-05   -0.000332094579659743                       0       300.0053264707585
            0.057421875   4.561546745467062e-05  -0.0003522522961780049                       0       300.0054688371595
    0.05781250000000001   4.716973735358086e-05  -0.0003724100126962669                       0       300.0056112035604
            0.058203125   4.872400725249108e-05  -0.0003925677292145282                       0       300.0057535699613
             0.05859375   5.027827715140071e-05  -0.0004127254457327899                       0       300.0058959363622
            0.058984375    5.12662959758537e-05  -0.0004340381756106574                       0       300.0059255548744
               0.059375   5.187681408400019e-05  -0.0004561209143949288                       0       300.0058800081273
            0.059765625    5.24873321921473e-05     -0.0004782036531792                       0       300.0058344613804
    0.06015624999999999   5.309785030029391e-05  -0.0005002863919634703                       0       300.0057889146334
    0.06054687499999999   5.370836840844197e-05  -0.0005223691307477418                       0       300.0057433678865
    0.06093750000000001   5.431888651658942e-05  -0.0005444518695320138                       0       300.0056978211394
            0.061328125   5.470156986630256e-05  -0.0005670291594455563                       0       300.0056005412253
             0.06171875   5.417291418227682e-05  -0.0005915846538761658                       0       300.0052963286334
            0.062109375   5.364425849825141e-05  -0.0006161401483067785                       0       300.0049921160431
                 0.0625   5.311560281422599e-05  -0.0006406956427373909                       0       300.0046879034526
    0.06289062499999999   5.258694713020022e-05  -0.0006652511371680029                       0       300.0043836908623
             0.06328125   5.205829144617504e-05  -0.0006898066315986159                       0       300.0040794782719
            0.063671875   5.152963576215046e-05  -0.0007143621260292288                       0       300.0037752656816
    0.06406250000000001    4.99866945792097e-05  -0.0007412988895163618  -7.153313661984441e-28       300.0031982005955
            0.064453125   4.819018202154014e-05  -0.0007688309702676239   -1.60949557394646e-27       300.0025529223855
    0.06484375000000001   4.639366946387079e-05   -0.000796363051018891  -2.503659781694507e-27       300.0019076441772
            0.065234375   4.459715690620136e-05   -0.000823895131770154  -3.397823989442557e-27       300.0012623659671
               0.065625   4.280064434853205e-05  -0.0008514272125214168   -4.29198819719061e-27       300.0006170877572
    0.06601562500000001   4.100413179086275e-05  -0.0008789592932726798  -5.186152404938663e-27       299.9999718095472
             0.06640625   3.868586047501147e-05  -0.0009078409773215878  -7.546837992249272e-27       299.9991521822477
    0.06679687500000001     3.5584951021887e-05  -0.0009387470663169655  -1.210730564890392e-26       299.9980710313137
    0.06718749999999998   3.248404156876254e-05  -0.0009696531553123361  -1.666777330555821e-26       299.9969898803781
    0.06757812499999999   2.938313211563823e-05   -0.001000559244307719  -2.122824096221302e-26       299.9959087294457
    0.06796875000000001   2.628222266251368e-05   -0.001031465333303092  -2.578870861886758e-26       299.9948275785101
            0.068359375   2.318131320938948e-05   -0.001062371422298468  -3.034917627552199e-26       299.9937464275762
    0.06874999999999999   2.008040375626471e-05   -0.001093277511293845  -3.490964393217652e-26       299.9926652766422
    0.06914062499999998   1.575931194868615e-05   -0.001127747979188215  -3.174244986213912e-26       299.9910421060364
             0.06953125   1.143822014110781e-05   -0.001162218447082588  -2.857525579210109e-26       299.9894189354306
    0.06992187499999999   7.117128333529204e-06   -0.001196688914976959  -2.540806172206341e-26       299.9877957648249
              0.0703125   2.796036525950443e-06    -0.00123115938287133  -2.224086765202568e-26        299.986172594219
    0.07070312500000001   -1.52505528162833e-06   -0.001265629850765701  -1.907367358198794e-26       299.9845494236131
    0.07109375000000001  -5.846147089207104e-06   -0.001300100318660073   -1.59064795119502e-26       299.9829262530073
    0.07148437499999999  -1.075931702858603e-05   -0.001336610692677215  -1.260960869449646e-26       299.9809096181186
    0.07187500000000001  -1.606720572249906e-05    -0.00137448100410953  -9.226286712098073e-27       299.9786306737053
            0.072265625  -2.137509441641171e-05   -0.001412351315541843  -5.842964729699931e-27       299.9763517292919
    0.07265624999999999  -2.668298311032513e-05   -0.001450221626974152  -2.459642747301813e-27       299.9740727848777
            0.073046875  -3.199087180423754e-05   -0.001488091938406467   9.236792350964609e-28       299.9717938404647
              0.0734375  -3.729876049815045e-05   -0.001525962249838783   4.307001217494698e-27       299.9695148960516
    0.07382812499999999  -4.272312297607154e-05   -0.001564368675892987   6.115573549543507e-27       299.9670819644648
             0.07421875  -4.861338059002629e-05   -0.001604919560434762   1.625147280194973e-27       299.9640330841849
    0.07460937500000001  -5.450363820398114e-05   -0.001645470444976525  -2.865278989153638e-27       299.9609842039029
    0.07500000000000001  -6.039389581793618e-05   -0.001686021329518303  -7.355705258502173e-27       299.9579353236236
    0.07539062499999999  -6.628415343189008e-05   -0.001726572214060061  -1.184613152785057e-26       299.9548864433411
    0.07578125000000001  -7.217441104584488e-05   -0.001767123098601832  -1.633655779719931e-26       299.9518375630602
            0.076171875  -7.806466865979929e-05     -0.0018076739831436  -2.082698406654775e-26       299.9487886827793
    0.07656250000000001  -8.395601756047836e-05   -0.001849152668629623  -2.541014249082924e-26       299.9450410827957
    0.07695312500000001  -8.984763928283852e-05   -0.001890863304351709  -3.001648395384397e-26       299.9411188028865
    0.07734374999999999   -9.57392610051983e-05   -0.001932573940073792  -3.462282541685836e-26       299.9371965229774
    0.07773437500000001  -0.0001016308827275586    -0.00197428457579588  -3.922916687987339e-26       299.9332742430683
               0.078125  -0.0001075225044499185   -0.002015995211517971  -4.383550834288789e-26       299.9293519631599
    0.07851562499999998   -0.000113414126172278   -0.002057705847240048  -4.844184980590224e-26       299.9254296832499
    0.07890625000000001  -0.0001190127402264005   -0.002098842485183204  -4.800530126597955e-26        299.921126789032
            0.079296875  -0.0001241718427781655   -0.002139118126457962  -4.000441772164986e-26       299.9162529733516
    0.07968750000000001  -0.0001293309453299303   -0.002179393767732709  -3.200353417731982e-26       299.9113791576694
    0.08007812499999999  -0.0001344900478816949    -0.00221966940900746   -2.40026506329901e-26       299.9065053419883
    0.08046874999999999  -0.0001396491504334595   -0.002259945050282213  -1.600176708866007e-26       299.9016315263071
    0.08085937500000001  -0.0001448082529852251   -0.002300220691556968  -8.000883544329751e-27       299.8967577106259
                0.08125    -0.00014996735553699    -0.00234049633283172  -1.046393997222543e-41       299.8918838949447
    0.08164062500000001  -0.0001535743109117696   -0.002375414085684226  -3.909975124425548e-26       299.8860221917706
             0.08203125  -0.0001571812662865499   -0.002410331838536731  -7.819950248850959e-26       299.8801604885967
    0.08242187500000001  -0.0001607882216613299   -0.002445249591389238   -1.17299253732765e-25       299.8742987854226
              0.0828125  -0.0001643951770361096   -0.002480167344241747  -1.563990049770194e-25       299.8684370822492
    0.08320312499999999  -0.0001680021324108893   -0.002515085097094248  -1.954987562212731e-25       299.8625753790747
    0.08359374999999999  -0.0001716090877856691   -0.002550002849946754  -2.345985074655284e-25       299.8567136759008
    0.08398437499999999  -0.0001738150706277699   -0.002578453686384111  -2.599290533956768e-25       299.8502715063862
    0.08437500000000001   -0.000175087071781418   -0.002602593245211369   -2.76080129116421e-25       299.8434423593113
    0.08476562500000001  -0.0001763590729350661   -0.002626732804038627  -2.922312048371648e-25       299.8366132122363
             0.08515625  -0.0001776310740887139   -0.002650872362865884  -3.083822805579078e-25       299.8297840651614
    0.08554687499999999   -0.000178903075242362   -0.002675011921693145  -3.245333562786514e-25        299.822954918087
              0.0859375  -0.0001801750763960102   -0.002699151480520407  -3.406844319993953e-25       299.8161257710125
    0.08632812499999999  -0.0001808672955127465   -0.002719750956326055  -3.425551271829931e-25       299.8091203829468
             0.08671875  -0.0001792403864818347   -0.002726190100045241  -2.873043002179925e-25        299.801410030915
    0.08710937499999999   -0.000177613477450924   -0.002732629243764442  -2.320534732529956e-25       299.7936996788846
    0.08750000000000001   -0.000175986568420014   -0.002739068387483657  -1.768026462879968e-25       299.7859893268561
    0.08789062500000001   -0.000174359659389102   -0.002745507531202848  -1.215518193229955e-25       299.7782789748246
    0.08828125000000001  -0.0001727327503581909   -0.002751946674922043  -6.630099235799845e-26       299.7705686227937
    0.08867187500000001  -0.0001711058413272797   -0.002758385818641244  -1.105016539299943e-26       299.7628582707634
              0.0890625  -0.0001670653921039477   -0.002744106077692523                       0       299.7545631457547
    0.08945312500000001  -0.0001624215578325101   -0.002724646615576819                       0       299.7461218275014
             0.08984375  -0.0001577777235610727   -0.002705187153461117                       0       299.7376805092481
    0.09023437499999999  -0.0001531338892896355   -0.002685727691345415                       0       299.7292391909949
    0.09062500000000001   -0.000148490055018198   -0.002666268229229719                       0       299.7207978727424
    0.09101562499999999  -0.0001438462207467606   -0.002646808767114011                       0       299.7123565544883
    0.09140625000000001  -0.0001382201730338943    -0.00261338516462616                       0       299.7037021844962
    0.09179687499999999  -0.0001311208051588832   -0.002559015351580046                       0       299.6947282368906
    0.09218750000000001   -0.000124021437283872   -0.002504645538533941                       0       299.6857542892865
    0.09257812500000001   -0.000116922069408861    -0.00245027572548784                       0       299.6767803416826
    0.09296874999999999  -0.0001098227015338504   -0.002395905912441737                       0       299.6678063940784
    0.09335937500000001  -0.0001027233336588401   -0.002341536099395655                       0       299.6588324464774
                0.09375  -9.562396578382841e-05   -0.002287166286349528                       0       299.6498584988698
    0.09414062500000001  -8.772544531201131e-05   -0.002188646570898046  -5.995234093427511e-26       299.6405680499884
    0.09453125000000001  -7.982692484019342e-05   -0.002090126855446543   -1.19904681868548e-25       299.6312776011036
    0.09492187499999999   -7.19284043683766e-05   -0.001991607139995057  -1.798570228028168e-25       299.6219871522202
    0.09531249999999999  -6.402988389655924e-05   -0.001893087424543566  -2.398093637370876e-25        299.612696703337
    0.09570312499999999   -5.61313634247422e-05   -0.001794567709092079  -2.997617046713585e-25       299.6034062544538
    0.09609374999999999  -4.823284295292488e-05   -0.001696047993640588  -3.597140456056316e-25       299.5941158055706
    0.09648437500000001  -4.135711918706195e-05   -0.001565569420701206  -3.815558046714229e-25       299.5847507227074
    0.09687500000000002  -3.516325989183563e-05   -0.001413784942769905  -3.779905091582299e-25       299.5753358838574
    0.09726562500000001  -2.896940059660981e-05   -0.001262000464838618  -3.744252136450371e-25       299.5659210450091
    0.09765625000000001  -2.277554130138326e-05   -0.001110215986907311  -3.708599181318418e-25       299.5565062061591
    0.09804687499999999  -1.658168200615733e-05  -0.0009584315089760185  -3.672946226186469e-25       299.5470913673092
    0.09843750000000001  -1.038782271093071e-05  -0.0008066470310447058  -3.637293271054496e-25       299.5376765284576
    0.09882812500000002  -5.093189320077893e-06  -0.0006423932331559348  -3.383222725264609e-25       299.5282606162931
    0.09921874999999999  -3.395459546718638e-06   -0.000428262155437295  -2.255481816843092e-25        299.518840410861
    0.09960937499999999   -1.69772977335935e-06  -0.0002141310777186513  -1.127740908421557e-25       299.5094202054305
    0.09999999999999998                       0                       0                       0                   299.5
