/*--------------------------------*- C++ -*----------------------------------*\
  =========                 |
  \\      /  F ield         | OpenFOAM: The Open Source CFD Toolbox
   \\    /   O peration     | Website:  https://openfoam.org
    \\  /    A nd           | Version:  13
     \\/     M anipulation  |
\*---------------------------------------------------------------------------*/
FoamFile
{
    format      ascii;
    class       volScalarField;
    location    "1.457463432822117";
    object      T;
}
// * * * * * * * * * * * * * * * * * * * * * * * * * * * * * * * * * * * * * //

dimensions      [0 0 0 1 0 0 0];

internalField   nonuniform List<scalar> 
2154
(
300.00000002426179
300.0000000288336
300.00000003348026
300.00000003821174
300.00000004303809
300.00000004796965
300.00000005301695
300.00000005819004
300.00000006349774
300.00000006894601
300.00000007453548
300.00000008025586
300.00000008607776
300.0000000919369
300.00000009770832
300.00000010316137
300.00000010788415
300.00000011115679
300.00000011174063
300.00000010753052
300.00000009498626
300.00000006821057
300.00000001746622
299.99999992681325
299.99999977037595
299.99999950650113
300.00000002352317
300.00000002796298
300.00000003247538
300.00000003706964
300.00000004175564
300.00000004654339
300.00000005144273
300.00000005646331
300.00000006161315
300.00000006689743
300.00000007231523
300.00000007785457
300.00000008348269
300.00000008913042
300.00000009466447
300.00000009983995
300.00000010422156
300.00000010704923
300.00000010701694
300.0000001019061
300.00000008798696
300.00000005904707
300.00000000482862
299.99999990853763
299.99999974290773
299.99999946403699
300.0000000221454
300.00000002633107
300.00000003058472
300.00000003491499
300.00000003933104
300.00000004384196
300.00000004845685
300.00000005318424
300.00000005803082
300.00000006300002
300.00000006808864
300.00000007328111
300.00000007853924
300.00000008378532
300.00000008887145
300.00000009352914
300.00000009728274
300.00000009930477
300.00000009817529
300.00000009148511
300.00000007518616
300.00000004253724
299.99999998240901
299.99999987657901
299.99999969545769
299.99999939139252
300.00000002011683
300.00000002393324
300.0000000278107
300.00000003175711
300.00000003578043
300.00000003988856
300.0000000440894
300.00000004838972
300.00000005279458
300.00000005730499
300.00000006191442
300.00000006660258
300.00000007132422
300.0000000759901
300.00000008043418
300.00000008435745
300.00000008723322
300.00000008814874
300.00000008554093
300.00000007676107
300.00000005736194
300.00000001994152
299.99999995228171
299.99999983437982
299.99999963375552
299.9999992980978
300.00000001772634
300.00000002110522
300.00000002453709
300.00000002802858
300.00000003158635
300.000000035217
300.00000003892666
300.0000000427205
300.00000004660114
300.00000005056683
300.00000005460737
300.00000005869691
300.00000006278214
300.00000006676106
300.00000007044684
300.00000007350661
300.00000007535726
300.00000007499148
300.00000007068843
300.00000005953581
300.00000003664849
299.99999999390013
299.99999991788292
299.99999978665215
299.999999564581
299.99999919429973
300.00000001518742
300.00000001809832
300.00000002105344
300.00000002405801
300.00000002711744
300.00000003023661
300.00000003342012
300.00000003667094
300.00000003998946
300.00000004337079
300.00000004680072
300.00000005024771
300.00000005364996
300.00000005689208
300.00000005976614
300.00000006190447
300.00000006266629
300.00000006094865
300.00000005487067
300.00000004125422
300.00000001477338
299.99999996657533
299.99999988206099
299.99999973734765
299.99999949367702
299.99999908866067
300.00000001263095
300.00000001506902
300.00000001754233
300.00000002005476
300.00000002261004
300.00000002521176
300.00000002786254
300.0000000305634
300.00000003331218
300.00000003610097
300.00000003891148
300.00000004170653
300.00000004441586
300.00000004691128
300.00000004896447
300.00000005017415
300.00000004984508
300.00000004678321
300.00000003895701
300.00000002293848
299.99999999298905
299.99999993957789
299.99999984699934
299.99999968957638
299.99999942566427
299.99999898826781
300.00000001014314
300.00000001212192
300.00000001412684
300.00000001616053
300.00000001822531
300.00000002032317
300.00000002245491
300.00000002461945
300.00000002681247
300.00000002902289
300.00000003122852
300.00000003338698
300.00000003542004
300.00000003718776
300.0000000384432
300.00000003875516
300.00000003737938
300.00000003304132
300.00000002357666
300.00000000533839
299.99999997222835
299.99999991412824
299.99999981437833
299.99999964576421
299.99999936418209
299.99999889873845
300.0000000077826
300.00000000932778
300.00000001089046
300.00000001247184
300.0000000140729
300.00000001569401
300.0000000173344
300.00000001899099
300.00000002065713
300.000000022319
300.00000002395097
300.00000002550553
300.00000002689785
300.00000002797776
300.00000002848213
300.00000002795491
300.00000002561097
300.00000002010955
300.00000000917811
299.99999998899273
299.99999995316733
299.99999989111689
299.99999978543087
299.9999996076956
299.99999931190899
299.99999882419962
300.00000000558623
300.00000000673163
300.00000000788617
300.00000000904987
300.00000001022244
300.00000001140273
300.00000001258837
300.00000001377464
300.0000000149526
300.00000001610624
300.00000001720639
300.00000001820172
300.00000001900156
300.00000001944727
300.0000000192635
300.00000001797446
300.00000001476434
300.00000000824303
299.9999999960587
299.99999997425977
299.99999993625539
299.99999987113438
299.9999997609695
299.99999957653688
299.99999927057644
299.99999876728617
300.00000000357528
300.00000000435881
300.00000000514376
300.00000000592894
300.00000000671292
300.00000000749316
300.00000000826589
300.0000000090248
300.00000000975911
300.00000001045049
300.00000001106736
300.00000001155496
300.00000001181814
300.00000001169224
300.00000001089285
300.00000000893107
300.0000000049709
299.99999999759115
299.99999998439165
299.99999996134591
299.99999992174713
299.99999985450643
299.99999974142742
299.99999955288479
299.99999924103116
299.99999872922581
300.00000000175902
300.0000000022203
300.00000000267573
300.00000000312338
300.00000000356044
300.00000000398342
300.00000000438723
300.00000000476405
300.00000000510164
300.00000000537983
300.00000000556491
300.0000000055997
300.00000000538597
300.00000000475501
300.00000000341748
300.00000000087738
299.99999999628955
299.99999998821994
299.99999997425135
299.99999995033482
299.99999990973589
299.99999984133518
299.9999997269116
299.99999953684028
299.99999922334348
299.99999871000557
300.00000000013813
300.00000000031622
300.00000000048203
300.00000000063267
300.00000000076449
300.00000000087289
300.00000000095167
300.00000000099186
300.00000000097992
300.00000000089432
300.00000000069974
300.00000000033737
299.99999999970714
299.99999999863877
299.99999999684132
299.99999999381822
299.99999998872499
299.99999998013266
299.99999996563622
299.99999994121396
299.99999990018682
299.99999983154316
299.99999971726453
299.99999952810026
299.99999921694854
299.9999987085975
299.99999999870727
299.99999999863957
299.99999999855385
299.99999999844641
299.99999999831294
299.99999999814781
299.99999999794403
299.99999999769159
299.99999999737594
299.99999999697451
299.99999999645104
299.99999999574578
299.99999999475835
299.99999999331862
299.99999999113754
299.99999998772341
299.9999999822424
299.99999997328598
299.99999995848816
299.99999993389912
299.9999998929693
299.99999982491732
299.99999971212935
299.99999952605668
299.9999992208048
299.99999872321592
299.99999999745665
299.99999999717795
299.99999999687628
299.99999999654722
299.99999999618581
299.99999999578586
299.99999999533935
299.99999999483578
299.99999999425972
299.99999999358801
299.9999999927839
299.99999999178743
299.99999999049896
299.99999998875063
299.9999999862581
299.99999998253958
299.99999997677975
299.99999996760465
299.99999995271008
299.99999992825616
299.99999988788585
299.99999982115145
299.99999971101249
299.99999952989594
299.99999923355313
299.99999875157766
299.99999999637407
299.99999999591614
299.99999999543087
299.99999999491359
299.99999999435863
299.99999999375916
299.99999999310688
299.99999999239049
299.99999999159422
299.99999999069445
299.99999998965444
299.99999998841497
299.99999998687792
299.9999999848792
299.99999998214184
299.99999997819805
299.99999997225797
299.99999996299323
299.9999999481804
299.99999992412006
299.99999988469835
299.99999981988367
299.99999971334216
299.99999953869008
299.99999925366387
299.99999879114318
299.99999999544571
299.99999999483691
299.99999999419737
299.9999999935219
299.99999999280436
299.99999999203766
299.99999999121292
299.99999999031866
299.99999998933868
299.99999998824956
299.9999999870148
299.99999998557627
299.99999998383856
299.99999998164242
299.99999997872055
299.9999999746222
299.9999999685885
299.99999995934547
299.99999994476451
299.99999992131023
299.99999988314977
299.99999982072865
299.99999971851679
299.99999955147399
299.99999927956304
299.99999883932202
299.99999999465717
299.99999999392281
299.99999999315492
299.99999999234797
299.99999999149554
299.99999999059037
299.99999998962312
299.99999998858232
299.9999999874517
299.99999998620802
299.99999998481559
299.99999998321783
299.99999998132256
299.99999997897663
299.99999997592369
299.99999997173285
299.99999996567988
299.99999995655156
299.99999994232434
299.99999991964307
299.99999988298146
299.99999982330274
299.99999972594452
299.99999956730784
299.99999930973098
299.99999889363386
299.99999999399432
299.99999999315656
299.99999999228311
299.99999999136827
299.99999999040551
299.99999998938716
299.99999998830418
299.99999998714463
299.99999998589271
299.99999998452552
299.99999998300842
299.99999998128698
299.9999999792725
299.99999997681891
299.99999997368178
299.99999996945166
299.99999996344184
299.99999995450366
299.99999994072505
299.9999999189406
299.99999988394535
299.99999982724302
299.99999973507147
299.99999958532135
299.99999934277429
299.99999895182356
299.99999999344345
299.99999999252162
299.99999999156262
299.99999999056058
299.99999998950886
299.99999998839985
299.99999998722438
299.99999998597082
299.99999998462351
299.99999998316036
299.99999998154794
299.99999997973396
299.99999997763416
299.9999999751094
299.9999999719285
299.99999996770413
299.99999996178849
299.99999995309975
299.99999993983977
299.99999991903712
299.99999988581368
299.99999983221966
299.99999974540088
299.99999960474332
299.99999937747083
299.99999901193229
299.99999999299212
299.99999999200293
299.99999999097565
299.99999998990432
299.99999998878241
299.99999998760228
299.99999998635485
299.99999998502881
299.99999998360897
299.99999998207392
299.99999998039175
299.99999997851273
299.99999997635689
299.99999997379285
299.99999997060235
299.99999996642106
299.99999996064031
299.99999995224545
299.99999993955242
299.99999991978302
299.99999988838306
299.99999983794339
299.9999997565036
299.99999962491637
299.99999941279265
299.99999907233149
299.9999999926286
299.99999999158661
299.99999999050607
299.99999998938114
299.99999998820522
299.99999998697098
299.99999998566949
299.99999998428979
299.9999999828172
299.99999998123138
299.99999997950181
299.99999997758152
299.99999997539504
299.99999997281861
299.99999996964732
299.99999996553953
299.99999995992528
299.99999995185595
299.99999993975962
299.99999992104637
299.99999989147767
299.99999984416814
299.99999976802121
299.99999964530173
299.99999944791034
299.99999913172627
299.99999999234262
299.99999999126032
299.99999999013954
299.99999998897442
299.99999998775871
299.99999998648514
299.99999998514511
299.999999983728
299.99999998222
299.9999999806015
299.99999997884396
299.99999997690293
299.99999997470746
299.99999997214155
299.99999996901323
299.99999996500316
299.99999995957904
299.99999995185624
299.99999994037074
299.99999992271381
299.9999998949491
299.99999985069127
299.99999977966525
299.99999966547495
299.99999948218448
299.99999918913818
299.99999999212503
299.99999999101328
299.99999998986345
299.99999998866991
299.99999998742652
299.9999999861264
299.99999998476125
299.999999983321
299.99999998179243
299.99999998015716
299.99999997838825
299.99999997644397
299.99999997425795
299.99999997172159
299.99999996865574
299.9999999647622
299.99999995954505
299.9999999521807
299.99999994130786
299.99999992468958
299.99999989867507
299.99999985735013
299.99999979121139
299.99999968511622
299.99999951514758
299.99999924387231
299.9999999919678
299.99999999083593
299.99999998966678
299.99999998845493
299.99999998719454
299.9999999858789
299.99999998450028
299.99999998304901
299.99999998151276
299.9999999798743
299.99999997810824
299.99999997617567
299.99999997401449
299.99999997152355
299.99999996853563
299.99999996477305
299.99999995977407
299.99999995277284
299.99999994250487
299.99999992689425
299.99999990255708
299.9999998640186
299.99999980249254
299.99999970399762
299.99999954648138
299.99999929547732
299.99999999186389
299.99999999072003
299.99999998953996
299.99999998831856
299.99999998705033
299.99999998572878
299.99999998434674
299.99999998289508
299.99999998136224
299.99999997973208
299.99999997798096
299.99999997607273
299.99999997394934
299.99999997151662
299.99999996861897
299.99999996499776
299.99999996022353
299.99999995358451
299.99999994390623
299.99999992926274
299.99999990651753
299.99999987060181
299.99999981339016
299.99999972196832
299.99999957599169
299.99999934370248
299.99999999180716
299.99999999065835
299.99999998947476
299.99999998825155
299.99999998698331
299.9999999856642
299.99999998428729
299.99999998284426
299.99999998132427
299.9999999797123
299.99999997798653
299.99999997611309
299.99999997403819
299.99999997167407
299.99999996887601
299.99999996540345
299.99999996085694
299.99999995457472
299.99999994546585
299.99999993174271
299.99999991049663
299.99999987703126
299.9999998238261
299.99999973894052
299.99999960358383
299.99999938845559
299.99999999179221
299.99999999064477
299.99999998946402
299.99999998824546
299.99999998698422
299.99999998567466
299.99999998431042
299.99999998288382
299.9999999813848
299.99999997979944
299.99999997810744
299.99999997627754
299.99999997425977
299.99999997197256
299.99999996928108
299.99999996596171
299.9999999616428
299.9999999557088
299.99999994714562
299.99999993429253
299.99999991444929
299.99999988325982
299.99999983375403
299.99999975487532
299.99999962923954
299.99999942976433
299.99999999181455
299.99999999067381
299.99999998950148
299.99999998829344
299.9999999870451
299.99999998575129
299.99999998440614
299.99999998300257
299.99999998153135
299.99999997997958
299.99999997832867
299.99999997654947
299.99999997459577
299.99999997239166
299.99999996981188
299.99999996664809
299.99999996255423
299.99999995695754
299.99999994891408
299.99999993687919
299.99999991834261
299.99999988925737
299.99999984315258
299.99999976977085
299.99999965299685
299.99999946774267
299.99999999186991
299.9999999907406
299.99999998958162
299.99999998838911
299.99999998715884
299.99999998588606
299.99999998456553
299.99999998319066
299.99999998175292
299.99999998024072
299.99999997863671
299.99999997691407
299.99999997502994
299.99999997291371
299.99999997044881
299.99999996744111
299.99999996356826
299.99999995829626
299.99999995074552
299.99999993947688
299.99999992215282
299.99999989500651
299.99999985201833
299.9999997836519
299.99999967493261
299.99999950256245
299.99999999195472
299.99999999084099
299.99999998969957
299.99999998852701
299.99999998731926
299.99999998607217
299.99999998478086
299.99999998343941
299.99999998204015
299.99999998057223
299.99999997901995
299.99999997735847
299.99999997554801
299.99999997352296
299.9999999711747
299.99999996832236
299.99999996466499
299.99999995970416
299.99999995261874
299.99999994206559
299.99999992586368
299.99999990049969
299.99999986036124
299.99999979656093
299.99999969514903
299.99999953443097
299.99999999206563
299.99999999097116
299.99999998985106
299.99999998870209
299.99999998752077
299.99999998630329
299.99999998504518
299.99999998374113
299.99999998238428
299.99999998096467
299.99999997946793
299.99999997787108
299.9999999761373
299.99999997420565
299.99999997197477
299.99999996927573
299.99999996582733
299.99999996116338
299.99999995451623
299.99999994462962
299.99999992946442
299.9999999057361
299.99999986819984
299.99999980855182
299.99999971376246
299.99999956357306
299.99999999219966
299.99999999112765
299.99999999003211
299.99999998891008
299.99999998775843
299.99999998657381
299.99999998535225
299.99999998408896
299.99999998277764
299.99999998140947
299.99999997997122
299.99999997844168
299.99999997678674
299.99999997494956
299.99999997283567
299.99999997028698
299.99999996704031
299.99999996265899
299.99999995642361
299.99999994715699
299.9999999329483
299.99999991071991
299.99999987555805
299.99999981968432
299.99999973089524
299.99999959021835
299.99999999235399
299.99999999130728
299.99999999023908
299.99999998914683
299.99999998802764
299.99999998687866
299.99999998569632
299.99999998447646
299.9999999832134
299.99999998189912
299.99999998052147
299.9999999790611
299.99999997748608
299.99999997574378
299.99999997374567
299.9999999713437
299.99999996829104
299.99999996417796
299.99999995832889
299.99999994963838
299.99999993631155
299.99999991545815
299.99999988246287
299.99999983002039
299.99999974666963
299.9999996145919
299.99999999252628
299.9999999915072
299.99999999046867
299.99999998940848
299.99999998832425
299.99999998721319
299.9999999860724
299.99999998489801
299.99999998368514
299.99999998242652
299.9999999811111
299.99999997972088
299.99999997822647
299.99999997657852
299.99999997469428
299.99999997243486
299.99999996956825
299.99999996570915
299.99999996022206
299.99999995206645
299.99999993955277
299.99999991995986
299.99999988894234
299.99999983962141
299.99999976120404
299.99999963690817
299.99999944087841
299.99999999271398
299.99999999172462
299.99999999071787
299.99999998969184
299.99999998864428
299.99999998757306
299.99999998647547
299.99999998534832
299.99999998418713
299.9999999829854
299.99999998173308
299.99999998041358
299.99999997899965
299.99999997744504
299.99999997567221
299.99999997355064
299.99999997086195
299.99999996724307
299.99999996209471
299.99999995443562
299.99999994267165
299.999999924235
299.99999989502442
299.99999984854634
299.99999977461022
299.9999996573672
299.99999947239274
299.99999999291498
299.99999999195711
299.99999999098384
299.99999998999351
299.99999998898431
299.99999998795431
299.9999999869014
299.99999998582257
299.99999998471407
299.99999998356992
299.99999998238115
299.99999998113242
299.99999997979819
299.99999997833544
299.99999997667118
299.99999997468251
299.99999997216349
299.99999996877136
299.99999996393984
299.99999995674159
299.99999994566917
299.99999992829402
299.9999999007361
299.99999985685065
299.99999978699174
299.99999967615264
299.99999950119843
299.99999999312723
299.99999999220228
299.99999999126379
299.99999999031053
299.99999998934089
299.9999999883533
299.99999998734592
299.99999998631625
299.99999998526096
299.99999998417485
299.99999998304958
299.99999998187104
299.99999998061554
299.9999999792426
299.99999997768361
299.99999997582273
299.99999997346521
299.99999997028675
299.99999996575156
299.99999995898099
299.99999994854693
299.9999999321472
299.99999990610297
299.9999998645859
299.99999979844353
299.99999969343145
299.99999952757992
299.99999999334864
299.99999999245779
299.99999999155534
299.99999999064016
299.99999998971094
299.99999998876655
299.99999998780532
299.99999998682529
299.99999998582348
299.99999998479529
299.99999998373306
299.99999998262388
299.99999998144557
299.99999998016017
299.99999997870299
299.99999997696443
299.99999997476033
299.99999997178321
299.99999996752479
299.99999996115133
299.99999995130685
299.99999993580462
299.99999991114896
299.99999987179928
299.99999980905181
299.99999970935369
299.99999955179186
299.99999999357755
299.99999999272171
299.99999999185604
299.99999999097963
299.99999999009157
299.99999998919083
299.9999999882761
299.9999999873458
299.99999998639737
299.99999998542665
299.99999998442678
299.99999998338575
299.99999998228293
299.99999998108245
299.99999997972333
299.99999997810176
299.999999976043
299.99999997325523
299.99999996925544
299.99999996325079
299.99999995395137
299.99999993927594
299.99999991589601
299.99999987853374
299.99999981889403
299.99999972405385
299.99999957406072
299.99999999381214
299.99999999299206
299.99999999216385
299.99999999132672
299.99999999048015
299.99999998962323
299.99999998875506
299.99999998787433
299.99999998697888
299.99999998606501
299.99999998512646
299.99999998415211
299.99999998312256
299.99999998200417
299.99999998073923
299.99999997922924
299.99999997730811
299.99999997469831
299.99999997094005
299.99999996527805
299.99999995648295
299.99999994257024
299.99999992036447
299.9999998848283
299.9999998280399
299.99999973765159
299.99999959458717
299.99999999405082
299.99999999326701
299.99999999247655
299.99999999167903
299.99999999087407
299.99999999006104
299.99999998923926
299.99999998840764
299.99999998756454
299.9999999867066
299.99999998582803
299.99999998491865
299.99999998396021
299.999999982921
299.99999998174616
299.9999999803423
299.99999997855122
299.99999997610854
299.99999997257572
299.99999996723227
299.99999995890431
299.99999994569617
299.99999992457305
299.99999989071802
299.99999983655175
299.99999975025332
299.99999961354865
299.99999999429212
299.9999999935448
299.99999999279237
299.99999999203453
299.99999999127107
299.99999999050164
299.99999998972584
299.99999998894288
299.99999998815122
299.99999998734796
299.999999986528
299.99999998568165
299.99999998479188
299.99999998382867
299.99999998274001
299.99999998143682
299.99999997976852
299.99999997748267
299.9999999741604
299.99999996911311
299.99999996121818
299.99999994866187
299.99999992853873
299.99999989623467
299.99999984448522
299.99999976195346
299.99999963110173
299.99999999453468
299.99999999382396
299.9999999931095
299.99999999239122
299.99999999166903
299.99999999094285
299.99999999021242
299.9999999894772
299.99999998873596
299.99999998798614
299.99999998722302
299.99999998643773
299.99999998561407
299.99999998472373
299.99999998371709
299.99999998250939
299.99999998095677
299.99999997881787
299.99999997569222
299.99999997092038
299.9999999634274
299.99999995147505
299.99999993227715
299.99999990140685
299.99999985189021
299.99999977283596
299.99999964738481
299.99999999477717
299.99999999410301
299.99999999342634
299.99999999274735
299.99999999206602
299.99999999138248
299.99999999069672
299.99999999000823
299.99999998931622
299.99999998861841
299.99999998791037
299.99999998718391
299.9999999864238
299.99999998560304
299.99999998467445
299.99999998355702
299.9999999821132
299.99999998011214
299.99999997716986
299.99999997265456
299.99999996553498
299.99999995414277
299.99999993580258
299.9999999062606
299.99999985881107
299.99999978297524
299.99999966252005
299.99999999501836
299.99999999438057
299.99999999374143
299.99999999310126
299.99999999246018
299.99999999181864
299.99999999117654
299.99999999053381
299.99999998988966
299.99999998924221
299.99999998858743
299.99999998791759
299.99999998721825
299.99999998646382
299.99999998560929
299.99999998457713
299.99999998323568
299.99999998136354
299.9999999785926
299.99999997431615
299.99999996754372
299.99999995667207
299.99999993912826
299.9999999108191
299.99999986528786
299.99999979243751
299.99999967661552
299.99999999525727
299.99999999465541
299.99999999405338
299.99999999345147
299.99999999285001
299.99999999224946
299.9999999916501
299.99999999105188
299.99999999045423
299.9999999898555
299.99999998925193
299.99999998863638
299.99999998799512
299.9999999873038
299.99999998651936
299.99999998556763
299.99999998432224
299.99999998257084
299.99999997995974
299.99999997590589
299.99999996945667
299.99999995906933
299.9999999422663
299.99999991510379
299.99999987135629
299.99999980128194
299.99999968976715
299.99999999549266
299.99999999492638
299.99999999436085
299.99999999379651
299.99999999323393
299.99999999267351
299.99999999211576
299.99999999156068
299.999999991008
299.99999999045622
299.99999998990188
299.99999998933828
299.99999998875245
299.99999998812103
299.99999998740287
299.99999998652675
299.99999998537163
299.99999998373306
299.99999998127117
299.99999997742486
299.99999997127685
299.99999996134068
299.99999994522796
299.99999991913381
299.99999987704865
299.99999980956113
299.99999970205994
299.99999999572378
299.99999999519247
299.9999999946628
299.99999999413524
299.99999999361052
299.9999999930892
299.99999999257182
299.99999999205869
299.99999999154937
299.99999999104273
299.99999999053563
299.99999999002165
299.99999998948846
299.99999998891377
299.99999998825814
299.99999998745324
299.99999998638253
299.99999998484958
299.99999998252702
299.99999997887431
299.99999997300728
299.99999996349209
299.99999994802357
299.99999992292697
299.99999988239398
299.99999981732242
299.99999971356971
299.99999999594974
299.99999999545264
299.99999999495805
299.99999999446646
299.99999999397869
299.99999999349541
299.99999999301713
299.99999999254436
299.99999999207688
299.99999999161361
299.99999999115164
299.9999999906849
299.99999999020167
299.9999999896807
299.99999998908402
299.99999998834591
299.99999998735433
299.99999998592006
299.99999998372755
299.99999998025561
299.9999999746509
299.99999996552907
299.99999995066281
299.99999992649913
299.99999988741865
299.9999998246081
299.9999997243641
299.99999999616955
299.99999999570605
299.99999999524567
299.99999999478911
299.99999999433726
299.99999999389081
299.99999999345039
299.99999999301656
299.99999999258921
299.99999999216749
299.99999999174861
299.99999999132683
299.99999999089101
299.99999999042069
299.99999998987943
299.99999998920401
299.9999999882865
299.99999998694443
299.99999998487334
299.99999998157023
299.9999999762108
299.99999996745703
299.99999995315466
299.99999992986528
299.99999989214638
299.99999983145631
299.9999997345036
299.99999999638248
299.99999999595173
299.99999999552472
299.99999999510226
299.99999999468514
299.99999999427428
299.99999999387046
299.99999999347409
299.9999999930854
299.99999999270329
299.99999999232546
299.99999999194642
299.99999999155546
299.99999999113282
299.99999999064369
299.99999999002705
299.99999998917878
299.99999998792276
299.99999998596519
299.99999998281987
299.99999997768998
299.99999996928096
299.99999995550758
299.99999993303891
299.99999989659892
299.99999983790144
299.99999974404255
299.99999999699014
299.9999999965878
299.99999999618888
299.99999999579427
299.99999999540483
299.99999999502148
299.99999999464507
299.99999999427644
299.99999999391611
299.99999999356424
299.99999999322006
299.99999999288133
299.99999999254277
299.99999999219415
299.99999999181654
299.99999999137628
299.99999999081462
299.99999999003103
299.99999998885545
299.99999998700389
299.99999998400625
299.99999997909134
299.99999997100593
299.99999995772941
299.9999999360324
299.99999990079601
299.99999984397471
299.99999975302973
299.99999999715652
299.99999999678471
299.99999999641676
299.99999999605359
299.99999999569616
299.99999999534538
299.99999999500216
299.99999999466735
299.99999999434158
299.99999999402502
299.99999999371704
299.99999999341537
299.99999999311518
299.99999999280652
299.9999999924712
299.99999999207682
299.9999999915666
299.99999999084343
299.999999989743
299.99999998799052
299.99999998513107
299.99999998041784
299.99999997263643
299.99999995982745
299.9999999388574
299.99999990475561
299.99999984970412
299.99999976150923
299.99999999731472
299.99999999697241
299.99999999663441
299.99999999630171
299.99999999597526
299.99999999565591
299.99999999534469
299.9999999950424
299.99999999474977
299.99999999446692
299.99999999419339
299.99999999392702
299.9999999936631
299.99999999339212
299.99999999309659
299.99999999274519
299.99999999228305
299.99999999161628
299.99999999058599
299.99999998892622
299.99999998619626
299.99999998167243
299.99999997417694
299.99999996180861
299.99999994152444
299.99999990849432
299.99999985511533
299.99999976952063
299.99999999746382
299.99999999715016
299.99999999684121
299.99999999653795
299.99999999624134
299.99999999595229
299.99999999567183
299.99999999540086
299.99999999513989
299.99999999488932
299.99999999464859
299.99999999441565
299.99999999418606
299.99999999395061
299.99999999369248
299.99999999338121
299.99999999296404
299.99999999235001
299.99999999138521
299.99999998981212
299.99999998720358
299.99999998285784
299.99999997563179
299.99999996367933
299.99999994404345
299.99999991202714
299.9999998602317
299.99999977710013
299.99999999760308
299.9999999973171
299.99999999703624
299.9999999967614
299.99999999649356
299.99999999623378
299.99999999598293
299.99999999574192
299.99999999551136
299.9999999952916
299.99999999508202
299.99999999488091
299.99999999468372
299.99999999448175
299.99999999425864
299.99999999398511
299.99999999360989
299.99999999304498
299.99999999214145
299.99999999064954
299.99999998815503
299.99999998397686
299.99999997700507
299.99999996544568
299.99999994642354
299.99999991536805
299.99999986507447
299.99999978428036
299.99999999773178
299.99999999747246
299.99999999721859
299.99999999697116
299.99999999673116
299.99999999649947
299.99999999627715
299.9999999960649
299.9999999958635
299.99999999567314
299.99999999549334
299.99999999532236
299.99999999515586
299.99999999498544
299.99999999479519
299.9999999945569
299.9999999942209
299.99999999370198
299.99999999285563
299.99999999143978
299.99999998905236
299.9999999850321
299.99999997830054
299.99999996711335
299.99999994867312
299.99999991852962
299.99999986966293
299.99999979109094
299.99999999784887
299.99999999761519
299.99999999738736
299.99999999716636
299.99999999695314
299.99999999674861
299.99999999655375
299.99999999636924
299.99999999619575
299.99999999603352
299.99999999588209
299.9999999957397
299.99999999560225
299.99999999546151
299.99999999530223
299.99999999509697
299.99999999479758
299.99999999432151
299.99999999352872
299.99999999218414
299.9999999898975
299.99999998602624
299.99999997952193
299.99999996868775
299.99999995080009
299.99999992152385
299.99999987401492
299.99999979755887
299.99999999795341
299.99999999774434
299.99999999754158
299.99999999734604
299.99999999715874
299.99999999698042
299.99999999681194
299.99999999665408
299.99999999650748
299.9999999963722
299.99999999624782
299.99999999613271
299.99999999602272
299.99999999591012
299.99999999577989
299.99999999560549
299.99999999534032
299.99999999490444
299.99999999416167
299.999999992884
299.99999999069223
299.99999998696177
299.99999998067284
299.99999997017375
299.99999995281178
299.9999999243613
299.99999987814664
299.99999980370887
299.99999999804425
299.99999999785882
299.99999999768022
299.99999999750929
299.99999999734689
299.99999999719387
299.99999999705102
299.99999999691886
299.99999999679812
299.9999999966887
299.9999999965903
299.99999999650117
299.99999999641733
299.99999999633116
299.99999999622833
299.99999999608292
299.99999999584981
299.99999999545139
299.99999999475557
299.99999999354071
299.99999999143836
299.99999998784114
299.9999999817565
299.99999997157613
299.99999995471489
299.9999999270521
299.99999988207304
299.99999980956341
299.99999999812042
299.99999999795762
299.99999999780215
299.99999999765492
299.99999999751674
299.99999999738822
299.99999999727015
299.99999999716294
299.99999999706711
299.99999999698275
299.9999999969092
299.99999999684485
299.99999999678596
299.99999999672491
299.99999999664783
299.9999999965296
299.99999999632655
299.99999999596321
299.99999999531133
299.99999999415559
299.9999999921377
299.99999998866662
299.99999998277622
299.99999997289933
299.99999995651581
299.99999992960545
299.99999988580771
299.99999981514298
299.99999999818056
299.9999999980393
299.99999999790617
299.99999999778191
299.99999999766715
299.9999999975625
299.99999999746854
299.9999999973856
299.99999999731403
299.99999999725384
299.99999999720427
299.99999999716385
299.99999999712861
299.99999999709144
299.99999999703874
299.99999999694614
299.99999999677124
299.99999999644075
299.99999999583014
299.99999999472999
299.99999999279191
299.9999999894406
299.99999998373482
299.99999997414744
299.99999995822037
299.99999993202977
299.99999988936338
299.9999998204666
299.9999999982233
299.99999999810268
299.99999999799098
299.99999999788895
299.99999999779709
299.9999999977158
299.99999999764538
299.9999999975862
299.99999999753834
299.99999999750162
299.99999999747541
299.99999999745791
299.99999999744546
299.99999999743108
299.99999999740135
299.99999999733296
299.99999999718449
299.99999999688487
299.99999999631297
299.99999999526534
299.9999999934027
299.99999999016507
299.99999998463534
299.99999997532444
299.99999995983399
299.999999934333
299.99999989275142
299.99999982555147
299.99999999824723
299.99999999814622
299.99999999805527
299.9999999979749
299.99999999790543
299.99999999784706
299.99999999779999
299.99999999776418
299.99999999773962
299.99999999772592
299.9999999977224
299.99999999772723
299.99999999773672
299.999999997744
299.99999999773627
299.99999999769068
299.9999999975671
299.99999999729641
299.99999999676095
299.99999999576278
299.99999999397176
299.99999999084218
299.99999998548037
299.99999997643386
299.99999996136188
299.99999993652244
299.99999989598263
299.9999998304134
299.99999999825081
299.99999999816845
299.99999999809751
299.99999999803839
299.99999999799104
299.99999999795551
299.99999999793158
299.99999999791902
299.99999999791748
299.99999999792658
299.99999999794528
299.99999999797183
299.99999999800258
299.99999999803072
299.9999999980439
299.99999999801992
299.99999999791976
299.99999999767635
299.99999999717522
299.99999999622378
299.99999999450057
299.999999991474
299.9999999862726
299.99999997747932
299.99999996280872
299.99999993860473
299.99999989906684
299.999999835067
299.99999999823223
299.99999999816765
299.99999999811621
299.99999999807801
299.99999999805277
299.99999999804015
299.99999999803947
299.99999999805021
299.99999999807181
299.99999999810353
299.99999999814423
299.99999999819204
299.99999999824342
299.99999999829174
299.99999999832488
299.99999999832141
299.99999999824342
299.9999999980256
299.99999999755687
299.99999999664965
299.99999999499084
299.99999999206238
299.99999998701441
299.9999999784639
299.99999996417887
299.99999994058624
299.99999990201303
299.99999983952563
299.99999999818959
299.9999999981419
299.99999999810962
299.99999999809233
299.99999999808955
299.99999999810018
299.99999999812314
299.99999999815765
299.99999999820255
299.99999999825695
299.99999999831954
299.99999999838832
299.99999999845988
299.99999999852764
299.99999999857999
299.99999999859591
299.99999999853884
299.99999999834523
299.99999999790697
299.99999999704158
299.99999999544394
299.99999999260916
299.99999998770812
299.99999997939068
299.99999996547649
299.9999999424727
299.99999990482956
299.99999984380167
299.99999999812064
299.99999999808909
299.99999999807574
299.99999999807983
299.99999999810001
299.99999999813474
299.99999999818232
299.99999999824115
299.99999999830982
299.99999999838718
299.99999999847171
299.99999999856129
299.99999999865264
299.99999999873927
299.99999999880998
299.99999999884449
299.99999999880708
299.99999999863627
299.99999999822671
299.99999999740089
299.99999999586151
299.99999999311621
299.99999998835597
299.99999998026254
299.99999996670545
299.99999994426946
299.99999990752423
299.99999984790651
299.99999999802264
299.9999999980065
299.99999999801241
299.99999999803867
299.99999999808324
299.99999999814344
299.99999999821677
299.99999999830101
299.99999999839429
299.99999999849507
299.9999999986016
299.99999999871193
299.9999999988226
299.99999999892765
299.99999999901593
299.999999999068
299.99999999904924
299.9999999988998
299.99999999851735
299.99999999772893
299.99999999624492
299.99999999358516
299.99999998896004
299.99999998108217
299.99999996786937
299.99999994598147
299.99999991010407
299.99999985185053
299.99999999789225
299.99999999789105
299.99999999791692
299.99999999796711
299.99999999803805
299.99999999812582
299.99999999822683
299.99999999833796
299.99999999845681
299.99999999858153
299.99999999871045
299.99999999884136
299.99999999897108
299.9999999990938
299.99999999919896
299.99999999926763
299.99999999926638
299.999999999137
299.99999999878003
299.99999999802702
299.9999999965957
299.99999999401774
299.99999998952239
299.99999998185206
299.99999996897151
299.9999999476135
299.99999991257579
299.99999985564335
299.99999999772473
299.99999999773848
299.99999999778606
299.99999999786303
299.9999999979637
299.9999999980821
299.9999999982133
299.99999999835319
299.99999999849894
299.99999999864838
299.99999999879981
299.99999999895118
299.99999999909954
299.99999999923926
299.99999999936045
299.99999999944475
299.99999999945982
299.9999999993492
299.99999999901604
299.9999999982964
299.99999999691522
299.99999999441548
299.99999999004478
299.99999998257465
299.99999997001504
299.99999994916965
299.99999991494542
299.99999985929395
299.99999999751384
299.99999999754294
299.99999999761565
299.99999999772433
299.99999999785962
299.9999999980131
299.99999999817788
299.99999999834893
299.99999999852298
299.99999999869783
299.99999999887189
299.99999999904344
299.99999999920976
299.9999999993658
299.99999999950194
299.99999999960073
299.99999999963086
299.99999999953752
299.99999999922665
299.9999999985385
299.99999999720484
299.99999999478001
299.99999999052926
299.99999998325205
299.99999997100286
299.99999995065394
299.99999991721853
299.99999986281051
299.99999999724974
299.99999999729607
299.99999999740027
299.99999999754863
299.99999999772632
299.9999999979209
299.99999999812349
299.99999999832835
299.99999999853208
299.99999999873279
299.99999999892935
299.99999999912046
299.99999999930384
299.99999999947511
299.99999999962506
299.9999999997371
299.99999999978093
299.99999999970345
299.99999999941315
299.9999999987545
299.99999999746603
299.99999999511277
299.99999999097736
299.99999998388654
299.99999997193771
299.99999995207014
299.99999991940041
299.99999986620065
299.99999999691687
299.99999999698508
299.99999999713299
299.99999999733467
299.99999999756596
299.99999999780954
299.99999999805488
299.99999999829612
299.99999999853054
299.99999999875706
299.9999999989754
299.99999999918498
299.99999999938427
299.99999999956924
299.99999999973164
299.99999999985545
299.99999999991149
299.99999999984828
299.99999999957686
299.99999999894573
299.9999999977
299.99999999541524
299.99999999139072
299.99999998447998
299.99999997282208
299.99999995342165
299.99999992149594
299.99999986947131
299.99999999648759
299.99999999658979
299.99999999680568
299.99999999708325
299.99999999738412
299.99999999768642
299.99999999797933
299.99999999825872
299.99999999852389
299.99999999877525
299.99999999901388
299.99999999924029
299.99999999945362
299.99999999965064
299.99999999982361
299.99999999995748
300.00000000002404
299.99999999997334
299.99999999971902
299.99999999911347
299.99999999790811
299.99999999568865
299.99999999177095
299.99999998503415
299.9999999736583
299.99999995471148
299.99999992350939
299.99999987262896
299.99999999590716
299.9999999960782
299.99999999641187
299.99999999680193
299.99999999719324
299.99999999756363
299.99999999790731
299.99999999822478
299.99999999851877
299.99999999879265
299.99999999904901
299.99999999928963
299.99999999951461
299.99999999972135
299.99999999990291
300.00000000004479
300.00000000011994
300.00000000008004
299.99999999984084
299.99999999925882
299.99999999809143
299.99999999593439
299.9999999921194
299.99999998555091
299.9999999744486
299.99999995594271
299.99999992544502
299.99999987567958
299.99999999504877
299.99999999540307
299.99999999595843
299.99999999651476
299.99999999701708
299.99999999746046
299.99999999785297
299.99999999820437
299.99999999852287
299.99999999881481
299.99999999908499
299.99999999933641
299.99999999956992
299.99999999978365
299.99999999997124
300.00000000011897
300.00000000020077
300.00000000016956
299.99999999994361
299.99999999938296
299.99999999825116
299.99999999615363
299.99999999243744
299.99999998603164
299.9999999751949
299.99999995711795
299.99999992730648
299.99999987862861
299.99999999355651
299.99999999452882
299.999999995503
299.99999999627903
299.99999999689584
299.9999999974026
299.99999999783296
299.99999999820852
299.99999999854344
299.9999999988471
299.99999999912581
299.99999999938353
299.99999999962188
299.99999999983947
300.00000000003041
300.0000000001815
300.00000000026756
300.00000000024301
300.00000000002825
299.99999999948687
299.99999999838838
299.99999999634741
299.9999999927262
299.99999998647797
299.99999997589907
299.9999999582397
299.99999992909727
299.99999988148119
299.99999999019713
299.99999999365872
299.99999999524817
299.99999999620286
299.99999999688316
299.99999999741766
299.9999999978624
299.99999999824644
299.99999999858659
299.9999999988936
299.99999999917441
299.99999999943344
299.99999999967247
299.99999999989035
300.00000000008157
300.0000000002334
300.00000000032151
300.00000000030138
300.00000000009572
299.99999999957151
299.99999999850388
299.99999999651669
299.99999999298689
299.99999998689111
299.99999997656278
299.99999995931012
299.99999993082059
299.99999988424184
)
;

boundaryField
{
    hotWall
    {
        type            fixedValue;
        value           nonuniform List<scalar> 0();
    }
    coldWall
    {
        type            fixedValue;
        value           nonuniform List<scalar> 0();
    }
    bottomWall
    {
        type            zeroGradient;
    }
    topWall
    {
        type            zeroGradient;
    }
    front
    {
        type            empty;
    }
    back
    {
        type            empty;
    }
    procBoundary9to5
    {
        type            processor;
        value           nonuniform List<scalar> 
28
(
299.99999999370652
299.99999999466809
299.99999999563386
299.9999999964042
299.99999999701714
299.99999999752106
299.99999999794915
299.99999999832255
299.99999999865531
299.99999999895658
299.99999999923267
299.99999999948756
299.99999999972289
299.99999999993742
300.00000000012585
300.00000000027575
300.00000000036329
300.00000000034555
300.00000000014683
299.99999999963762
299.99999999859853
299.99999999666238
299.9999999932204
299.99999998727225
299.9999999771876
299.99999996033142
299.9999999324794
299.99999988691491
)
;
    }
    procBoundary9to6
    {
        type            processor;
        value           nonuniform List<scalar> 
28
(
299.99999999739509
299.9999999975314
299.99999999766038
299.99999999778123
299.99999999789327
299.99999999799559
299.99999999808745
299.99999999816777
299.99999999823558
299.9999999982897
299.99999999832903
299.99999999835205
299.99999999835757
299.99999999834387
299.99999999830942
299.99999999825224
299.99999999817021
299.9999999980609
299.99999999792095
299.99999999774639
299.99999999753135
299.99999999726765
299.99999999694256
299.99999999653619
299.9999999960167
299.99999999533753
299.99999999446413
299.99999999360153
)
;
    }
    procBoundary9to7
    {
        type            processor;
        value           nonuniform List<scalar> 
53
(
300.00000001975548
300.00000001914668
300.00000001801914
300.00000001635402
300.00000001439395
300.00000001231558
300.00000001022403
300.00000000818795
300.00000000625334
300.00000000444965
300.0000000027938
300.00000000129359
299.99999999995032
299.99999999876025
299.99999999771637
299.99999999680927
299.99999999602863
299.99999999536311
299.99999999480167
299.99999999433356
299.99999999394856
299.9999999936374
299.99999999339173
299.99999999320391
299.99999999306743
299.99999999297637
299.99999999292567
299.99999999291077
299.99999999292783
299.99999999297336
299.99999999304424
299.99999999313752
299.99999999325087
299.99999999338183
299.99999999352821
299.99999999368794
299.99999999385921
299.99999999404008
299.99999999422903
299.9999999944244
299.99999999462472
299.99999999482856
299.99999999503467
299.99999999524175
299.99999999544877
299.99999999565466
299.99999999585845
299.99999999605927
299.99999999625618
299.99999999644848
299.99999999663538
299.9999999968162
299.9999999968162
)
;
    }
    procBoundary9to10
    {
        type            processor;
        value           nonuniform List<scalar> 
40
(
299.99999936964059
299.99999939844037
299.99999942504161
299.99999944966902
299.99999947252013
299.99999949376894
299.99999951356926
299.9999995320569
299.99999954935225
299.99999956556252
299.99999958078291
299.99999959509893
299.99999960858668
299.99999962131477
299.999999633345
299.9999996447329
299.99999965552871
299.99999966577809
299.99999967552236
299.99999968479909
299.99999969364239
299.99999970208353
299.99999971015092
299.99999971787076
299.99999972526678
299.99999973236083
299.99999973917306
299.99999974572182
299.99999975202405
299.99999975809538
299.9999997639502
299.99999976960163
299.99999977506195
299.99999978034236
299.99999978545333
299.99999979040433
299.99999979520425
299.99999979986114
299.9999998043827
299.99999980877567
)
;
    }
    procBoundary9to11
    {
        type            processor;
        value           nonuniform List<scalar> 
41
(
299.99999906870016
299.99999900182974
299.99999888828012
299.99999874385503
299.99999858418806
299.99999842269995
299.99999827049925
299.9999981364204
299.999998026931
299.99999794610494
299.99999789574571
299.99999787565127
299.99999788398304
299.99999791768755
299.99999797292708
299.99999804547622
299.99999813105904
299.99999822561233
299.99999832547047
299.99999842747769
299.9999985290379
299.99999862811569
299.99999872320103
299.99999881325141
299.99999889762233
299.99999897599326
299.99999904829701
299.99999911465449
299.99999917531949
299.99999923063189
299.99999928098083
299.99999932677679
299.99999936843068
299.99999940633978
299.99999940633978
299.99999913365195
299.9999991823957
299.99999922679143
299.99999926731459
299.99999930438821
299.99999933838671
)
;
    }
}


// ************************************************************************* //
