/*--------------------------------*- C++ -*----------------------------------*\
  =========                 |
  \\      /  F ield         | OpenFOAM: The Open Source CFD Toolbox
   \\    /   O peration     | Website:  https://openfoam.org
    \\  /    A nd           | Version:  13
     \\/     M anipulation  |
\*---------------------------------------------------------------------------*/
FoamFile
{
    format      ascii;
    class       volScalarField;
    location    "5.450949822821";
    object      rho_0;
}
// * * * * * * * * * * * * * * * * * * * * * * * * * * * * * * * * * * * * * //

dimensions      [1 -3 0 0 0 0 0];

internalField   nonuniform List<scalar> 
2142
(
1.0000079727562263
1.0000099558097297
1.0000124068266001
1.0000154376768811
1.0000191831290384
1.0000238040110907
1.0000294899524236
1.0000364611513799
1.000044968392628
1.0000552903122928
1.0000677267369751
1.0000825869019592
1.0001001716166233
1.0001207491364759
1.0001445257247652
1.0001716136159848
1.0002020010716435
1.0002355308960647
1.0002718943764615
1.0003106463721407
1.0003512439103948
1.0003931057654813
1.0004356857445287
1.0004785499675406
0.99999686750717476
0.99999728094669982
0.99999768345972684
0.99999807636140092
0.99999846206003606
0.99999884421741758
0.99999922793975016
0.99999962001133047
1.0000000291860136
1.0000004665548758
1.0000009460121215
1.0000014848451964
1.0000021044791778
1.0000028314095701
1.0000036983612171
1.0000047457133729
1.0000060232307337
1.0000075921353608
1.0000095275417487
1.0000119212522942
1.0000148848669344
1.0000185530910575
1.0000230870213578
1.0000286770425286
1.0000355447757643
1.0000439432912296
1.0000541545594925
1.0000664829308645
1.0000812433956385
1.0000987436294719
1.00011925951938
1.0001430051099809
1.0001700996889409
1.0002005367891096
1.0002341616601236
1.0002706644417769
1.0003095950535978
1.0003504023661431
1.0003924951481307
1.0004353172898477
1.0004784271903355
0.99999496239757246
0.99999548540862637
0.99999599467024514
0.99999648893327342
0.99999696783820202
0.9999974320502828
0.99999788340524454
0.99999832507215181
0.99999876174253322
0.99999919985785113
0.9999996478906632
1.0000001166984307
1.0000006199728702
1.0000011748119075
1.0000018024456683
1.0000025291522481
1.0000033874028762
1.0000044172787277
1.0000056682017977
1.0000072010178289
1.0000090904571324
1.0000114279746315
1.0000143249273252
1.0000179159775926
1.000022362505377
1.0000278556630589
1.0000346185101734
1.000042906428499
1.0000530047694214
1.0000652224846698
1.0000798804395679
1.0000972933466419
1.0001177449473753
1.0001414573341985
1.000168557134784
1.0001990434225105
1.0002327640951199
1.0002694082324843
1.0003085207534075
1.0003495421615611
1.0003918709024291
1.0004349406045148
1.0004783016736223
0.99999370179843106
0.99999432853468229
0.99999493864810141
0.99999552993122498
0.99999610113111692
0.99999665209982336
0.99999718395144377
0.99999769923159254
0.99999820210788071
0.99999869859330759
0.99999919681809413
0.99999970736944355
1.0000002437230353
1.0000008227945383
1.0000014656441265
1.0000021983715881
1.0000030532437714
1.0000040700990946
1.0000052980743588
1.000006797695137
1.0000086433593527
1.0000109262196499
1.0000137574273795
1.0000172716311839
1.0000216305168759
1.0000270260236583
1.0000336826703649
1.0000418581808255
1.0000518413371036
1.0000639457732041
1.0000784983530147
1.0000958210012321
1.0001162055435409
1.0001398823961021
1.0001669858257238
1.0001975207298666
1.0002313378717902
1.0002681253710988
1.0003074230915761
1.000348662958777
1.0003912327682452
1.0004345555275531
1.0004781733631982
0.99999219078828028
0.99999293928727262
0.99999366850695848
0.99999437507432742
0.99999505663674315
0.99999571203405746
0.99999634147312344
0.99999694670935357
0.99999753124312463
0.99999810054247218
0.99999866230758838
0.99999922679709286
0.99999980724078574
1.0000004203685366
1.0000010870900511
1.0000018333652145
1.0000026913092008
1.0000037005798386
1.0000049100956117
1.0000063801291146
1.0000081848095959
1.0000104150446985
1.0000131818290736
1.0000166198376714
1.000020891094344
1.0000261883523931
1.0000327376175837
1.0000407989915598
1.0000506647411826
1.0000626532672836
1.0000770975596831
1.0000943269354092
1.0001146415408952
1.000138280401468
1.0001653857346531
1.000195968560297
1.0002298827399001
1.0002668155455612
1.0003063017394991
1.0003477644578354
1.0003905805110986
1.0004341619127002
1.0004780422096085
0.99999039209026508
0.99999128204390875
0.99999215048924928
0.99999299265062558
0.99999380483424039
0.99999458462961555
0.99999533110923822
0.99999604502945216
0.99999672903910952
0.99999738790658854
0.99999802878038602
0.99999866150355365
0.99999929900755657
0.99999995781669382
1.0000006586997865
1.0000014275112552
1.0000022962685915
1.0000033045168704
1.0000045010322032
1.0000059459128505
1.0000077130959681
1.0000098933148849
1.0000125974697023
1.000015960314119
1.0000201442533545
1.0000253428917205
1.0000317837575523
1.000039729372507
1.0000494755474942
1.0000613455390344
1.0000756785944607
1.0000928116083236
1.0001130532912028
1.0001366515725534
1.0001637569447708
1.0001943868634924
1.0002283985371545
1.0002654785172012
1.0003051564266534
1.0003468464019067
1.0003899139258094
1.0004337596305326
1.000477908168836
0.99998826640956306
0.99998931893587262
0.99999034841861345
0.99999134841445669
0.99999231361163732
0.99999324006980939
0.99999412545428068
0.99999496926549125
0.99999577306837439
0.99999654073081523
0.9999972786856659
0.99999799623656016
0.9999987059338924
0.99999942405358477
1.0000001712175464
1.0000009732007191
1.0000018619749615
1.0000028770440674
1.0000040671258255
1.0000054922341968
1.0000072262043391
1.0000093596805102
1.0000120035450866
1.0000152926969879
1.0000193899789447
1.0000244898944086
1.0000308215393547
1.0000386499052976
1.0000482744125361
1.0000600232671397
1.0000742421101649
1.0000912756040929
1.0001114412739263
1.0001349962577153
1.0001620996595124
1.0001927756995523
1.0002268851985148
1.0002641141291146
1.0003039869476769
1.0003459085828272
1.0003892328403925
1.0004333485707353
1.0004777712030366
0.9999857732956281
0.99998701058892825
0.9999882243221202
0.9999894060958423
0.99999054867035952
0.9999916462541546
0.99999269478402408
0.99999369219465073
0.99999463867964589
0.99999553695115317
0.99999639251105665
0.99999721395354146
0.99999801332587601
0.99999880658146523
0.99999961416646055
1.000000461787959
1.0000013814177999
1.0000024125905025
1.0000036040558642
1.0000050158442597
1.0000067217926329
1.0000088125568238
1.0000113990942845
1.0000146165312225
1.000018628218498
1.0000236296196778
1.0000298514543631
1.0000375612427008
1.0000470620868334
1.0000586872419779
1.0000727888842094
1.0000897196397622
1.0001098061052247
1.0001333149411484
1.0001604142126752
1.0001911352490891
1.0002253427658301
1.0002627223148768
1.0003027931697763
1.0003449508469213
1.0003885371201633
1.0004329286445022
1.0004776312813208
0.99998287227167693
0.99998431711962288
0.99998573929312218
0.99998712813283652
0.99998847413303116
0.99998976929022354
0.99999100744215741
0.99999218459134609
0.99999329921161217
0.99999435254162872
0.99999534887611741
0.99999629587336902
0.99999720490583532
0.99999809148912322
0.99999897583314423
0.99999988356694547
1.000000846695561
1.0000019048523781
1.0000031069129232
1.0000045130338058
1.0000061971707781
1.0000082501077263
1.0000107829869722
1.0000139312610679
1.0000178588756796
1.0000227623299123
1.0000288740354069
1.0000364641099651
1.0000458394182057
1.0000573383706057
1.000071319825109
1.0000881445731307
1.0001081485468744
1.0001316082526199
1.0001587010786197
1.0001894658234789
1.0002237713976789
1.0002613031075021
1.0003015750403856
1.0003439731010515
1.0003878266720203
1.0004324997870424
1.0004774883805667
0.99997952423102499
0.99998119939361474
0.99998285460689895
0.9999844766435062
0.99998605337448832
0.99998757418982953
0.99998903041076126
0.99999041568350011
0.99999172634814271
0.99999296178248276
0.99999412472767557
0.99999522161252397
0.99999626290197974
0.99999726350620466
0.99999824329629827
0.99999922778202288
1.0000002490148068
1.00000134678529
1.0000025701876374
1.0000039796209992
1.0000056492889058
1.0000076702353558
1.0000101539149078
1.0000132362236176
1.0000170818060969
1.000021888288372
1.0000278898564301
1.0000353593063014
1.0000446073549614
1.0000559776815447
1.0000698359787354
1.0000865514103312
1.0001064695149811
1.0001298769770597
1.0001569608824024
1.0001877678751256
1.00022217137929
1.0002598566485392
1.0003003325949889
1.0003429753188267
1.0003871014488566
1.0004320619601683
1.0004773424862647
0.99997569307872669
0.99997762053384898
0.99997953308527554
0.9999814146408762
0.99998325008515165
0.99998502578309967
0.99998673008123085
0.99998835378979778
0.99998989063399624
0.99999133766819359
0.99999269565497129
0.99999396942224106
0.99999516822181167
0.99999630612600388
0.99999740251046132
0.99999848268248059
0.99999957872368928
1.0000007306230325
1.0000019877797206
1.0000034109543252
1.0000050747367542
1.0000070705777688
1.0000095103890931
1.000012530646234
1.0000162968154682
1.00002100775841
1.0000268995329331
1.0000342477066548
1.0000433669490476
1.000054606329327
1.000068338534231
1.0000849413130346
1.0001047700883354
1.0001281220638438
1.0001551944096767
1.0001860420075768
1.0002205431324038
1.0002583831971739
1.0002990659649973
1.0003419575468901
1.0003863614540425
1.0004316151549311
1.0004771935933772
0.99997134757161743
0.99997354764332314
0.99997574068588091
0.99997790747638393
0.99998002956086662
0.99998208985165626
0.9999840732324502
0.99998596714880406
0.99998776216456176
0.99998945247031623
0.99999103633996134
0.9999925165415795
0.99999390072330729
0.99999520180939439
0.99999643845607256
0.9999976356305158
0.9999988253878066
1.0000000479295583
1.0000013530325658
1.0000028019349028
1.0000044697575217
1.000006448517172
1.0000088507444438
1.0000118136491367
1.0000155036611906
1.0000201210047712
1.0000259037235453
1.0000331302639331
1.0000421193592079
1.000053225598758
1.0000668288294756
1.0000833156051367
1.0001030515162432
1.0001263446355959
1.0001534026161807
1.0001842889853132
1.0002188872248963
1.0002568831391851
1.0002977753855578
1.0003409199111852
1.0003856067459143
1.0004311593942672
1.0004770417072022
0.99996646328195571
0.99996895368088967
0.99997144826751694
0.99997392447565026
0.99997636019429348
0.99997873446587759
0.99998102820952495
0.99998322494010039
0.99998531145463743
0.9999872784635947
0.9999891211534031
0.99999083967808555
0.9999924395956864
0.9999939322812269
0.99999533536624996
0.99999667327182729
0.99999797791639577
0.9999992896907689
1.0000006587988759
1.0000021470625704
1.0000038302796084
1.0000058012013282
1.0000081731539177
1.000011084254568
1.0000147020582759
1.0000192282976099
1.0000249031331043
1.0000320080118841
1.0000408658541986
1.0000518369088587
1.0000653083560043
1.0000816757787796
1.0001013152256559
1.0001245459963053
1.0001515866366035
1.0001825097430059
1.0002172043799784
1.0002553569955854
1.0002964612031393
1.0003398626230862
1.0003848374421844
1.0004306947356041
1.0004768868442278
0.99996102458203273
0.99996381940121271
0.99996663345695769
0.99996944070601446
0.99997221512080769
0.99997493149163386
0.99997756627942747
0.99998009848244884
0.99998251047936693
0.99998478881464237
0.99998692490036167
0.99998891562251324
0.99999076385784402
0.99999247892792242
0.99999407703896481
0.99999558177698955
0.99999702474618946
0.99999844645249825
0.99999989754267116
1.0000014405101176
1.0000031519697166
1.0000051255808269
1.0000074756541275
1.0000103414039989
1.0000138916906827
1.0000183299199021
1.0000238985176544
1.0000308820688306
1.0000396078161284
1.0000504418164431
1.0000637787632605
1.0000800234995404
1.0000995628274014
1.0001227276385531
1.000149747792612
1.0001807053940215
1.0002154954847526
1.0002538054307428
1.0002951238827371
1.0003387859852593
1.0003840537241828
1.0004302212733769
1.0004767290329579
0.99995502652281554
0.99995813524466426
0.99996128251694427
0.99996443879036478
0.99996757394834979
0.99997065821041109
0.99997366312079639
0.99997656257945455
0.99997933386776194
0.99998195862125172
0.99998442370952079
0.99998672199682026
0.99998885297703244
0.99999082330096289
0.99999264724042369
0.99999434715977542
0.99999595408893627
0.99999750851018532
0.99999906148248796
1.000000676229718
1.0000024303106203
1.0000044184648276
1.0000067561844219
1.0000095839848442
1.0000130722290739
1.000017426178935
1.0000228906917765
1.0000297536424769
1.0000383467439851
1.0000490420192896
1.000062241862067
1.0000783606106272
1.0000977961213173
1.0001208912496162
1.0001478875997949
1.0001788772379288
1.0002137615978934
1.0002522292597742
1.0002937640145004
1.0003376903971086
1.0003832558408234
1.000429739141389
1.0004765683146906
0.9999484764627804
0.99995190304327719
0.99995539209382223
0.99995891065918041
0.99996242447757067
0.99996589897402233
0.99996930038435949
0.99997259696212126
0.99997576021029144
0.99997876607574077
0.99998159604906833
0.9999842381254066
0.99998668760314502
0.99998894772545155
0.99999103020134772
0.99999295567560187
0.99999475424646567
0.99999646615427062
0.99999814277959731
0.99999984809497822
1.0000016607064988
1.0000036765976306
1.00000601264128
1.0000088108680645
1.0000122433559837
1.0000165174225368
1.0000218805386578
1.0000286240359906
1.0000370842574076
1.0000476393588615
1.0000606996271955
1.0000766891358996
1.000096017100073
1.000119038716216
1.0001460077732733
1.0001770267667507
1.0002120039561968
1.000250629454968
1.00029238231958
1.0003365763596364
1.0003824441121745
1.0004292485149491
1.0004764047442232
0.99994139529737625
0.99994513739791424
0.9999489707073782
0.99995285911485354
0.99995676430039016
0.99996064679715746
0.99996446724165189
0.99996818776069563
0.99997177342775712
0.99997519371145482
0.99997842383909286
0.99998144600874406
0.99998425040514904
0.99998683600595017
0.99998921120247031
0.99999139429922967
0.99999341399419828
0.9999953099732064
0.99999713377355592
0.99999895008096362
1.0000008386180126
1.000002896757952
1.000005242949541
1.0000080209578277
1.0000114047992523
1.0000156040606285
1.0000208690232539
1.000027494655545
1.0000358221007548
1.0000462358225224
1.0000591541989095
1.0000750112815442
1.0000942279514675
1.0001171721276687
1.0001441102317195
1.0001751556696945
1.0002102239797324
1.0002490071509877
1.0002909796549722
1.0003354444795394
1.0003816189325041
1.0004287496127087
1.0004762383904664
0.99993381814937687
0.99993786658685868
0.99994203984723473
0.99994629907837496
0.99995060215436959
0.99995490477518023
0.9999591618225816
0.99996332892133466
0.99996736413093534
0.99997122967603191
0.99997489361678582
0.99997833136673353
0.99998152698627385
0.99998447421366732
0.99998717723908725
0.99998965127580197
0.99999192303016937
0.99999403121311015
0.99999602726531667
0.99999797648306454
0.99999995972824929
1.0000020758820483
1.0000044451515022
1.0000072132540849
1.0000105563743735
1.0000146865925521
1.0000198572088315
1.00002636701946
1.0000345621474944
1.0000448335451886
1.0000576078833563
1.0000733294362292
1.000092431058994
1.0001152937772013
1.0001421970995221
1.0001732658360805
1.0002084232753212
1.000247363648588
1.0002895570171233
1.0003342954723453
1.000380780772661
1.0004282426981139
1.000476069336931
0.9999257944045159
0.99993013288142851
0.99993463454539566
0.99993925838683717
0.99994395890631982
0.99994868720919627
0.99995339243439807
0.99995802347151441
0.99996253088804976
0.99996686896189313
0.99997099769798392
0.99997488470739937
0.99997850684420919
0.99998185153024555
0.99998491774720732
0.99998771673345066
0.99999027248203687
0.99999262218957408
0.99999481684548241
0.99999692217362801
0.99999902013926434
1.0000012112108503
1.0000036175142293
1.0000063869284368
1.0000096980360953
1.0000137656404269
1.0000188462770467
1.0000252427690142
1.0000333064049074
1.0000434348103497
1.000056063151689
1.0000716461695764
1.0000906290004727
1.0001134061612029
1.0001402707068465
1.0001713593562058
1.0002066036380608
1.0002457004165779
1.0002881155440455
1.000333130164389
1.0003799301816383
1.0004277280803844
1.0004758976820656
0.99991738701822064
0.99992199217969668
0.99992680332511297
0.99993177803498501
0.99993686805380388
0.9999420203264312
0.99994717845381564
0.99995228453360929
0.99995728130953876
0.99996211451498751
0.99996673526828028
0.9999711023661858
0.99997518433280941
0.99997896111462647
0.99998242536626514
0.99998558333936216
0.99998845545940929
0.9999910767430803
0.9999934972621527
0.99999578289290436
0.99999801659718446
1.0000003004599856
1.0000027586545166
1.0000055414130531
1.0000088299391903
1.0000128419885219
1.0000178375515589
1.0000241236809002
1.0000320570190533
1.0000420420503677
1.0000545226377948
1.0000699642288011
1.0000888245445705
1.0001115119762023
1.0001383335873517
1.0001694385198803
1.0002047670506278
1.0002440190917565
1.0002866565157014
1.0003319494934149
1.0003790677871693
1.0004272061149266
1.0004757235394093
0.99990867107283987
0.99991351291694142
0.99991860746587413
0.99992391178457551
0.99992937565690831
0.9999349425013786
0.99994055079518629
0.99994613599103988
0.99995163285963862
0.99995697813921747
0.99996211333088103
0.99996698745368806
0.99997155957386163
0.99997580095168792
0.9999796967061827
0.9999832469748785
0.99998646763347654
0.99998939072508408
0.99999206481931469
0.99999455556814754
0.99999694674178508
0.99999934201004681
1.000001867679839
1.0000046765016204
1.000007952507785
1.0000119166282764
1.0000168325249537
1.0000230116811866
1.0000308162798888
1.0000406578459542
1.0000529891345253
1.0000682865333892
1.0000870206450609
1.0001096141133961
1.0001363884733583
1.0001675058123982
1.000202915680104
1.0002423214765681
1.0002851813524105
1.0003307545076043
1.0003781942951995
1.0004266772030868
1.0004755470375346
0.99989973162584367
0.99990477426872826
0.99991011957646447
0.99991572511157611
0.99992153965136354
0.99992750391384222
0.99993355188044852
0.99993961272700438
0.99994561331354448
0.99995148111793275
0.99995714743826447
0.99996255064664152
0.99996763926266485
0.99997237463562894
0.99997673308063417
0.99998070739954081
0.99998430782082282
0.99998756249743426
0.99999051779308779
0.99999323865177803
0.99999580937416976
0.99999833511273484
1.0000009443423497
1.0000037924603906
1.0000070665120027
1.0000109908081918
1.0000158328884963
1.0000219088604809
1.0000295866263478
1.0000392849246995
1.0000514655883241
1.0000666161677207
1.00008522043271
1.000107715650588
1.0001344382882977
1.000165563907752
1.0002010518720985
1.0002406095342369
1.0002836916110487
1.0003295463628232
1.0003773104880811
1.0004261417911529
1.0004753683197418
0.99989066095144752
0.99989586372349026
0.99990142152637052
0.99990729351513863
0.9999134285422423
0.99991976562129403
0.99992623507038514
0.99993276038203127
0.99993926079789908
0.99994565448637562
0.99995186214172105
0.99995781075969403
0.99996343731069537
0.99996869203850924
0.99997354116457959
0.99997796886969081
0.99998197854399218
0.99998559342380244
0.99998885684962457
0.99999183246657652
0.9999946047338002
0.99999728010664057
0.99999998920158562
1.0000028901463645
1.0000061731499588
1.0000100660873188
1.0000148405639226
1.0000208174898275
1.0000283706511177
1.0000379261585031
1.0000499550921702
1.0000649563715753
1.000083427204727
1.0001058198414627
1.0001324861363343
1.0001636156589335
1.0001991781419886
1.0002388853811781
1.0002821889788396
1.0003283263179099
1.000376417221353
1.0004256003685177
1.000475187543483
0.9998815553338084
0.99988687415896715
0.99989260184352524
0.9998987002685179
0.99990511953044203
0.99991179807109043
0.99991866355874992
0.99992563461170758
0.99993262338029565
0.99993953890991794
0.9999462911074537
0.99995279504463719
0.99995897527340871
0.99996476981582449
0.99997013353334341
0.99997504067503373
0.99997948653845137
0.99998348832864603
0.99998708544543746
0.99999033954316074
0.99999333477382202
0.99999617863456636
0.99999900379007622
1.0000019711285657
1.0000052741323537
1.0000091443905479
1.0000138577361377
1.0000197400366631
1.0000271711047424
1.0000365845597308
1.000048460876771
1.0000633105285124
1.000081644411791
1.0001039301021828
1.0001305352891152
1.0001616640852451
1.0001972971631501
1.0002371512765362
1.0002806752645677
1.0003270957278483
1.0003755154189808
1.0004250534649251
1.0004750048794864
0.99996652904331318
0.99997193755706515
0.99997684317459057
0.99998125589738807
0.99998521018873054
0.99998876493278044
0.999992003421599
0.99999503385254329
0.99999799077464357
1.0000010378072639
1.0000043717661269
1.0000082280633393
1.0000128868853289
1.0000186791799557
1.000025990898584
1.0000352632759015
1.0000469862999704
1.0000616821521759
1.000079875642728
1.0001020499953868
1.0001285891697009
1.000159712356621
1.0001954117521414
1.0002354096087562
1.0002791523871042
1.0003258560347095
1.00037460606696
1.0004245016467401
1.0004748205105582
0.99996275302099791
0.99996867997682637
0.99997406476474227
0.99997890899135811
0.99998324113929682
0.99998711647703697
0.99999061680983281
0.99999385061925861
0.9999969541049416
1.0000000935250104
1.0000034690328592
1.0000073199230071
1.0000119308166564
1.0000176378234362
1.0000248331060875
1.0000339655826851
1.0000455348343706
1.0000600748706447
1.0000781246070198
1.0001001832117733
1.0001266513338261
1.0001577637750725
1.0001935248508853
1.0002336628791957
1.0002776223612044
1.0003246087563042
1.0003736902052289
1.0004239455122033
1.000474634630051
0.99995883723739487
0.99996529420609725
0.99997117272903824
0.99997646485283587
0.99998119202497626
0.99998540501572408
0.99998918346280719
0.99999263565362051
0.99999589913981712
0.99999914266251622
1.0000025696569714
1.0000064233031769
1.0000109926853542
1.0000166191056528
1.0000237009616997
1.000032694875
1.0000441100532229
1.0000584924090377
1.000076395115425
1.000098333549571
1.0001247254487831
1.0001558217534881
1.000191639506028
1.0002319136828806
1.0002760872806267
1.0003233554725572
1.0003727689178801
1.0004233856856557
1.0004744474399923
0.99995481965778799
0.99996181222550917
0.99996819360017253
0.99997394517934157
0.99997908035466598
0.99998364451477428
0.99998771442232981
0.99999139764781686
0.99999483274154743
0.99999819071185614
1.0000016781582732
1.0000055420876846
1.0000100760148345
1.0000156264054387
1.0000225978567518
1.000031454656003
1.0000427156147043
1.0000569385706879
1.0000746910591336
1.0000965048923498
1.0001228152703601
1.0001538897921878
1.0001897588457997
1.0002301646866518
1.0002745492987457
1.0003220978097078
1.0003718433217343
1.0004228228107734
1.0004742591488827
0.99995074397154693
0.99995827142424765
0.99996515885527704
0.9999713760518808
0.99997692741141997
0.99998185209833379
0.99998622329895304
0.99999014732357738
0.99999376332798906
0.99999724431930059
1.0000007998832046
1.0000046807299685
1.000009184705239
1.0000146633413016
1.0000215273316051
1.0000302485238253
1.0000413552447949
1.0000554172173235
1.0000730163880129
1.0000947011857897
1.0001209246184559
1.000151971453805
1.0001878860548825
1.0002284186051194
1.000273010606971
1.0003208374225654
1.0003709145534232
1.0004222575428869
1.0004740699691874
0.99994665892104795
0.99995471410792747
0.9999621045724203
0.99996878770874587
0.99997475811400849
0.99998004797220086
0.99998472623605061
0.99998889742050368
0.99999270087327774
0.99999631129034028
0.9999999410091901
1.0000038442540373
1.0000083230298977
1.0000137337632833
1.0000204930634127
1.0000290801559892
1.0000400327190926
1.0000539322488486
1.0000713750886925
1.000092926414222
1.0001190573522025
1.0001500703372956
1.0001860243480079
1.0002266781750409
1.0002714734114744
1.0003195759751877
1.0003699837552318
1.0004216905405332
1.0004738801145705
0.9999426174613476
0.99995118683241613
0.99995907091865444
0.99996621416399434
0.99997260074103811
0.99997825523002182
0.9999832417772252
0.99998766260725513
0.99999165684894897
0.99999540055023972
0.99999910851700691
1.0000030382333793
1.000007495617333
1.0000128417359746
1.0000194988489992
1.0000279532915974
1.0000387518440641
1.0000524875834993
1.0000697711634381
1.0000911845779967
1.0001172173456787
1.0001481900521374
1.0001841769432762
1.0002249461289976
1.0002699399089428
1.0003183151205406
1.000369052060097
1.0004211224564752
1.0004736897969451
0.99993867579123552
0.99994773959046734
0.99995610148497605
0.99996369267707708
0.99997048651779008
0.99997649953841949
0.99998179063113612
0.99998645930902796
0.99999064409922656
0.99999452205474459
0.99999831012692997
1.0000022687447712
1.0000067074168766
1.0000119915116767
1.0000185485825854
1.0000268717115899
1.0000375164384436
1.0000510871393771
1.0000682086110089
1.00008947967299
1.0001154084655939
1.0001463341940975
1.0001823470365088
1.0002232251695506
1.0002684122623613
1.0003170564799246
1.0003681205763153
1.0004205539285147
1.0004734992234476
0.99993489230050847
0.99994442488383806
0.99995324249001427
0.99996126308644018
0.99996844907173776
0.99997480870220967
0.99998039533191829
0.99998530544796727
0.99998967664665661
0.99999368664736332
0.99999755419572101
1.0000015422948638
1.0000059636465948
1.0000111874931701
1.0000176462284578
1.0000258392176693
1.0000363303157658
1.0000497348186339
1.0000666914109932
1.0000878156739001
1.0001136345526811
1.0001445063243237
1.0001805377783306
1.000221517945431
1.0002668925781595
1.0003158016232347
1.0003671903727318
1.0004199855705644
1.0004733085934876
0.99993132647711158
0.99994129671533594
0.99995054187794552
0.99995896702462272
0.99996652376768191
0.9999732121156335
0.9999790797976208
0.99998422009675303
0.99998876942717563
0.99999290586190448
0.99999684957322132
1.0000008657186652
1.000005269723135
1.0000104341861982
1.000016795789155
1.0000248596108732
1.0000351972693506
1.0000484344959146
1.0000652235134606
1.0000861965233632
1.0001118994089577
1.0001427099539817
1.0001787522561574
1.0002198270317826
1.0002653828864823
1.0003145520514716
1.0003662624654361
1.0004194179645949
1.0004731180960811
0.99992803781127504
0.99993840953277324
0.9999480483366866
0.99995684703495602
0.99996474693719761
0.99997174010975232
0.99997786879326478
0.99998322304939358
0.99998793795693852
0.9999921916715846
0.99999620541936762
1.0000002460505932
1.0000046311742323
1.000009736142607
1.0000160012703665
1.0000239366712622
1.0000341210614838
1.0000471900130641
1.0000638088361979
1.0000846261293797
1.000110206793537
1.000140948537209
1.000176993483842
1.0002181549170466
1.0002638851268602
1.0003133091833489
1.000365337807319
1.0004188516542747
1.0004729279077325
0.99992508472274344
0.99993581715049185
0.99994581025996676
0.99995494561040388
0.99996315501944921
0.9999704232096045
0.99997678730899531
0.9999823343170734
0.99998719793668667
0.99999155618894631
0.99999563098479849
0.99999969037058478
1.0000040535359853
1.0000090978960838
1.0000152666444841
1.0000230741407721
1.0000331054190315
1.0000460051825879
1.000062451272294
1.000083108374112
1.0001085604302864
1.0001392254758457
1.0001752644024409
1.0002165039997655
1.0002624011421883
1.0003120743483862
1.0003644172822306
1.0004182871413632
1.0004727381912233
0.99992252352305588
0.99993357166496089
0.9999438746720174
0.99995330417365802
0.99996178363150157
0.99996929131739654
0.99997585986730142
0.99998157356063133
0.99998656480296422
0.99999101132392654
0.99999513536079043
0.99999920562977118
1.0000035422385396
1.0000085238935901
1.0000145958156146
1.0000222757119714
1.0000321540383266
1.0000448838029301
1.0000611547114562
1.0000816471377829
1.0001069640314009
1.000137544140228
1.0001735678964339
1.000214876599453
1.0002609326847178
1.0003108487895211
1.0003635017059878
1.0004177248862203
1.0004725490957618
0.99992040740947163
0.99993172237040051
0.99994228612742619
0.99995196201503966
0.99996066658644989
0.99996837284006801
0.99997510977642146
0.99998095947480969
0.9999860532390209
0.99999056841059519
0.99999472720693305
0.99999879846237671
1.000003102485487
1.0000080184268372
1.0000139925898288
1.0000215450262344
1.0000312706028478
1.0000438296893064
1.0000599230791638
1.0000802463422294
1.0001054213418727
1.000135907911351
1.0001719068308019
1.0002132749867247
1.000259481438722
1.0003096336791013
1.0003625918370704
1.0004171653141629
1.0004723607590675
0.9999187854726872
0.99993031467023785
0.99994108559256489
0.99995095520204436
0.99995983487765649
0.99996769378140848
0.99997455835000471
0.99998050914285663
0.99998567666168403
0.9999902378162292
0.99999441446765136
0.99999847499267913
1.0000027391339879
1.000007585569481
1.0000134606554487
1.0000208856857062
1.0000304588179987
1.0000428467246263
1.000058760398634
1.0000789100196454
1.0001039362109663
1.0001343202509392
1.0001702841156637
1.0002117014391825
1.0002580490657051
1.000308430153112
1.0003616884006039
1.0004166088298621
1.0004721733121333
0.99991770168922134
0.99992938897242578
0.9999403093105057
0.99995031547270241
0.9999593156479234
0.99996727682098696
0.99997422411609227
0.99998023738342223
0.99998544670380785
0.99999002854941277
0.99999420409125472
0.99999824064797205
1.0000024565842862
1.0000072291269988
1.0000130035792318
1.0000203012843363
1.000029722468154
1.0000419389359472
1.0000576708815931
1.0000776424132349
1.0001025126981444
1.0001327848074602
1.0001687028067623
1.0002101583311205
1.0002566372794623
1.0003072393697174
1.0003607921301279
1.0004160558425268
1.000471986887576
0.99991719386341538
0.99992897955316917
0.99993998765007253
0.99995006912549844
0.99995913116438095
0.99996714040499246
0.99997412204175595
0.99998015611503455
0.99998537271504462
0.99998994788661977
0.9999941017675229
0.99999809999035461
1.0000022586887971
1.0000069526074418
1.0000126248253267
1.0000197954641894
1.0000290655020794
1.0000411106029234
1.0000566590550348
1.0000764481178568
1.000101155222495
1.0001313055678995
1.0001671662519933
1.0002086482670278
1.0002552479600744
1.0003060625996865
1.0003599038327669
1.0004155068052982
1.0004718016327312
0.99991729248541061
0.99992911337613455
0.99994014394303565
0.99995023592245602
0.99995929782393145
0.99996729787808025
0.99997426280345802
0.99998027376675969
0.99998546130653809
0.99999000103910329
0.99999411170175201
0.99999805658170449
1.0000021486921626
1.0000067592222524
1.0000123278047759
1.0000193720041304
1.0000284921537963
1.0000403664058388
1.0000557299324668
1.0000753322703608
1.0000998687665617
1.0001298870672213
1.0001656782964208
1.0002071742711323
1.0002538833180279
1.0003049013580463
1.0003590244847351
1.0004149622730831
1.0004716177289057
0.99991801948179981
0.99992980886406646
0.99994079332240149
0.99995082802979129
0.99995982522062066
0.99996775669060478
0.99997465213734626
0.99998059476682333
0.99998571596749986
0.99999019088365892
0.99999423644446517
0.99999811289714624
1.0000021292144385
1.0000066519270212
1.0000121159640238
1.0000190349487468
1.0000280071068817
1.0000397116219524
1.0000548892395962
1.0000743008010435
1.0000986591475807
1.0001285346698263
1.0001642435608338
1.000205740047879
1.0002525461221374
1.0003037575884173
1.0003581553656777
1.0004144229840057
1.00047143541853
0.99991938685589832
0.99993107463752118
0.99994194158961758
0.99995184903234524
0.99996071531521347
0.99996851772197071
0.99997529030796251
0.99998111914364596
0.99998613678318604
0.9999905177816415
0.99999447679637476
0.99999827030250532
1.0000022022896968
1.0000066335122291
1.0000119929211928
1.0000187887858738
1.0000276157109593
1.0000391523799592
1.0000541437058126
1.0000733607595005
1.0000975333713695
1.0001272549399665
1.00016286781182
1.000204350331255
1.0002512400077879
1.0003026339138927
1.0003572982421349
1.0004138899707375
1.0004712550423085
0.9999213952448186
0.99993290826082315
0.99994358415868145
0.99995329307306258
0.99996196175771113
0.99996957476747383
0.99997617173753273
0.9999818422753336
0.99998672028402569
0.99999097951009053
0.99999483180731441
0.99999852911030784
1.0000023694715152
1.0000067067534271
1.0000119626585728
1.0000186386810834
1.0000273242594768
1.0000386959831054
1.0000535014340206
1.0000725207298049
1.0000965000862927
1.0001260561207417
1.0001615584443915
1.0002030113441085
1.0002499698851337
1.0003015339709946
1.0003564556123941
1.0004133647091478
1.0004710770888652
0.99992403245947825
0.99993529506672407
0.9999457051488404
0.99995514418536846
0.99996354942401655
0.99997091424160123
0.99997728484003212
0.99998275482331256
0.99998745945389245
0.99999157132639838
0.99999529888529104
0.99999888872647857
1.0000026320147348
1.0000068746285986
1.000012029778464
1.0000185907766062
1.0000271403373977
1.0000383513114772
1.0000529723618534
1.0000717913510075
1.0000955701564287
1.000124948743649
1.0001603251010966
1.0002017313918263
1.0002487424700708
1.0003004628459837
1.0003556310270212
1.0004128493129187
1.0004709022597864
0.99992727211828469
0.99993820716534021
0.99994827672166997
0.99995737590157441
0.99996545423602401
0.99997251515338437
0.99997861210308547
0.99998384288235587
0.99998834392091973
0.99999228618299829
0.99999587402698864
0.99999934789546985
1.0000029911389483
1.0000071406070385
1.0000121998265847
1.0000186525596706
1.000027073245398
1.0000381293124259
1.0000525688262918
1.0000711859586022
1.0000947573734702
1.0001239463918983
1.0001591804535872
1.0002005216173462
1.0002475669635758
1.0002994276352855
1.0003548295011806
1.0004123467838184
1.0004707315533028
0.99993107253025459
0.99994160277471478
0.99995125877825608
0.9999599512305688
0.99996764333699784
0.99997434940668462
0.99998013045471656
0.99998508837145295
0.99998936034583463
0.99999311510025324
0.99999655217325956
0.99999990504440484
1.0000034483726636
1.0000075090081075
1.0000124796817098
1.0000188333000661
1.0000271345023193
1.0000380435836469
1.0000523062397895
1.0000707213593674
1.0000940793245809
1.0001230666395029
1.0001581411725655
1.0001993969454228
1.0002464559065207
1.0002984381533127
1.0003540580359473
1.0004118613278776
1.0004705663700322
0.99993537602108407
0.99994542603295267
0.99995459914222429
0.99996282309840279
0.9999700756876696
0.99997638246762599
0.99998181193912306
0.99998646967644911
0.99999049300952825
0.99999404769318345
0.99999732768146865
1.0000005587159242
1.0000040059667623
1.0000079854182387
1.0000128780003874
1.0000191445469544
1.0000273384178859
1.000038111043819
1.0000522038767261
1.0000704187433886
1.000093558425887
1.0001223321820716
1.0001572291076763
1.0001983772414034
1.0002454262357086
1.0002975078102752
1.0003533262652722
1.0004113987472258
1.0004704086440102
0.99994010891644491
0.99994960745716865
0.99995823434801223
0.999965935331111
0.99997270312955966
0.99997857442038074
0.99998362470437585
0.99998796253491806
0.99999172458240482
0.99999507282983779
0.99999819488977792
1.0000013080632939
1.000004667349939
1.0000085771384188
1.0000134056888916
1.0000196006575885
1.0000277027096358
1.0000383526671415
1.0000522857503276
1.000070304718814
1.0000932231141737
1.0001217721600442
1.000156472686313
1.0001974887000435
1.0002445005597802
1.0002966546774275
1.0003526472414248
1.0004109669147241
1.000470261001313
0.99994518238956076
0.99995406519403307
0.99996209112492151
0.99996922422599521
0.99997547192783731
0.99998088139938723
0.99998553427401859
0.99998954112536953
0.99999303703200237
0.99999617937473606
0.99999914872495799
1.0000021533578405
1.0000054375745295
1.0000092936086586
1.0000140763469763
1.0000202193008569
1.0000282491061785
1.000038794224495
1.0000525815254038
1.0000704124198911
1.0000931091554015
1.0001214236436413
1.0001559085126734
1.0001967654570478
1.0002437086557392
1.0002959027436593
1.0003520383617921
1.000410576332061
1.0004701269462932
0.99995049433453487
0.99995870715332857
0.99996608861159197
0.99997262070306747
0.99997832475530357
0.99998325734023297
0.99998750503361822
0.99999117928610814
0.99999441259150923
0.99999735693841107
1.0000001852728806
1.0000030964249247
1.0000063236646255
1.0000101467158029
1.0000149065834516
1.0000210218293004
1.0000290038248791
1.0000394669156503
1.0000531273506612
1.0000707825754958
1.0000932609656861
1.0001213331887782
1.0001555830940441
1.0001962513695124
1.000243089149276
1.0002952833384637
1.0003515224188377
1.0004102407585458
1.0004700110707663
0.99995593233552449
0.99996343402575549
0.99997014125122474
0.99997605295256586
0.99998120301269511
0.99998565593389388
0.99998950181302415
0.99999285174388974
0.99999583466933872
0.99999859651191669
1.0000013021867165
1.0000041408764957
1.000007334724363
1.000011150829643
1.0000159160336828
1.0000220333340222
1.0000299977233764
1.0000404076793328
1.0000539663892054
1.0000714643151078
1.00009373272855
1.0001215582642651
1.000155554520278
1.0001960018230029
1.0002426912692819
1.0002948366399549
1.0003511287142415
1.0004099778721933
1.0004699192725328
0.99996137766302007
0.99996814306065274
0.99997416220828839
0.99997944940118655
0.99998404930205731
0.99998803260261593
0.99999149138731103
0.99999453517965253
0.99999728852836955
0.99999989081152041
1.0000024987489755
1.0000052919412461
1.0000084815864312
1.0000123223212345
1.0000171268027243
1.0000232820736659
1.0000312657834389
1.0000416588096694
1.0000551486519071
1.0000725153031143
1.0000945888995982
1.0001221681590391
1.0001558937410628
1.0001960852610592
1.0002425764316134
1.0002946130812354
1.0003508941024626
1.0004098098776462
1.0004698589532497
0.99996671004860127
0.99997273232642458
0.9999780670209244
0.99998274171655377
0.99998680978574228
0.99999034624527805
0.99999344365732479
0.99999620889985286
0.9999987615032776
1.0000012340928259
1.0000037753276567
1.0000065556036175
1.0000097756732065
1.0000136781878213
1.0000185619026494
1.0000247977844372
1.0000328453699689
1.0000432662594598
1.0000567294592577
1.0000740004868616
1.0000959033663264
1.0001232436492677
1.0001566847673848
1.0001965838431202
1.0002428191612953
1.0002946742757326
1.0003508636911909
1.0004097638909599
1.0004698391363565
0.9999718127838817
0.99997710501108827
0.99998177707301428
0.9999858674674843
0.99998943608242163
0.99999256043230855
0.99999533220956027
0.99999785482117376
1.0000002424585397
1.0000026211174635
1.0000051318752192
1.0000079366504304
1.0000112266034815
1.0000152332357461
1.0000202420389215
1.0000266081166904
1.0000347723926115
1.0000452756372282
1.000058765424884
1.0000759882569561
1.0000977560009261
1.000124874152178
1.0001580225752249
1.000197592126159
1.0002435064212754
1.0002950927332592
1.0003510906773638
1.0004098717803562
1.0004698703937063
0.99997657748030799
0.99998117316192403
0.99998522235201892
0.99998877196987557
0.99999188628399771
0.99999464367417568
0.99999713390299882
0.99999945642181931
1.0000017201268963
1.0000040448787295
1.0000065650221033
1.0000094350992403
1.0000128379163253
1.0000169950635707
1.0000221798310183
1.0000287320993699
1.0000370740644835
1.0000477243714279
1.0000613062120096
1.0000785420684439
1.0001002244993626
1.0001271501829141
1.0001600065591365
1.0001992117752383
1.000244733630077
1.0002959490086047
1.0003516343478009
1.0004101688720617
1.0004699643771298
0.99998090763815373
0.99998486013131194
0.99998834286909821
0.99999140878786419
0.99999412463563619
0.99999656835557538
0.99999882710152377
1.0000009962808647
1.0000031799284252
1.0000054926393827
1.0000080632426693
1.0000110403783891
1.0000146001361196
1.0000189558793344
1.0000243702616438
1.000031169133931
1.0000397564136303
1.0000506278082291
1.0000643794162347
1.0000817044683632
1.0001033680985558
1.0001301474669269
1.000162725829383
1.0002015387704217
1.0002465942547503
1.000297323784852
1.0003525544575103
1.0004106904463124
1.000470132587622
0.99998472002201322
0.99998810090327361
0.99999108806771653
0.99999373833868155
0.99999611941910915
0.99999830793767952
1.0000003881884001
1.0000024518493076
1.0000045988937178
1.0000069398550833
1.000009599581859
1.0000127226183069
1.0000164803546037
1.0000210800747813
1.0000267759395707
1.0000338816669423
1.0000427841489836
1.0000539561867774
1.0000679647806034
1.0000854689584013
1.0001071978499838
1.0001338967819775
1.0001662301052485
1.000204636952932
1.0002491573975658
1.0002992803312616
1.0003538987173255
1.0004114640881396
1.0004703837319922
0.99998794272193414
0.99999083941852507
0.99999341353636484
0.99999572407426307
0.99999783863270009
0.99999983210906007
1.0000017861021304
1.0000037892247955
1.0000059384697324
1.0000083417388212
1.0000111216363365
1.0000144206335839
1.0000184077223182
1.0000232866639376
1.0000293058613723
1.0000367696256727
1.0000460501763804
1.0000575987503246
1.0000719527253663
1.0000897332619609
1.0001116255205762
1.0001383302463804
1.0001704759624301
1.0002084873986619
1.0002524235140198
1.0003018290822046
1.0003556774476554
1.0004124944507786
1.0004707185471977
0.99999050865028272
0.99999302196231266
0.99999527435157254
0.99999732578058786
0.9999992431839827
1.0000010997457707
1.0000029748746393
1.0000049550129948
1.0000071353765345
1.0000096226996353
1.0000125390579861
1.0000160268472835
1.0000202550024493
1.0000254265017769
1.0000317871637625
1.000039635438559
1.0000493325318764
1.00006131136263
1.0000760815589158
1.0000942257516725
1.0001163801680342
1.0001431903029951
1.0001752323351123
1.0002128962377166
1.0002562412447684
1.0003048596153494
1.0003578146328547
1.0004137343206478
1.0004711201987113
0.99999234297224038
0.99999458554497256
0.99999661435486809
0.9999984896225852
1.0000002775095651
1.0000020498557805
1.0000038845953594
1.0000058669455774
1.0000080914368172
1.0000106648371443
1.0000137100227469
1.0000173708471047
1.0000218180520135
1.0000272562160601
1.0000339316460891
1.0000421408500677
1.0000522388253819
1.0000646456602733
1.0000798488222098
1.0000983969577468
1.0001208792013483
1.0001478826738361
1.0001799212498408
1.0002173330717121
1.0002601565541118
1.0003080140693605
1.0003600559155461
1.0004150310320201
1.0004715370296962
0.99999334234956072
0.99999543980104166
0.99999735047552774
0.99999913458110157
1.0000008577658444
1.000002591130386
1.0000044119041902
1.0000064048619801
1.0000086645352264
1.0000112982632612
1.0000144301253833
1.0000182057900968
1.0000227982975296
1.000028414724391
1.0000353035553933
1.0000437623158331
1.0000541445777225
1.0000668647447331
1.0000823979960607
1.0001012714668132
1.0001240414705646
1.0001512505220693
1.0001833596522456
1.0002206559132047
1.0002631451667334
1.0003104562913083
1.0003617996123964
1.0004160301960965
1.0004718528115357
)
;

boundaryField
{
    hotWall
    {
        type            calculated;
        value           nonuniform List<scalar> 0();
    }
    coldWall
    {
        type            calculated;
        value           uniform 1.0004999999999999;
    }
    bottomWall
    {
        type            calculated;
        value           nonuniform List<scalar> 0();
    }
    topWall
    {
        type            calculated;
        value           nonuniform List<scalar> 
29
(
0.99999334234956072
0.99999543980104166
0.99999735047552774
0.99999913458110157
1.0000008577658444
1.000002591130386
1.0000044119041902
1.0000064048619801
1.0000086645352264
1.0000112982632612
1.0000144301253833
1.0000182057900968
1.0000227982975296
1.000028414724391
1.0000353035553933
1.0000437623158331
1.0000541445777225
1.0000668647447331
1.0000823979960607
1.0001012714668132
1.0001240414705646
1.0001512505220693
1.0001833596522456
1.0002206559132047
1.0002631451667334
1.0003104562913083
1.0003617996123964
1.0004160301960965
1.0004718528115357
)
;
    }
    front
    {
        type            empty;
    }
    back
    {
        type            empty;
    }
    procBoundary1to2
    {
        type            processor;
        value           nonuniform List<scalar> 
52
(
1.0000083442989371
1.0000103762463139
1.0000128853263204
1.0000159836976301
1.0000198062041112
1.0000245134130195
1.0000302942053032
1.0000373673675547
1.0000459814216256
1.0000564117127613
1.0000689536188712
1.0000839107370156
1.0001015771762956
1.0001222137769477
1.0001460192778802
1.0001730991351458
1.0002034365941583
1.0002368722027892
1.0002730984719481
1.0003116751341419
1.0003520671652275
1.0003937030368468
1.0004360461422526
1.0004786700635393
0.99999758505091219
0.9999979318468124
0.99999827179685008
0.99999860673428853
0.99999893952238195
0.99999927421499868
0.99999961625148415
0.9999999726977421
1.0000003525482724
1.000000767107031
1.0000012304683925
1.0000017601231967
1.0000023777187543
1.0000031100055018
1.0000039900063133
1.000005058446477
1.0000063654817077
1.0000063654817077
0.99999600723383375
0.999996442780129
0.999996442780129
0.99999442764705304
0.99999306145413813
0.99999142723161194
0.99998948628231066
0.99998719817111736
0.99998452170901408
0.99998141621227676
)
;
    }
    procBoundary1to4
    {
        type            processor;
        value           nonuniform List<scalar> 
15
(
0.99997784302865467
0.99997376729887988
0.99996915989463919
0.99996399944517289
0.99995827433710704
0.9999519845496686
0.99994514317416527
0.99993777746628776
0.99992992929554125
0.9999216548876172
0.99991302380276004
0.99990411715130856
0.99989502511086459
0.99988584387099966
0.99987667218413068
)
;
    }
    procBoundary1to5
    {
        type            processor;
        value           nonuniform List<scalar> 
53
(
0.99987251161303847
0.99987790060411785
0.99988375273673991
0.99989003374402741
0.99989669617588983
0.99990367912779721
0.99991090877676791
0.99991829986673564
0.99992575820815766
0.99993318415104981
0.99994047686952847
0.99994753917935641
0.99995428252157648
0.99996063170708105
0.99996063170708105
0.99995630859990303
0.99995183834094925
0.99994726529397648
0.99994263966338059
0.99993801661823778
0.99993345526492938
0.99992901752431096
0.99992476697083876
0.99992076768579918
0.99991708316530292
0.99991377530730519
0.99991090348246103
0.99990852367335192
0.99990668764795299
0.99990544211852772
0.99990482782877932
0.99990487851213261
0.99990561967433511
0.99990706717548583
0.99990922562074325
0.9999120866146527
0.99991562698877834
0.99991980717108375
0.99992456992025081
0.99992983968777749
0.99993552288179677
0.99994150927505598
0.99994767471349244
0.99995388513511207
0.99996000170433785
0.99996588661865471
0.999971408876417
0.99997644903580263
0.99998090176708665
0.99998467480154041
0.99998768265963978
0.9999898331621353
0.9999910038956169
)
;
    }
}


// ************************************************************************* //
