#              distance                     U_x                     U_y                     U_z                       T
  6.938893903907203e-20  -7.704383741067744e-20  -3.983181599832373e-22  -8.526354384634356e-58       299.6646107740563
  0.0003906250000000002  -0.0004295648746440443  -2.140470093270478e-06  -2.399955401841785e-42       299.6646107740563
  0.0007812500000000003  -0.0008470654214485416   -6.02715294807897e-06  -3.359937562578474e-42       299.6646205762416
            0.001171875   -0.001246469476493718  -1.253315494519448e-05  -2.159959861657587e-42       299.6646450817049
              0.0015625   -0.001645873531538896  -1.903915694231001e-05  -9.599821607367046e-43       299.6646695871682
            0.001953125   -0.002039806429205608  -2.554649912402228e-05                       0       299.6647059641883
   0.002343750000000001   -0.002411854697358456  -3.205920204412146e-05                       0       299.6647898274352
            0.002734375   -0.002783902965511301  -3.857190496422075e-05                       0       299.6648736906819
   0.003125000000000001   -0.003155951233664149  -4.508460788431971e-05                       0        299.664957553929
   0.003515625000000001   -0.003502289103619853  -4.766614418966147e-05                       0       299.6651318599649
             0.00390625   -0.003848626973575558  -5.024768049500325e-05                       0       299.6653061660012
   0.004296875000000001   -0.004194964843531262  -5.282921680034499e-05                       0       299.6654804720373
   0.004687500000000001   -0.004520524056524608  -5.001694100006869e-05   1.926790336759381e-27       299.6657484915947
   0.005078125000000001   -0.004840888605277364  -4.585621217338793e-05   4.335278257708687e-27       299.6660399395323
   0.005468750000000001   -0.005161253154030122  -4.169548334670669e-05   6.743766178657881e-27         299.66633138747
            0.005859375   -0.005464566816498059  -3.283440782714786e-05   8.342796203082805e-27       299.6667062063877
                0.00625   -0.005756513221442799  -2.083976784567081e-05   9.402187629824943e-27       299.6671366059597
   0.006640625000000002   -0.006048459626387576  -8.845127864193421e-06    1.04615790565671e-26       299.6675670055333
   0.007031250000000001   -0.006327372152799745   6.143123464490873e-06   9.710062173535886e-27        299.668059640217
   0.007421875000000001   -0.006586733861412832   2.562179181398535e-05   6.242182825844432e-27       299.6686456275573
   0.007812499999999999   -0.006846095570026037   4.510046016347913e-05   2.774303478153038e-27       299.6692316149035
   0.008203124999999999   -0.007097941948634136   6.575549028882309e-05                       0       299.6698510242146
   0.008593750000000001     -0.0073197270072214   9.111596751756004e-05                       0       299.6706041213675
   0.008984375000000003   -0.007541512065808732   0.0001164764447462984                       0       299.6713572185234
   0.009374999999999998   -0.007763297124396068    0.000141836921975034                       0       299.6721103156796
            0.009765625   -0.007942761037580513   0.0001705682962267458                       0       299.6730374682732
             0.01015625   -0.008122224950764959   0.0001992996704784564                       0        299.673964620867
            0.010546875   -0.008301688863949474   0.0002280310447301693                       0       299.6748917734632
              0.0109375   -0.008444484837746589   0.0002570689293391524                       0       299.6759609673069
            0.011328125   -0.008578113826696845   0.0002861834415374528                       0       299.6770656714621
             0.01171875   -0.008711742815647247   0.0003152979537357583                       0       299.6781703756224
            0.012109375   -0.008816915803691804   0.0003428304530758169                       0          299.6793826696
                 0.0125   -0.008903118124466019   0.0003693082771770527                       0       299.6806666901302
            0.012890625   -0.008989320445240267    0.000395786101278291                       0       299.6819507106614
             0.01328125   -0.009056804617848609   0.0004201447722666707                       0       299.6833073167743
            0.013671875   -0.009096211568207951   0.0004413247135857576                       0       299.6847728012552
              0.0140625   -0.009135618518567342   0.0004625046549048472                       0       299.6862382857377
            0.014453125   -0.009166220804310815   0.0004822224030011075                       0       299.6877409858652
             0.01484375   -0.009161604431590555   0.0004960913782060402                       0       299.6893925485707
            0.015234375   -0.009156988058870337   0.0005099603534109784                       0       299.6910441112774
               0.015625   -0.009152371686150081    0.000523829328615913                       0       299.6926956739829
            0.016015625   -0.009108264090271687   0.0005291894904169208                       0       299.6945418568533
             0.01640625   -0.009064156494393336    0.000534549652217931                       0        299.696388039725
            0.016796875   -0.009020048898514984    0.000539909814018941                       0       299.6982342225968
              0.0171875   -0.008948937368897994   0.0005381944292690875                       0       299.7002462719732
            0.017578125   -0.008871074855846357   0.0005347101578815208                       0       299.7022997879764
    0.01796875000000001   -0.008793212342794766   0.0005312258864939568                       0       299.7043533039812
            0.018359375   -0.008698897818632425   0.0005227177254383923                       0       299.7065405418015
                0.01875   -0.008593615287063081   0.0005108603046041712                       0       299.7088169275044
            0.019140625   -0.008488332755493731   0.0004990028837699504                       0       299.7110933132072
             0.01953125   -0.008374634494491665   0.0004842545979298798                       0       299.7134650349305
            0.019921875   -0.008248312639340514    0.000465170014581034                       0       299.7159797606843
              0.0203125   -0.008121990784189365   0.0004460854312321895                       0       299.7184944864383
            0.020703125   -0.007992659808204745   0.0004258832323694645                       0       299.7210591843564
             0.02109375   -0.007851292348886261     0.00040121057145122                       0       299.7238237709315
            0.021484375   -0.007709924889567776   0.0003765379105329759                       0       299.7265883575067
    0.02187500000000001   -0.007568557430249321   0.0003518652496147331                       0       299.7293529440831
            0.022265625   -0.007417467650856682   0.0003235321686039294                       0       299.7323710274361
             0.02265625   -0.007266377871464009    0.000295199087593123                       0       299.7353891107878
            0.023046875   -0.007115288092071436   0.0002668660065823213                       0       299.7384071941435
              0.0234375   -0.006960032315745027   0.0002372147565296122                       0       299.7416223284858
            0.023828125    -0.00680373504018526   0.0002072339642164301                       0       299.7448867255791
             0.02421875   -0.006647437764625493   0.0001772531719032481                       0       299.7481511226723
            0.024609375   -0.006490227829635266   0.0001474329677181386  -9.855387846465029e-27       299.7515518346499
    0.02499999999999999    -0.00633240945502474   0.0001177198222850776  -2.628103425723906e-26       299.7550434232172
            0.025390625   -0.006174591080414247   8.800667685201858e-05  -4.270668066801471e-26       299.7585350117865
             0.02578125   -0.006017331147520982   5.906927858221775e-05   -5.12796111606599e-26       299.7621054507687
            0.026171875   -0.005860908877203724   3.129550105730776e-05  -4.807346777611269e-26       299.7657941653781
              0.0265625   -0.005704486606886462   3.521723532397783e-06  -4.486732439156603e-26       299.7694828799875
            0.026953125   -0.005548793061692731  -2.359883177390923e-05  -3.965850907868357e-26       299.7732033842146
             0.02734375   -0.005396014416992787  -4.810649820580586e-05  -2.643900605245476e-26       299.7770510468948
    0.02773437500000001   -0.005243235772292889  -7.261416463770183e-05  -1.321950302622751e-26        299.780898709578
               0.028125   -0.005090457127593005   -9.71218310695978e-05                       0       299.7847463722615
            0.028515625   -0.004943008916160429    -0.00011743561306015                       0       299.7887106335559
    0.02890624999999999    -0.00479556070472782  -0.0001377493950507009                       0       299.7926748948481
            0.029296875   -0.004648112493295231  -0.0001580631770412529                       0       299.7966391561417
    0.02968750000000001   -0.004505908909922356  -0.0001746067404650136                       0       299.8006628067738
            0.030078125   -0.004365016483564359  -0.0001902077492470737                       0       299.8047013047367
             0.03046875   -0.004224124057206419  -0.0002058087580291368                       0       299.8087398027039
            0.030859375   -0.004087672275822729  -0.0002185000370159574                       0       299.8127995747853
                0.03125   -0.003954180924422001  -0.0002292514961392896                       0       299.8168735296189
            0.031640625   -0.003820689573021206  -0.0002400029552626186                       0       299.8209474844478
             0.03203125   -0.003690370029113252  -0.0002488911990219728                       0       299.8250225579679
            0.032421875     -0.0035648081964446  -0.0002549846197353673                       0       299.8290993095279
    0.03281249999999999   -0.003439246363775952  -0.0002610780404487616                       0       299.8331760610879
            0.033203125   -0.003315322509828476   -0.000266329669882482                       0       299.8372483284122
             0.03359375   -0.003197950570765715   -0.000268214134197506                       0       299.8413026587938
            0.033984375   -0.003080578631702953  -0.0002700985985125299                       0       299.8453569891752
               0.034375   -0.002963206692640191   -0.000271983062827554                       0       299.8494113195567
    0.03476562499999999   -0.002854056044540706  -0.0002702870200058777                       0       299.8534256748241
             0.03515625   -0.002744905396441231  -0.0002685909771842027                       0       299.8574400300931
            0.035546875   -0.002635754748341729  -0.0002668949343625247                       0       299.8614543853587
    0.03593750000000001   -0.002533049781931882  -0.0002629184905569324                       0       299.8654283636029
            0.036328125   -0.002431956235944455  -0.0002583719465053616                       0       299.8693922475916
             0.03671875   -0.002330862689957021  -0.0002538254024537902                       0       299.8733561315796
            0.037109375   -0.002234405694985744  -0.0002480246542419334                       0       299.8772870015221
    0.03750000000000001   -0.002141039734025235  -0.0002413877699232192                       0       299.8811958621006
            0.037890625   -0.002047673773064728  -0.0002347508856045053                       0        299.885104722679
             0.03828125   -0.001957212242317273  -0.0002275696450611733                       0       299.8889915979099
            0.038671875   -0.001871107356889402  -0.0002195718701809145                       0       299.8928454951192
              0.0390625   -0.001785002471461532  -0.0002115740953006559                       0       299.8966993923284
    0.03945312500000001   -0.001700234429474122   -0.000203434304414998                       0       299.9005429651665
             0.03984375   -0.001620813761248568  -0.0001947264495077437                       0       299.9043452405202
            0.040234375   -0.001541393093023013  -0.0001860185946004895                       0       299.9081475158738
               0.040625   -0.001461972424797468  -0.0001773107396932366                       0       299.9119497912296
            0.041015625    -0.00138857338526858  -0.0001684309376018223  -2.173512146056462e-28       299.9157058796989
    0.04140625000000001   -0.001315174345739703  -0.0001595511355104097   -4.34702429211303e-28        299.919461968171
            0.041796875   -0.001241775306210823  -0.0001506713334189965  -6.520536438169511e-28       299.9232180566416
              0.0421875   -0.001172612545974527  -0.0001419780689965067  -6.782387639689793e-28       299.9269424417339
            0.042578125   -0.001104508855561379   -0.000133331438991248  -6.566323605075978e-28       299.9306589009815
             0.04296875   -0.001036405165148231  -0.0001246848089859893  -6.350259570462106e-28        299.934375360229
    0.04335937500000001  -0.0009710160525351362   -0.000116336761303891  -5.137391771144721e-28       299.9380722132602
                0.04375  -0.0009074366584554321  -0.0001081877685039025  -3.259988128691882e-28       299.9417559954874
            0.044140625  -0.0008438572643756925  -0.0001000387757039098  -1.382584486239872e-28       299.9454397777014
    0.04453125000000001  -0.0007817674237786999  -9.213976993480342e-05    2.34267507563745e-28        299.949113231042
            0.044921875  -0.0007219119134058036  -8.461574471202362e-05    8.83971851665215e-28        299.952771191063
    0.04531250000000001  -0.0006620564030329051   -7.70917194892436e-05   1.533676195766686e-27        299.956429151084
            0.045703125  -0.0006027820679901729   -6.96932999207643e-05   2.019916467840974e-27       299.9600832420976
             0.04609375  -0.0005458324342681027  -6.279730296948743e-05   1.852300451806536e-27       299.9637218570819
    0.04648437499999999  -0.0004888828005460336   -5.59013060182108e-05   1.684684435772039e-27       299.9673604720663
    0.04687500000000001  -0.0004319331668239631  -4.900530906693395e-05   1.517068419737558e-27       299.9709990870517
    0.04726562500000001  -0.0003770620596337472  -4.263644166134061e-05   1.042984538569556e-27       299.9746243539323
             0.04765625  -0.0003221909524435354  -3.626757425574775e-05   5.689006574015793e-28       299.9782496208142
            0.048046875  -0.0002673198452533224  -2.989870685015479e-05   9.481677623359374e-29        299.981874887696
    0.04843750000000001  -0.0002134463272335257  -2.380837977320309e-05   -5.38198818363706e-30       299.9854939192414
            0.048828125  -0.0001598222065063315   -1.77876877784115e-05  -1.210947341318333e-29       299.9891113919493
    0.04921875000000001  -0.0001061980857791365  -1.176699578361993e-05  -1.883695864272939e-29       299.9927288646586
            0.049609375  -5.282235522329885e-05  -5.818856964175213e-06   2.674947275466361e-29       299.9963448092445
                   0.05   3.877818849676003e-07   8.091307170489724e-08   1.072118485700154e-28       299.9999597350812
    0.05039062499999999   5.359791899323302e-05   5.980683107584899e-06   1.876742243853654e-28       300.0035746609181
             0.05078125   0.0001069757762779439     1.1929503845779e-05   2.064576936402546e-28       300.0071906243466
    0.05117187500000001   0.0001606052138273205   1.795190063744411e-05   1.327228030544519e-28       300.0108081441626
    0.05156249999999999   0.0002142346513766951   2.397429742910896e-05   5.898791246864506e-29       300.0144256639788
            0.051953125   0.0002681145323380517   3.006664015722657e-05  -9.549531299076326e-30       300.0180447524629
    0.05234375000000001   0.0003229961869473225   3.643876663115399e-05  -5.729718779444692e-29       300.0216701156222
            0.052734375   0.0003778778415565863   4.281089310508061e-05  -1.050448442898157e-28       300.0252954787749
    0.05312500000000001   0.0004327594961658609   4.918301957900848e-05  -1.527925007851862e-28       300.0289208419352
            0.053515625   0.0004897247368805648   5.608353281073702e-05  -1.340208567251065e-28       300.0325596046911
             0.05390625   0.0005466899775952764   6.298404604246633e-05   -1.15249212665002e-28       300.0361983674513
    0.05429687500000001   0.0006036552183099949   6.988455927419648e-05  -9.647756860490002e-29       300.0398371302145
              0.0546875   0.0006629490076073734   7.728815042821837e-05   -6.95424298446634e-29       300.0434914127736
    0.05507812500000002     0.00072282493405044   8.481751106281591e-05  -4.056641740938846e-29       300.0471495752895
             0.05546875   0.0007827008604934839   9.234687169741075e-05  -1.159040497411114e-29       300.0508077377987
            0.055859375   0.0008448138100837448   0.0001002513656112493  -2.675209959250192e-28       300.0544814285701
                0.05625   0.0009084181084388098    0.000108405948377916  -7.133893224667205e-28        300.058165471514
            0.056640625   0.0009720224067938744   0.0001165605311445827  -1.159257649008414e-27        300.061849514458
    0.05703125000000001     0.00103743806792429   0.0001249140014290627  -1.370314282489586e-27        300.065546652763
    0.05742187500000001    0.001105570773217702   0.0001335658029902591  -1.229153376379975e-27       300.0692634341008
              0.0578125    0.001173703478511119   0.0001422176045514561  -1.087992470270347e-27       300.0729802154412
    0.05820312500000001    0.001242895992743366   0.0001509158056151298  -9.141222612962427e-28       300.0767049352904
             0.05859375    0.001316327742730917    0.000159799604688708  -6.094148408641691e-28       300.0804614091747
    0.05898437500000001     0.00138975949271847   0.0001686834037622864  -3.047074204320717e-28       300.0842178830588
               0.059375    0.001463191242706032   0.0001775672028358658   1.488471553459101e-42       300.0879743569454
            0.059765625    0.001542647889800571   0.0001862770729589157   2.841210038044064e-28       300.0917770808825
             0.06015625     0.00162210453689512   0.0001949869430819668   5.682420076088103e-28       300.0955798048219
            0.060546875    0.001701561183989668   0.0002036968132050178   8.523630114132002e-28       300.0993825287613
    0.06093750000000001    0.001786367492738063   0.0002118363787204145   1.291366254536146e-27       300.1032265981631
    0.06132812500000001    0.001872511216899897    0.000219833368083895   1.769090057488741e-27       300.1070810039267
    0.06171875000000001    0.001958654941061741   0.0002278303574473766   2.246813860441299e-27       300.1109354096921
    0.06210937499999999    0.002049156813207042   0.0002350086611439908   1.980796497568145e-27       300.1148228251592
                 0.0625    0.002142564117341345     0.00024164117439603   1.218951690811204e-27       300.1187322470975
    0.06289062500000001    0.002235971421475605   0.0002482736876480641   4.571068840541541e-28       300.1226416690291
             0.06328125    0.002332470654473276   0.0002540683508756096                       0       300.1265731167057
    0.06367187500000002    0.002433607780765971   0.0002586062390664116                       0        300.130537602986
    0.06406250000000002    0.002534744907058684   0.0002631441272572156                       0       300.1345020892687
            0.064453125      0.0026374938714906   0.0002671109465312946                       0       300.1384766746187
    0.06484375000000001    0.002746690188479237    0.000268793490138464                       0       300.1424916562244
    0.06523437499999998    0.002855886505467859   0.0002704760337456325                       0       300.1465066378291
               0.065625    0.002965082822456536   0.0002721585773528051                       0        300.150521619438
    0.06601562500000002     0.00308250250914245   0.0002702554089148362                       0       300.1545765785647
             0.06640625    0.003199922195828356   0.0002683522404768675                       0       300.1586315376916
    0.06679687500000001    0.003317341882514281   0.0002664490720388999                       0       300.1626864968195
              0.0671875     0.00344131525162307   0.0002611744863609349                       0        300.166759374632
            0.067578125    0.003566927041337579   0.0002550570463729701                       0       300.1708367321155
    0.06796875000000001     0.00369253883105209   0.0002489396063850055                       0       300.1749140895991
            0.068359375    0.003822909806139878   0.0002400242678019627                       0       300.1789897393542
    0.06875000000000001    0.003956453571476523   0.0002292436634888677                       0       300.1830642506236
            0.069140625    0.004089997336813166   0.0002184630591757732                       0       300.1871387618929
             0.06953125    0.004226502638414897   0.0002057407948009652                       0       300.1911990606361
    0.06992187499999999    0.004367450244414246   0.0001901060403335887                       0       300.1952380405901
              0.0703125      0.0045083978504136   0.0001744712858662119                       0       300.1992770205439
    0.07070312500000001    0.004650657222678914   0.0001578932326976407                       0       300.2033011343665
    0.07109374999999998    0.004798163660008065   0.0001375419847242925                       0       300.2072657836638
            0.071484375    0.004945670097337236   0.0001171907367509417                       0       300.2112304329613
    0.07187500000000002    0.005093176534666505   9.683948877759344e-05                       0       300.2151950822645
            0.072265625    0.005246016583433375   7.229186403808765e-05                       0       300.2190430284915
    0.07265625000000001    0.005398856632200353   4.774423929858313e-05                       0       300.2228909747245
            0.073046875    0.005551696680967327   2.319661455907971e-05                       0       300.2267389209575
              0.0734375    0.005707454047500517  -3.964663959304319e-06                       0       300.2304596261225
    0.07382812499999999    0.005863940743475255  -3.177935592240739e-05                       0       300.2341485210205
             0.07421875    0.006020427439450037  -5.959404788551195e-05                       0       300.2378374159202
    0.07460937500000001    0.006177753259875736  -8.857187327166124e-05                       0       300.2414079813213
    0.07500000000000001    0.006335638496602124  -0.0001183251209398401                       0       300.2448996603939
    0.07539062500000002    0.006493523733328523  -0.0001480783686080197                       0       300.2483913394666
    0.07578124999999999    0.006650801053375588  -0.0001779375942458406                       0       300.2517921155874
            0.076171875    0.006807166498403752  -0.0002079557868381305                       0       300.2550565372841
    0.07656250000000001    0.006963531943431812  -0.0002379739794304181                       0       300.2583209589758
    0.07695312500000001     0.00711885580292523  -0.0002676617142940534                       0       300.2615361107544
    0.07734374999999999    0.007270013320279787  -0.0002960276182430705                       0       300.2645541828676
    0.07773437499999999    0.007421170837634414  -0.0003243935221920934                       0       300.2675722549831
    0.07812500000000001    0.007572328354989049  -0.0003527594261411146                       0       300.2705903270987
    0.07851562500000001    0.007713760774396479  -0.0003774586161349752                       0       300.2733548972777
    0.07890625000000001    0.007855193193803936   -0.000402157806128838                       0       300.2761194674575
    0.07929687500000002    0.007996625613211517   -0.000426856996122708                       0       300.2788840376418
    0.07968749999999999     0.00812601702520689  -0.0004470795500639476                       0       300.2814487356746
            0.080078125    0.008252398185349469  -0.0004661829449920466                       0       300.2839634656789
    0.08046875000000001    0.008378779345492053   -0.000485286339920144                       0       300.2864781956829
    0.08085937500000001     0.00849253156010606  -0.0005000481928182665                       0       300.2888499442275
                0.08125    0.008597864477701014  -0.0005119156843630717                       0       300.2911263717992
    0.08164062499999999    0.008703197395295971  -0.0005237831759078789                       0       300.2934027993709
             0.08203125    0.008797557355794249  -0.0005322976909879865  -1.925461550853087e-26       300.2955900967375
    0.08242187500000001    0.008875457880647503  -0.0005357827413710561  -6.739115427985545e-26       300.2976436987962
    0.08281250000000001    0.008953358405500761  -0.0005392677917541249  -1.155276930511792e-25        300.299697300855
            0.083203125    0.009024504788011815  -0.0005409820889554119  -1.541861953096867e-25       300.3017094445294
    0.08359374999999999    0.009068634601154063  -0.0005356133734295725  -1.549325515169282e-25       300.3035557546661
            0.083984375    0.009112764414296311  -0.0005302446579037325  -1.556789077241702e-25       300.3054020648029
    0.08437500000000001    0.009156894227438638  -0.0005248759423778965  -1.564252639314132e-25       300.3072483749422
    0.08476562500000001    0.009161513876603905  -0.0005109895573150267   -1.07542368952844e-25       300.3089000961802
    0.08515624999999999    0.009166133525769253  -0.0004971031722521619  -5.865947397428219e-26       300.3105518174208
    0.08554687500000002    0.009170753174934597  -0.0004832167871892937   -9.77657899571139e-27       300.3122035386613
              0.0859375    0.009140136904503326   -0.000463475326314721   -3.64991482178335e-26       300.3137064114678
    0.08632812500000001    0.009100711654172668   -0.000442270096487208  -8.212308349012729e-26       300.3151720721583
    0.08671875000000001    0.009061286403842113     -0.0004210648666597  -1.277470187624223e-25       300.3166377328521
    0.08710937499999999     0.00899376984252462  -0.0003966770426147683  -1.436633520201307e-25       300.3179945172786
    0.08749999999999999    0.008907525740549165  -0.0003701674890915515  -1.397746172681183e-25        300.319278717527
            0.087890625    0.008821281638573712  -0.0003436579355683339  -1.358858825161069e-25       300.3205629177754
    0.08828125000000001    0.008716057082200385  -0.0003160918618987449   -1.16858561456787e-25       300.3217753878919
    0.08867187500000001    0.008582361844230255  -0.0002869410080095989  -7.512336093650356e-26       300.3228802628108
              0.0890625    0.008448666606260178  -0.0002577901541204542  -3.338816041622506e-26       300.3239851377313
    0.08945312500000001    0.008305799503259655  -0.0002287154283399802                       0       300.3250544986591
             0.08984375    0.008126244940137303  -0.0001999452149941869                       0       300.3259818036146
    0.09023437500000001    0.007946690377014985  -0.0001711750016483946                       0       300.3269091085713
    0.09062500000000001    0.007767135813892732  -0.0001424047883026028                       0       300.3278364135306
            0.091015625    0.007545236886076326  -0.0001170052327196759   5.530949897497773e-26       300.3285896387268
    0.09140625000000002    0.007323337958259954  -9.160567713674773e-05   1.106189979499605e-25       300.3293428639249
            0.091796875    0.007101439030443676  -6.620612155382288e-05   1.659284969249357e-25       300.3300960891258
    0.09218750000000001    0.006849462017523979  -4.551360296282171e-05   1.663810173525994e-25       300.3307156050183
    0.09257812500000001    0.006589965483328537  -2.599784361980238e-05   1.531192931434365e-25        300.331301693588
             0.09296875    0.006330468949133103  -6.482084276783006e-06   1.398575689342722e-25       300.3318877821578
    0.09335937500000002    0.006051410944685987   8.540861490018861e-06   1.093242143911179e-25       300.3323805022181
                0.09375    0.005759311960071123   2.056859820600813e-05   6.727643962530412e-26       300.3328109766056
    0.09414062500000001     0.00546721297545627   3.259633492199926e-05   2.522866485948634e-26       300.3332414509951
    0.09453125000000001    0.005163741187757688   4.148826490960912e-05                       0       300.3336163351996
            0.094921875    0.004843210195433675   4.567648480465056e-05                       0       300.3339078341347
    0.09531250000000002    0.004522679203109673   4.986470469969311e-05                       0       300.3341993330732
            0.095703125    0.004196951620390602   5.270313573100506e-05                       0        300.334467399673
    0.09609375000000001    0.003850437676091322   5.014241130740297e-05                       0       300.3346417369323
    0.09648437500000001    0.003503923731792086   4.758168688380158e-05                       0       300.3348160741955
               0.096875    0.003157409787492849   4.502096246019997e-05                       0       300.3349904114585
    0.09726562500000001    0.002785179982640219   3.852178051977814e-05                       0       300.3350742908939
             0.09765625     0.00241295017778762    3.20225985793568e-05                       0       300.3351581703317
    0.09804687500000001    0.002040720372935007   2.552341663893516e-05                       0       300.3352420497695
    0.09843750000000001    0.001646604590203455   1.902378966099736e-05   1.091786511179104e-28       300.3352784347929
    0.09882812500000002    0.001247017313002165   1.252405142368052e-05    2.45651965015303e-28       300.3353029462125
    0.09921875000000001   0.0008474300358008823   6.024313186363699e-06   3.821252789126921e-28       300.3353274576347
            0.099609375   0.0004297469530752244   2.140261182148276e-06   2.729466277947614e-28          300.3353372622
    0.09999999999999999                       0                       0                       0          300.3353372622
