#              distance                     U_x                     U_y                     U_z                       T
  6.939827610207933e-18   1.162140939500221e-24   2.461567964133093e-21                       0       300.5000000000001
  0.0003906250000000001   3.359205707020552e-08    2.73512051782515e-05                       0        300.495579063711
  0.0007812500000000002   1.467063056865212e-07   5.348974351077599e-05                       0       300.4911581126516
            0.001171875    3.23055812725357e-07   7.874779020346245e-05                       0       300.4867371806781
              0.0015625   5.415621587125458e-07   0.0001034188424695921                       0       300.4823162614363
            0.001953125   8.519513133414961e-07   0.0001266700853764042  -1.908287619033743e-28       300.4778955214703
             0.00234375   1.193982893324645e-06    0.000149371841380852  -3.034329797213703e-28        300.473474948134
   0.002734375000000001   1.583478111339097e-06    0.000171249367031753  -2.987003814113306e-28       300.4690546247421
               0.003125   2.028185386826498e-06   0.0001920639418046274  -2.940193529307633e-28       300.4646348907312
            0.003515625   2.498542593067498e-06   0.0002123558332652582  -3.250158888780704e-28       300.4602155306772
             0.00390625    3.01628746484993e-06   0.0002316199423549407  -4.986711127073794e-28       300.4557970770688
            0.004296875   3.564039002360638e-06   0.0002501389711922601  -4.592919006778564e-28       300.4513795829583
   0.004687500000000002   4.131794983690202e-06   0.0002681612798613374  -2.778897314091176e-28       300.4469627285133
            0.005078125   4.740918919778644e-06   0.0002849837209442257  -1.042086492784185e-28         300.44254800295
   0.005468750000000001   5.363356426200232e-06   0.0003013426032180316                       0       300.4381343638902
            0.005859375   6.005764288121494e-06   0.0003170061472782135                       0       300.4337223545854
   0.006249999999999999   6.668766641958766e-06   0.0003317746026497653  -1.272584145139012e-28       300.4293130297032
   0.006640625000000002   7.340663716431661e-06   0.0003461033388463996  -2.536618952308076e-28       300.4249051841456
   0.007031250000000001   8.027545181530889e-06   0.0003595682870319937  -2.493872262457668e-28       300.4205005714642
   0.007421875000000001    8.72176473772612e-06   0.0003724083359243718  -1.547983491573421e-28       300.4160988192936
   0.007812500000000002   9.420876354652034e-06   0.0003848317852879395                       0       300.4116989741305
   0.008203124999999999   1.012621366962523e-05    0.000396251099986362                       0       300.4073046584696
   0.008593750000000001   1.083183110488874e-05   0.0004072833636500149                       0        300.402912871564
   0.008984375000000001   1.153786872058771e-05   0.0004177350507615131                       0       300.3985248777913
   0.009375000000000001    1.22404157490294e-05   0.0004274411659182848                       0        300.394142595739
            0.009765625   1.294029364925474e-05   0.0004367814608717221                       0       300.3897633371956
             0.01015625    1.36329856238719e-05   0.0004454040469665478                       0       300.3853904609676
            0.010546875   1.431777262043331e-05   0.0004535087538672374                       0       300.3810228838516
              0.0109375   1.499728963162419e-05   0.0004612682079718364                       0       300.3766588394774
            0.011328125    1.56598478107403e-05   0.0004681977169787591                       0       300.3723044920008
             0.01171875   1.631426516394827e-05   0.0004748081984155947                       0       300.3679543719304
            0.012109375   1.695647127829451e-05   0.0004809401384973104                       0       300.3636105929755
                 0.0125   1.757997917081139e-05   0.0004864592802696276                       0       300.3592759679196
            0.012890625   1.819360468948893e-05   0.0004916781770526071                       0       300.3549460941848
             0.01328125    1.87863989346383e-05   0.0004963088921876338                       0       300.3506260718347
            0.013671875   1.936217173063277e-05   0.0005005164561310602                       0       300.3463139574994
              0.0140625   1.992659689385734e-05   0.0005044419192800867                       0       300.3420071151742
            0.014453125    2.04606413387562e-05   0.0005076913139396007                       0       300.3377143086889
             0.01484375    2.09818490560638e-05   0.0005106816395921681                       0       300.3334274533716
            0.015234375   2.148380168198446e-05   0.0005132833617343162                       0       300.3291495248064
               0.015625   2.195893830757929e-05   0.0005153890358796815                       0       300.3248841583861
            0.016015625   2.242043440661399e-05   0.0005172520526846177  -1.971194923432185e-29       300.3206252338222
             0.01640625     2.2854184399739e-05   0.0005186404881247341  -1.182716954059298e-28       300.3163795146065
            0.016796875   2.326657631561037e-05    0.000519688622660717  -1.557627695122972e-28       300.3121441674018
              0.0171875   2.366472951331284e-05   0.0005205098899272773  -1.525413955751793e-28       300.3079157348712
            0.017578125   2.402660346978575e-05   0.0005207892776170699  -5.720302334069194e-29       300.3037053419723
             0.01796875   2.437377888374893e-05   0.0005208617230398889                       0       300.2995024541264
            0.018359375   2.469890648394739e-05   0.0005206237550622481                       0       300.2953108238599
                0.01875   2.499442278144399e-05    0.000519990914519942  -6.958660520416804e-29       300.2911347559968
            0.019140625   2.527511662998118e-05   0.0005191652401547283   -1.21957859420509e-28       300.2869666003524
             0.01953125    2.55261319853905e-05   0.0005179631030627214  -3.588110448142946e-29       300.2828145312802
            0.019921875   2.575493928697012e-05   0.0005164919788262556   4.722256924732322e-29       300.2786748977787
              0.0203125   2.596894121932997e-05    0.000514841529826817   1.283441888358603e-28       300.2745435546577
    0.02070312500000001   2.614616848111377e-05   0.0005127642971071675   4.812907081344671e-29       300.2704335156531
             0.02109375   2.630883735104191e-05   0.0005105246700955616                       0       300.2663322129581
            0.021484375   2.644966863318509e-05   0.0005080414516459923                       0       300.2622440147109
    0.02187500000000001   2.656178715458079e-05   0.0005052495058574684                       0       300.2581736838045
            0.022265625    2.66596729558496e-05   0.0005023070693062689  -1.403060025612723e-29       300.2541123762874
    0.02265625000000001   2.672934063735855e-05   0.0004990713970433319  -8.418360153676064e-29        300.250069294993
            0.023046875    2.67782761631005e-05   0.0004956269955380876  -1.106959464703254e-28       300.2460401248441
              0.0234375   2.681339025166461e-05   0.0004920434412046382  -1.081145205058438e-28       300.2420202287922
            0.023828125   2.681475860091499e-05   0.0004881299760974676  -4.054294518969256e-29       300.2380238731359
             0.02421875   2.680298275758757e-05   0.0004840914632154277                       0       300.2340370563815
            0.024609375   2.677149062539337e-05   0.0004798653786710833                       0       300.2300645479798
                  0.025   2.671447158060017e-05    0.000475402497207144  -4.815839937861866e-29       300.2261113235994
            0.025390625    2.66448907147671e-05   0.0004708244108283759  -1.074216413820982e-28       300.2221677828214
             0.02578125    2.65505894773788e-05   0.0004660223017099946  -1.629458545064116e-28       300.2182436924983
            0.026171875   2.643838086515071e-05   0.0004610613706542044  -1.490721695196444e-28       300.2143342847307
              0.0265625   2.631423400302918e-05   0.0004559945583068079  -8.893321912549999e-29       300.2104346653332
            0.026953125   2.616133392089342e-05   0.0004506777389461679  -3.334995717206219e-29       300.2065596242597
             0.02734375    2.59973811275765e-05   0.0004452665492880469                       0       300.2026944372357
            0.027734375    2.58168492674875e-05   0.0004397138041837047                       0        300.198844031286
               0.028125   2.561512599913852e-05    0.000433983103129436                       0       300.1950133384178
    0.02851562500000001   2.540303826483109e-05   0.0004281660031481994                       0       300.1911924932448
             0.02890625   2.517068407495195e-05   0.0004221812634090658                       0       300.1873913258057
            0.029296875   2.492382785134631e-05   0.0004160781888207269                       0       300.1836048600921
    0.02968750000000001   2.466730360525674e-05   0.0004098962243329177                       0       300.1798281955292
            0.030078125   2.438777282995759e-05    0.000403528805370302                       0       300.1760758899004
             0.03046875   2.409950274847178e-05   0.0003970916972260934                       0       300.1723332506104
            0.030859375   2.379812370770848e-05   0.0003905500553095307                       0       300.1686051108554
                0.03125   2.348018424935878e-05   0.0003838776021973326                       0       300.1648961106337
            0.031640625    2.31541910769251e-05   0.0003771417840521373  -7.513763367071819e-30       300.1611966223608
             0.03203125   2.281254346574067e-05   0.0003702833169705894  -4.508258020242861e-29       300.1575160423499
            0.032421875   2.245982279413325e-05    0.000363338691176264  -5.906195545263813e-29       300.1538494420441
              0.0328125   2.209972008224403e-05   0.0003563366262400869  -5.731503631274986e-29       300.1501921615417
            0.033203125   2.172225191518522e-05   0.0003492002040519882  -5.561427958893492e-29       300.1465577989879
             0.03359375   2.133826277864053e-05   0.0003420135528918669  -5.393142171042197e-29       300.1429324331256
            0.033984375   2.094449218786643e-05    0.000334751558273711  -5.227541209986704e-29       300.1393205622996
               0.034375   2.053850650166625e-05   0.0003273957825762128  -2.597210508887748e-29       300.1357263090781
            0.034765625   2.012661359722742e-05   0.0003199947012309794                       0        300.132140762261
             0.03515625    1.97033069152605e-05   0.0003125061783741474                       0       300.1285724234571
    0.03554687499999999   1.927202053619285e-05   0.0003049565863910778                       0       300.1250166588922
              0.0359375   1.883541435905816e-05   0.0002973662816571825                       0       300.1214692771533
            0.036328125   1.838644087900401e-05   0.0002896813278157653                       0       300.1179422599282
             0.03671875   1.793287864842582e-05     0.00028196121942722                       0       300.1144231362177
            0.037109375   1.747243329206108e-05   0.0002741883792179819                       0       300.1109158527789
    0.03750000000000001   1.700349667093373e-05   0.0002663503578440944                       0        300.107423822421
            0.037890625   1.653047834677497e-05   0.0002584809607395008                       0       300.1039392780785
             0.03828125   1.604962447525278e-05   0.0002505512418767335                       0       300.1004694247158
            0.038671875   1.556336273021724e-05   0.0002425797351358795                       0        300.097010147831
              0.0390625   1.507349573617323e-05   0.0002345803698096342                       0       300.0935579219311
    0.03945312500000001   1.457535872330549e-05   0.0002265168123034071                       0       300.0901225551859
             0.03984375   1.407419583051118e-05   0.0002184296458602976                       0       300.0866936126091
    0.04023437500000001    1.35684941178264e-05   0.0002103070660118636                       0       300.0832743062846
               0.040625   1.305727523453147e-05   0.0002021411901455687                       0       300.0798671862874
    0.04101562500000001   1.254342418955648e-05   0.0001939545965994438   3.105655499310864e-30       300.0764659885294
    0.04140625000000001    1.20245616684712e-05   0.0001857284283518614    1.86339329958645e-29       300.0730762934019
            0.041796875   1.150229886538108e-05   0.0001774752297132704   2.411578759821226e-29       300.0696946972228
              0.0421875   1.097776920762093e-05   0.0001692040108140072   2.290002693775663e-29       300.0663185003427
            0.042578125    1.04481361486001e-05   0.0001608919417289869   8.587510101658523e-30       300.0629548979556
             0.04296875   9.916674493111714e-06   0.0001525651324790184                       0       300.0595959630662
    0.04335937500000001   9.382469942922061e-06   0.0001442162129816274                       0       300.0562440294228
    0.04375000000000001   8.845009741430323e-06   0.0001358408655968372                       0       300.0529006739637
            0.044140625   8.306016507172028e-06   0.0001274530338108142                       0       300.0495614146888
    0.04453125000000001   7.764146793148157e-06   0.0001190416923072593                       0       300.0462299619671
            0.044921875    7.22038862980081e-06   0.0001106148162123408                       0       300.0429037753707
    0.04531250000000001   6.675371500238146e-06   0.0001021775837231793                       0       300.0395810995245
            0.045703125   6.127631687328319e-06    9.37178210631413e-05                       0        300.036266204213
             0.04609375   5.578964296491275e-06   8.525034297192254e-05                       0        300.032954017272
    0.04648437500000001   5.028905538764114e-06   7.677129173393211e-05                       0       300.0296458928871
               0.046875   4.477299879191706e-06   6.827932037194508e-05                       0        300.026342368352
    0.04726562500000001    3.92499468227816e-06   5.978149919588157e-05                       0       300.0230409375773
             0.04765625   3.371438237844826e-06   5.127319888750368e-05                       0       300.0197432819537
            0.048046875   2.817157301610205e-06   4.275882722163065e-05  -3.209152099895339e-30       300.0164478344098
    0.04843749999999999   2.262393370841752e-06   3.424040798409389e-05   -8.55773893305389e-30       300.0131538589147
            0.048828125   1.706768354759796e-06   2.571479443288387e-05  -6.421387217081202e-30       300.0098625184977
    0.04921875000000001   1.150934546397694e-06   1.718745719217691e-05  -3.854682140623082e-30       300.0065718123174
            0.049609375   5.947875496160971e-07   8.657534417224822e-06  -6.424470234371771e-31       300.0032820574924
                   0.05   3.849074548950217e-08   1.264533692576018e-07                       0       299.9999927294134
    0.05039062499999999  -5.178143074335176e-07  -8.404636119868981e-06                       0       299.9967034040945
             0.05078125  -1.074002548195458e-06  -1.693460110061968e-05                       0       299.9934136630701
    0.05117187500000001  -1.629902317370049e-06  -2.546200587975477e-05                       0       299.9901229789467
    0.05156250000000001  -2.185609772152653e-06  -3.398770385781231e-05                       0       299.9868316660904
            0.051953125  -2.740497237711014e-06  -4.250624977376919e-05                       0       299.9835377318356
    0.05234375000000001  -3.294918087859032e-06  -5.102076503702231e-05                       0       299.9802423309621
    0.05273437500000001  -3.848639014891659e-06  -5.952923432121849e-05                       0       299.9769447301505
    0.05312500000000001  -4.401141294003014e-06  -6.802725835995973e-05                       0       299.9736433648729
            0.053515625   -4.95296028580298e-06    -7.6519449543376e-05                       0       299.9703399111742
             0.05390625  -5.503264776277357e-06   -8.49987545509329e-05                       0       299.9670318681837
            0.054296875  -6.052202020241943e-06  -9.346651192806964e-05                       0       299.9637197704127
              0.0546875  -6.600227766532945e-06  -0.0001019265708849261                       0       299.9604049694547
    0.05507812500000001  -7.145570678194307e-06   -0.000110364142305803                       0       299.9570824006432
    0.05546875000000001  -7.689670401262878e-06  -0.0001187913744357106                       0       299.9537563260286
            0.055859375  -8.231905341442773e-06  -0.0001272030976291639                       0       299.9504249927087
    0.05624999999999999  -8.771294990439691e-06  -0.0001355913454228352                       0       299.9470858624481
    0.05664062499999999  -9.309167098357615e-06  -0.0001439671260051054                       0       299.9437426407317
    0.05703125000000001  -9.843814333144259e-06  -0.0001523165131415539                       0       299.9403908501339
            0.057421875  -1.037574141558752e-05  -0.0001606438159641337                       0       299.9370320650137
              0.0578125  -1.090585506313504e-05  -0.0001689563959108012                       0       299.9336686168784
            0.058203125  -1.143090258766316e-05  -0.0001772281690807775                       0       299.9302925850027
             0.05859375   -1.19536978953083e-05  -0.0001854819394346382                       0         299.92691115793
    0.05898437500000001  -1.247311487762888e-05  -0.0001937087055643293                       0       299.9235216380683
               0.059375  -1.298754906496092e-05  -0.0002018959320562051                       0       299.9201206233786
            0.059765625  -1.349936527045871e-05  -0.0002100624584468416                       0       299.9167136902296
    0.06015625000000001  -1.400569234361119e-05  -0.0002181857240703628                       0        299.913294578111
    0.06054687500000001  -1.450750110640503e-05  -0.0002262736028763145                       0       299.9098658349176
    0.06093750000000001   -1.50062976622924e-05  -0.0002343378904705436                       0       299.9064306709944
            0.061328125  -1.549685745374859e-05  -0.0002423380304626136                       0       299.9029786559439
             0.06171875  -1.598382490108685e-05  -0.0002503103298124365                       0       299.8995195928626
    0.06210937500000001  -1.646540383224826e-05  -0.0002582408681988943                       0       299.8960499577415
                 0.0625  -1.693917218005249e-05   -0.000266111120949369                       0       299.8925656370366
    0.06289062500000001  -1.740887108218217e-05  -0.0002739500160920921                       0       299.8890738328809
    0.06328125000000001  -1.787010278497193e-05  -0.0002817237664397954                       0       299.8855667805127
            0.063671875  -1.832446869699438e-05  -0.0002894448124379413   3.278163731790266e-29        299.882047891094
    0.06406249999999999  -1.877425741517283e-05  -0.0002971307222030635    8.74176995144021e-29       299.8785211103238
    0.06445312500000001  -1.921170646451226e-05   -0.000304722028982481   9.047820528932019e-29        299.874973969732
    0.06484375000000001  -1.964384623914143e-05   -0.000312272641599488   6.923588156570152e-29       299.8714184478955
            0.065234375  -2.006802210170583e-05   -0.000319762212972897   1.153931359428355e-29       299.8678503542083
               0.065625   -2.04808041181886e-05  -0.0003271643803004903                       0       299.8642650551052
    0.06601562499999999  -2.088768858963631e-05  -0.0003345212607876863                       0       299.8606710507495
             0.06640625  -2.128237672702653e-05  -0.0003417843979591101                       0       299.8570594307993
    0.06679687500000001  -2.166729656263205e-05  -0.0003489722202245931                       0       299.8534343168756
              0.0671875  -2.204570419704758e-05  -0.0003561098325527818                       0       299.8498002069695
            0.067578125  -2.240676669810103e-05  -0.0003631131356073379                       0       299.8461431801566
    0.06796875000000002  -2.276045462111939e-05  -0.0003700590188710967                       0       299.8424768336344
    0.06835937500000001  -2.310308067708781e-05  -0.0003769187724487041                       0        299.838796507585
    0.06875000000000001  -2.343006583288491e-05  -0.0003836559161170771                       0       299.8350972729022
    0.06914062500000001   -2.37490036844462e-05  -0.0003903297143483743   1.706502464130221e-29       299.8313885259482
    0.06953125000000002  -2.405139321923307e-05  -0.0003968727407405589   1.023901478478023e-28       299.8276606385085
    0.06992187500000001  -2.434068175420397e-05  -0.0004033112631273575    1.38853181686386e-28       299.8239182503901
              0.0703125  -2.462123628929748e-05  -0.0004096801161772319   1.427414892796976e-28       299.8201661951527
    0.07070312499999999  -2.487879563986161e-05  -0.0004158635647827844   5.352805847989108e-29       299.8163897783557
    0.07109374999999998  -2.512669071408802e-05  -0.0004219681436692258                       0       299.8126035590752
    0.07148437500000002  -2.536008937380828e-05  -0.0004279544179770018                       0       299.8088026360697
    0.07187499999999999  -2.557322744268531e-05  -0.0004337730932240732   8.121498166527242e-29       299.8049820321219
            0.072265625  -2.577600356076112e-05  -0.0004395053899766826   1.632945078751057e-28       299.8011515787338
    0.07265625000000001  -2.595759246647682e-05   -0.000445059771812147   1.676172305978831e-28       299.7973014085258
            0.073046875  -2.612260417221755e-05  -0.0004504726292262546   1.058414498043712e-28       299.7934364540541
              0.0734375  -2.627656441130838e-05  -0.0004557911370261246                       0       299.7895616434065
    0.07382812500000001  -2.640177236524901e-05  -0.0004608596899344791                       0       299.7856622485074
             0.07421875  -2.651504155754275e-05  -0.0004658223825635588                       0       299.7817530626339
    0.07460937500000001  -2.661040260736665e-05  -0.0004706262847737275                       0       299.7778291902988
    0.07500000000000001  -2.668104046506404e-05  -0.0004752062065919453                       0       299.7738858618733
            0.075390625  -2.673911463700736e-05  -0.0004796709447487321                       0       299.7699328468979
    0.07578125000000002  -2.677165725806418e-05  -0.0004838989286517991                       0       299.7659605418465
            0.076171875  -2.678447873688131e-05  -0.0004879393731268393                       0       299.7619739236025
    0.07656250000000001  -2.678415278753966e-05  -0.0004918547913165475                       0       299.7579777632413
    0.07695312500000001  -2.675007070734036e-05  -0.0004954403528414555                       0       299.7539580539905
    0.07734374999999999  -2.670216211093586e-05  -0.0004988867833333628                       0       299.7499290670864
    0.07773437500000001  -2.663351374022401e-05  -0.0005021245172757698                       0       299.7458861637022
               0.078125  -2.653663525106989e-05  -0.0005050690593959135                       0       299.7418250267009
    0.07851562500000002  -2.642551758519384e-05  -0.0005078631327720928                       0       299.7377548625582
    0.07890625000000001  -2.628567333086967e-05  -0.0005103485229946085                       0       299.7336668234279
            0.079296875  -2.612397976086477e-05  -0.0005125903551387276                       0       299.7295656739592
    0.07968750000000001  -2.594771998040612e-05  -0.0005146698152305859                       0       299.7254557842671
            0.080078125   -2.57346637558855e-05  -0.0005163225475691225                       0       299.7213245804272
    0.08046875000000001  -2.550679258033951e-05  -0.0005177959776797919                       0       299.7171850821414
    0.08085937500000001  -2.525669897825471e-05  -0.0005190004544486434                       0       299.7130331421771
    0.08125000000000002  -2.497690602069173e-05  -0.0005198285138630252                       0       299.7088651074324
    0.08164062499999999  -2.468227977227232e-05  -0.0005204637622184385                       0        299.704689156295
             0.08203125  -2.435801971591703e-05  -0.0005207041836926777                       0       299.7004976344998
    0.08242187500000001  -2.401169378424834e-05  -0.0005206342262723714                       0       299.6962948489129
    0.08281250000000001  -2.365065726903732e-05  -0.0005203573495890346                       0       299.6920845541319
    0.08320312500000002  -2.325330953480585e-05  -0.0005195386512669029                       0       299.6878562094108
    0.08359375000000002   -2.28417095850349e-05  -0.0005184931090335976                       0       299.6836209459311
            0.083984375  -2.240873131195464e-05   -0.000517107300933532                       0       299.6793753043132
    0.08437500000000001  -2.194797862473147e-05  -0.0005152469585811133                       0       299.6751164493021
    0.08476562500000001  -2.147357095613717e-05   -0.000513143982552719                       0       299.6708511484343
    0.08515624999999999  -2.097231777620221e-05  -0.0005105450060727769                       0       299.6665732775334
    0.08554687500000001  -2.045178656155926e-05  -0.0005075574620992272                       0       299.6622864741053
              0.0859375  -1.991840332377773e-05  -0.0005043108731299397                       0       299.6579937156594
    0.08632812500000001  -1.935459994740514e-05  -0.0005003882763614711                       0       299.6536869120374
    0.08671875000000001  -1.877943277132394e-05  -0.0004961836033704458                       0       299.6493748328046
    0.08710937499999999  -1.818721989567985e-05  -0.0004915558160455851                       0       299.6450548401553
    0.08749999999999999  -1.757414277510182e-05  -0.0004863398968789046                       0        299.640724989218
            0.087890625  -1.695116667884261e-05  -0.0004808237578118044                       0       299.6363903835906
    0.08828124999999999  -1.630945892479268e-05  -0.0004746948709848456                       0       299.6320466174902
    0.08867187500000001  -1.565551464593355e-05  -0.0004680874813409197                       0       299.6276965056128
    0.08906249999999999  -1.499341268386844e-05  -0.0004611610898190172                       0       299.6233421632177
    0.08945312500000001  -1.431430964686281e-05  -0.0004534048186002961                       0       299.6189781166307
    0.08984374999999999  -1.362991979348377e-05  -0.0004453033212702922                       0       299.6146105345852
    0.09023437500000001  -1.293759971554428e-05   -0.000436683984773362                       0        299.610237649352
    0.09062500000000001  -1.223806040729065e-05  -0.0004273469939593392                       0       299.6058583767954
            0.091015625   -1.15358354672888e-05  -0.0004176442105389852                       0       299.6014760783177
    0.09140625000000002  -1.083008723061107e-05  -0.0004071959110104925                       0       299.5970880635443
            0.091796875  -1.012473527692284e-05  -0.0003961670779006812                       0       299.5926962525335
    0.09218750000000001  -9.419647511894122e-06  -0.0003847512224033226                       0       299.5883019106979
    0.09257812500000001  -8.720747003061487e-06  -0.0003723313058581533                       0       299.5839020347456
    0.09296874999999999  -8.026723871215091e-06  -0.0003594948201103672                       0       299.5795002501598
    0.09335937499999999  -7.340016804848124e-06  -0.0003460334805586628                       0       299.5750956026303
                0.09375  -6.668266436220892e-06  -0.0003317084155719461                       0       299.5706877194207
    0.09414062500000002  -6.005397435636399e-06  -0.0003169436632215197                       0       299.5662783555922
    0.09453125000000001  -5.363097209483096e-06  -0.0003012838868512683                       0       299.5618663049681
            0.094921875  -4.740749766833945e-06  -0.0002849288224666624                       0       299.5574526231207
    0.09531250000000001  -4.131704179854242e-06  -0.0002681102327391545                       0        299.553037853791
    0.09570312500000001  -3.564000526725989e-06  -0.0002500918621322775                       0       299.5486209536238
    0.09609374999999998  -3.016292383390387e-06  -0.0002315768073388961                       0       299.5442034131913
    0.09648437500000001  -2.498577504743544e-06  -0.0002123167262657508                       0        299.539784912361
               0.096875  -2.028235720192935e-06  -0.0001920289375395754                       0       299.5353655042157
    0.09726562500000002  -1.583537493572137e-06  -0.0001712185035846252                       0       299.5309457217528
             0.09765625  -1.194040404574812e-06  -0.0001493451963676227                       0       299.5265253493286
    0.09804687500000001  -8.520017580414062e-07  -0.0001266477192756925                       0       299.5221047266994
    0.09843750000000002  -5.416020731506815e-07  -0.0001034007956004831                       0       299.5176839372739
            0.098828125  -3.230823046114838e-07  -7.873416725624809e-05                       0       299.5132629683773
    0.09921875000000001   -1.46720601284396e-07   -5.34805879843284e-05                       0       299.5088419867348
    0.09960937500000001   -3.35959957754717e-08  -2.734658232088261e-05                       0       299.5044209859735
                    0.1                       0                       0                       0       299.4999999999999
