#              distance                     U_x                     U_y                     U_z                       T
  6.939740885162004e-18                       0                       0                       0        299.904479427808
  0.0003906250000000001  -2.518304036227232e-05  -4.969521621612525e-09                       0       299.9044727165713
  0.0007812500000000002  -4.925778166752149e-05  -2.256985321624045e-08                       0       299.9044391603849
            0.001171875  -7.252723911696053e-05  -5.084762233854345e-08                       0       299.9043866793766
              0.0015625  -9.525984066252542e-05  -8.624368314596312e-08                       0       299.9043215818172
            0.001953125  -0.0001166935549419562  -1.383673723967615e-07                       0       299.9042308343844
             0.00234375   -0.000137624552063112  -1.967873091299642e-07                       0       299.9041320431928
            0.002734375  -0.0001578014734468553  -2.646516170867711e-07                       0       299.9040211863632
               0.003125  -0.0001770060153683711  -3.445829045350174e-07                       0       299.9038984043318
            0.003515625  -0.0001957324653256256  -4.304105805683437e-07                       0       299.9037706351597
   0.003906250000000001  -0.0002135189268880658  -5.277568314505644e-07                       0       299.9036348426339
            0.004296875  -0.0002306241842897757  -6.333325612277273e-07                       0       299.9034957708059
              0.0046875  -0.0002472753055843436  -7.443946102682126e-07                       0       299.9033545127922
            0.005078125  -0.0002628298833688559  -8.684921831657557e-07   2.485204687736984e-31       299.9032120515007
   0.005468750000000001   -0.000277961021332224   -9.97530115066792e-07     3.9208529911182e-31       299.9030706979586
   0.005859374999999999  -0.0002924569995638756  -1.133978585473066e-06   3.782166717964878e-31       299.9029310060403
                0.00625  -0.0003061357685559352  -1.279752853529001e-06   1.877214731667343e-31       299.9027964855351
            0.006640625  -0.0003194131789801318  -1.430048766772642e-06                       0       299.9026652364773
             0.00703125  -0.0003319023643724858  -1.589105463117572e-06                       0        299.902541901812
   0.007421875000000001  -0.0003438216041565596  -1.754299714412275e-06                       0       299.9024264073029
              0.0078125   -0.000355360880201761  -1.923585669006741e-06                       0       299.9023161395475
   0.008203125000000002  -0.0003659847610793089  -2.102361621463652e-06                       0       299.9022218689742
   0.008593750000000001  -0.0003762559471006379  -2.284630296727467e-06                       0       299.9021350762412
   0.008984374999999999  -0.0003859980908376409  -2.472138056201655e-06                       0       299.9020595002707
   0.009375000000000001  -0.0003950610884466436  -2.666008963273101e-06                       0       299.9020008601766
            0.009765625  -0.0004037909038876946  -2.862901899934426e-06                       0       299.9019511406774
             0.01015625  -0.0004118671367849466  -3.065519807357936e-06                       0       299.9019201676867
            0.010546875  -0.0004194718481259054  -3.271941119234673e-06                       0       299.9019044914046
              0.0109375  -0.0004267622117626688  -3.480898034080247e-06                       0       299.9018990129284
            0.011328125  -0.0004332969747867586  -3.695358106493615e-06                       0       299.9019208981295
             0.01171875  -0.0004395412713568244  -3.911678151500659e-06                       0         299.90195440334
            0.012109375  -0.0004453498682458537  -4.130788155398264e-06                       0        299.902005338564
                 0.0125  -0.0004506004179746377  -4.352922938311244e-06                       0        299.902080723911
            0.012890625  -0.0004555775016256516  -4.576393567687039e-06                       0       299.9021686038395
             0.01328125  -0.0004600187681259306  -4.802182803899375e-06                       0       299.9022820120396
            0.013671875  -0.0004640743574650763  -5.029174466552799e-06                       0       299.9024152811846
              0.0140625  -0.0004678728286967724  -5.256967746833361e-06                       0       299.9025617909419
            0.014453125   -0.000471054678498458  -5.485861856633992e-06                       0       299.9027424452406
             0.01484375  -0.0004740000321950765  -5.714832492060644e-06                       0       299.9029371183635
            0.015234375  -0.0004765906417341468  -5.943917915926944e-06                       0       299.9031528197557
               0.015625  -0.0004787279380838059  -6.172426026367557e-06                       0        299.903397174652
    0.01601562500000001  -0.0004806433432893205  -6.400462797958546e-06                       0       299.9036559851566
             0.01640625  -0.0004821244971076682  -6.627191527576167e-06                       0       299.9039439645908
            0.016796875  -0.0004832938026797722  -6.852392752382605e-06                       0        299.904254136204
              0.0171875  -0.0004842552094210473  -7.076575640648339e-06                       0       299.9045791026032
            0.017578125  -0.0004847191881010401  -7.297307656540229e-06                       0       299.9049414700311
             0.01796875   -0.000484992828886919  -7.516300880676445e-06                       0       299.9053189213873
            0.018359375   -0.000484980962831627   -7.73268591717911e-06                       0       299.9057189986358
                0.01875  -0.0004846051094299801  -7.944886159059854e-06                       0       299.9061494115192
            0.019140625  -0.0004840512925806835  -8.154820248918243e-06                       0       299.9065950155389
             0.01953125  -0.0004831496092871493  -8.359874525309071e-06                       0       299.9070710484734
    0.01992187500000001  -0.0004819986994318614  -8.560758683176356e-06                       0        299.907569920582
              0.0203125    -0.00048068163853541   -8.75886276202799e-06                       0       299.9080840188102
    0.02070312500000001  -0.0004789679739306089  -8.949187592648021e-06                       0       299.9086361295049
             0.02109375  -0.0004771029105582441  -9.136078836948619e-06   1.795676580467948e-31       299.9092033933404
            0.021484375  -0.0004750107490345147  -9.317819701769573e-06   6.284868031652439e-31        299.909793386875
               0.021875  -0.0004726297535273851  -9.492071368242984e-06   3.591353160934546e-31       299.9104135255348
            0.022265625  -0.0004701077044516385  -9.662428913517896e-06   -2.27654955945991e-31       299.9110486830526
             0.02265625  -0.0004673102750848283  -9.824699172347008e-06  -1.365929735676374e-30       299.9117137708799
            0.023046875  -0.0004643160275325053  -9.980474918094591e-06  -1.514650798754962e-30       299.9124011077983
              0.0234375    -0.00046119056785651  -1.013192098845467e-05  -1.003669384064723e-30       299.9131032774461
    0.02382812500000001  -0.0004577526663347551  -1.027186278697183e-05  -3.763760190249225e-31        299.913842139597
             0.02421875  -0.0004541957870813755  -1.040694576904164e-05                       0       299.9145955013695
            0.024609375  -0.0004504604412305548  -1.053474052644023e-05                       0       299.9153706125718
                  0.025  -0.0004464986778034494  -1.065233501351566e-05   1.757416801171358e-29       299.9161743280505
            0.025390625  -0.0004424264782090201  -1.076471699911977e-05   3.519011623117342e-29       299.9169922376172
             0.02578125  -0.0004381389515215804   -1.08664492491612e-05    3.53990172699038e-29       299.9178383192598
            0.026171875  -0.0004336979214175479   -1.09598830706047e-05   3.557866783304726e-29       299.9187051799871
              0.0265625  -0.0004291545557024581  -1.104778460631621e-05    3.57388180791316e-29       299.9195858934409
            0.026953125  -0.0004243681435799989  -1.112138181520905e-05    3.58496281222049e-29       299.9205006156987
             0.02734375  -0.0004194894254868412  -1.118908640803126e-05   2.693708561103612e-29       299.9214286776593
            0.027734375  -0.0004144722484376286  -1.124795207674756e-05    4.48951426850603e-30       299.9223767491691
               0.028125  -0.0004092798885875398  -1.129472889041023e-05                       0       299.9233509455621
            0.028515625  -0.0004040021988245082  -1.133539512841103e-05                       0       299.9243380595969
             0.02890625  -0.0003985583722106392  -1.136370791881906e-05                       0        299.925350719356
            0.029296875  -0.0003929964496441547  -1.138258700429576e-05                       0       299.9263820871557
    0.02968750000000001  -0.0003873557964426053  -1.139517695315205e-05   1.578638375086922e-44       299.9274259269918
            0.030078125   -0.000381528714132297  -1.139181347562753e-05   1.177261404036113e-30       299.9285001691433
             0.03046875  -0.0003756310467247379  -1.138199679568919e-05    1.90027833684347e-30       299.9295862518008
            0.030859375  -0.0003696275016712938   -1.13625003121292e-05   1.941928562817465e-30       299.9306900952099
                0.03125  -0.0003634904272525981  -1.132999486759451e-05    9.75129304007209e-31       299.9318169618564
            0.031640625  -0.0003572884184264728  -1.129096962109698e-05                       0       299.9329551718429
             0.03203125  -0.0003509602013359627  -1.123887412772503e-05                       0       299.9341157320175
            0.032421875  -0.0003445425883992652  -1.117696095582306e-05                       0       299.9352925397276
    0.03281249999999999  -0.0003380653782317836  -1.110850266490145e-05                       0       299.9364801791345
            0.033203125  -0.0003314475735122417   -1.10237080675185e-05                       0       299.9376940238386
    0.03359375000000001    -0.00032477674898579  -1.093241001473782e-05                       0       299.9389179956017
            0.033984375  -0.0003180263947489628  -1.083135677886056e-05                       0       299.9401571579434
               0.034375    -0.00031117616619212  -1.071739933735525e-05                       0       299.9414158544573
            0.034765625  -0.0003042774770949271  -1.059702548829053e-05                       0       299.9426841359092
             0.03515625   -0.000297284820156348  -1.046389021461533e-05                       0       299.9439712229405
    0.03554687499999999  -0.0002902259319146928  -1.032132055387118e-05                       0       299.9452718619961
              0.0359375  -0.0002831228894709895  -1.017246130174836e-05                       0       299.9465815357381
            0.036328125  -0.0002759162415477332  -1.000815428613033e-05                       0       299.9479128675817
    0.03671875000000001  -0.0002686707514704839  -9.837797595198252e-06                       0       299.9492524883303
    0.03710937500000001  -0.0002613669981622468   -9.65836639129507e-06                       0        299.950604542438
    0.03750000000000001  -0.0002539905479943178  -9.467131636708496e-06                       0       299.9519724206792
    0.03789062500000001   -0.000246578945892267  -9.270078029164384e-06                       0       299.9533480215023
             0.03828125  -0.0002390994329134038  -9.061552560471659e-06                       0       299.9547386884973
            0.038671875  -0.0002315724334199558  -8.844698019934359e-06                       0       299.9561400839257
              0.0390625  -0.0002240137762501228  -8.622290764834108e-06                       0       299.9575486316496
    0.03945312500000001  -0.0002163814947862052  -8.386501642564558e-06                       0       299.9589741042989
    0.03984375000000001  -0.0002087218871102435  -8.145575829708517e-06                       0       299.9604059633364
            0.040234375  -0.0002010212901162121  -7.896944980972117e-06                       0       299.9618474019514
    0.04062500000000001  -0.0001932701293540227  -7.638503632472806e-06                       0        299.963300844097
            0.041015625  -0.0001854946718843942  -7.375280075284277e-06                       0       299.9647600952626
    0.04140625000000001  -0.0001776725913532094  -7.102738183104647e-06                       0       299.9662305790433
            0.041796875  -0.0001698183957929044  -6.823597457506209e-06                       0       299.9677089081044
              0.0421875  -0.0001619427902131875  -6.540057509628476e-06                       0        299.969192467356
            0.042578125  -0.0001540182539216673  -6.246201994933072e-06                       0       299.9706881355034
             0.04296875  -0.0001460759243043538  -5.948505455712687e-06   9.393735336800057e-31       299.9721882602085
            0.043359375  -0.0001381069046983477  -5.645047379704893e-06   3.287807367880237e-30       299.9736950697452
                0.04375  -0.0001301057486870558  -5.334500327456088e-06   3.771322639826537e-30       299.9752100178304
            0.044140625  -0.0001220893625582341  -5.020562272993105e-06   3.312007251814627e-30       299.9767288414571
             0.04453125  -0.0001140441923645781  -4.700149185912909e-06   9.462877862328225e-31       299.9782550287009
            0.044921875  -0.0001059798821928474  -4.375354551066891e-06                       0       299.9797861572858
    0.04531250000000001  -9.790281203573423e-05  -4.047638884376787e-06                       0       299.9813205801013
            0.045703125  -8.979782367706802e-05  -3.713433270004653e-06                       0       299.9828622693742
             0.04609375  -8.168322613690706e-05  -3.376964334044419e-06                       0       299.9844064775734
            0.046484375  -7.355421482450207e-05  -3.037100415701531e-06                       0       299.9859544641574
               0.046875  -6.540904153024228e-05  -2.693388417538255e-06                       0       299.9875067132849
    0.04726562500000001  -5.725653871727769e-05  -2.347924834827444e-06                       0       299.9890608998521
             0.04765625  -4.909087981136532e-05  -1.999302993747677e-06                       0       299.9906185737021
            0.048046875  -4.091757733256274e-05   -1.64883675732014e-06                       0        299.992178281613
              0.0484375  -3.273917913850059e-05  -1.297140923994116e-06                       0       299.9937393455679
            0.048828125  -2.455170747250486e-05  -9.432539391151388e-07                       0       299.9953028307065
             0.04921875  -1.636206132895201e-05  -5.888462084805315e-07                       0        299.996866896789
            0.049609375  -8.169153469062927e-06  -2.336573592125728e-07                       0       299.9984318342818
                   0.05   2.520720245667036e-08   1.218584566233324e-07                       0       299.9999971586208
    0.05039062500000001   8.219571379868074e-06   4.773588678848151e-07  -6.533460918345105e-31       300.0015624826278
             0.05078125   1.641249676921561e-05   8.324706942809297e-07  -3.920076551006964e-30        300.003127418461
    0.05117187500000001   2.460217092828097e-05   1.186755201836397e-06  -6.050165098317871e-30       300.0046914818905
    0.05156250000000001   3.278967760049211e-05   1.540488163498112e-06  -7.422492371054284e-30       300.0062549637275
    0.05195312500000001   4.096812817197167e-05   1.891953018418303e-06  -2.783434639145187e-30       300.0078160227155
             0.05234375   4.914148991320051e-05   2.242157521605759e-06                       0       300.0093757250024
            0.052734375   5.730721840905694e-05   2.590471497194247e-06                       0       300.0109333922564
    0.05312500000000001   6.545980441222118e-05   2.935565777917944e-06  -5.027087334784095e-30       300.0124875709407
            0.053515625   7.360506764355644e-05   3.278877778925459e-06  -1.032167805860757e-29       300.0140398115291
    0.05390625000000001   8.173418228027269e-05   3.618280355934469e-06  -1.165919500380822e-29       300.0155877883144
    0.05429687500000001   8.984889299255795e-05    3.95424202645278e-06  -7.621376113679761e-30       300.0171319857528
              0.0546875   9.795400108856246e-05   4.287909759310788e-06                       0       300.0186736636497
    0.05507812500000001   0.0001060312070195255   4.615011169848725e-06                       0       300.0202080735442
             0.05546875   0.0001140956592065417    4.93916107550394e-06                       0       300.0217391886051
            0.055859375   0.0001221409807776409   5.258883723835405e-06                       0       300.0232653614227
                0.05625   0.0001301575303745587    5.57207056922358e-06                       0       300.0247841694552
            0.056640625   0.0001381588557895251   5.881836076959355e-06                       0       300.0262991013541
    0.05703125000000001   0.0001461280564508936   6.184452037031298e-06                       0       300.0278058935704
            0.057421875   0.0001540705754973802   6.481261199154028e-06                       0       300.0293060001275
              0.0578125   0.0001619953068006145   6.774199162643852e-06                       0       300.0308016495815
    0.05820312500000001   0.0001698711206794201    7.05674643502802e-06                       0       300.0322851887977
    0.05859375000000001   0.0001777255295614013   7.334864573295343e-06  -9.047049108273749e-31       300.0337634973206
    0.05898437500000002   0.0001855478309481466   7.606339010387519e-06  -3.166467187896069e-30       300.0352339598037
    0.05937500000000001   0.0001933235186832581   7.868435593054494e-06  -3.597929917077233e-30       300.0366931887029
            0.059765625   0.0002010749142442125   8.125720290906583e-06  -3.129910166988361e-30       300.0381466080871
             0.06015625   0.0002087757547601975   8.373135303925161e-06  -8.942600477111507e-31       300.0395880230323
            0.060546875   0.0002164356119461136   8.612801166947808e-06   6.534162542862976e-31       300.0410198577488
    0.06093750000000001   0.0002240681469119886   8.847300929973603e-06   1.742443344761898e-30       300.0424453056531
            0.061328125   0.0002316270665730915   9.068345802332217e-06  -3.404481030918097e-29       300.0438538276009
             0.06171875   0.0002391543317301632   9.283808968634848e-06  -5.648764459483765e-29       300.0452551968872
            0.062109375   0.0002466341151311864   9.490899575853196e-06  -5.891384982806186e-29       300.0466458371782
                 0.0625    0.000254045993098361   9.686460812681765e-06   -2.96995454373515e-29       300.0480214105987
    0.06289062500000001   0.0002614227216135469   9.876174570419333e-06                       0       300.0493892611141
             0.06328125   0.0002687267577546139    1.00540277821846e-05                       0       300.0507412868667
    0.06367187499999999   0.0002759725332686908   1.022276415193735e-05                       0        300.052080878853
    0.06406250000000002   0.0002831794683647835   1.038542262701503e-05                       0       300.0534121816706
            0.064453125   0.0002902828009835515   1.053256354234483e-05                       0       300.0547218257517
    0.06484375000000001    0.000297341980037668   1.067338727256916e-05                       0       300.0560224349594
    0.06523437500000001   0.0003043349287447873   1.080473522513472e-05                       0       300.0573094918365
               0.065625   0.0003112339097013874   1.092326726582478e-05                       0       300.0585777428037
    0.06601562499999999   0.0003180844298529194   1.103535584376707e-05                       0       300.0598364086873
             0.06640625   0.0003248350745347022   1.113448648259431e-05                       0       300.0610755401511
    0.06679687500000001    0.000331506187671133   1.122382224605245e-05                       0       300.0622994809029
    0.06718749999999998   0.0003381242797773444   1.130662809259851e-05                       0       300.0635132945278
            0.067578125   0.0003446017725826045   1.137303256685574e-05                       0        300.064700902723
    0.06796875000000001   0.0003510196655539752   1.143286636258852e-05                       0       300.0658776792425
            0.068359375   0.0003573481587744811    1.14828441405335e-05                       0       300.0670382082215
    0.06875000000000001   0.0003635504370639185   1.151970155304724e-05                       0       300.0681763871096
    0.06914062500000001   0.0003696877772345565    1.15500143720497e-05                       0       300.0693032227059
             0.06953125   0.0003756915798611073   1.156726918244184e-05                       0       300.0704070352593
    0.06992187500000002   0.0003815894975362351   1.157480826238694e-05                       0       300.0714930872658
              0.0703125   0.0003874168252437465   1.157587018870055e-05                       0       300.0725672989082
    0.07070312500000001   0.0003930577096550719   1.156092033989479e-05                       0       300.0736111086833
             0.07109375   0.0003986198569294397   1.153965866786917e-05                       0       300.0746424466612
    0.07148437499999999   0.0004040638984983779   1.150892926101421e-05                       0       300.0756550769479
    0.07187499999999999   0.0004093417885175102   1.146580242577798e-05                       0       300.0766421620574
            0.072265625   0.0004145343408410066   1.141654339534663e-05                       0       300.0776163298243
    0.07265625000000001   0.0004195516939317277   1.135515301251561e-05                       0       300.0785643733683
    0.07304687500000001   0.0004244305744175394   1.128489301685297e-05                       0       300.0794924079253
              0.0734375   0.0004292171398334209   1.120871994596931e-05                       0       300.0804071031645
    0.07382812500000001   0.0004337606338492442   1.111819349960488e-05                       0       300.0812877906383
             0.07421875   0.0004382017813470836   1.102211604033429e-05                       0        300.082154625867
    0.07460937500000001   0.0004424894090679335    1.09177120617041e-05                       0        300.083000682718
    0.07500000000000001   0.0004465616860436646   1.080262278799117e-05                       0       300.0838185685322
    0.07539062500000002   0.0004505235145633351   1.068230373561519e-05                       0       300.0846222608063
    0.07578125000000002     0.00045425890000384   1.055175086366824e-05                       0       300.0853973499308
            0.076171875   0.0004578157983271598   1.041388620341563e-05                       0       300.0861506905437
    0.07656250000000002   0.0004612537052390396   1.027114701762588e-05                       0       300.0868895321598
    0.07695312500000001   0.0004643791337857746   1.011686710899031e-05                       0        300.087591682903
    0.07734374999999999   0.0004673733346773655   9.958244139243595e-06                       0       300.0882790016284
    0.07773437499999999   0.0004701706940862262   9.793106577830128e-06                       0       300.0889440723172
               0.078125    0.000472692640309876   9.619857485685809e-06                       0       300.0895792141948
    0.07851562500000001   0.0004750735160661487   9.442702817938157e-06                       0       300.0901993379676
    0.07890625000000001   0.0004771655231382386   9.258037378510875e-06                       0       300.0907893182057
    0.07929687499999999   0.0004790304047033059   9.068207495267147e-06                       0       300.0913565699634
    0.07968750000000001   0.0004807438692637271   8.874934649479748e-06                       0       300.0919086694228
            0.080078125   0.0004820606823591273    8.67386283628553e-06                       0       300.0924227585593
    0.08046875000000001   0.0004832113244709549   8.470004626297264e-06                       0       300.0929216224791
    0.08085937500000001   0.0004841127101074154   8.261966821117732e-06                       0       300.0933976485687
    0.08125000000000002   0.0004846661877964335   8.049039875965736e-06                       0       300.0938432476034
    0.08164062500000002   0.0004850416808992921   7.833842986803852e-06                       0       300.0942736564198
             0.08203125   0.0004850531436051215   7.614455461578427e-06                       0       300.0946737315223
    0.08242187500000001   0.0004847790660816419   7.392458118605929e-06                       0       300.0950511821973
    0.08281250000000001   0.0004843146284052894   7.168720897135418e-06                       0       300.0954135499206
    0.08320312499999999   0.0004833527053002776   6.941534908774686e-06                       0       300.0957385191037
    0.08359375000000001   0.0004821828597793327   6.713333453532114e-06                       0       300.0960486945102
            0.083984375   0.0004807011306344879    6.48360879796689e-06                       0       300.0963366792514
    0.08437500000000001   0.0004787851017654149   6.252586099008758e-06                       0       300.0965954970984
    0.08476562500000001   0.0004766471573215584   6.021098178233626e-06                       0       300.0968398603562
             0.08515625   0.0004740558503027961   5.789047413583877e-06                       0       300.0970555721506
    0.08554687500000001   0.0004711097613961393   5.557125807155538e-06   2.979132011429809e-31       300.0972502572086
    0.08593750000000001   0.0004679271512308968   5.325290306208218e-06   7.944352030469093e-31       300.0974309244491
    0.08632812500000001   0.0004641278557677646   5.094585730556385e-06   8.948016098818897e-31       300.0975774496636
    0.08671875000000001   0.0004600714163270702     4.8646973864926e-06   4.368890360909279e-31       300.0977107352464
    0.08710937500000002   0.0004556292609200239   4.636033389810805e-06  -8.584420086373463e-31       300.0978241613762
    0.08750000000000002   0.0004506512361225583   4.409722621261756e-06   -1.19965967701347e-30       300.0979120611649
    0.08789062499999999   0.0004453997190402905   4.184766420615032e-06  -1.121584744389338e-30        300.097987467279
    0.08828125000000001   0.0004395901022093913   3.962875263446288e-06  -3.204527841108316e-31       300.0980384251419
    0.08867187500000002   0.0004333447461093466   3.743808689025983e-06                       0       300.0980719543035
    0.08906249999999999   0.0004268088971632111   3.526625169771373e-06   1.935000653701013e-46       300.0980938643341
    0.08945312499999999   0.0004195173815711457   3.315010221881498e-06   1.115451932541443e-30       300.0980884127438
             0.08984375   0.0004119114919159262    3.10596026185378e-06   1.827386946785835e-30       300.0980727641017
    0.09023437499999999   0.0004038340411659758   2.900757783619433e-06   1.934046583588947e-30       300.0980418198819
    0.09062500000000001   0.0003951029554093022   2.701345765088939e-06   9.776892554752549e-31       300.0979921305075
    0.09101562499999999   0.0003860386613515074   2.504990272362437e-06   2.875752699778257e-31       300.0979335211521
    0.09140624999999999   0.0003762951690960347   2.315070423148594e-06   1.725451619867275e-30       300.0978579770938
            0.091796875   0.0003660225958939005   2.130449506599396e-06   2.365981651303519e-30       300.0977712169811
    0.09218750000000002   0.0003553973020606441   1.949361211826535e-06   2.474947470437911e-30       300.0976769794874
    0.09257812500000001   0.0003438565494108891   1.777872167424001e-06   9.281053014142024e-31       300.0975667456884
    0.09296875000000002   0.0003319358079233658   1.610522483727738e-06                       0       300.0974512853383
    0.09335937500000001   0.0003194450831791795   1.449381841090849e-06                       0       300.0973279851514
                0.09375     0.00030616608399143    1.29710552423749e-06                       0        300.097196770681
    0.09414062500000001   0.0002924857017348419    1.14940476112104e-06                       0       300.0970622847152
    0.09453125000000001   0.0002779880616464962   1.011141887168947e-06                       0        300.096922627077
    0.09492187500000002   0.0002628552259936608   8.803802768238963e-07                       0       300.0967813073401
    0.09531249999999999   0.0002472989266311431   7.546195088834762e-07                       0       300.0966388795107
            0.095703125   0.0002306460249941888   6.420569808410115e-07                       0       300.0964976535867
    0.09609375000000001   0.0002135389640758142   5.350506267721023e-07                       0        300.096358613041
            0.096484375   0.0001957506642353115   4.363785336635442e-07                       0       300.0962228505632
    0.09687499999999999   0.0001770223301505765   3.493746239503353e-07                       0       300.0960951091811
    0.09726562500000001   0.0001578158812439027   2.683444796808293e-07                       0       300.0959723536072
             0.09765625   0.0001376370072937118    1.99541213790806e-07                       0       300.0958615201707
    0.09804687500000001   0.0001167040233887659   1.403099040847292e-07                       0       300.0957627494088
    0.09843750000000001   9.526829951398852e-05   8.745989850129215e-08                       0       300.0956720204431
    0.09882812499999999   7.253363075668862e-05   5.155774578799892e-08                       0       300.0956069356703
    0.09921875000000002   4.926208247429399e-05   2.289009670570142e-08                       0       300.0955544649202
            0.099609375   2.518521490425664e-05   5.074203069900491e-09                       0       300.0955209151608
                    0.1                       0                       0                       0       300.0955142052102
