#              distance                     U_x                     U_y                     U_z                       T
  1.387778780781448e-19   2.043734530071486e-19   2.342315046072193e-17   3.432876542561991e-54       300.5000000000016
  0.0003906250000000002   1.188733939810552e-05    0.001301963833793841   9.662688448682038e-41       300.4817498818289
  0.0007812500000000002   2.377467879621105e-05    0.002603927667587682   1.932537689736391e-40       300.4634997636578
            0.001171875   3.566201819431658e-05    0.003905891501381524   2.898806534604578e-40       300.4452496454867
              0.0015625   5.612297198753801e-05    0.004703237581451528   2.705552765630941e-40        300.427111450056
            0.001953125   7.872732937953837e-05    0.005374429223090573    2.22241834319685e-40       300.4090012353104
             0.00234375   0.0001013316867715388     0.00604562086472962   1.739283920762759e-40       300.3908910205648
   0.002734375000000001   0.0001239360441635392    0.006716812506368665   1.256149498328648e-40       300.3727808058192
               0.003125   0.0001465404015555395     0.00738800414800771   7.730150758945534e-41       300.3546705910737
   0.003515625000000001     0.00016914475894754    0.008059195789646756   2.898806534604575e-41       300.3365603763281
             0.00390625   0.0001866266406877883     0.00853932385962425                       0       300.3189908557519
            0.004296875   0.0001964248089504082    0.008732856572109423                       0       300.3022323764298
   0.004687500000000001   0.0002062229772130283    0.008926389284594591                       0       300.2854738971076
            0.005078125   0.0002160211454756478    0.009119921997079759                       0       300.2687154177855
   0.005468750000000001   0.0002258193137382684    0.009313454709564932                       0       300.2519569384634
   0.005859375000000002   0.0002356174820008887    0.009506987422050101                       0       300.2351984591413
   0.006250000000000001   0.0002454156502635086    0.009700520134535276                       0       300.2184399798193
   0.006640625000000001    0.000235544144740596    0.009590331250149173                       0       300.2043811969437
   0.007031250000000001    0.000225672639217683    0.009480142365763071                       0        300.190322414068
   0.007421875000000001   0.0002158011336947703     0.00936995348137697                       0       300.1762636311925
              0.0078125   0.0002059296281718574     0.00925976459699087                       0       300.1622048483169
            0.008203125   0.0001960581226489446    0.009149575712604767                       0       300.1481460654414
   0.008593750000000001   0.0001861866171260318    0.009039386828218665                       0       300.1340872825658
   0.008984375000000001   0.0001661038734269722    0.008840936965319653                       0       300.1221056995657
   0.009375000000000001   0.0001392136376104804    0.008583646450078697                       0       300.1115089164827
            0.009765625   0.0001123234017939891    0.008326355934837744                       0       300.1009121333997
             0.01015625   8.543316597749742e-05    0.008069065419596788                       0       300.0903153503168
            0.010546875     5.8542930161006e-05    0.007811774904355836                       0       300.0797185672337
              0.0109375   3.165269434451458e-05    0.007554484389114883                       0       300.0691217841507
            0.011328125   3.124666946534613e-06    0.007290074633155194                       0       300.0592171821403
             0.01171875  -3.195452677740047e-05     0.00699718791432056                       0       300.0520813044201
            0.012109375  -6.703372050133492e-05    0.006704301195485927                       0       300.0449454266998
                 0.0125  -0.0001021129142252696    0.006411414476651294                       0       300.0378095489796
            0.012890625  -0.0001371921079492044    0.006118527757816657                       0       300.0306736712593
             0.01328125  -0.0001722713016731392    0.005825641038982024                       0        300.023537793539
            0.013671875  -0.0002073504953970737    0.005532754320147389                       0       300.0164019158187
              0.0140625   -0.000242312007084564    0.005261782281747389                       0       300.0115965941327
            0.014453125  -0.0002772440982629427    0.004996288913456048                       0       300.0073739114552
             0.01484375  -0.0003121761894413216    0.004730795545164707                       0       300.0031512287777
            0.015234375  -0.0003471082806197002    0.004465302176873368                       0       299.9989285461003
               0.015625  -0.0003820403717980783    0.004199808808582031                       0       299.9947058634227
            0.016015625  -0.0004169724629764565    0.003934315440290688                       0        299.990483180745
             0.01640625  -0.0004495632746115669     0.00369013004509537                       0       299.9871188318775
            0.016796875  -0.0004786421669317674    0.003477906609544008                       0       299.9850419837191
              0.0171875  -0.0005077210592519703    0.003265683173992665                       0       299.9829651355624
            0.017578125  -0.0005367999515721741    0.003053459738441325                       0       299.9808882874058
    0.01796875000000001  -0.0005658788438923766    0.002841236302889979                       0        299.978811439249
            0.018359375  -0.0005949577362125795    0.002629012867338638                       0       299.9767345910923
                0.01875  -0.0006240366285327837    0.002416789431787305                       0       299.9746577429365
            0.019140625  -0.0006445692375692929    0.002261164246161485                       0       299.9739883648024
             0.01953125  -0.0006651018466058036    0.002105539060535675                       0       299.9733189866692
    0.01992187500000001  -0.0006856344556423147    0.001949913874909863                       0        299.972649608536
              0.0203125  -0.0007061670646788247    0.001794288689284053                       0       299.9719802304028
            0.020703125  -0.0007266996737153364     0.00163866350365824                       0       299.9713108522696
             0.02109375  -0.0007472322827518471    0.001483038318032428                       0       299.9706414741364
            0.021484375  -0.0007623933313813946    0.001356846621796327                       0        299.970463959077
    0.02187500000000001  -0.0007739733397396344    0.001250277251820027                       0       299.9706143527334
            0.022265625  -0.0007855533480978739     0.00114370788184373                       0       299.9707647463898
             0.02265625  -0.0007971333564561141    0.001037138511867433                       0       299.9709151400461
            0.023046875  -0.0008087133648143533   0.0009305691418911357                       0       299.9710655337025
              0.0234375  -0.0008202933731725926   0.0008239997719148389                       0       299.9712159273589
            0.023828125  -0.0008302671463319101   0.0007250367867670869                       0        299.971447884059
             0.02421875  -0.0008338159786955146   0.0006564993409334946                       0       299.9720060929249
            0.024609375  -0.0008373648110591243   0.0005879618950999081                       0       299.9725643017929
                  0.025  -0.0008409136434227319   0.0005194244492663187                       0       299.9731225106596
            0.025390625    -0.00084446247578634   0.0004508870034327303                       0       299.9736807195272
             0.02578125   -0.000848011308149949   0.0003823495575991422                       0       299.9742389283945
            0.026171875  -0.0008515601405135574   0.0003138121117655541                       0        299.974797137262
              0.0265625  -0.0008498644508317611   0.0002671748831276089                       0       299.9754730203644
            0.026953125  -0.0008468576306386137   0.0002260127087885737                       0       299.9761783220255
             0.02734375  -0.0008438508104454663   0.0001848505344495386                       0       299.9768836236867
            0.027734375  -0.0008408439902523229    0.000143688360110504                       0       299.9775889253492
               0.028125  -0.0008378371700591737   0.0001025261857714686                       0       299.9782942270099
    0.02851562500000001  -0.0008348303498660243   6.136401143243331e-05                       0       299.9789995286702
             0.02890625  -0.0008298187619055606    2.76582819923947e-05   5.294180110519118e-27       299.9797040036136
            0.029296875  -0.0008218000222941227   5.137219900850096e-06   1.852963038681615e-26       299.9804072384799
    0.02968750000000001  -0.0008137812826826844  -1.738384219069519e-05   3.176508066311354e-26       299.9811104733464
            0.030078125  -0.0008057625430712506  -3.990490428224047e-05   4.500053093941102e-26       299.9818137082145
    0.03046875000000001  -0.0007977438034598081  -6.242596637378525e-05   5.823598121570784e-26       299.9825169430794
            0.030859375    -0.00078972506384837  -8.494702846533001e-05   7.147143149200479e-26       299.9832201779459
                0.03125   -0.000781706324236932   -0.000107468090556875   8.470688176830185e-26       299.9839234128124
            0.031640625  -0.0007700424452390487  -0.0001178540802892123    7.99866020856769e-26       299.9845498124341
             0.03203125  -0.0007583785662411642  -0.0001282400700215501   7.526632240305093e-26       299.9851762120558
            0.032421875  -0.0007467146872432804  -0.0001386260597538875   7.054604272042552e-26       299.9858026116775
    0.03281249999999999  -0.0007350508082453974  -0.0001490120494862252   6.582576303779966e-26       299.9864290112997
            0.033203125  -0.0007233869292475126  -0.0001593980392185626   6.110548335517406e-26        299.987055410921
             0.03359375  -0.0007117230502496285  -0.0001697840289509002    5.63852036725484e-26       299.9876818105428
            0.033984375  -0.0006985330389327043  -0.0001756110176758037   4.938798944329512e-26       299.9882447700526
               0.034375  -0.0006843256060697534   -0.000178398672395751   4.087281884962363e-26       299.9887654361547
            0.034765625  -0.0006701181732068028  -0.0001811863271156983   3.235764825595216e-26       299.9892861022566
    0.03515625000000001  -0.0006559107403438513   -0.000183973981835646    2.38424776622802e-26       299.9898067683587
    0.03554687500000001  -0.0006417033074809004  -0.0001867616365555934   1.532730706860866e-26       299.9903274344607
              0.0359375  -0.0006274958746179504  -0.0001895492912755405   6.812136474937267e-27       299.9908481005628
            0.036328125  -0.0006129465013931736  -0.0001914185589720633                       0       299.9913471123457
    0.03671874999999999  -0.0005970293667210951  -0.0001896142785748881                       0       299.9917595068521
            0.037109375  -0.0005811122320490161  -0.0001878099981777128                       0       299.9921719013585
    0.03750000000000001  -0.0005651950973769371  -0.0001860057177805375                       0       299.9925842958649
            0.037890625  -0.0005492779627048578  -0.0001842014373833627                       0       299.9929966903715
             0.03828125  -0.0005333608280327793  -0.0001823971569861873                       0       299.9934090848779
    0.03867187499999999  -0.0005174436933607006  -0.0001805928765890121                       0       299.9938214793843
              0.0390625   -0.000500640693581467  -0.0001766430096231562                       0         299.99415648979
    0.03945312500000001  -0.0004836162275254413  -0.0001721567460151315                       0       299.9944721541705
    0.03984375000000001  -0.0004665917614694185  -0.0001676704824071057                       0        299.994787818551
            0.040234375  -0.0004495672954133948  -0.0001631842187990807                       0       299.9951034829315
    0.04062500000000001  -0.0004325428293573715  -0.0001586979551910551                       0        299.995419147312
            0.041015625  -0.0004155183633013484    -0.00015421169158303                       0       299.9957348116925
    0.04140625000000001   -0.000398218818823523  -0.0001491211002765326                       0        299.996019158246
    0.04179687500000001  -0.0003805066567129963  -0.0001431240174223275                       0       299.9962565280591
              0.0421875  -0.0003627944946024699  -0.0001371269345681225                       0       299.9964938978721
            0.042578125  -0.0003450823324919431  -0.0001311298517139174                       0       299.9967312676852
             0.04296875  -0.0003273701703814163  -0.0001251327688597125                       0       299.9969686374983
    0.04335937500000001  -0.0003096580082708893  -0.0001191356860055075                       0       299.9972060073114
                0.04375  -0.0002919458461603626  -0.0001131386031513026                       0       299.9974433771246
            0.044140625  -0.0002738315144953287  -0.0001063311730858374                       0       299.9976238915571
             0.04453125   -0.000255717182830296  -9.952374302037162e-05                       0       299.9978044059896
            0.044921875  -0.0002376028511652628  -9.271631295490616e-05                       0       299.9979849204222
    0.04531250000000001  -0.0002194885195002289  -8.590888288944041e-05                       0       299.9981654348546
            0.045703125  -0.0002013741878351958  -7.910145282397447e-05                       0       299.9983459492871
             0.04609375  -0.0001832598561701616  -7.229402275850916e-05                       0       299.9985264637196
            0.046484375   -0.000165021376064604   -6.52526422236441e-05                       0       299.9986863872388
               0.046875  -0.0001467001303320304   -5.80552947091794e-05                       0       299.9988325834822
    0.04726562500000001  -0.0001283788845994564  -5.085794719471458e-05                       0       299.9989787797257
    0.04765625000000001  -0.0001100576388668828  -4.366059968024988e-05                       0       299.9991249759709
            0.048046875  -9.173639313430929e-05  -3.646325216578517e-05                       0       299.9992711722127
    0.04843750000000001  -7.341514740173612e-05  -2.926590465132059e-05                       0       299.9994173684595
    0.04882812499999999  -5.508123079666709e-05  -2.204550885548693e-05                       0       299.9995612686499
    0.04921875000000001  -3.669663070161191e-05  -1.473291993417916e-05                       0       299.9996959846436
    0.04960937500000001  -1.831203060655763e-05  -7.420331012871201e-06                       0       299.9998307006374
                   0.05   7.256948849598839e-08  -1.077420915635055e-07                       0       299.9999654166329
    0.05039062500000001   1.845716958355148e-05   7.204846829744492e-06                       0       300.0001001326278
             0.05078125   3.684176967860533e-05   1.451743575105184e-05                       0       300.0002348486194
    0.05117187500000001   5.522636977366017e-05   2.183002467235958e-05                       0       300.0003695646127
              0.0515625   7.356027503341707e-05   2.905102445033206e-05                       0        300.000513404196
    0.05195312500000001    9.18815065843506e-05   3.624912694247047e-05                       0       300.0006595246768
             0.05234375   0.0001102027381352835   4.344722943460863e-05                       0       300.0008056451576
            0.052734375   0.0001285239696862176   5.064533192674726e-05                       0         300.00095176564
    0.05312500000000001    0.000146845201237151   5.784343441888562e-05                       0       300.0010978861208
            0.053515625   0.0001651664327880841   6.504153691102385e-05                       0       300.0012440066016
             0.05390625   0.0001834049445878134   7.208402931978265e-05                       0       300.0014038247621
            0.054296875   0.0002015193767607397   7.889310660347333e-05                       0       300.0015841894461
              0.0546875    0.000219633808933666     8.5702183887164e-05                       0       300.0017645541301
    0.05507812500000001   0.0002377482411065925   9.251126117085474e-05                       0        300.001944918814
             0.05546875   0.0002558626732795202   9.932033845454587e-05                       0       300.0021252834998
            0.055859375   0.0002739771054524454    0.000106129415738236                       0       300.0023056481822
                0.05625   0.0002920915376253719   0.0001129384930219267                       0       300.0024860128664
            0.056640625   0.0003098041692793962    0.000118938409175969                       0       300.0027231631033
    0.05703125000000001   0.0003275168009334182   0.0001249383253300107                       0       300.0029603133381
            0.057421875   0.0003452294325874418   0.0001309382414840524                       0       300.0031974635741
    0.05781250000000001   0.0003629420642414653   0.0001369381576380942                       0       300.0034346138099
            0.058203125   0.0003806546958954882   0.0001429380737921358                       0       300.0036717640459
             0.05859375   0.0003983673275495108   0.0001489379899461778                       0       300.0039089142817
            0.058984375   0.0004156677853428305   0.0001540324181119713                       0       300.0041930037831
               0.059375   0.0004326934605623464   0.0001585231876189335                       0       300.0045083861282
            0.059765625   0.0004497191357818627   0.0001630139571258954                       0       300.0048237684733
    0.06015624999999999   0.0004667448110013779   0.0001675047266328573                       0       300.0051391508185
    0.06054687499999999   0.0004837704862208953   0.0001719954961398187                       0       300.0054545331635
    0.06093750000000001   0.0005007961614404124   0.0001764862656467806                       0       300.0057699155087
            0.061328125   0.0005176006116235427   0.0001804411186885162                       0       300.0061046338366
             0.06171875   0.0005335201616611118   0.0001822523058693426                       0       300.0065166960865
            0.062109375   0.0005494397116986836     0.00018406349305017                       0       300.0069287583379
                 0.0625   0.0005653592617362553   0.0001858746802309974                       0       300.0073408205893
    0.06289062499999999   0.0005812788117738264   0.0001876858674118249                       0       300.0077528828407
             0.06328125   0.0005971983618113986   0.0001894970545926522                       0       300.0081649450922
            0.063671875   0.0006131179118489715   0.0001913082417734792                       0       300.0085770073438
    0.06406250000000001   0.0006276710833442967   0.0001894486189021061  -4.539846317678473e-27       300.0090756625041
            0.064453125   0.0006418826602040599   0.0001866712935176831  -1.021465421477631e-26       300.0095959658919
    0.06484375000000001   0.0006560942370638269    0.000183893968133261  -1.588946211187435e-26       300.0101162692811
            0.065234375   0.0006703058139235906   0.0001811166427488378  -2.156427000897241e-26       300.0106365726688
               0.065625   0.0006845173907833544   0.0001783393173644145  -2.723907790607049e-26       300.0111568760565
    0.06601562500000001   0.0006987289676431184   0.0001755619919799913  -3.291388580316857e-26       300.0116771794442
             0.06640625   0.0007119240163447434    0.000169747240631623   -5.11276862150613e-26       300.0122397765556
    0.06679687500000001    0.000723594272809161   0.0001593763503373367  -8.814997539914758e-26       300.0128658142526
    0.06718749999999998    0.000735264529273574   0.0001490054600430502  -1.251722645832311e-25       300.0134918519479
    0.06757812499999999   0.0007469347857379958   0.0001386345697487643  -1.621945537673187e-25       300.0141178896464
    0.06796875000000001   0.0007586050422024097   0.0001282636794544772  -1.992168429514046e-25        300.014743927342
            0.068359375    0.000770275298666827   0.0001178927891601913  -2.362391321354893e-25        300.015369965039
    0.06874999999999999   0.0007819455551312437   0.0001075218988659056  -2.732614213195739e-25        300.015996002736
    0.06914062499999998   0.0007899732687172554   8.502235328122892e-05  -2.935831066447068e-25       300.0166989245909
             0.06953125   0.0007980009823032679   6.252280769655006e-05  -3.139047919698407e-25       300.0174018464456
    0.06992187499999999   0.0008060286958892794     4.0023262111873e-05  -3.342264772949731e-25       300.0181047683004
              0.0703125   0.0008140564094752911    1.75237165271953e-05  -3.545481626201062e-25       300.0188076901552
    0.07070312500000001   0.0008220841230613027  -4.975829057482297e-06   -3.74869847945239e-25         300.01951061201
    0.07109375000000001   0.0008301118366473143  -2.747537464215989e-05  -3.951915332703718e-25       300.0202135338648
    0.07148437499999999   0.0008351339736429248  -6.115465898353165e-05  -3.765510088635165e-25       300.0209177679777
    0.07187500000000001   0.0008381523929115945  -0.0001022871024960374  -3.319356779686641e-25       300.0216228769266
            0.072265625   0.0008411708121802643  -0.0001434195460085401  -2.873203470738148e-25       300.0223279858754
    0.07265624999999999   0.0008441892314489306  -0.0001845519895210427  -2.427050161789645e-25       300.0230330948235
            0.073046875   0.0008472076507176017   -0.000225684433033547  -1.980896852841141e-25       300.0237382037726
              0.0734375   0.0008502260699862718  -0.0002668168765460513  -1.534743543892636e-25       300.0244433127218
    0.07382812499999999   0.0008519337692991097  -0.0003134224130667227  -1.068582507398625e-25       300.0251190472313
             0.07421875    0.000848398588788622  -0.0003819203216200725  -5.223905607225147e-26       300.0256772839842
    0.07460937500000001   0.0008448634082781277  -0.0004504182301734202   2.380138595360347e-27       300.0262355207349
    0.07500000000000001   0.0008413282277676416  -0.0005189161387267705   5.699933326297112e-26       300.0267937574883
    0.07539062499999999   0.0008377930472571464  -0.0005874140472801137    1.11618527930581e-25       300.0273519942384
    0.07578125000000001   0.0008342578667466555  -0.0006559119558334658   1.662377225981948e-25       300.0279102309901
            0.076171875   0.0008307226862361649   -0.000724409864386813   2.208569172658047e-25       300.0284684677419
    0.07656250000000001   0.0008207630242003224  -0.0008233248665303243   2.328042133228642e-25       300.0287007325109
    0.07695312500000001   0.0008091972417831416  -0.0009298441420713772   2.340835347272837e-25       300.0288515042842
    0.07734374999999999   0.0007976314593659616   -0.001036363417612423   2.353628561317031e-25       300.0290022760576
    0.07773437500000001   0.0007860656769487806    -0.00114288269315348   2.366421775361225e-25        300.029153047831
               0.078125   0.0007744998945316028   -0.001249401968694533   2.379214989405415e-25        300.029303819605
    0.07851562499999998   0.0007629341121144204   -0.001355921244235574   2.392008203449606e-25       300.0294545913775
    0.07890625000000001   0.0007477864759653087   -0.001482059026232902   2.249703873633867e-25       300.0292776527038
            0.079296875    0.000727266059218305   -0.001637624567914623   1.874753228028234e-25       300.0286091483601
    0.07968750000000001   0.0007067456424712954   -0.001793190109596341   1.499802582422584e-25       300.0279406440147
    0.08007812499999999   0.0006862252257242899   -0.001948755651278052   1.124851936816949e-25       300.0272721396702
    0.08046874999999999   0.0006657048089772834   -0.002104321192959774   7.499012912112994e-26       300.0266036353257
    0.08085937500000001   0.0006451843922302751   -0.002259886734641503   3.749506456056364e-26       300.0259351309812
                0.08125   0.0006246639754832689    -0.00241545227632322   4.903784721307584e-41       300.0252666266368
    0.08164062500000001   0.0005955916184049296   -0.002627610331675564  -6.007574618826636e-27       300.0231912688261
             0.08203125   0.0005665192613265905   -0.002839768387027901  -1.201514923765306e-26       300.0211159110154
    0.08242187500000001   0.0005374469042482507   -0.003051926442380245   -1.80227238564797e-26       300.0190405532048
              0.0828125   0.0005083745471699137   -0.003264084497732587  -2.403029847530609e-26       300.0169651953947
    0.08320312499999999   0.0004793021900915743   -0.003476242553084918  -3.003787309413223e-26       300.0148898375837
    0.08359374999999999   0.0004502298330132352   -0.003688400608437262  -3.604544771295886e-26       300.0128144797731
    0.08398437499999999    0.000417639860134188   -0.003932521696495774  -9.569777758496583e-26       300.0094520026242
    0.08437500000000001   0.0003827048100546655   -0.004197951473025088  -1.911132776257719e-25       300.0052314459165
    0.08476562500000001   0.0003477697599751442   -0.004463381249554395  -2.865287776665746e-25       300.0010108892088
             0.08515625    0.000312834709895625   -0.004728811026083694  -3.819442777073743e-25       299.9967903325012
    0.08554687499999999   0.0002778996598161059   -0.004994240802612997  -4.773597777481741e-25        299.992569775794
              0.0859375   0.0002429646097365856    -0.00525967057914231  -5.727752777889771e-25       299.9883492190867
    0.08632812499999999   0.0002079977747712322    -0.00553058175035753  -6.288230628896986e-25       299.9835461136403
             0.08671875   0.0001729038002625396   -0.005823418500316416  -5.273999882300665e-25       299.9764128132364
    0.08710937499999999   0.0001378098257538493   -0.006116255250275321  -4.259769135704413e-25       299.9692795128341
    0.08750000000000001   0.0001027158512451578   -0.006409092000234276  -3.245538389108124e-25       299.9621462124334
    0.08789062500000001   6.762187673646593e-05   -0.006701928750193172  -2.231307642511795e-25         299.95501291203
    0.08828125000000001   3.252790222777586e-05   -0.006994765500152062  -1.217076895915541e-25       299.9478796116272
    0.08867187500000001  -2.566072280915151e-06   -0.007287602250110975  -2.028461493192511e-26       299.9407463112249
              0.0890625   -3.11173602321264e-05   -0.007551986042163528                       0       299.9308442889684
    0.08945312500000001  -5.803297654396895e-05     -0.0078092565947395                       0       299.9202500862485
             0.08984375  -8.494859285581053e-05   -0.008066527147315464                       0       299.9096558835287
    0.09023437499999999  -0.0001118642091676522   -0.008323797699891429                       0       299.8990616808088
    0.09062500000000001  -0.0001387798254794953   -0.008581068252467433                       0       299.8884674780898
    0.09101562499999999  -0.0001656954417913353   -0.008838338805043361                       0        299.877873275369
    0.09140625000000001  -0.0001858053165705447   -0.009036788481008385                       0       299.8658940302304
    0.09179687499999999  -0.0001957065790507981     -0.0091470068420568                       0       299.8518372214582
    0.09218750000000001  -0.0002056078415310535   -0.009257225203105271                       0       299.8377804126876
    0.09257812500000001  -0.0002155091040113084   -0.009367443564153751                       0       299.8237236039174
    0.09296874999999999  -0.0002254103664915625   -0.009477661925202205                       0       299.8096667951467
    0.09335937500000001  -0.0002353116289718205   -0.009587880286250782                       0       299.7956099863792
                0.09375   -0.000245212891452072   -0.009698098647299131                       0       299.7815531776052
    0.09414062500000001  -0.0002354386238893391   -0.009504660751158557  -5.009063219883553e-25       299.7647956501127
    0.09453125000000001  -0.0002256643563266038   -0.009311222855017882  -1.001812643976693e-24       299.7480381226167
    0.09492187499999999  -0.0002158900887638705   -0.009117784958877264  -1.502718965964995e-24       299.7312805951221
    0.09531249999999999  -0.0002061158212011366   -0.008924347062736641  -2.003625287953315e-24       299.7145230676279
    0.09570312499999999  -0.0001963415536384031   -0.008730909166596025  -2.504531609941635e-24       299.6977655401334
    0.09609374999999999  -0.0001865672860756693   -0.008537471270455402  -3.005437931929973e-24       299.6810080126392
    0.09648437500000001  -0.0001690999947872872   -0.008057479605480844  -3.239422638633525e-24       299.6634389478541
    0.09687500000000002  -0.0001465040210151403   -0.007386452094617017  -3.295459601813915e-24       299.6453288582088
    0.09726562500000001  -0.0001239080472429953   -0.006715424583753263  -3.351496564994303e-24       299.6272187685651
    0.09765625000000001  -0.0001013120734708476   -0.006044397072889409  -3.407533528174677e-24       299.6091086789196
    0.09804687499999999  -7.871609969870213e-05   -0.005373369562025622  -3.463570491355046e-24       299.5909985892742
    0.09843750000000001  -5.612012592655403e-05   -0.004702342051161741  -3.519607454535401e-24       299.5728884996271
    0.09882812500000002  -3.566563772703448e-05   -0.003905175039816253  -3.341659711012197e-24        299.554750401168
    0.09921874999999999  -2.377709181802328e-05     -0.0026034500265442  -2.227773140674818e-24       299.5365002674442
    0.09960937499999999  -1.188854590901186e-05   -0.001301725013272123  -1.113886570337419e-24       299.5182501337222
    0.09999999999999998                       0                       0                       0                   299.5
