#              distance                     U_x                     U_y                     U_z                       T
                      0  -2.640986616046873e-18   8.883905098924559e-21                       0       299.7217280242155
  0.0003906250000000001  -0.0001497629718974316   4.802539920580929e-07                       0       299.7217280242137
  0.0007812500000000004   -0.000299525943794865   9.605079841161906e-07                       0       299.7217280242148
   0.001171875000000001  -0.0004492889156922976   1.440761976174287e-06                       0       299.7217280242154
   0.001562500000000001  -0.0005750513489652162   2.960420392351947e-06                       0       299.7216059078838
            0.001953125  -0.0006948136475820099   4.739929914559508e-06                       0       299.7214532624714
   0.002343750000000001  -0.0008145759461988038   6.519439436767073e-06                       0       299.7213006170592
   0.002734375000000001  -0.0009343382448155974   8.298948958974645e-06                       0       299.7211479716467
   0.003125000000000001   -0.001054100543432391   1.007845848118221e-05                       0       299.7209953262342
            0.003515625   -0.001173862842049185   1.185796800338977e-05                       0       299.7208426808218
             0.00390625   -0.001282476480782038   1.386340383793686e-05                       0       299.7207059119032
            0.004296875   -0.001374367129688981   1.620772914099324e-05                       0       299.7205929577249
   0.004687500000000001   -0.001466257778595922   1.855205444404962e-05                       0       299.7204800035468
   0.005078125000000001   -0.001558148427502865   2.089637974710603e-05                       0       299.7203670493686
   0.005468750000000001   -0.001650039076409807   2.324070505016238e-05                       0       299.7202540951903
   0.005859375000000001   -0.001741929725316749   2.558503035321878e-05                       0       299.7201411410122
   0.006250000000000001   -0.001833820374223691   2.792935565627515e-05                       0       299.7200281868339
   0.006640625000000001   -0.001900372143989698   3.013869356448627e-05                       0       299.7201444501833
   0.007031250000000001   -0.001966923913755706    3.23480314726974e-05                       0       299.7202607135328
   0.007421875000000001   -0.002033475683521713   3.455736938090852e-05                       0       299.7203769768822
   0.007812500000000002   -0.002100027453287721   3.676670728911967e-05                       0       299.7204932402316
            0.008203125   -0.002166579223053729   3.897604519733076e-05                       0       299.7206095035811
   0.008593750000000002   -0.002233130992819736   4.118538310554181e-05                       0       299.7207257669305
   0.008984375000000003   -0.002286258960513533   4.302966834668023e-05                       0        299.721053400837
   0.009375000000000001   -0.002330437726825854    4.46305851431034e-05                       0       299.7215219484482
            0.009765625   -0.002374616493138175   4.623150193952659e-05                       0       299.7219904960596
             0.01015625   -0.002418795259450498   4.783241873594982e-05                       0       299.7224590436709
            0.010546875   -0.002462974025762818   4.943333553237298e-05                       0        299.722927591282
              0.0109375   -0.002507152792075139   5.103425232879614e-05                       0       299.7233961388932
            0.011328125   -0.002547500317382297   5.247799703290419e-05                       0       299.7239482616239
             0.01171875   -0.002572522878668802   5.329305336775178e-05                       0       299.7248346848324
            0.012109375   -0.002597545439955308   5.410810970259939e-05                       0       299.7257211080409
                 0.0125   -0.002622568001241814     5.4923166037447e-05                       0       299.7266075312494
            0.012890625   -0.002647590562528321    5.57382223722946e-05                       0       299.7274939544581
             0.01328125   -0.002672613123814826   5.655327870714214e-05                       0       299.7283803776667
            0.013671875   -0.002697635685101331   5.736833504198982e-05                       0       299.7292668008752
              0.0140625   -0.002709920898377622   5.756423453668311e-05                       0       299.7305031103106
            0.014453125   -0.002719021774651359   5.760534482133802e-05                       0       299.7318268913025
             0.01484375   -0.002728122650925094   5.764645510599292e-05                       0       299.7331506722946
            0.015234375   -0.002737223527198831   5.768756539064782e-05                       0       299.7344744532866
               0.015625   -0.002746324403472567   5.772867567530263e-05                       0       299.7357982342787
    0.01601562500000001   -0.002755425279746316   5.776978595995767e-05                       0        299.737122015272
             0.01640625   -0.002759377672977396   5.755666253427947e-05                       0       299.7386147936913
            0.016796875   -0.002755607341644523   5.696218854310234e-05                       0       299.7403610682551
              0.0171875   -0.002751837010311652   5.636771455192521e-05                       0       299.7421073428189
            0.017578125   -0.002748066678978781   5.577324056074813e-05                       0       299.7438536173829
    0.01796875000000001   -0.002744296347645908   5.517876656957091e-05                       0       299.7455998919466
            0.018359375   -0.002740526016313057   5.458429257839418e-05                       0       299.7473461665127
                0.01875   -0.002736755684980168   5.398981858721677e-05                       0       299.7490924410746
            0.019140625   -0.002722841598431899   5.295971961814543e-05                       0       299.7512231670738
             0.01953125   -0.002708927511883622     5.1929620649074e-05                       0       299.7533538930722
    0.01992187500000001   -0.002695013425335351   5.089952168000279e-05                       0       299.7554846190714
              0.0203125   -0.002681099338787088    4.98694227109315e-05                       0       299.7576153450713
    0.02070312500000001    -0.00266718525223884   4.883932374186072e-05                       0        299.759746071073
             0.02109375   -0.002653271165690549    4.78092247727892e-05                       0       299.7618767970698
            0.021484375   -0.002634671760615773   4.664255272514684e-05                       0       299.7642074093606
    0.02187500000000001   -0.002612948809856652   4.538483195845691e-05                       0       299.7666712791785
            0.022265625   -0.002591225859097541   4.412711119176734e-05                       0       299.7691351489975
             0.02265625    -0.00256950290833843   4.286939042507774e-05                       0       299.7715990188165
            0.023046875   -0.002547779957579319   4.161166965838796e-05                       0       299.7740628886354
              0.0234375   -0.002526057006820208   4.035394889169818e-05                       0       299.7765267584543
            0.023828125   -0.002503158439070497   3.908670919177966e-05                       0       299.7790459732901
             0.02421875   -0.002475557403358386   3.778139375894613e-05                       0       299.7817865681924
            0.024609375   -0.002447956367646274   3.647607832611257e-05                       0       299.7845271630947
                  0.025   -0.002420355331934164   3.517076289327907e-05                       0       299.7872677579972
            0.025390625   -0.002392754296222051   3.386544746044535e-05                       0       299.7900083528995
    0.02578125000000001   -0.002365153260509943   3.256013202761176e-05                       0       299.7927489478022
            0.026171875   -0.002337552224797853   3.125481659477857e-05                       0       299.7954895427073
              0.0265625   -0.002306491567024403   3.001829534034391e-05                       0       299.7984071777657
            0.026953125   -0.002274566003735633   2.879897263050922e-05                       0       299.8013690728652
             0.02734375    -0.00224264044044687    2.75796499206748e-05                       0       299.8043309679656
    0.02773437500000001   -0.002210714877158107   2.636032721084037e-05                       0       299.8072928630659
               0.028125   -0.002178789313869345    2.51410045010059e-05                       0       299.8102547581663
            0.028515625   -0.002146863750580582   2.392168179117144e-05                       0       299.8132166532667
             0.02890625   -0.002113697385110536   2.276993284661515e-05                       0       299.8162469093194
            0.029296875   -0.002078669816368567   2.171954454997615e-05                       0       299.8193797068008
              0.0296875   -0.002043642247626597   2.066915625333713e-05                       0       299.8225125042821
            0.030078125   -0.002008614678884627   1.961876795669812e-05                       0       299.8256453017635
             0.03046875    -0.00197358711014266   1.856837966005872e-05                       0       299.8287780992454
            0.030859375   -0.001938559541400686   1.751799136341978e-05                       0       299.8319108967262
                0.03125   -0.001903531972658722   1.646760306678069e-05                       0       299.8350436942084
    0.03164062500000001   -0.001866345206755479   1.562384331892846e-05                       0       299.8383042109647
    0.03203125000000001   -0.001829158440852241   1.478008357107628e-05                       0       299.8415647277219
            0.032421875   -0.001791971674949004   1.393632382322413e-05                       0       299.8448252444791
              0.0328125   -0.001754784909045766   1.309256407537181e-05                       0       299.8480857612363
            0.033203125   -0.001717598143142534   1.224880432751928e-05                       0       299.8513462779944
             0.03359375   -0.001680411377239299   1.140504457966706e-05                       0        299.854606794752
    0.03398437500000001   -0.001642355950327485   1.068697393011543e-05                       0       299.8579227991805
               0.034375   -0.001603721416076636   1.005269601276435e-05                       0       299.8612757953922
    0.03476562500000001   -0.001565086881825787   9.418418095413241e-06                       0       299.8646287916039
    0.03515625000000001   -0.001526452347574953   8.784140178062179e-06                       0       299.8679817878188
    0.03554687500000001   -0.001487817813324094   8.149862260710933e-06                       0       299.8713347840284
              0.0359375   -0.001449183279073241   7.515584343360519e-06                       0       299.8746877802393
            0.036328125   -0.001410363641241414   6.919149413579682e-06                       0       299.8780537545899
    0.03671874999999999   -0.001370803589085672    6.47408643407928e-06                       0       299.8814716414958
            0.037109375    -0.00133124353692993   6.029023454579321e-06                       0       299.8848895284018
    0.03750000000000001   -0.001291683484774187   5.583960475079359e-06                       0       299.8883074153077
            0.037890625   -0.001252123432618445   5.138897495579318e-06                       0       299.8917253022136
             0.03828125   -0.001212563380462703   4.693834516079263e-06                       0       299.8951431891196
            0.038671875   -0.001173003328306967   4.248771536579199e-06                       0       299.8985610760271
              0.0390625   -0.001132998177364357   3.928800918858416e-06                       0       299.9020141963055
    0.03945312500000001   -0.001092881751725038   3.640103391582443e-06                       0       299.9054761249291
             0.03984375    -0.00105276532608572   3.351405864306481e-06                       0       299.9089380535527
    0.04023437500000001   -0.001012648900446401   3.062708337030099e-06                       0       299.9123999821765
    0.04062500000000001  -0.0009725324748070811   2.774010809754482e-06                       0       299.9158619107998
            0.041015625  -0.0009324160491677676   2.485313282478399e-06                       0       299.9193238394248
    0.04140625000000001  -0.0008921760538589772   2.244185979217082e-06                       0       299.9227972547318
    0.04179687500000001  -0.0008517507040459961   2.074414011977619e-06                       0       299.9262879000693
              0.0421875   -0.000811325354233006    1.90464204473862e-06                       0       299.9297785454033
    0.04257812499999999  -0.0007709000044200211     1.7348700774987e-06                       0       299.9332691907389
             0.04296875  -0.0007304746546070345   1.565098110259382e-06                       0       299.9367598360747
    0.04335937500000001  -0.0006900493047940483   1.395326143020064e-06                       0       299.9402504814104
    0.04375000000000001  -0.0006496239549810638   1.225554175780262e-06                       0       299.9437411267469
            0.044140625  -0.0006090439480988846   1.137665133009701e-06                       0       299.9472493793406
             0.04453125  -0.0005684639412167066   1.049776090238652e-06                       0       299.9507576319351
            0.044921875  -0.0005278839343345287   9.618870474676026e-07                       0       299.9542658845297
    0.04531250000000001  -0.0004873039274523497   8.739980046965546e-07                       0       299.9577741371241
            0.045703125  -0.0004467239205701715   7.861089619255088e-07                       0       299.9612823897186
             0.04609375  -0.0004061439136879931   6.982199191544631e-07                       0       299.9647906423131
            0.046484375  -0.0003655239975762126   6.387699211554276e-07                       0       299.9683045529405
               0.046875  -0.0003248774753113639   5.982792863377312e-07                       0       299.9718222355897
    0.04726562500000001  -0.0002842309530465145   5.577886515200341e-07                       0       299.9753399182389
             0.04765625  -0.0002435844307816658   5.172980167023163e-07                       0       299.9788576008881
            0.048046875  -0.0002029379085168172   4.768073818845664e-07                       0       299.9823752835373
              0.0484375  -0.0001622913862519685   4.363167470668166e-07                       0       299.9858929661866
            0.048828125  -0.0001216412673174867   3.989042126226258e-07                       0       299.9894112429093
    0.04921875000000001  -8.097676170447153e-05   3.738040796726685e-07                       0       299.9929318959261
            0.049609375  -4.031225609145707e-05   3.487039467227118e-07                       0       299.9964525489429
    0.05000000000000001   3.522495215573999e-07   3.236038137727567e-07                       0       299.9999732019614
    0.05039062500000001   4.101675513457437e-05   2.985036808223324e-07                       0       300.0034938549781
             0.05078125   8.168126074758842e-05    2.73403547871908e-07                       0       300.0070145079932
    0.05117187500000001   0.0001223457663606047   2.483034149214842e-07                       0       300.0105351610101
              0.0515625   0.0001629963962435728   2.106875178577276e-07                       0       300.0140534733835
    0.05195312500000001   0.0002036435571940322   1.699426797656379e-07                       0       300.0175712005978
    0.05234375000000001   0.0002442907181444887   1.291978416735469e-07                       0       300.0210889278089
            0.052734375   0.0002849378790949455   8.845300358135544e-08                       0       300.0246066550216
    0.05312500000000001   0.0003255850400454071   4.770816548909335e-08                       0       300.0281243822359
    0.05351562500000001   0.0003662322009958649   6.963327396832786e-09                       0       300.0316421094486
             0.05390625   0.0004068530121207357  -5.285979139560351e-08                       0       300.0351560810598
    0.05429687500000001   0.0004474342985072286  -1.413003312383055e-07                       0        300.038664419269
    0.05468750000000001   0.0004880155848937209  -2.297408710810058e-07                       0       300.0421727574782
    0.05507812500000001   0.0005285968712802115   -3.18181410923696e-07                       0       300.0456810956856
             0.05546875   0.0005691781576667029  -4.066219507663365e-07                       0       300.0491894338947
            0.055859375   0.0006097594440531949  -4.950624906089787e-07                       0       300.0526977721038
                0.05625   0.0006503407304396869  -5.835030304516208e-07                       0       300.0562061103129
            0.056640625   0.0006907680038693444  -7.542060768075511e-07                       0       300.0596968754101
    0.05703125000000001   0.0007311952772990028  -9.249091231634843e-07                       0       300.0631876405074
    0.05742187500000001    0.000771622550728661  -1.095612169519418e-06                       0       300.0666784056046
    0.05781250000000002    0.000812049824158325  -1.266315215875889e-06                       0       300.0701691707038
    0.05820312499999999   0.0008524770975879739  -1.437018262231633e-06                       0       300.0736599357988
             0.05859375   0.0008929043710176321  -1.607721308587764e-06                       0       300.0771507008961
    0.05898437500000001   0.0009331466771428321  -1.850075774058475e-06                       0       300.0806242504393
    0.05937500000000001   0.0009732656717317267  -2.140197852272235e-06                       0       300.0840863229465
            0.059765625     0.00101338466632062  -2.430319930485986e-06                       0       300.0875483954537
    0.06015625000000001    0.001053503660909516  -2.720442008700225e-06                       0       300.0910104679611
    0.06054687500000001    0.001093622655498409  -3.010564086913694e-06                       0       300.0944725404681
    0.06093750000000001    0.001133741650087303  -3.300686165127106e-06                       0       300.0979346129753
            0.061328125    0.001173749497319292  -3.622206945791023e-06                       0       300.1013878794313
             0.06171875    0.001213312755123661  -4.069322536252732e-06                       0       300.1048059216822
    0.06210937499999999     0.00125287601292803  -4.516438126714427e-06                       0       300.1082239639331
                 0.0625    0.001292439270732408  -4.963553717176186e-06                       0       300.1116420061857
    0.06289062500000002    0.001332002528536772  -5.410669307638077e-06                       0       300.1150600484351
    0.06328125000000001    0.001371565786341145  -5.857784898100164e-06                       0       300.1184780906871
    0.06367187500000002    0.001411129044145511  -6.304900488561881e-06                       0        300.121896132937
    0.06406250000000001    0.001449952370206824  -6.904003804574259e-06                       0       300.1252622601801
            0.064453125    0.001488590713332374  -7.541104051974249e-06                       0       300.1286154086714
    0.06484375000000001    0.001527229056457925  -8.178204299374261e-06                       0       300.1319685571626
            0.065234375    0.001565867399583474  -8.815304546774383e-06                       0       300.1353217056538
    0.06562500000000002    0.001604505742709027  -9.452404794174609e-06                       0        300.138674854145
    0.06601562500000002    0.001643144085834585  -1.008950504157494e-05                       0       300.1420280026375
             0.06640625    0.001681203529892926  -1.081075917124949e-05                       0       300.1453441520107
    0.06679687500000001    0.001718394625350477    -1.1658244124336e-05                       0       300.1486048027101
              0.0671875    0.001755585720808029  -1.250572907742283e-05                       0       300.1518654534099
    0.06757812500000002    0.001792776816265579  -1.335321403050948e-05                       0       300.1551261041088
    0.06796874999999999    0.001829967911723127   -1.42006989835956e-05                       0       300.1583867548082
            0.068359375    0.001867159007180678   -1.50481839366822e-05                       0       300.1616474055076
    0.06875000000000001     0.00190435010263824  -1.589566888976891e-05                       0       300.1649080562088
    0.06914062499999998      0.0019393823563548  -1.695079334822318e-05                       0       300.1680409547763
             0.06953125    0.001974414610071376  -1.800591780667767e-05                       0       300.1711738533456
    0.06992187500000001     0.00200944686378795  -1.906104226513213e-05                       0       300.1743067519149
              0.0703125    0.002044479117504534  -2.011616672358661e-05                       0       300.1774396504858
    0.07070312500000001    0.002079511371221096  -2.117129118204087e-05                       0       300.1805725490535
             0.07109375    0.002114543624937668  -2.222641564049521e-05                       0       300.1837054476227
    0.07148437500000002    0.002147714715886157   -2.33835472244281e-05                       0       300.1867357778871
    0.07187500000000002    0.002179645031655919  -2.460868355867991e-05                       0       300.1896977292813
            0.072265625     0.00221157534742568  -2.583381989293164e-05                       0       300.1926596806756
    0.07265625000000001    0.002243505663195442  -2.705895622718349e-05                       0       300.1956216320698
    0.07304687499999998    0.002275435978965202  -2.828409256143531e-05                       0       300.1985835834641
              0.0734375    0.002307366294734966   -2.95092288956869e-05                       0       300.2015455348583
    0.07382812499999999    0.002338431628587057  -3.075178118309049e-05                       0       300.2044632157755
             0.07421875    0.002366037034768473  -3.206399728310095e-05                       0       300.2072038147848
    0.07460937500000001     0.00239364244094989  -3.337621338311178e-05                       0       300.2099444137941
    0.07500000000000001    0.002421247847131319  -3.468842948312241e-05                       0       300.2126850128051
            0.075390625    0.002448853253312722  -3.600064558313285e-05                       0       300.2154256118127
    0.07578125000000001    0.002476458659494147  -3.731286168314373e-05                       0        300.218166210823
            0.076171875    0.002504064065675581  -3.862507778315449e-05                       0       300.2209068098346
    0.07656249999999999    0.002526966188013428  -3.990003927822551e-05                       0        300.223425986185
            0.076953125    0.002548692489390417   -4.11656871220619e-05                       0       300.2258898068748
    0.07734374999999999    0.002570418790767404  -4.243133496589857e-05                       0       300.2283536275647
    0.07773437500000002    0.002592145092144397  -4.369698280973604e-05                       0       300.2308174482547
               0.078125     0.00261387139352139  -4.496263065357271e-05                       0       300.2332812689451
    0.07851562500000001    0.002635597694898372   -4.62282784974089e-05                       0       300.2357450896341
    0.07890625000000001     0.00265419971158466  -4.740323157169903e-05  -4.978852434154232e-27       300.2380756340926
    0.07929687499999999    0.002668115301234893  -4.844214249166842e-05  -1.742598351953936e-26        300.240206264204
    0.07968749999999999    0.002682030890885128  -4.948105341163761e-05  -2.987311460492537e-26       300.2423368943154
            0.080078125    0.002695946480535363  -5.051996433160741e-05   -4.23202456903118e-26       300.2444675244268
    0.08046875000000001    0.002709862070185599   -5.15588752515769e-05  -5.476737677569782e-26       300.2465981545382
    0.08085937500000002    0.002723777659835834   -5.25977861715464e-05  -6.721450786108427e-26       300.2487287846496
    0.08124999999999999      0.0027376932494861  -5.363669709151619e-05  -7.966163894647078e-26       300.2508594147645
    0.08164062500000001     0.00274146225298095  -5.424063738653587e-05  -7.794773479204377e-26       300.2526055607736
             0.08203125    0.002745231256475831   -5.48445776815559e-05  -7.623383063761768e-26       300.2543517067861
    0.08242187500000001    0.002749000259970712  -5.544851797657593e-05  -7.451992648319153e-26       300.2560978527985
    0.08281250000000001    0.002752769263465593  -5.605245827159599e-05  -7.280602232876532e-26        300.257843998811
            0.083203125    0.002756538266960473  -5.665639856661598e-05  -7.109211817433928e-26       300.2595901448235
    0.08359375000000001    0.002760307270455368  -5.726033886163631e-05  -6.937821401991345e-26       300.2613362908373
            0.083984375    0.002756351210363707  -5.748312599740458e-05  -6.286782362849404e-26        300.262828933299
    0.08437500000000001     0.00274724510788104  -5.745181102700556e-05  -5.315977574574586e-26       300.2641525733961
    0.08476562500000001    0.002738139005398374  -5.742049605660653e-05   -4.34517278629977e-26       300.2654762134931
             0.08515625    0.002729032902915707  -5.738918108620756e-05  -3.374367998025005e-26       300.2667998535899
    0.08554687500000001    0.002719926800433047  -5.735786611580881e-05  -2.403563209750156e-26       300.2681234936877
              0.0859375    0.002710820697950386  -5.732655114540989e-05  -1.432758421475392e-26       300.2694471337851
    0.08632812500000001    0.002698529268225294  -5.714042785744948e-05  -6.552874471662194e-27        300.270683304552
    0.08671875000000001    0.002673496529530468  -5.633507129924266e-05  -6.511517287197766e-27       300.2715695979952
    0.08710937499999999    0.002648463790835658  -5.552971474103621e-05  -6.470160102733339e-27       300.2724558914398
    0.08749999999999999    0.002623431052140845  -5.472435818282971e-05  -6.428802918268909e-27       300.2733421848846
    0.08789062499999999    0.002598398313446034  -5.391900162462328e-05   -6.38744573380433e-27       300.2742284783293
    0.08828124999999999    0.002573365574751222  -5.311364506641676e-05  -6.346088549339909e-27       300.2751147717741
    0.08867187500000001    0.002548332836056409  -5.230828850821024e-05  -6.304731364875487e-27       300.2760010652188
    0.08906249999999999    0.002507970422096104  -5.087374740992349e-05  -4.778184720561197e-27       300.2765530846099
    0.08945312499999999    0.002463775589319422  -4.928191017661657e-05  -2.880340711284289e-27       300.2770215354876
    0.08984374999999999    0.002419580756542742   -4.76900729433097e-05   -9.82496702007448e-28       300.2774899863653
    0.09023437500000001     0.00237538592376606  -4.609823571000278e-05   9.153473072702499e-28       300.2779584372431
    0.09062500000000001    0.002331191090989379  -4.450639847669588e-05   2.813191316547235e-27       300.2784268881208
            0.091015625    0.002286996258212698  -4.291456124338903e-05   4.711035325824152e-27       300.2788953389984
    0.09140625000000001    0.002233849565429329  -4.107886349673871e-05   5.821308914669568e-27       300.2792228950842
            0.091796875    0.002167275082635928  -3.887737498007328e-05    5.75022687286739e-27       300.2793391089817
    0.09218750000000001    0.002100700599842524  -3.667588646340778e-05    5.67914483106521e-27       300.2794553228792
    0.09257812500000001    0.002034126117049121  -3.447439794674231e-05   5.608062789262882e-27       300.2795715367768
    0.09296874999999999    0.001967551634255721  -3.227290943007692e-05   5.536980747460717e-27       300.2796877506743
    0.09335937500000001    0.001900977151462314  -3.007142091341131e-05   5.465898705658545e-27        300.279803964572
    0.09374999999999999    0.001834402668668914  -2.786993239674593e-05   5.394816663856381e-27       300.2799201784695
    0.09414062500000001    0.001742482067877521  -2.553161181425756e-05   4.551876560128824e-27       300.2798072219744
    0.09453125000000001    0.001650561467086132  -2.319329123176928e-05   3.708936456401298e-27       300.2796942654793
            0.094921875    0.001558640866294745  -2.085497064928109e-05   2.865996352673801e-27       300.2795813089842
    0.09531250000000001    0.001466720265503355  -1.851665006679283e-05   2.023056248946129e-27       300.2794683524891
            0.095703125    0.001374799664711972  -1.617832948430469e-05   1.180116145218588e-27       300.2793553959949
    0.09609375000000002    0.001282879063920582  -1.384000890181636e-05   3.371760414909867e-28       300.2792424395003
    0.09648437500000001     0.00117423075914659  -1.183863808435283e-05                       0        300.279105684348
               0.096875    0.001054430651717541  -1.006190044357247e-05                       0       300.2789530634266
    0.09726562500000002   0.0009346305442884825  -8.285162802791987e-06                       0       300.2788004425052
             0.09765625   0.0008148304368594361  -6.508425162011685e-06                       0       300.2786478215838
    0.09804687500000001   0.0006950303294303789  -4.731687521231218e-06                       0       300.2784952006624
    0.09843750000000001    0.000575230222001324  -2.954949880450756e-06                       0       300.2783425797423
            0.098828125    0.000449428252554448  -1.437712282337361e-06                       0       300.2782204830038
    0.09921875000000001   0.0002996188350362952  -9.584748548915626e-07                       0       300.2782204830038
            0.099609375   0.0001498094175181476  -4.792374274457812e-07                       0       300.2782204830039
                    0.1                       0                       0                       0       300.2782204830038
