#              distance                     U_x                     U_y                     U_z                       T
  6.939740885162004e-18                       0                       0                       0       299.7026777084998
  0.0003906250000000001  -0.0003015203291622009   1.276290160847212e-06                       0        299.702673811442
  0.0007812500000000002  -0.0005919326022455952   5.769489023599776e-06                       0       299.7026543261496
            0.001171875  -0.0008740434876520694   1.298000016805899e-05                       0       299.7026267488296
              0.0015625   -0.001150620114607255   2.200205283365588e-05                       0       299.7025937768212
            0.001953125   -0.001413366901231977   3.522619989999778e-05                       0       299.7025633490744
             0.00234375   -0.001670569554172238    5.00017048036154e-05                       0        299.702539950107
            0.002734375   -0.001919456006585807    6.71042464631466e-05                       0       299.7025270943084
               0.003125   -0.002157199905202008   8.709694204365288e-05                       0       299.7025394622557
            0.003515625   -0.002389353798364401   0.0001084753315310154                       0       299.7025670081397
   0.003906250000000001   -0.002610290223508983   0.0001325063427248307                       0       299.7026300420309
            0.004296875   -0.002822748842264515   0.0001583362393644245                       0       299.7027266854133
              0.0046875   -0.003029555590094154   0.0001853653929678781                       0       299.7028457351387
            0.005078125   -0.003222122521550361   0.0002150574030164452   -9.01016939901174e-32       299.7030312453873
   0.005468750000000001   -0.003408953335689658   0.0002456743416018442   3.128184244800494e-31       299.7032470229365
   0.005859374999999999   -0.003587179973853589   0.0002776786729924906   1.455271261654852e-30       299.7035082014363
                0.00625   -0.003753870948102975   0.0003112429835631542   8.418809145414192e-31       299.7038362795766
            0.006640625   -0.003914784602693298   0.0003455132675686175                       0       299.7041991479571
             0.00703125   -0.004064124642562132   0.0003810474661332811                       0       299.7046342776738
   0.007421875000000001   -0.004204780768684171   0.0004173055769471018                       0       299.7051268777692
              0.0078125   -0.004339647618974781   0.0004540462959270048                       0       299.7056577914336
   0.008203125000000002   -0.004460084267406387   0.0004916214804903754                       0       299.7062887232224
   0.008593750000000001   -0.004574788159354037   0.0005293839922767019                       0       299.7069608803498
   0.008984374999999999   -0.004680892916575788    0.000567427494897466                       0       299.7076948754865
   0.009375000000000001   -0.004775658530337281   0.0006055609792985482                       0       299.7085128437204
            0.009765625    -0.00486479858937621   0.0006436711611675339                       0       299.7093729624202
             0.01015625   -0.004942775572985223   0.0006815981511278243                       0       299.7103177098915
            0.010546875   -0.005012549978997656   0.0007191936644094326                       0       299.7113258129397
              0.0109375   -0.005076855999945705   0.0007565681932385867                       0       299.7123761530393
            0.011328125   -0.005127835735359552   0.0007930878815322223                       0       299.7135309607368
             0.01171875   -0.005173646545561572   0.0008291541263246445                       0        299.714726769135
            0.012109375   -0.005211703967945852   0.0008645402058652467                       0       299.7159840785839
                 0.0125   -0.005239791124211885   0.0008988168097106455                       0       299.7173212233749
            0.012890625    -0.00526299517667018   0.0009324934004358529                       0       299.7186976170748
             0.01328125   -0.005276637080016928   0.0009648794143756909                       0       299.7201511711357
            0.013671875   -0.005283440465156206   0.0009961782409944604                       0       299.7216602736672
              0.0140625   -0.005285684838156856    0.001026752276065793                       0       299.7232064084944
            0.014453125     -0.0052771256126267    0.001055343426597619                       0        299.724840841247
             0.01484375   -0.005264495394932667    0.001083084107476595                       0       299.7265087599883
            0.015234375   -0.005245758688993401    0.001109549083876418                       0       299.7282269077459
               0.015625   -0.005219401247764139    0.001134220067920916                       0       299.7300082102993
    0.01601562500000001   -0.005189367495722496    0.001157975990676081                       0       299.7318201197359
             0.01640625   -0.005152249235721315    0.001179865660629228                       0       299.7336913019102
            0.016796875   -0.005110227069762491     0.00120031628699449                       0       299.7356040395181
              0.0171875   -0.005064935633165243    0.001219807550967829                       0       299.7375444807486
            0.017578125   -0.005012159396064818    0.001236858091078135                       0       299.7395494640467
             0.01796875   -0.004956664607940275    0.001252924078370302                       0        299.741578457345
            0.018359375   -0.004897091993279558    0.001267513236435263                       0       299.7436434656435
                0.01875   -0.004832628718646481    0.001280132723440583                       0       299.7457530999482
            0.019140625   -0.004765854666914138    0.001291770872149708                       0       299.7478842663319
             0.01953125   -0.004694728166757147    0.001301453338733713                       0       299.7500569350294
    0.01992187500000001   -0.004620732180819524    0.001309689388941367                       0       299.7522586211854
              0.0203125   -0.004544823204361538    0.001316961161564802                       0       299.7544796523175
    0.02070312500000001   -0.004464771299648044    0.001321870819859698                       0       299.7567459585737
             0.02109375   -0.004383309299335478    0.001325860249093881  -2.783864527327852e-29       299.7590293218452
            0.021484375   -0.004299732155624129     0.00132846933473694  -9.743525845650058e-29       299.7613382706282
               0.021875   -0.004213809243430376    0.001329296246411677  -5.567729054655348e-29        299.763679602724
            0.022265625   -0.004126826660081827    0.001329248589670268   2.496790489141056e-29       299.7660367882112
             0.02265625   -0.004037951160596528    0.001327484833232613   1.498074293484707e-28       299.7684250039535
            0.023046875   -0.003947978338501472    0.001324488503103815   1.600073309743819e-28       299.7708357560458
              0.0234375   -0.003857273967999933    0.001320670457180931   9.378081737951292e-29       299.7732615323733
    0.02382812500000001   -0.003765247824655389    0.001314895788650664   3.516780651732859e-29       299.7757240882088
             0.02421875   -0.003672883351468575    0.001308379740852875                       0       299.7782012111822
            0.024609375   -0.003580011383518317     0.00130075162415379                       0       299.7807001848603
                  0.025    -0.00348681811630275    0.001291726703952357  -3.120575743215281e-28       299.7832283114827
            0.025390625   -0.003393546638587186    0.001282025493837856  -6.256116145360514e-28       299.7857710881015
             0.02578125   -0.003300283618136952    0.001271015927573431  -6.330939440010109e-28       299.7883433117609
            0.026171875   -0.003207255083609399     0.00125909265562258  -6.402858743230907e-28       299.7909380204056
              0.0265625   -0.003114382873030334    0.001246560246547457  -6.472842052165626e-28       299.7935477190437
            0.026953125   -0.003022250069331683    0.001232618646854601  -6.536561852784362e-28       299.7961958080069
             0.02734375   -0.002930540030264522    0.001218158884718908  -4.931095299866602e-28       299.7988596982487
            0.027734375   -0.002839464138144542    0.001202921878918939  -8.218492166444356e-29       299.8015472904032
               0.028125   -0.002749463502561003    0.001186739006122012                       0       299.8042674912355
            0.028515625   -0.002660052039978589    0.001170105517063725                       0       299.8070042663811
             0.02890625   -0.002571922012864625    0.001152615429957121                       0       299.8097747301422
            0.029296875   -0.002484890659635694    0.001134548530804485                       0       299.8125712949653
    0.02968750000000001   -0.002398591755663524    0.001116097090287865  -2.462123125390591e-43        299.815385260506
            0.030078125    -0.00231432604814216    0.001096790858814003  -1.836115587491141e-29       299.8182441109901
             0.03046875   -0.002230944029677588    0.001077183973196233  -2.820609108742827e-29       299.8211214473179
            0.030859375   -0.002148887544798155    0.001057126106362572  -2.527669530654142e-29       299.8240265124044
                0.03125   -0.002068719421108415    0.001036546320521226  -1.234540807520247e-29       299.8269695366237
            0.031640625   -0.001989521017516719    0.001015724548599375                       0       299.8299317607278
             0.03203125   -0.001912313133127983   0.0009944567513634254                       0       299.8329328253051
            0.032421875   -0.001836661393788107   0.0009729084996337469                       0       299.8359635822344
    0.03281249999999999    -0.00176204708448084   0.0009511732782416033                       0       299.8390141340717
            0.033203125   -0.001690110739310609   0.0009290556493829756                       0       299.8421149176526
    0.03359375000000001   -0.001619271397736506   0.0009068169184328184                       0       299.8452360061518
            0.033984375   -0.001550077561556539   0.0008843965343453381                       0       299.8483875520184
               0.034375   -0.001483114403839568    0.000861793202071995                       0       299.8515799477628
            0.034765625   -0.001417272226949089   0.0008391120605005519                       0       299.8547927801175
             0.03515625   -0.001353683294901581   0.0008163026299225691                       0       299.8580465090349
    0.03554687499999999   -0.001291791245474499   0.0007934344622350967                       0       299.8613307965882
              0.0359375   -0.001231030451127708    0.000770527136474639                       0       299.8646354565687
            0.036328125   -0.001173093681832497   0.0007475784613851759                       0       299.8679906083057
    0.03671875000000001   -0.001116278943523371   0.0007246334906695732                       0       299.8713656821893
    0.03710937500000001   -0.001061147251693379    0.000701694076514765                       0       299.8747706392946
    0.03750000000000001   -0.001008233227371862   0.0006787978338645211                       0       299.8782146989313
    0.03789062500000001  -0.0009564187740120166   0.0006559309502743363                       0       299.8816780781358
             0.03828125  -0.0009067849369903194    0.000633138331419778                       0       299.8851796330574
            0.038671875  -0.0008587511813820064   0.0006104212936387519                       0       299.8887089931609
              0.0390625  -0.0008117841467159658   0.0005877546432400928                       0       299.8922568900591
    0.03945312500000001  -0.0007674129096767981   0.0005652415124950215                       0       299.8958495463507
    0.03984375000000001  -0.0007240470061917965   0.0005427986452149379                       0       299.8994593977263
            0.040234375  -0.0006821891030380335    0.000520461173132326                       0       299.9030950417229
    0.04062500000000001   -0.000642267167193338   0.0004982777713378629                       0       299.9067635206883
            0.041015625  -0.0006032924635907686   0.0004761737940476745                       0       299.9104479973267
    0.04140625000000001  -0.0005661707216477713   0.0004542334444865457                       0       299.9141636297549
            0.041796875  -0.0005303705290296743   0.0004324201439895231                       0       299.9179012870881
              0.0421875  -0.0004954513692948496   0.0004106915428685755                       0       299.9216536276947
            0.042578125  -0.0004626118289810466   0.0003891774393569631                       0       299.9254403193976
             0.04296875  -0.0004305514257344837   0.0003677485626003192   7.348339169877201e-30       299.9292397670629
            0.043359375  -0.0003996597280887733   0.0003464475259761218    2.57191870945662e-29       299.9330583486668
                0.04375  -0.0003702142684893519   0.0003253126931780853   2.988328318678256e-29       299.9369004022616
            0.044140625  -0.0003414623789272754   0.0003042591855987465   2.657655848233495e-29       299.9407536669815
             0.04453125  -0.0003140385314682894   0.0002833647750680337     7.5933024235236e-30       299.9446283042097
            0.044921875  -0.0002875178065214177   0.0002625824061105515                       0       299.9485173593023
    0.04531250000000001  -0.0002615991632492907   0.0002418747315352243                       0       299.9524160263076
            0.045703125  -0.0002370243996036536   0.0002213387328353725                       0       299.9563359872356
             0.04609375  -0.0002129203316442114   0.0002008643438771481                       0       299.9602633554422
            0.046484375  -0.0001895223072140578   0.0001804823695313597                       0       299.9642018345617
               0.046875   -0.000166927863878648   0.0001602076907677331                       0       299.9681528826688
    0.04726562500000001  -0.0001446998791136279   0.0001399822965056327                       0       299.9721096490852
             0.04765625  -0.0001231341475354657   0.0001198467446675164                       0       299.9760767198173
            0.048046875   -0.000101956924631024   9.976454457630677e-05                       0       299.9800498096337
              0.0484375  -8.103870750906394e-05   7.971791231636973e-05                       0       299.9840269121761
            0.048828125  -6.058484140311288e-05   5.973559578635373e-05                       0       299.9880111852933
             0.04921875  -4.024262652275431e-05   3.976881507160245e-05                       0       299.9919971787985
            0.049609375  -2.006788848078276e-05   1.982533807974694e-05                       0       299.9959857528805
                   0.05   3.271899171528596e-08  -1.078669285733726e-07                       0       299.9999754682225
    0.05039062500000001   2.013363707891336e-05  -2.004117062222335e-05   6.446925561045787e-30       300.0039651790134
             0.05078125   4.030992819438286e-05  -3.998514104072593e-05   3.868155336627375e-29       300.0079537303404
    0.05117187500000001   6.065462724781664e-05  -5.995270999952135e-05   6.864128817403336e-29       300.0119396874882
    0.05156250000000001    8.11115982598947e-05  -7.993601131851338e-05   9.708442765014531e-29       300.0159239151931
    0.05195312500000001   0.0001020344696463968  -9.998411561630903e-05   3.640666036880227e-29       300.0199009498062
             0.05234375   0.0001232169650879664  -0.0001200679801625818                       0       300.0238739627952
            0.052734375   0.0001447888966121466   -0.000140205485081579                       0       300.0278409433663
    0.05312500000000001   0.0001670243139945995  -0.0001604332106038308   1.325408591787425e-28       300.0317976021246
            0.053515625   0.0001896268050903182  -0.0001807104076236911   2.705196354733043e-28       300.0357485339004
    0.05390625000000001   0.0002130341051808365  -0.0002010952700307436   2.977092210524993e-28       300.0396868795693
    0.05429687500000001   0.0002371483655007046  -0.0002215728168097084   1.928656595525974e-28       300.0436141017948
              0.0546875   0.0002617339326401566  -0.0002421121531699643                       0       300.0475339084146
    0.05507812500000001   0.0002876648991612145  -0.0002628236001169009                       0       300.0514324009437
             0.05546875   0.0003141985516248995  -0.0002836099084669004                       0       300.0553212738207
            0.055859375    0.000341636233002533  -0.0003045085089215022                       0       300.0591957172263
                0.05625   0.0003704031569546901  -0.0003255665248943778                       0       300.0630487734133
            0.056640625   0.0003998642489622882   -0.000346706020961216                       0       300.0668906113232
    0.05703125000000001   0.0004307727706171942  -0.0003680120218856958                       0       300.0707089634096
            0.057421875   0.0004628508842899289  -0.0003894460742302918                       0       300.0745081719285
              0.0578125   0.0004957087259745566  -0.0004109654941883037                       0       300.0782946180723
    0.05820312500000001   0.0005306476511688477  -0.0004326997374168668                       0       300.0820466984688
    0.05859375000000001   0.0005664681890693368  -0.0004545187987654845  -6.023597532454257e-30       300.0857840903735
    0.05898437500000002   0.0006036111460291265  -0.0004764650872941866  -2.108259136358395e-29       300.0894994495405
    0.05937500000000001   0.0006426082115245506  -0.0004985752161862671  -2.323873218715396e-29       300.0931836438652
            0.059765625   0.0006825530791769712  -0.0005207648692490528  -1.958518996395108e-29        300.096851836349
             0.06015625   0.0007244350469218339  -0.0005431087786313487  -5.595768561124238e-30       300.1004871863487
            0.060546875   0.0007678258528589757  -0.0005655582015369291   3.451441721505379e-30       300.1040967393248
    0.06093750000000001   0.0008122225509243207  -0.0005880779667913791   9.203844590711556e-30       300.1076890942917
            0.061328125   0.0008592164212532392  -0.0006107514116486657    6.92953587059944e-28       300.1112366847398
             0.06171875   0.0009072775526084076  -0.0006334752922636659   1.112060538070344e-27       300.1147657373101
            0.062109375   0.0009569395755029459  -0.0006562748265152313   1.134203301892432e-27       300.1182669830603
                 0.0625     0.00100878327292483  -0.0006791486898173039   5.693159273283894e-28       300.1217300529026
    0.06289062500000001    0.001061727064207844  -0.0007020519359715756                       0       300.1251738036155
             0.06328125    0.001116889556407968  -0.0007249983844841037                       0       300.1285784537056
    0.06367187499999999    0.001173735849165959  -0.0007479503870042438                       0       300.1319532236454
    0.06406250000000002    0.001231704675629237  -0.0007709060921961498                       0       300.1353080734939
            0.064453125    0.001292498744487289  -0.0007938204003014029                       0       300.1386124394339
    0.06484375000000001    0.001354424537579326  -0.0008166955136947287                       0         300.14189643724
    0.06523437500000001    0.001418047917022249  -0.0008395118350201093                       0       300.1451498828246
               0.065625     0.00148392543963693  -0.0008621997590096049                       0       300.1483624426494
    0.06601562499999999    0.001550924381046252  -0.0008848098108540123                       0        300.151554571822
             0.06640625    0.001620154854462406  -0.0009072367714539639                       0       300.1547058641476
    0.06679687500000001    0.001691031435956266   -0.000929481946047022                       0       300.1578267104967
    0.06718749999999998    0.001763005422835342  -0.0009516059299688613                       0       300.1609272595426
            0.067578125    0.001837658308960144  -0.0009733472435147018                       0       300.1639775984186
    0.06796875000000001    0.001913348968498896  -0.0009949014662637649                       0       300.1670081520304
            0.068359375    0.001990596288158408   -0.001016175052817575                       0       300.1700090277193
    0.06875000000000001    0.002069834746360983   -0.001037002341352169                       0       300.1729710840103
    0.06914062500000001    0.002150043215896904   -0.001057587500283969                       0       300.1759139513422
             0.06953125     0.00223214059222338   -0.001077650438823928                       0       300.1788188822694
    0.06992187500000002    0.002315563851164722   -0.001097262150084164                       0       300.1816961025568
              0.0703125    0.002399871031849291   -0.001116573043157915                       0       300.1845548490847
    0.07070312500000001    0.002486211882148989   -0.001135028704492097                       0        300.187368742379
             0.07109375    0.002573285324202927   -0.001153099637028006                       0       300.1901652481371
    0.07148437499999999    0.002661457653888275   -0.001170593476366526                       0       300.1929356725958
    0.07187499999999999    0.002750911603763761   -0.001187230322932433                       0       300.1956724354789
            0.072265625    0.002840954792246032   -0.001203416351516845                       0        300.198392637677
    0.07265625000000001    0.002932073314965058   -0.001218656100947783                       0       300.2010802586802
    0.07304687500000001    0.003023825957588734   -0.001233118286328037                       0       300.2037441984818
              0.0734375    0.003116001346815576   -0.001247062095674528                       0       300.2063923508223
    0.07382812500000001    0.003208915947271069   -0.001259596164567427                       0       300.2090021471465
             0.07421875    0.003301986729845936   -0.001271520871168197                       0       300.2115969669978
    0.07460937500000001    0.003395291785599774   -0.001282531534330736                       0       300.2141693221293
    0.07500000000000001    0.003488604881187137   -0.001292233382595357                       0       300.2167122565157
    0.07539062500000002    0.003581839522463675   -0.001301258709932662                       0       300.2192405538088
    0.07578125000000002     0.00367475230666304   -0.001308886768458498                       0       300.2217397234483
            0.076171875    0.003767157067517834   -0.001315402405394553                       0       300.2242170604134
    0.07656250000000002     0.00385922314614306   -0.001321176427937468                       0       300.2266798422731
    0.07695312500000001    0.003949966379044241   -0.001324993235590029                       0        300.229105872796
    0.07734374999999999    0.004039977554345845   -0.001327988089300998                       0       300.2315168895149
    0.07773437499999999     0.00412889064324797   -0.001329750012099537                       0       300.2339053855179
               0.078125    0.004215909631017044   -0.001329795357290202                       0       300.2362628702274
    0.07851562500000001    0.004301868311859509   -0.001328965894859306                       0       300.2386045104986
    0.07890625000000001    0.004385479866129589   -0.001326353779550366                       0       300.2409137843825
    0.07929687499999999    0.004466975123812941     -0.0013223609610336                       0       300.2431974837905
    0.07968750000000001    0.004547059517105476   -0.001317447673711713                       0       300.2454641335697
            0.080078125    0.004622998827977577   -0.001310171672308328                       0       300.2476855238148
    0.08046875000000001    0.004697024190778346   -0.001301931153350791                       0       300.2498875741744
    0.08085937500000001    0.004768178631472025   -0.001292243858062003                       0       300.2520606147009
    0.08125000000000002    0.004834978511188413   -0.001280600400730741                       0       300.2541921607527
    0.08164062500000002    0.004899466506866608   -0.001267975365207029                       0       300.2563021780393
             0.08203125    0.004959061527370983    -0.00125338017895644                       0        300.258367574843
    0.08242187500000001    0.005014576829537749   -0.001237307804205017                       0         300.26039695907
    0.08281250000000001    0.005067372319479441   -0.001220250637119705                       0       300.2624023349123
    0.08320312499999999    0.005112679592268055   -0.001200752148978791                       0       300.2643431699711
    0.08359375000000001    0.005154716120959575   -0.001180294060706633                       0       300.2662563008698
            0.083984375    0.005191846533505441   -0.001158396572237612                       0       300.2681278755282
    0.08437500000000001    0.005221889276155389   -0.001134632359212675                       0       300.2699401743956
    0.08476562500000001    0.005248254073284805   -0.001109952850450983                       0       300.2717218643949
             0.08515625    0.005266994758228017   -0.001083478883298197                       0       300.2734403947126
    0.08554687500000001    0.005279626262353065   -0.001055728868395619    6.39097094674388e-29       300.2751086911036
    0.08593750000000001    0.005288184979266121   -0.001027128154993202   1.704258919132112e-28       300.2767434982171
    0.08632812500000001    0.005285935348109816  -0.0009965439995154751    1.66512058147332e-28       300.2782899973351
    0.08671875000000001    0.005279124703113021  -0.0009652348373502703   8.398652635819256e-29       300.2797994594621
    0.08710937500000002    0.005265472537355395  -0.0009328381651538291  -1.164565524659061e-28       300.2812533660974
    0.08750000000000002    0.005242254023311183  -0.0008991505065209079  -1.520860953625822e-28       300.2826301018669
    0.08789062499999999    0.005214150259518675  -0.0008648626365239848  -1.291736446825884e-28       300.2839675831956
    0.08828125000000001    0.005176071845021415  -0.0008294649075078453  -3.690675562361409e-29       300.2852252177341
    0.08867187500000002    0.005130236624784598   -0.000793386750376137                       0       300.2864213420264
    0.08906249999999999    0.005079230200721474  -0.0007568549745007309   1.235981279670243e-44       300.2875764594912
    0.08945312499999999    0.005014891597756872  -0.0007194679701571173   7.124946983107899e-29       300.2886270932714
             0.08984375     0.00494508218240265  -0.0006818598502760327   1.107271247734228e-28       300.2896354833329
    0.09023437499999999    0.004867066548464007  -0.0006439200570887456   1.025470573823697e-28       300.2905805078162
    0.09062500000000001    0.004777882864173078  -0.0006057968666987066   5.045552195205015e-29       300.2914408898717
    0.09101562499999999    0.004683071113033737  -0.0005676502876651851   9.102578400576564e-30       300.2922591145645
    0.09140624999999999    0.004576915144854063  -0.0005295935512606052   5.461547040346786e-29       300.2929933523012
            0.091796875    0.004462156180171369  -0.0004918177582222982   6.731816591433458e-29       300.2936657415408
    0.09218750000000002    0.004341661884486487  -0.0004542292607614857   5.814739709714651e-29        300.294296898438
    0.09257812500000001     0.00420673088674864  -0.0004174752571426452   2.180527391142958e-29       300.2948280196945
    0.09296875000000002    0.004066007999997602  -0.0003812039210507029                       0       300.2953208203786
    0.09335937500000001    0.003916597279726646  -0.0003456565862490962                       0       300.2957561401944
                0.09375    0.003755607716957512  -0.0003113733910980504                       0       300.2961191847427
    0.09414062500000001    0.003588838226256275  -0.0002777963110601185                       0       300.2964474320881
    0.09453125000000001    0.003410527866325222   -0.000245779551824125                       0       300.2967087659164
    0.09492187500000002    0.003223609459791106  -0.0002151505364728494                       0       300.2969246884499
    0.09531249999999999    0.003030952355521344  -0.0001854466837113682                       0       300.2971103367601
            0.095703125    0.002824049063309285   -0.000158406442712057                       0       300.2972295073295
    0.09609375000000001    0.002611491390846246  -0.0001325658335700142                       0       300.2973262646666
            0.096484375    0.002390452148006763  -0.0001085246722138773                       0       300.2973894021553
    0.09687499999999999    0.002158190506782517  -8.713703705962706e-05                       0       300.2974170377982
    0.09726562500000001    0.001920336417731366   -6.71355887831027e-05                       0       300.2974294885624
             0.09765625    0.001671334935757419  -5.002536181560085e-05                       0       300.2974167016581
    0.09804687500000001    0.001414013688417798  -3.524309743525256e-05                       0       300.2973933610313
    0.09843750000000001    0.001151145930834455  -2.201280811300866e-05                       0       300.2973629846028
    0.09882812499999999   0.0008744424805059198  -1.298644500283925e-05                       0       300.2973300460156
    0.09921875000000002   0.0005922024547907865  -5.772411237054031e-06                       0        300.297302494756
            0.099609375   0.0003016575659957494  -1.276871487845696e-06                       0       300.2972830244441
                    0.1                       0                       0                       0       300.2972791303831
