/*--------------------------------*- C++ -*----------------------------------*\
  =========                 |
  \\      /  F ield         | OpenFOAM: The Open Source CFD Toolbox
   \\    /   O peration     | Website:  https://openfoam.org
    \\  /    A nd           | Version:  13
     \\/     M anipulation  |
\*---------------------------------------------------------------------------*/
FoamFile
{
    format      ascii;
    class       volScalarField;
    location    "400";
    object      p;
}
// * * * * * * * * * * * * * * * * * * * * * * * * * * * * * * * * * * * * * //

dimensions      [1 -1 -2 0 0 0 0];

internalField   nonuniform List<scalar> 
1600
(
-0.001758469956167282
-0.001758466601426535
-0.001758140960874638
-0.001757528845828446
-0.001756745956139881
-0.001755878073843641
-0.001754991014641118
-0.001754130005679111
-0.001753321810083652
-0.001752578551419299
-0.001751901689792008
-0.001751285593457238
-0.001750720457161866
-0.001750194486141236
-0.001749695393668754
-0.001749211335035495
-0.001748731428483742
-0.001748246008067578
-0.001747746729632413
-0.001747226621018114
-0.001746680138507761
-0.001746103266584251
-0.001745493677528541
-0.001744850950131343
-0.001744176831279509
-0.001743475509323117
-0.001742753853731468
-0.001742021562622303
-0.001741291150628358
-0.001740577707672251
-0.001739898368402006
-0.001739271455208436
-0.00173871529454036
-0.001738246750622554
-0.001737879560897721
-0.0017376225467949
-0.001737477584162146
-0.001737437295724927
-0.001737484580017438
-0.001737572936364529
-0.005277980631933812
-0.005278134446345819
-0.005278020611806119
-0.005277654319420242
-0.005277136097289581
-0.005276529970882932
-0.005275885553642471
-0.005275239028307647
-0.005274613839969471
-0.005274022698703762
-0.005273469976214295
-0.00527295408781436
-0.005272469608569841
-0.005272008970085504
-0.005271563700324363
-0.005271125253791142
-0.005270685523018476
-0.005270237132540115
-0.005269773606361669
-0.005269289480718724
-0.005268780413031243
-0.005268243318903935
-0.005267676552582868
-0.005267080131814202
-0.005266455994457448
-0.005265808260639307
-0.005265143460569869
-0.005264470675318773
-0.005263801528040714
-0.00526314995968981
-0.005262531730188907
-0.005261963606870652
-0.005261462237896305
-0.005261042757162425
-0.005260717225471209
-0.005260493027711712
-0.005260371200955535
-0.005260345380835446
-0.005260407056954778
-0.005260520759538428
-0.008797846893309218
-0.008798103034112856
-0.008798140168024457
-0.008797961035245598
-0.008797653812694029
-0.008797263825156288
-0.00879682625863645
-0.008796368199271773
-0.008795908666618174
-0.008795459406077141
-0.008795026066722555
-0.008794609603336993
-0.008794207696889876
-0.008793815998229246
-0.008793429096661582
-0.008793041205550904
-0.008792646612239521
-0.008792239960897896
-0.008791816435903854
-0.008791371901552445
-0.008790903039010228
-0.008790407507153505
-0.008789884141199222
-0.008789333191293486
-0.008788756591427926
-0.008788158236354968
-0.008787544230384029
-0.00878692305793205
-0.008786305613688566
-0.008785705023868525
-0.008785136194022736
-0.008784615038176223
-0.008784157381911618
-0.008783777590275155
-0.008783487055124722
-0.008783292722267411
-0.008783195684442476
-0.008783191064557206
-0.008783278652861014
-0.008783428188399707
-0.01231808827813067
-0.01231840850058376
-0.01231854774689237
-0.01231850288385559
-0.01231835218221452
-0.01231812816738554
-0.01231785509904008
-0.01231755223460979
-0.0123172339653116
-0.01231691004923821
-0.01231658603821195
-0.01231626399826927
-0.0123159434028852
-0.0123156220021278
-0.01231529653985032
-0.01231496327899993
-0.0123146183556975
-0.01231425801013899
-0.01231387874646345
-0.0123134774662093
-0.01231305160886702
-0.0123125993221286
-0.01231211967457331
-0.01231161291398189
-0.01231108076400399
-0.01231052673947358
-0.01230995644593663
-0.01230937781274164
-0.0123088011937211
-0.01230823925921677
-0.01230770660380308
-0.0123072190121766
-0.0123067923667979
-0.01230644124991584
-0.0123061773991908
-0.01230600824166293
-0.01230593554308185
-0.0123059556768406
-0.01230607327305131
-0.01230625773936516
-0.01583864540939844
-0.01583899715758611
-0.01583920110340419
-0.01583925244862682
-0.01583921936946581
-0.01583912446053034
-0.01583898319805334
-0.01583880811851883
-0.01583860924863813
-0.01583839406439283
-0.01583816742130227
-0.01583793177311705
-0.01583768764834782
-0.01583743420608276
-0.01583716973079013
-0.01583689200598117
-0.01583659856856807
-0.0158362868768181
-0.01583595443257289
-0.01583559889417519
-0.01583521820841119
-0.01583481078154597
-0.01583437570193198
-0.01583391301880012
-0.01583342407225766
-0.0158329118569682
-0.01583238138596088
-0.01583184000224049
-0.01583129756682772
-0.01583076643716866
-0.01583026114634668
-0.01582979770950456
-0.01582939252697794
-0.0158290609312403
-0.0158288155489439
-0.01582866472926581
-0.01582861107455942
-0.0158286517113908
-0.01582879340768399
-0.01582900379757049
-0.01935947131871893
-0.01935983169508118
-0.01936007397718176
-0.01936019325268617
-0.019360247832516
-0.01936025250069317
-0.0193602157248621
-0.01936014443617307
-0.01936004479090341
-0.01935992202159695
-0.01935978004508658
-0.01935962131098589
-0.01935944694664998
-0.01935925705100724
-0.01935905099689646
-0.01935882766962976
-0.01935858562934739
-0.01935832321764583
-0.01935803863970533
-0.01935773005194939
-0.01935739567988664
-0.01935703398490916
-0.01935664389310756
-0.01935622509261198
-0.01935577839701445
-0.01935530615965413
-0.01935481270624707
-0.01935430473206775
-0.01935379158705825
-0.01935328535269801
-0.01935280060580416
-0.01935235377644753
-0.01935196204968103
-0.01935164184374153
-0.01935140703517829
-0.01935126719590169
-0.01935122588278444
-0.01935128070038129
-0.01935143903927611
-0.01935166652753545
-0.0228805202916716
-0.02288087415287918
-0.02288113643565078
-0.02288130280363907
-0.02288142220533003
-0.02288150319827384
-0.02288154865380107
-0.02288156088499454
-0.02288154271913959
-0.02288149733576038
-0.022881427669275
-0.02288133598080674
-0.02288122373443338
-0.02288109166898219
-0.0228809399337419
-0.02288076820929859
-0.02288057578954578
-0.02288036163419271
-0.02288012441436163
-0.02287986257567846
-0.02287957444063235
-0.02287925836835855
-0.02287891298600457
-0.02287853750048371
-0.02287813209111022
-0.022877698370816
-0.02287723988543809
-0.02287676259717421
-0.02287627527183302
-0.02287578966469172
-0.02287532038463772
-0.0228748843219394
-0.02287449956368799
-0.02287418380593319
-0.02287395242066624
-0.02287381644869813
-0.02287378057665592
-0.02287384290037864
-0.02287401089203296
-0.02287424848237534
-0.02640174953506298
-0.02640208688563287
-0.02640235642697634
-0.02640255470650633
-0.02640272183848231
-0.02640286126778301
-0.02640297132135028
-0.02640305049183036
-0.02640309877385312
-0.02640311753478945
-0.0264031087855157
-0.02640307453946959
-0.02640301646535069
-0.0264029357669208
-0.02640283317278206
-0.02640270895474947
-0.02640256294116676
-0.02640239452393599
-0.02640220267339869
-0.02640198597998003
-0.0264017427416584
-0.02640147111495327
-0.02640116934483773
-0.026400836084896
-0.02640047081162492
-0.02640007432441967
-0.02639964930428404
-0.02639920087942703
-0.0263987371161502
-0.02639826932303792
-0.02639781203348981
-0.02639738252832733
-0.02639699979146558
-0.02639668287505446
-0.02639644880928009
-0.0263963103275656
-0.02639627349401811
-0.0263963371337249
-0.02639650887310067
-0.02639675141438983
-0.02992312007197361
-0.02992343425528523
-0.02992370213149904
-0.02992392126859284
-0.02992412342917618
-0.02992430770211579
-0.02992446861532887
-0.02992460144262426
-0.0299247037530603
-0.02992477533111327
-0.02992481735940083
-0.02992483160781237
-0.02992481989491647
-0.02992478379811147
-0.02992472451330455
-0.0299246427828827
-0.02992453885000664
-0.0299244124278733
-0.029924262689599
-0.0299240882919413
-0.02992388744896067
-0.0299236580726023
-0.02992339799666573
-0.02992310529800413
-0.02992277872264732
-0.02992241821322508
-0.02992202551606812
-0.02992160482082916
-0.02992116335302365
-0.02992071180389031
-0.02992026445004542
-0.02991983880058037
-0.02991945462923337
-0.02991913232693606
-0.02991889067594589
-0.02991874430746877
-0.02991870096197799
-0.02991876056633088
-0.02991893127442052
-0.02991917500868021
-0.03344459650566086
-0.03344488303668511
-0.03344514289150205
-0.03344537475893132
-0.03344560249189733
-0.03344582133145334
-0.03344602251166376
-0.03344619851230351
-0.03344634478026907
-0.03344645970169878
-0.0334465437220351
-0.03344659839385852
-0.03344662567018576
-0.03344662746154388
-0.03344660537724372
-0.03344656057168788
-0.03344649364664065
-0.03344640458846303
-0.03344629273746041
-0.03344615679655364
-0.03344599489194632
-0.03344580470154265
-0.03344558366820057
-0.03344532931395909
-0.03344503966692237
-0.03344471380284991
-0.03344435248686487
-0.03344395887548573
-0.03344353920494524
-0.03344310335056551
-0.03344266510048381
-0.03344224195855833
-0.03344185429612649
-0.03344152373922206
-0.03344127084650334
-0.03344111231831086
-0.03344105788312877
-0.03344110899448627
-0.03344127479527526
-0.03344151681120524
-0.03696614664745103
-0.03696640247109702
-0.03696664966640741
-0.03696688817007027
-0.03696713435748633
-0.03696737997541275
-0.03696761329631461
-0.03696782428593855
-0.03696800647238137
-0.03696815696941525
-0.03696827554960601
-0.03696836357076164
-0.03696842311819539
-0.03696845642103934
-0.03696846548341726
-0.03696845185482173
-0.03696841648468509
-0.03696835963112119
-0.03696828081257818
-0.03696817880331597
-0.03696805168141657
-0.03696789694320925
-0.03696771170118966
-0.03696749298342055
-0.03696723814999166
-0.03696694543475014
-0.03696661460607364
-0.03696624771665034
-0.03696584987736259
-0.03696542994491799
-0.0369650009619941
-0.03696458014515776
-0.03696418820196919
-0.03696384780917196
-0.03696358124866555
-0.03696340740325705
-0.03696333827175951
-0.03696337724837331
-0.03696353489336869
-0.03696377266775697
-0.04048774120597374
-0.0404879642415256
-0.04048819529808401
-0.0404884357339582
-0.04048869490370437
-0.04048896133495039
-0.04048922055984297
-0.0404894602018339
-0.04048967198695568
-0.04048985182180087
-0.04048999883258608
-0.04049011418581602
-0.04049020009283227
-0.04049025909462024
-0.04049029358847808
-0.04049030552564556
-0.04049029622013946
-0.04049026623050332
-0.04049021529504911
-0.04049014231501227
-0.04049004538986131
-0.04048992191609546
-0.04048976876587805
-0.04048958256469702
-0.04048936008710922
-0.04048909878496505
-0.04048879745099254
-0.04048845699928116
-0.04048808131009333
-0.04048767803818679
-0.04048725922453542
-0.04048684149239659
-0.04048644557329048
-0.04048609493655859
-0.04048581344860883
-0.04048562220549611
-0.04048553569117894
-0.04048555959851925
-0.04048570624166757
-0.04048593733015565
-0.04400935356293825
-0.04400954243192767
-0.04400975467014952
-0.0440099932760338
-0.04401026109131585
-0.04401054367892998
-0.04401082399365855
-0.04401108741597424
-0.04401132391792777
-0.04401152820792188
-0.04401169875083492
-0.04401183649775463
-0.04401194376437916
-0.04401202339154648
-0.04401207817090276
-0.04401211047088392
-0.04401212199981182
-0.04401211366043548
-0.04401208546871883
-0.04401203652473585
-0.04401196503503824
-0.04401186839464841
-0.04401174334353909
-0.0440115862172021
-0.04401139331312271
-0.04401116139326688
-0.04401088833462908
-0.04401057392197838
-0.04401022074505567
-0.04400983511331522
-0.04400942783540747
-0.04400901463700472
-0.04400861593198632
-0.0440082556622305
-0.04400795905170135
-0.04400774933942881
-0.04400764361160564
-0.04400765013037895
-0.04400778318528201
-0.04400800505703478
-0.0475309596317989
-0.04753111349901052
-0.04753130481423689
-0.04753153846653196
-0.04753181135988016
-0.04753210636649315
-0.04753240401064679
-0.04753268748941144
-0.04753294501988452
-0.04753317007350568
-0.04753336039802541
-0.04753351667330012
-0.0475336412751871
-0.04753373731803262
-0.04753380798136439
-0.04753385606368973
-0.04753388369825103
-0.04753389217873136
-0.04753388186045256
-0.04753385211843146
-0.04753380135649751
-0.04753372707190631
-0.04753362598810021
-0.04753349427476151
-0.04753332787877897
-0.0475331229910235
-0.04753287666952191
-0.04753258762588502
-0.04753225715359027
-0.04753189012874736
-0.04753149594397661
-0.04753108914975786
-0.04753068949567392
-0.04753032103207639
-0.04753001003144797
-0.04752978169611091
-0.04752965571387184
-0.04752964307795052
-0.04752976015276622
-0.04752997013710802
-0.0510525377789799
-0.05105265626144416
-0.05105282498765513
-0.05105305100208557
-0.05105332591780076
-0.0510536302353543
-0.05105394221167198
-0.05105424290896021
-0.05105451875918877
-0.05105476192104871
-0.05105496933221209
-0.05105514131259906
-0.0510552802272379
-0.05105538941708804
-0.05105547242799592
-0.05105553249058634
-0.05105557218580115
-0.05105559323896845
-0.05105559640134499
-0.05105558139419614
-0.05105554690430433
-0.05105549063120686
-0.05105540939596143
-0.05105529932926209
-0.05105515616323808
-0.05105497565536372
-0.05105475417238247
-0.0510544894530573
-0.0510541815450999
-0.05105383386694141
-0.05105345427383336
-0.0510530559118532
-0.0510526575396432
-0.05105228293132021
-0.05105195903244772
-0.0510517127231315
-0.0510515661659558
-0.05105153312460294
-0.05105163201397462
-0.05105182732154369
-0.05457406878399886
-0.05457415189978475
-0.05457429673038846
-0.05457451273510845
-0.05457478694994075
-0.05457509788148912
-0.0545754217224731
-0.05457573746246032
-0.0545760297085334
-0.05457628920630869
-0.05457651195920771
-0.05457669780668107
-0.05457684900300465
-0.05457696904422888
-0.05457706180069456
-0.05457713092062371
-0.05457717944159989
-0.0545772095492074
-0.05457722243600135
-0.05457721822990638
-0.0545771959756062
-0.05457715366480901
-0.05457708832181056
-0.05457699616005628
-0.05457687283363123
-0.05457671381419092
-0.05457651492689287
-0.05457627307456776
-0.05457598716152331
-0.05457565918881645
-0.05457529542351165
-0.05457490744268279
-0.05457451273049645
-0.05457413440574358
-0.05457379966887577
-0.05457353670152474
-0.05457336989118243
-0.05457331568296305
-0.05457339439283498
-0.0545735721782477
-0.05809553581816361
-0.05809558395771238
-0.05809570390269743
-0.05809590776125634
-0.05809617876078309
-0.05809649385401425
-0.0580968274285783
-0.05809715649819758
-0.05809746381493909
-0.05809773860053337
-0.05809797577693577
-0.05809817455397927
-0.05809833694605675
-0.05809846650578524
-0.05809856736245973
-0.05809864354693026
-0.05809869854458399
-0.05809873501393725
-0.05809875461930472
-0.05809875794117202
-0.05809874444262791
-0.05809871248318017
-0.05809865938260945
-0.05809858154776597
-0.05809847468478858
-0.058098334127866
-0.05809815532185809
-0.05809793449636157
-0.05809766955695905
-0.05809736118638095
-0.05809701408366702
-0.05809663816595352
-0.05809624942085202
-0.05809586996408978
-0.05809552681838496
-0.05809524902412895
-0.05809506283477456
-0.05809498716127816
-0.05809504394588114
-0.05809520138701842
-0.06161692442653133
-0.06161693833602686
-0.06161703270222087
-0.06161722247153261
-0.0616174878674866
-0.06161780478688322
-0.06161814613617097
-0.06161848710147821
-0.0616188085778757
-0.06161909815746325
-0.06161934952104159
-0.06161956107666895
-0.06161973444225303
-0.06161987310068735
-0.06161998134888332
-0.06162006354233168
-0.0616201235850368
-0.06162016460285843
-0.06162018874539193
-0.06162019707524986
-0.06162018951817046
-0.06162016486070677
-0.06162012079413376
-0.06162005401415438
-0.06161996039653574
-0.06161983527901774
-0.06161967388863598
-0.06161947195799723
-0.06161922656815926
-0.06161893723017158
-0.06161860715968878
-0.06161824459797498
-0.06161786388696026
-0.06161748584471119
-0.06161713689811874
-0.06161684646685985
-0.06161664222500538
-0.06161654521711358
-0.06161657861371182
-0.06161671299110993
-0.06513822250246937
-0.06513820327262965
-0.06513827165867776
-0.06513844557296326
-0.06513870305343931
-0.06513901948505996
-0.06513936668354668
-0.06513971821942981
-0.06514005317406539
-0.0651403574259177
-0.06514062325549377
-0.06514084808224449
-0.06514103294763621
-0.0651411811118511
-0.06514129692154434
-0.06514138497429649
-0.06514144954150697
-0.06514149419105968
-0.06514152155330681
-0.06514153318544605
-0.06514152950324659
-0.0651415097624435
-0.06514147208430937
-0.06514141353129042
-0.06514133024977493
-0.06514121770836344
-0.06514107107079999
-0.06514088575060226
-0.06514065819408557
-0.06514038692057715
-0.06514007379962225
-0.0651397254498535
-0.06513935449502976
-0.0651389802293011
-0.06513862810586378
-0.06513832743874098
-0.06513810681932791
-0.06513798899424833
-0.0651379978478281
-0.06513810661470083
-0.06865942024771146
-0.06865936930337711
-0.06865941160386951
-0.06865956807933651
-0.06865981538859196
-0.0686601289770867
-0.06866048002129169
-0.06866084075855072
-0.06866118855955161
-0.06866150754379001
-0.06866178844805959
-0.06866202751293428
-0.06866222500705549
-0.06866238379154069
-0.06866250811925541
-0.06866260272226639
-0.06866267216509449
-0.06866272041159362
-0.06866275054959177
-0.06866276462588222
-0.06866276355674233
-0.06866274709216517
-0.0686627138242103
-0.06866266124145298
-0.06866258584301425
-0.06866248333760848
-0.0686623489652195
-0.0686621779896356
-0.06866196641457264
-0.06866171196567683
-0.06866141534125486
-0.06866108164825804
-0.06866072179257264
-0.06866035339374933
-0.06866000061309004
-0.06865969219735858
-0.06865945712480463
-0.0686593193365541
-0.06865930281207794
-0.06865938365076496
-0.07218051011317619
-0.07218042919991295
-0.07218044561436121
-0.07218058327121017
-0.07218081821830002
-0.07218112653918184
-0.07218147927068491
-0.07218184766967541
-0.07218220756925407
-0.07218254133905241
-0.0721828380609221
-0.07218309261678754
-0.07218330429964527
-0.07218347537789986
-0.0721836098443894
-0.07218371243389907
-0.07218378790651683
-0.07218384055464171
-0.07218387388094856
-0.07218389039907708
-0.07218389151941286
-0.07218387749449771
-0.07218384741055697
-0.07218379922313825
-0.07218372984642199
-0.07218363531799223
-0.07218351107386335
-0.07218335238116169
-0.07218315498434466
-0.07218291601720936
-0.07218263520325201
-0.07218231629137348
-0.07218196853262233
-0.07218160779607298
-0.07218125670408641
-0.07218094302119325
-0.07218069558457321
-0.07218053897318441
-0.07218049655678441
-0.07218054742100687
-0.07570148671728602
-0.07570137788149668
-0.07570136892412015
-0.07570148662264967
-0.07570170711841102
-0.07570200768940151
-0.07570235976063711
-0.07570273402364477
-0.07570310502132567
-0.07570345344971291
-0.0757037666730096
-0.07570403806107348
-0.07570426573492116
-0.0757044511684085
-0.07570459791093892
-0.07570471054685089
-0.07570479391190271
-0.07570485253818128
-0.07570489028079128
-0.07570491007929703
-0.07570491381474297
-0.07570490223386232
-0.07570487492337881
-0.07570483032848596
-0.07570476582096551
-0.07570467783459559
-0.07570456209886289
-0.07570441401588467
-0.07570422923699775
-0.07570400449774262
-0.07570373874964846
-0.07570343456347672
-0.07570309964693339
-0.07570274810987747
-0.0757024008630285
-0.07570208433624408
-0.07570182672607108
-0.0757016526714953
-0.0757015841640577
-0.07570160330858069
-0.07922234673949526
-0.07922221229873216
-0.07922217880484242
-0.07922227569153788
-0.07922247981185979
-0.07922277014538867
-0.07922311903555199
-0.0792234970701705
-0.07922387782040488
-0.07922424045974746
-0.07922457063482302
-0.0792248600927548
-0.07922510560787584
-0.07922530766151251
-0.07922546916747154
-0.07922559439021738
-0.07922568810155695
-0.07922575496391687
-0.07922579910263051
-0.07922582382372012
-0.07922583143802765
-0.07922582316133563
-0.07922579907032244
-0.07922575810474611
-0.0792256981171892
-0.07922561598358203
-0.0792255078010463
-0.07922536921417193
-0.07922519592458925
-0.07922498444584151
-0.07922473315384176
-0.079224443631547
-0.07922412218693337
-0.07922378121629312
-0.07922343981603763
-0.07922312279927421
-0.07922285727060475
-0.07922266735662768
-0.07922257286398875
-0.07922255886448637
-0.08274308878750673
-0.08274293128819533
-0.08274287441296317
-0.08274294997125194
-0.08274313604189598
-0.08274341373710334
-0.08274375682162313
-0.08274413626438086
-0.08274452504280477
-0.08274490103442177
-0.08274524824114421
-0.08274555673445369
-0.08274582180496151
-0.08274604276163634
-0.08274622169294539
-0.08274636236555312
-0.08274646933271951
-0.08274654725982142
-0.08274660044134467
-0.08274663247180039
-0.08274664603325302
-0.0827466427683311
-0.08274662321622213
-0.08274658679872317
-0.08274653185366622
-0.08274645572436398
-0.08274635492669023
-0.08274622543013825
-0.0827460631043769
-0.08274586439382375
-0.0827456272786558
-0.08274535254086202
-0.08274504524794687
-0.08274471616688941
-0.08274438253685774
-0.08274406734257099
-0.08274379620648296
-0.08274359219876377
-0.0827434721227303
-0.08274342388916571
-0.0862637132372865
-0.08626353539826788
-0.08626345660442994
-0.08626351070413486
-0.08626367739963826
-0.08626394026750341
-0.08626427493865201
-0.08626465324230469
-0.08626504798024633
-0.08626543602886025
-0.08626579989481808
-0.08626612799025021
-0.08626641403769988
-0.08626665602733098
-0.08626685504817458
-0.08626701419287891
-0.08626713763365867
-0.08626722989776787
-0.08626729533120218
-0.08626733772144234
-0.08626736004569745
-0.08626736431413237
-0.08626735148413744
-0.08626732142991987
-0.08626727296097006
-0.08626720389349146
-0.08626711119119949
-0.08626699120636457
-0.08626684006790515
-0.08626665427727669
-0.08626643157541926
-0.08626617211546632
-0.08626587988419206
-0.08626556412518263
-0.08626524022263313
-0.08626492918496859
-0.08626465482888185
-0.08626443867033311
-0.08626429370456373
-0.08626421049159043
-0.08978422204515923
-0.08978402668767896
-0.08978392772082198
-0.08978396066105265
-0.08978410710856095
-0.08978435331937194
-0.08978467714897193
-0.08978505172922592
-0.08978545011873859
-0.08978584854058719
-0.08978622822855638
-0.08978657602670294
-0.0897868840696637
-0.08978714893000367
-0.08978737055280527
-0.08978755119408709
-0.08978769448375232
-0.08978780466255964
-0.0897878859978711
-0.08978794235942712
-0.08978797692727512
-0.0897879920034287
-0.08978798890291974
-0.08978796790640545
-0.08978792826451061
-0.08978786825358052
-0.08978778529392387
-0.08978767615545354
-0.08978753729175858
-0.08978736535972907
-0.08978715799008197
-0.08978691485616601
-0.08978663901123873
-0.08978633828640981
-0.08978602624124957
-0.089785721811398
-0.08978544674898177
-0.08978522057589143
-0.08978505171093443
-0.08978493312910073
-0.0933046185303181
-0.0933044084986764
-0.09330429135248759
-0.09330430389530155
-0.09330442977447166
-0.09330465801410733
-0.09330496894356693
-0.09330533737310738
-0.09330573703604689
-0.09330614388120702
-0.09330653815319268
-0.09330690529288158
-0.09330723589814537
-0.09330752508393281
-0.09330777154923325
-0.09330797657666073
-0.09330814310418192
-0.09330827493850292
-0.09330837613162264
-0.09330845051376689
-0.09330850136215356
-0.09330853118070692
-0.09330854156710194
-0.09330853314798312
-0.09330850556969007
-0.09330845754003474
-0.09330838692690056
-0.09330829093227073
-0.09330816637612062
-0.09330801014217634
-0.09330781985073515
-0.09330759481579796
-0.09330733728123516
-0.09330705376604881
-0.09330675604508992
-0.09330646091922858
-0.09330618787316892
-0.09330595405729063
-0.09330576260034408
-0.09330560863272168
-0.0968249071232475
-0.09682468520559114
-0.09682455208490497
-0.09682454548153464
-0.09682465111431088
-0.09682486073573866
-0.09682515727537125
-0.09682551750681746
-0.09682591621313948
-0.09682632945343499
-0.09682673680982336
-0.09682712254942424
-0.0968274758549704
-0.09682779040842038
-0.09682806361242183
-0.09682829567605944
-0.09682848871779942
-0.09682864597266111
-0.09682877114146508
-0.09682886788809453
-0.09682893947276756
-0.09682898850123653
-0.09682901676810493
-0.0968290251746559
-0.09682901370631945
-0.09682898146160854
-0.09682892673313676
-0.0968288471528321
-0.09682873992852303
-0.09682860221755771
-0.09682843170068693
-0.09682822742116443
-0.09682799090635491
-0.09682772743892996
-0.09682744703927128
-0.09682716432510557
-0.09682689635079821
-0.09682665757643288
-0.09682644519420602
-0.09682625622505342
-0.100345093070553
-0.1003448619363306
-0.1003447152323853
-0.1003446912493089
-0.1003447776779066
-0.1003449688371233
-0.1003452502569105
-0.100345600853383
-0.1003459967679162
-0.1003464145336588
-0.1003468334168266
-0.1003472367884962
-0.1003476126001906
-0.1003479531891853
-0.1003482546677842
-0.100348516115594
-0.1003487387349733
-0.1003489250705698
-0.1003490783456097
-0.100349201933471
-0.1003492989617125
-0.1003493720341893
-0.100349423052214
-0.1003494531155728
-0.1003494624870433
-0.1003494506090666
-0.1003494161683174
-0.1003493572137271
-0.1003492713473629
-0.1003491560264444
-0.1003490090362694
-0.1003488292050567
-0.1003486173993706
-0.1003483777042798
-0.1003481183866803
-0.1003478518216666
-0.1003475924865794
-0.1003473518774999
-0.1003471206754274
-0.1003468975413855
-0.1038651820806605
-0.1038649442596272
-0.1038647865582425
-0.1038647475149745
-0.1038648165711839
-0.1038649903415991
-0.1038652568391959
-0.1038655971924105
-0.1038659891274086
-0.1038664099710882
-0.1038668390151797
-0.1038672590389914
-0.1038676569935918
-0.1038680240151406
-0.1038683549857359
-0.1038686478464482
-0.1038689028237938
-0.1038691216800723
-0.103869307052546
-0.1038694619115639
-0.1038695891439098
-0.1038696912531942
-0.1038697701617344
-0.1038698270959389
-0.1038698625381193
-0.1038698762308376
-0.103869867225068
-0.1038698339712448
-0.1038697744644365
-0.1038696864736574
-0.1038695679103362
-0.103869417411677
-0.1038692351983445
-0.1038690241487444
-0.1038687907281657
-0.1038685449697678
-0.1038682986110066
-0.1038680599297461
-0.1038678125882624
-0.1038675566693325
-0.1073851798914333
-0.1073849378272011
-0.107384771974003
-0.1073847208052011
-0.1073847751763783
-0.1073849336401532
-0.1073851864775704
-0.1073855169982605
-0.1073859046514786
-0.1073863278155916
-0.1073867661198455
-0.1073872020576965
-0.1073876218360454
-0.1073880155734132
-0.1073883770271559
-0.1073887030347797
-0.1073889928260487
-0.1073892473211519
-0.1073894684890212
-0.1073896588056548
-0.1073898208270808
-0.1073899568749461
-0.1073900688230726
-0.1073901579688514
-0.1073902249723952
-0.1073902698476899
-0.1073902919930668
-0.107390290253771
-0.1073902630194655
-0.1073902083776546
-0.1073901243720982
-0.1073900094454391
-0.1073898631458326
-0.1073896870797519
-0.1073894857940695
-0.1073892668082251
-0.1073890388985178
-0.107388806849581
-0.1073885468488237
-0.1073882602273041
-0.1109050917469426
-0.1109048479624997
-0.1109046772058197
-0.1109046175533011
-0.1109046608466403
-0.1109048071625624
-0.1109050487678687
-0.1109053710398377
-0.1109057552036185
-0.1109061808730606
-0.1109066282759966
-0.1109070799019092
-0.1109075214704659
-0.1109079422853113
-0.1109083351152613
-0.1109086957651225
-0.1109090224836156
-0.1109093153240141
-0.1109095755371335
-0.1109098050438775
-0.1109100060090039
-0.1109101805197704
-0.1109103303617903
-0.1109104568782696
-0.1109105608961675
-0.110910642702299
-0.1109107020532757
-0.1109107382060623
-0.1109107499634842
-0.1109107357460275
-0.1109106937318918
-0.110910622146568
-0.1109105198013354
-0.1109103869046836
-0.1109102258816141
-0.1109100414577431
-0.1109098391158863
-0.1109096197939872
-0.110909351772947
-0.1109090375054617
-0.1144249217968225
-0.1144246792039224
-0.1144245074199495
-0.1144244437413672
-0.1144244805348724
-0.1144246189767154
-0.1144248530079484
-0.1144251699020625
-0.1144255526355167
-0.1144259821609913
-0.1144264394968155
-0.1144269073617732
-0.1144273712198765
-0.1144278197584523
-0.1144282449063429
-0.1144286415303517
-0.1144290069448289
-0.114429340346373
-0.1144296422552609
-0.1144299140154792
-0.114430157380353
-0.1144303741922643
-0.1144305661525848
-0.1144307346705202
-0.1144308807754698
-0.1144310050752119
-0.1144311077408552
-0.1144311884996432
-0.1144312466214657
-0.1144312809002954
-0.1144312896641809
-0.1144312708951968
-0.1144312225766228
-0.1144311433343481
-0.1144310331680082
-0.1144308935844706
-0.1144307262677496
-0.1144305278008343
-0.1144302581165754
-0.1144299206894856
-0.1179446724903873
-0.1179444348482091
-0.1179442668164508
-0.11794420446304
-0.1179442403070304
-0.1179443762520924
-0.1179446076148918
-0.1179449233599992
-0.1179453081211573
-0.1179457442069313
-0.1179462135328571
-0.1179466992090534
-0.117947186625005
-0.1179476640222982
-0.1179481226310842
-0.1179485564847913
-0.1179489620333317
-0.1179493376599599
-0.1179496831821589
-0.1179499993904801
-0.1179502876558759
-0.1179505496178522
-0.1179507869529727
-0.1179510012149259
-0.1179511937320061
-0.1179513655438645
-0.1179515173557553
-0.1179516494858785
-0.1179517617832243
-0.1179518535065783
-0.1179519231886155
-0.1179519685638719
-0.1179519866923453
-0.1179519743880492
-0.1179519288181222
-0.1179518476689754
-0.1179517280802566
-0.1179515615231192
-0.1179512990999752
-0.1179509451708179
-0.121464344138193
-0.1214641165997674
-0.1214639582259698
-0.1214639033875267
-0.1214639446839861
-0.1214640845089779
-0.1214643193073913
-0.1214646395113037
-0.1214650312489358
-0.1214654781062647
-0.1214659629009985
-0.1214664692039906
-0.1214669824375606
-0.1214674905179191
-0.1214679840918432
-0.1214684564602977
-0.1214689032937474
-0.1214693222352861
-0.1214697124682005
-0.1214700743017694
-0.1214704088078419
-0.1214707175234331
-0.1214710022218051
-0.1214712647455408
-0.1214715068885607
-0.1214717303083208
-0.1214719364435463
-0.1214721264074752
-0.1214723008253832
-0.1214724595958938
-0.1214726015884739
-0.12147272434938
-0.1214728239565165
-0.1214728951712128
-0.1214729318318113
-0.1214729270065934
-0.1214728722386968
-0.1214727527732322
-0.1214725103537162
-0.1214721499182193
-0.1249839349847619
-0.1249837245487323
-0.1249835828234145
-0.1249835421737982
-0.1249835958220273
-0.1249837466389695
-0.1249839920229012
-0.1249843236274545
-0.1249847288298185
-0.124985192301224
-0.124985697644036
-0.1249862288443503
-0.1249867713687799
-0.1249873128582317
-0.1249878434490536
-0.1249883557950306
-0.124988844879719
-0.1249893077051324
-0.1249897429281308
-0.1249901504968474
-0.1249905313207165
-0.124990886991648
-0.1249912195613421
-0.1249915313701495
-0.1249918249150111
-0.1249921027364099
-0.1249923672960366
-0.1249926208087322
-0.12499286498804
-0.124993100672445
-0.1249933273304305
-0.1249935425044484
-0.1249937413341842
-0.1249939163380434
-0.1249940574843202
-0.1249941522360062
-0.1249941851272909
-0.1249941335925283
-0.1249939295125165
-0.1249935777133707
-0.1285034424759698
-0.1285032579699245
-0.1285031403508731
-0.1285031202109712
-0.1285031929113039
-0.1285033620757686
-0.128503625938543
-0.1285039770744875
-0.1285044037489622
-0.1285048913828805
-0.1285054240962903
-0.1285059861058601
-0.128506562817068
-0.1285071415584
-0.1285077119738821
-0.1285082661313817
-0.1285087984222517
-0.1285093053285133
-0.1285097851235272
-0.1285102375567974
-0.1285106635573521
-0.1285110649754188
-0.1285114443696866
-0.1285118048369765
-0.1285121498715947
-0.1285124832317811
-0.1285128087797547
-0.1285131302507435
-0.1285134508988504
-0.1285137729716843
-0.1285140969930622
-0.128514420893664
-0.1285147391175983
-0.1285150419020279
-0.1285153148515587
-0.1285155387086525
-0.1285156892237194
-0.128515733899403
-0.128515594522525
-0.1285152742557639
-0.1320228664495743
-0.1320227168824072
-0.1320226292768877
-0.1320226338950396
-0.1320227309401377
-0.1320229252869679
-0.1320232158424129
-0.1320235956619471
-0.1320240533560809
-0.1320245745624363
-0.1320251434576871
-0.1320257441291612
-0.1320263616715284
-0.1320269829576702
-0.1320275970910432
-0.1320281955846897
-0.1320287723313567
-0.1320293234331989
-0.1320298469531802
-0.1320303426382872
-0.1320308116506763
-0.1320312563290934
-0.1320316799902089
-0.1320320867677177
-0.1320324814753115
-0.132032869466899
-0.1320332564531737
-0.1320336482187358
-0.1320340501721698
-0.1320344666604424
-0.1320349000002781
-0.1320353492343373
-0.1320358087105707
-0.1320362666802644
-0.1320367041212549
-0.1320370939485062
-0.1320374009862045
-0.1320375799361558
-0.1320375426764201
-0.1320372864965044
-0.1355422125267177
-0.135542098799651
-0.1355420371089505
-0.1355420629279559
-0.1355421847637297
-0.1355424089789511
-0.135542734536071
-0.135543154051111
-0.1355436554652234
-0.1355442236468539
-0.1355448419499063
-0.1355454936083338
-0.1355461628624504
-0.1355468357704454
-0.1355475007073423
-0.1355481485895148
-0.1355487728837279
-0.1355493694666125
-0.1355499363970507
-0.1355504736541615
-0.1355509828807597
-0.1355514671585128
-0.135551930827454
-0.1355523793489233
-0.1355528191965439
-0.1355532577434064
-0.1355537030945707
-0.1355541637931109
-0.1355546483086971
-0.1355551642075095
-0.135555716912503
-0.1355563080066448
-0.1355569331167597
-0.1355575795317198
-0.1355582238067186
-0.1355588297630882
-0.1355593477995461
-0.1355597139167225
-0.1355598276357682
-0.1355596737924726
-0.1390615182034061
-0.1390614298246058
-0.1390613825221708
-0.1390614228041468
-0.1390615677716252
-0.1390618248008857
-0.1390621920157329
-0.1390626605956222
-0.1390632168050074
-0.1390638437819522
-0.139064523202013
-0.1390652367439934
-0.1390659672733348
-0.1390666996990405
-0.1390674215043662
-0.1390681229882843
-0.1390687972778991
-0.139069440181186
-0.1390700499475515
-0.1390706269946142
-0.1390711736466908
-0.1390716939160904
-0.1390721933434687
-0.1390726788979904
-0.1390731589207906
-0.1390736430747025
-0.1390741422382656
-0.1390746682529439
-0.1390752334023902
-0.139075849478792
-0.1390765262857505
-0.1390772694547582
-0.1390780775273376
-0.139078938383961
-0.1390798252687492
-0.1390806929664228
-0.1390814756796668
-0.1390820876529846
-0.1390824132239856
-0.1390824165902601
)
;

boundaryField
{
    hotWall
    {
        type            calculated;
        value           nonuniform List<scalar> 
40
(
-0.001758469956167282
-0.005277980631933812
-0.008797846893309218
-0.01231808827813067
-0.01583864540939844
-0.01935947131871893
-0.0228805202916716
-0.02640174953506298
-0.02992312007197361
-0.03344459650566085
-0.03696614664745102
-0.04048774120597374
-0.04400935356293825
-0.04753095963179891
-0.0510525377789799
-0.05457406878399886
-0.05809553581816361
-0.06161692442653133
-0.06513822250246937
-0.06865942024771146
-0.07218051011317619
-0.07570148671728602
-0.07922234673949527
-0.08274308878750675
-0.08626371323728652
-0.08978422204515923
-0.09330461853031809
-0.0968249071232475
-0.100345093070553
-0.1038651820806605
-0.1073851798914333
-0.1109050917469426
-0.1144249217968225
-0.1179446724903873
-0.121464344138193
-0.1249839349847619
-0.1285034424759698
-0.1320228664495744
-0.1355422125267177
-0.139061518203406
)
;
    }
    coldWall
    {
        type            calculated;
        value           nonuniform List<scalar> 
40
(
-0.001737572936364531
-0.00526052075953843
-0.008783428188399708
-0.01230625773936516
-0.01582900379757049
-0.01935166652753545
-0.02287424848237534
-0.02639675141438984
-0.0299191750086802
-0.03344151681120524
-0.03696377266775697
-0.04048593733015565
-0.04400800505703478
-0.04752997013710802
-0.05105182732154369
-0.0545735721782477
-0.05809520138701843
-0.06161671299110991
-0.06513810661470083
-0.06865938365076497
-0.07218054742100689
-0.07570160330858069
-0.07922255886448636
-0.08274342388916571
-0.08626421049159043
-0.08978493312910073
-0.09330560863272166
-0.09682625622505346
-0.1003468975413855
-0.1038675566693326
-0.1073882602273041
-0.1109090375054617
-0.1144299206894856
-0.1179509451708179
-0.1214721499182194
-0.1249935777133707
-0.1285152742557639
-0.1320372864965044
-0.1355596737924727
-0.1390824165902601
)
;
    }
    bottomWall
    {
        type            calculated;
        value           nonuniform List<scalar> 
40
(
1.288433533199708e-06
1.441163057344822e-06
1.912116734638992e-06
2.662152987390501e-06
3.572600583860408e-06
4.55559280796174e-06
5.544293022840778e-06
6.493429698184722e-06
7.376942642853729e-06
8.183892951985184e-06
8.914250841158767e-06
9.575145450454914e-06
1.017782790910312e-05
1.073541873041806e-05
1.126137805193105e-05
1.176856337258943e-05
1.226871462191147e-05
1.277221488280645e-05
1.32880012650871e-05
1.38235322378749e-05
1.438474795625185e-05
1.497598579221984e-05
1.559983423317003e-05
1.625692581256102e-05
1.694568537622906e-05
1.76620649059463e-05
1.839931054571999e-05
1.914782040433955e-05
1.989516081655268e-05
2.062631061204964e-05
2.132419371441168e-05
2.197053715066833e-05
2.254705464739543e-05
2.303691144350935e-05
2.342638552729612e-05
2.370665098660681e-05
2.387579822548954e-05
2.394112779626654e-05
2.391960317321475e-05
2.385750480837304e-05
)
;
    }
    topWall
    {
        type            calculated;
        value           nonuniform List<scalar> 
40
(
-0.1408212145251785
-0.140821152409156
-0.1408211308712527
-0.140821196199291
-0.1408213653563473
-0.1408216456419452
-0.1408220351461063
-0.1408225250437706
-0.1408231016147959
-0.1408237480266873
-0.1408244459951585
-0.1408251772484161
-0.1408259247104605
-0.1408266733590356
-0.1408274107583531
-0.1408281273035986
-0.1408288162374736
-0.1408294735082641
-0.1408300975370814
-0.1408306889528309
-0.1408312503405485
-0.1408317860343346
-0.1408323019712018
-0.140832805606523
-0.1408333058742654
-0.1408338131542536
-0.1408343391830327
-0.1408348968146758
-0.1408354995060661
-0.1408361603749849
-0.1408368906708218
-0.1408376975225052
-0.1408385809021205
-0.1408395298753103
-0.1408405183899368
-0.1408415011873679
-0.1408424114503896
-0.1408431613395143
-0.1408436322209549
-0.1408437849612066
)
;
    }
    front
    {
        type            empty;
    }
    back
    {
        type            empty;
    }
}


// ************************************************************************* //
