/*--------------------------------*- C++ -*----------------------------------*\
  =========                 |
  \\      /  F ield         | OpenFOAM: The Open Source CFD Toolbox
   \\    /   O peration     | Website:  https://openfoam.org
    \\  /    A nd           | Version:  13
     \\/     M anipulation  |
\*---------------------------------------------------------------------------*/
FoamFile
{
    format      ascii;
    class       volScalarField;
    location    "400";
    object      rho;
}
// * * * * * * * * * * * * * * * * * * * * * * * * * * * * * * * * * * * * * //

dimensions      [1 -3 0 0 0 0 0];

internalField   nonuniform List<scalar> 
1600
(
0.9995427653498737
0.999627610226844
0.9997101480820691
0.9997884873273952
0.9998609402190852
0.9999263226581104
0.9999840547531287
1.000034111294304
1.000076891548655
1.000113068402889
1.000143454279639
1.00016889969957
1.000190225920311
1.0002081859671
1.00022344633735
1.000236582295791
1.000248081284012
1.00025835063582
1.000267727149779
1.000276487049402
1.00028485551156
1.000293015349836
1.000301114680651
1.000309273536137
1.000317589460459
1.000326142162108
1.000334997309442
1.000344209559132
1.00035382490071
1.000363882385484
1.000374415282125
1.000385451659971
1.000397014338646
1.000409120053524
1.000421777569409
1.000434984339896
1.000448721196177
1.000462944560038
1.000477576052291
1.000492490586209
0.9995431927563538
0.9996289713119136
0.9997125401535121
0.999791854064062
0.9998650693471588
0.9999309098146357
0.9999887797436565
1.000038695761918
1.00008112854643
1.000116827862519
1.000146673453464
1.000171567148487
1.000192364883326
1.000209840147147
1.000224669135298
1.000237429393819
1.000248605990683
1.00025860129492
1.000267745986599
1.000276309962237
1.000284512451897
1.000292531047079
1.000300509550187
1.000308564665785
1.000316791605197
1.000325268696437
1.000334061096128
1.000343223697215
1.000352803319168
1.000362840256023
1.000373369239256
1.000384419841361
1.000396016293222
1.000408176603004
1.000420910735609
1.000434217437335
1.000448079091926
1.000462453848763
1.000477264344356
1.000492383024813
0.9995437251437439
0.9996306411511224
0.9997154519654914
0.9997959735889678
0.9998701832010432
0.9999366712808271
0.9999947904002952
1.000044581520089
1.000086588850343
1.000121655151473
1.000150750145803
1.000174849998452
1.000194864904088
1.000211603329136
1.000225760531673
1.00023792132845
1.000248570133576
1.000258103917271
1.000266845618459
1.000275056755932
1.000282948694734
1.00029069240865
1.000298426766429
1.000306265445985
1.000314302601108
1.000322617400338
1.000331277544813
1.000340341860219
1.00034986205128
1.000359883706274
1.000370446640211
1.000381584660366
1.000393324812082
1.000405686094806
1.000418677503228
1.000432295026385
1.000446516933158
1.000461296343075
1.000476549859984
1.000492141131602
0.9995441855677277
0.9996320787061134
0.9997179602673318
0.9997995536259042
0.9998746834347015
0.9999418028952824
1.000000188891607
1.000049878206903
1.000091466460951
1.000125877668745
1.000154169123229
1.000177394993006
1.000196526115216
1.000212412573092
1.000225774219491
1.000237207091713
1.000247197412395
1.000256138110689
1.000264345113597
1.000272072120173
1.000279523403174
1.000286864603658
1.000294231662344
1.000301738079693
1.000309480683578
1.000317544048704
1.000326003677678
1.000334928031886
1.000344379497614
1.000354414391134
1.000365082142088
1.000376423835914
1.000388470320451
1.000401240054375
1.000414736752
1.00042894661894
1.00044383455963
1.000459338205277
1.000475358053079
1.000491741508044
0.9995444893888324
0.9996330331025186
0.999719645776482
0.9998020025471835
0.9998778165280234
0.9999454196898591
1.00000400398609
1.000053578094807
1.000094762188547
1.000128539389546
1.000156039896443
1.000178388165455
1.000196612961315
1.000211606211185
1.000224113966002
1.000234745514833
1.000243990910935
1.000252240959768
1.000259806483237
1.000266935432926
1.000273827418219
1.000280645702444
1.000287526907097
1.000294588691543
1.000301935630815
1.00030966344849
1.000317861704716
1.000326615008593
1.000336002830032
1.000346098033639
1.000356964343179
1.000368653054427
1.00038119941453
1.000394619125705
1.000408905342686
1.00042402624774
1.000439922759933
1.000456505179662
1.000473646676088
1.00049117065687
0.999544603053851
0.9996334086498039
0.9997203535930949
0.9998030995624967
0.9998792888647087
0.9999471567428156
1.000005811874978
1.000055218787589
1.000095997977979
1.000129167456125
1.000155910742109
1.00017740901498
1.00019474084834
1.000208836005271
1.00022046548105
1.000230252261118
1.000238691678305
1.000246174477905
1.0002530088794
1.00025943998557
1.00026566606436
1.000271851801459
1.000278138830793
1.000284653864459
1.000291514670682
1.000298834052831
1.000306721903411
1.000315285368734
1.000324627179209
1.000334842285961
1.000346013095556
1.000358203792083
1.000371454437091
1.00038577567139
1.000401144812541
1.000417503844986
1.000434759160795
1.00045278193028
1.000471406804253
1.000490425652311
0.9995445199930678
0.9996331894102414
0.9997200622318537
0.9998028123833089
0.9998790468170232
0.9999469304657947
1.000005496890348
1.000054657377725
1.000095013118214
1.000127594234731
1.000153616914834
1.000174303069745
1.000190770229006
1.000203979620288
1.000214724242565
1.000223640247187
1.000231229315349
1.00023788423294
1.000243913393155
1.000249562302373
1.000255031522598
1.000260491150935
1.00026609217774
1.000271975073595
1.000278275858475
1.000285129783155
1.000292672652543
1.000301039776406
1.000310362568677
1.000320762947687
1.000332345917676
1.000345191015802
1.000359343634462
1.000374807482557
1.000391539502716
1.000409448272801
1.000428396182856
1.000448204497431
1.000468659014468
1.000489513051139
0.9995442470011893
0.9996323981397743
0.9997188137981016
0.9998011991016295
0.9998771549437515
0.9999448010718868
1.000003107291049
1.000051927651168
1.000091828902869
1.000123833185386
1.000149169517128
1.000169084099339
1.000184721546159
1.000197067121661
1.000206932076091
1.000214964710498
1.000221673918392
1.000227456599457
1.000232624130118
1.000237425663166
1.000242067557042
1.000246728998545
1.000251574161975
1.000256761257034
1.000262448701716
1.000268798507646
1.000275976844115
1.00028415169625
1.000293487585633
1.000304137501637
1.000316232505981
1.000329869899419
1.000345101313254
1.000361922491531
1.00038026669638
1.000400003414273
1.000420943226222
1.000442848344611
1.000465446736646
1.000488446820095
0.9995437969242549
0.9996310746997985
0.9997166777701879
0.9997983568335835
0.9998737305043275
0.9999408958849076
0.9999987715068078
1.000047153600997
1.000086563158453
1.000117997180786
1.00014267936348
1.000161864383698
1.000176712060812
1.000188223999527
1.000197225656562
1.00020437624448
1.000210192580035
1.000215077613904
1.000219348328103
1.000223260462446
1.000227029207759
1.000230845858194
1.000234890736034
1.0002393427181
1.000244385561952
1.000250211057387
1.000257018885272
1.0002650130052
1.00027439446003
1.000285350714158
1.000298042049211
1.000312586106257
1.000329042312582
1.000347398519066
1.00036756249112
1.000389360705726
1.000412546032866
1.00043681434609
1.000461828332864
1.000487245826782
0.999543184878005
0.9996292650674726
0.9997137327863973
0.9997943956728431
0.9998689093482214
0.9999353679210412
0.9999926510864471
1.000040498880597
1.000079378317119
1.000110246956184
1.000134307057529
1.000152807143654
1.000166910895482
1.0001776287061
1.000185796138254
1.000192081927674
1.000197011313319
1.000200994949023
1.00020435765583
1.000207364174748
1.000210240874702
1.000213193307744
1.000216419868023
1.000220121837808
1.000224509961704
1.000229807493775
1.000236249492891
1.000244078064285
1.000253533318156
1.000264840089418
1.000278190966642
1.000293726900358
1.000311517518503
1.00033154409514
1.000353688633429
1.000377732431994
1.000403366577318
1.000430215072647
1.000457869289195
1.000485931345513
0.9995424263697547
0.9996270159616403
0.9997100578724197
0.9997894260502758
0.999862828872646
0.9999283743606743
0.9999849151961308
1.00003213826755
1.000070450927515
1.000100759645482
1.000124231283554
1.000142095018967
1.000155507843803
1.000165481702915
1.000172858167691
1.000178313915194
1.000182382778245
1.000185484327507
1.000187952905836
1.000190063996118
1.000192056684363
1.000194151988072
1.000196567227233
1.00019952665667
1.000203268427473
1.000208047723638
1.000214135718283
1.000221813888931
1.000231363298197
1.00024304875533
1.000257098376962
1.000273679963892
1.000292876718234
1.000314665932786
1.000338905059143
1.000365329608505
1.000393566355302
1.000423163320528
1.000453635624127
1.000484524932114
0.9995415364174237
0.9996243723731101
0.9997057285063813
0.9997835530315125
0.9998556200501993
0.999920065968452
0.9999757274446803
1.000022242219274
1.000059954419101
1.000089710220412
1.000112629264321
1.000129909721641
1.000142692233851
1.000151983419129
1.00015862673586
1.000163304941992
1.00016656019132
1.000168821625037
1.000170434137968
1.000171684956716
1.000172826598348
1.000174095843503
1.000175728805851
1.000177972237933
1.000181091054752
1.000185371806818
1.000191121591269
1.000198661743001
1.000208315691381
1.000220390699212
1.000235153900659
1.00025280414976
1.000273442597012
1.000297046382008
1.000323450944839
1.000352346698804
1.000383294753785
1.000415764027882
1.00044918916951
1.000483046881419
0.9995405291762273
0.9996213765559701
0.9997008150925931
0.9997768741054888
0.999847404156028
0.9999105824077867
0.9999652396202622
1.000010969068144
1.000048049909807
1.000077261078193
1.000099665235899
1.000116419416138
1.000128639150519
1.000137319198459
1.000143300710992
1.000147270312641
1.000149777678628
1.000151261546939
1.000152077707085
1.000152525402636
1.00015287053211
1.000153365139827
1.000154263173309
1.000155832559542
1.000158363486531
1.000162172494778
1.000167601688507
1.000175012170439
1.000184770802533
1.000197229728131
1.000212698880509
1.000231413011927
1.000253496534816
1.000278931388455
1.000307534701799
1.000338953528864
1.000372682801986
1.000408109814278
1.000444584883017
1.000481515326461
0.9995394178156676
0.9996180677295916
0.999695382592282
0.9997694786717182
0.9998382918666698
0.9999000506700737
0.9999535892530805
0.9999984616378739
1.00003488187433
1.000063556777032
1.000085484238528
1.000101771512444
1.000113501146511
1.000121649835591
1.000127052124474
1.000130395898045
1.000132236995859
1.000133023142757
1.000133120704326
1.00013284055503
1.000132461277163
1.000132249041291
1.000132474035858
1.000133423406979
1.000135410496348
1.000138779847159
1.000143907090211
1.000151192537541
1.000161047238199
1.000173870558864
1.000190019215322
1.000209769215583
1.000233274338771
1.000260527247251
1.000291331456038
1.000325293257378
1.000361841497258
1.00040027964687
1.000439869945223
1.000479945910065
0.9995382145159922
0.9996144821137795
0.9996894906871384
0.9997614483236715
0.9998283835263008
0.9998885851297961
0.9999408992905335
0.9999848464297818
1.000020576779231
1.000048722073088
1.00007020950084
1.000086089330765
1.000097404119344
1.000105106613456
1.000110020349392
1.000112831481151
1.000114100117378
1.000114281764632
1.000113752455287
1.000112833754832
1.000111815725095
1.000110977061426
1.000110602164891
1.000110995021093
1.000112489577028
1.000115455949848
1.000120301370062
1.000127464377739
1.000137400616333
1.000150558817915
1.000167346484594
1.000188086532724
1.000212968785102
1.000242003329741
1.000274985610308
1.00031148449244
1.000350863316122
1.000392339734258
1.000435084160853
1.000478351883086
0.9995369305203319
0.999610653115245
0.9996831941781056
0.9997528574917057
0.9998177699772388
0.9998762884475989
0.9999272789513248
0.999970234330203
1.000005243570873
1.000032862128758
1.000053942311904
1.000069471585613
1.000080446369858
1.000087789924566
1.000092310308642
1.000094688615859
1.000095486849102
1.000095166570631
1.000094112074289
1.000092654241001
1.000091093043328
1.000089717798817
1.000088824834229
1.00008873234968
1.000089792085367
1.000092396994531
1.000096983612513
1.0001040273088
1.000114028301787
1.000127486465368
1.000144863877725
1.000166536038958
1.000192735797321
1.000223497927682
1.000258616044142
1.000297625589024
1.000339825450971
1.000384345677417
1.000430261128037
1.000476744461861
0.9995355762130052
0.9996066115826299
0.9996765434854488
0.9997437742441372
0.9998065336618437
0.9998632529217254
0.9999128252537914
0.999954722245576
0.999988975357522
1.000016064191241
1.000036763654281
1.000051993943984
1.000062700076225
1.000069770678479
1.000073993864038
1.00007604207564
1.000076476438849
1.000075762414651
1.000074290756258
1.000072399959477
1.000070398097404
1.000068583040397
1.000067260636654
1.000066760571104
1.000067449429519
1.000069740054466
1.000074095677167
1.000081026669746
1.000091077289278
1.000104799788538
1.000122714150719
1.000145253866945
1.000172701806528
1.000205125009672
1.000242322050336
1.000283799573314
1.000328793590996
1.000376345068417
1.000425429714196
1.000475133297291
0.999534161211161
0.999602386094912
0.9996695851937955
0.9997342611576936
0.9997947498559295
0.9998495620818034
0.9998976249415391
0.9999383953223709
0.9999718518865225
0.9999984002943436
1.000018737105799
1.000033712115798
1.000044214580757
1.000051093815495
1.000055113610105
1.000056933999103
1.00005711215626
1.00005611494431
1.000054337466307
1.000052123897454
1.000049788452663
1.000047635415799
1.000045977735194
1.000045153846622
1.000045542192232
1.000047572424827
1.000051731592716
1.000058562809904
1.000068653246414
1.000082608081589
1.00010100784715
1.000124348886334
1.000152970807646
1.000186980559959
1.000226188849815
1.000270078725599
1.000317825486071
1.000368379994088
1.000420615516596
1.000473526949631
0.9995326944648455
0.9995980032701156
0.9996623626209949
0.999724376220032
0.9997824879663625
0.999835292415164
0.9998817566479442
0.9999213295451315
0.9999539425648075
0.9999799306887078
0.9999999126695495
1.000014666081854
1.000025021027225
1.000031783380344
1.000035688425382
1.00003737996932
1.000037407951773
1.000036237883016
1.000034266870484
1.000031842661639
1.000029283564876
1.000026898126639
1.000025004017633
1.000023945750233
1.000024110657754
1.000025942052847
1.000029947697443
1.000036700765776
1.00004682958765
1.000060992021903
1.000079830927472
1.000103909572299
1.000133630472011
1.000169147939381
1.000210292190922
1.000256528390576
1.000306973932024
1.000360489167391
1.000415842131743
1.000471933308498
0.9995311843647703
0.9995934880926509
0.9996549164071937
0.99971417375245
0.9997698128622678
0.9998205151664741
0.9998652932058651
0.9999035945832953
0.9999353098588596
0.9999607078023163
0.9999803312966679
0.9999948851794055
1.000005138013212
1.000011848751645
1.000015720295313
1.000017376448578
1.000017356517396
1.000016121719055
1.000014068635966
1.000011546346183
1.000008875141435
1.000006365692771
1.000004338086265
1.000003140330936
1.000003165754179
1.00000486815866
1.000008772743699
1.000015479678781
1.000025656076193
1.000040011380031
1.000059251567098
1.000084009920335
1.000114757238889
1.00015170222301
1.000194701992078
1.000243209961357
1.000296289108022
1.000352709612413
1.000411132174904
1.00047035993523
0.9995296388603745
0.9995888642667775
0.9996472851346833
0.9997037053608127
0.999756786236767
0.9998052981880302
0.9998483040547324
0.9998852568117692
0.9999160129722644
0.9999407806032442
0.9999600299467257
0.9999743938592376
0.9999845780339471
0.9999912917579049
0.9999952020832215
0.9999969091838056
0.9999969382994977
0.9999957432873546
0.9999937175272174
0.9999912090681838
0.9999885380177468
0.9999860150464958
0.9999839604231006
0.9999827231817511
0.999982699845123
0.9999843515641633
0.9999882175870758
0.9999949216916489
1.000005166813621
1.000019712039873
1.000039326200938
1.000064714561039
1.000096420584177
1.00013471372373
1.000179485217439
1.000230183184908
1.000285820361956
1.000345077951194
1.000406508065512
1.000468814329669
0.9995280655946153
0.9995841546149618
0.999639506007474
0.9996930209485517
0.999743468029996
0.9997897078599529
0.9998308577462086
0.9998663824848401
0.9998961117579518
0.9999201992999363
0.9999390471000027
0.9999532180073286
0.9999633545877502
0.9999701145238562
0.9999741260628275
0.9999759623621763
0.9999761312070105
0.9999750759517149
0.9999731839738611
0.9999707998213401
0.9999682411841637
0.9999658166073363
0.9999638443749311
0.9999626721875303
0.9999626970865553
0.9999643845050072
0.9999682843081253
0.9999750402538722
0.9999853876346986
1.000000132431106
1.000020104990878
1.000046083308127
1.000078686732745
1.000118250974543
1.000164708238385
1.000217508000159
1.000275617600363
1.000337631392048
1.000401992629287
1.000467304135902
0.9995264720665241
0.9995793815542373
0.9996316156444855
0.9996821698617702
0.9997299179915309
0.9997738111568366
0.9998130246143658
0.9998470411119262
0.9998756708922178
0.9998990203833915
0.9999174287039562
0.9999313917929021
0.9999414898858331
0.9999483279717062
0.9999524931187874
0.9999545284049045
0.999954920884653
0.9999541002395799
0.9999524449472078
0.9999502934735316
0.9999479587835548
0.9999457451585534
0.9999439667881229
0.9999429677982759
0.9999431432208463
0.9999449598315882
0.9999489747143296
0.9999558478324866
0.9999663429566248
0.9999813094769859
1.000001636869288
1.000028175333616
1.000061622035062
1.000102383399273
1.000150438900364
1.000205246100342
1.000265732433294
1.000330408522484
1.000397609574396
1.000465837304751
0.9995248658370511
0.9995745676986241
0.9996236510683461
0.9996712022797276
0.9997161975189905
0.9997576780095078
0.9997948797578712
0.9998273091693313
0.9998547644216976
0.9998773120932197
0.9998952346039901
0.9999089650614846
0.999919023156051
0.9999259609412923
0.9999303225572819
0.9999326183228456
0.9999333114596394
0.9999328148260964
0.9999314950340628
0.9999296817927955
0.9999276809640086
0.9999257904140781
0.999924318189949
0.9999236027365493
0.999924034731729
0.9999260795411681
0.9999302981863295
0.9999373630177418
0.9999480621012614
0.9999632841074573
0.9999839742403026
1.000011053081106
1.000045296142039
1.000087183818943
1.000136748443535
1.000193462356221
1.000256219187325
1.000323449988698
1.000393383889719
1.00046442222853
0.9995232547959563
0.9995697366449151
0.9996156509928652
0.9996601710010824
0.9997023719643898
0.9997413841814434
0.9997765065639641
0.9998072743688121
0.9998334808773784
0.9998551604608031
0.9998725455617405
0.9998860113222844
0.9998960195368402
0.9999030698767408
0.999907662432397
0.999910272505773
0.9999113366083957
0.9999112476970995
0.9999103575287949
0.9999089843216372
0.9999074244123058
0.9999059671127026
0.9999049123684777
0.9999045910085184
0.999905387248184
0.9999077625475614
0.9999122787929665
0.9999196169663707
0.999930585052036
0.9999461063197475
0.9999671773430804
0.999994785944017
1.000029785026336
1.000072730859525
1.000123713353569
1.000182226178132
1.000247135856632
1.000316799115437
1.000389342198289
1.000463067859087
0.9995216475042642
0.9995649139925028
0.9996076575086419
0.9996491337821625
0.9996885136192171
0.9997250149124574
0.9997580010468212
0.9997870407492516
0.9998119291888079
0.9998326761059607
0.9998494709628352
0.9998626363472309
0.9998725794916192
0.9998797489272838
0.9998846001631523
0.9998875716608634
0.9998890706149983
0.9998894671351308
0.9998890951759557
0.9998882587347073
0.9998872422184735
0.9998863243150552
0.9998857950586263
0.999885975961913
0.9998872429766367
0.9998900515017979
0.9998949615188981
0.9999026590525131
0.9999139675385498
0.9999298397006372
0.9999513182121869
0.9999794536657289
1.000015173829536
1.000059111262053
1.000111417161633
1.000171612847452
1.000238545025826
1.000310502495109
1.000385513084617
1.00046178381557
0.9995200536142634
0.9995601286128347
0.9995997182146498
0.9996381563227111
0.9996747055253989
0.9997086695186845
0.9997394772089417
0.9997667347891379
0.9997902455517137
0.9998100018643712
0.9998261571903595
0.9998389872411075
0.9998488484810619
0.999856140082602
0.9998612729581227
0.999864647333919
0.9998666387953116
0.9998675918683245
0.999867819894104
0.999867610024197
0.9998672324490615
0.9998669533296436
0.9998670512198283
0.9998678369409353
0.9998696767765884
0.9998730183401394
0.9998784173354438
0.9998865615026932
0.9998982852627152
0.9999145652551387
0.9999364841069919
0.9999651493596541
1.000001559460028
1.000046422047128
1.00009995217078
1.000161704814251
1.000230514772489
1.00030461055662
1.000381927403357
1.000460580484468
0.9995184843441158
0.9995554141094958
0.9995918887212858
0.9996273158291166
0.999661046057573
0.9996924669067617
0.9997210733790147
0.9997465124613246
0.9997686011056383
0.9997873210052135
0.9998027963000394
0.9998152614790593
0.9998250262456932
0.9998324425595894
0.9998378771481382
0.9998416910247088
0.9998442262413844
0.9998457993138942
0.9998467004226201
0.9998471974943078
0.9998475444746017
0.999847993396055
0.9998488101280024
0.9998502938607389
0.9998528003012372
0.999856768073443
0.9998627467104024
0.9998714226793168
0.9998836369864625
0.9999003843061431
0.9999227802118762
0.9999519819852876
0.9999890528121835
1.000034772440075
1.000089421049416
1.000152592930481
1.000223119537448
1.000299178110258
1.000378618567605
1.000459469111222
0.9995169529465348
0.9995508102928938
0.9995842352471837
0.9996167047928828
0.9996476538445288
0.999676551507058
0.9997029589646657
0.9997265665890652
0.9997472096823362
0.9997648651818623
0.9997796340068303
0.9997917147814701
0.9998013744338184
0.999808920057051
0.9998146749519277
0.9998189603640508
0.9998220833348241
0.9998243303846678
0.9998259664153867
0.9998272381744268
0.9998283817700017
0.9998296339688576
0.9998312472580637
0.9998335088109759
0.9998367634398955
0.9998414401706861
0.9998480810105602
0.999857368550379
0.9998701460862879
0.9998874201244813
0.9999103313124381
0.9999400780284899
0.9999777804000718
1.00002428539823
1.000079938181958
1.000144377551297
1.000216440925432
1.000294264847464
1.000375622803733
1.000458461878457
0.9995154750655698
0.999546364347488
0.9995768367667519
0.9996064342226492
0.9996346720609006
0.9996610984670065
0.9996853402891602
0.9997071330159857
0.9997263339936198
0.9997429203513704
0.9997569750982481
0.9997686658381809
0.9997782205068365
0.9997859037606969
0.9997919965431782
0.9997967802460542
0.9998005259861971
0.9998034889146333
0.9998059071653838
0.9998080049843443
0.9998099996829206
0.9998121122626766
0.9998145817787401
0.9998176836608167
0.9998217521696917
0.9998272067605164
0.9998345811171377
0.9998445517427634
0.9998579600328242
0.9998758177971648
0.9998992820006268
0.9999295819868798
0.9999678850628367
1.00001509846344
1.000071630570647
1.000137169364609
1.00021056834731
1.000289935739165
1.000372979337591
1.000457571958033
0.999514068834005
0.9995421312304181
0.9995697858994499
0.9995966351486499
0.99962227053542
0.9996463162031258
0.9996684633069325
0.9996884931358995
0.9997062876141194
0.9997218278857749
0.9997351834206513
0.9997464950041928
0.9997559550699251
0.9997637883190045
0.9997702347547729
0.9997755364034068
0.9997799282699372
0.9997836335749725
0.9997868630439275
0.9997898179473927
0.9997926966683183
0.9997957047408604
0.9997990685020538
0.9998030526397184
0.9998079818935508
0.999814266802641
0.9998224324565068
0.9998331474133304
0.9998472470503055
0.9998657416070619
0.9998897947078413
0.9999206550016787
0.9999595251482519
1.000007363434986
1.00006463788887
1.000131089655979
1.000205599302528
1.000286261198718
1.000370730429317
1.000456813507387
0.9995127545441299
0.9995381727659287
0.9995631875711611
0.9995874569414749
0.9996106437118215
0.9996324438696811
0.9996526103445315
0.9996709696112942
0.9996874293769464
0.9997019773911515
0.9997146729545876
0.9997256335734509
0.9997350194003892
0.9997430177865391
0.9997498296825575
0.9997556589783002
0.9997607053057344
0.9997651604228609
0.9997692080675225
0.9997730271031113
0.999776797838554
0.9997807115481847
0.9997849833897368
0.9997898690496438
0.9997956854294431
0.9998028353666447
0.9998118355299256
0.9998233449537164
0.9998381889039767
0.9998573688187006
0.9998820444359611
0.9999134705221142
0.9999528711257408
1.000001243929436
1.000059110908055
1.00012626940571
1.000201638865196
1.00028331671192
1.000368921074962
1.000456201546408
0.9995115537463909
0.9995345549560253
0.9995571545502971
0.9995790610577899
0.9996000025559281
0.9996197413436839
0.9996380880489795
0.9996549121589072
0.9996701468925667
0.9996837879167572
0.9996958867642346
0.9997065406291342
0.9997158804697744
0.9997240591834873
0.9997312412158269
0.999737594493407
0.9997432851434694
0.9997484751491728
0.9997533229095139
0.9997579866197907
0.9997626304391037
0.9997674335324619
0.999772602223754
0.9997783856119653
0.9997850949939777
0.9997931271586138
0.9998029908544296
0.9998153342068661
0.9998309682747651
0.9998508781479051
0.999876208340237
0.9999082051087277
0.9999480977775798
0.9999969091138849
1.000055206809328
1.000122846013851
1.000198797471213
1.000281181309977
1.000367597997428
1.000455751584002
0.9995104877069306
0.999531343261452
0.9995517993640179
0.9995716094097007
0.9995905592718812
0.9996084702744077
0.9996252048393987
0.9996406715441631
0.9996548272991455
0.999667675755588
0.9996792622318169
0.9996896661841764
0.9996989925378331
0.9997073631400618
0.9997149093454608
0.9997217664174494
0.999728070126826
0.9997339557002132
0.9997395591400666
0.9997450209020294
0.9997504919595345
0.9997561423857949
0.9997621727065316
0.9997688283736711
0.9997764177018852
0.9997853333692217
0.9997960769167598
0.9998092843258416
0.9998257484080224
0.9998464302150855
0.9998724471639604
0.9999050211932721
0.9999453687502926
0.9999945205273476
1.000053078600193
1.000120955325271
1.000197185214161
1.000279933633647
1.000366807176375
1.000455478737017
0.999509575283228
0.9995285960126624
0.9995472228315049
0.9995652476594209
0.9995825051918513
0.9995988666328408
0.9996142383910424
0.9996285624465981
0.9996418160920236
0.9996540099259975
0.9996651839567147
0.9996754023101825
0.9996847473360112
0.9996933139338883
0.9997012047908947
0.9997085270189769
0.9997153904845587
0.9997219079713808
0.9997281972318028
0.9997343849625222
0.9997406127787624
0.9997470453400428
0.999753880876088
0.9997613644344553
0.9997698041572978
0.9997795906858353
0.9997912192192935
0.9998053125816735
0.999822641589357
0.9998441358340587
0.999870873771403
0.9999040365859501
0.9999448080145626
0.9999942065748986
1.000052853582508
1.000120714584222
1.000196899202861
1.000279643159611
1.000366588473664
1.000455395851965
0.9995088304315728
0.9995263566067626
0.999543500358659
0.9995600851229909
0.9995759840882864
0.9995911075667349
0.9996053964796651
0.9996188190002037
0.9996313682624169
0.9996430599382128
0.9996539292381033
0.9996640274187328
0.9996734181657644
0.999682174309373
0.9996903752902075
0.9996981056936104
0.9997054550607739
0.9997125190995957
0.9997194023705406
0.9997262225168829
0.9997331161394716
0.9997402464730546
0.9997478130867722
0.9997560638762528
0.9997653095875577
0.9997759409265906
0.9997884478210323
0.9998034394097399
0.9998216615775044
0.9998440060906205
0.9998715015979507
0.9999052725470645
0.9999464493159221
0.9999960154722558
1.000054591929908
1.000122188319643
1.000197997511597
1.000280351985398
1.000366964642661
1.000455509723058
0.9995082597001248
0.9995246455935188
0.9995406679378327
0.9995561741504869
0.9995710647296215
0.9995852773015935
0.9995987767616469
0.9996115493017478
0.9996235986180918
0.9996349431475134
0.9996456137137381
0.9996556513775882
0.9996651055452336
0.9996740325118064
0.9996824946453345
0.9996905603916795
0.9996983052398901
0.9997058137517667
0.9997131827411863
0.9997205256914325
0.999727978520471
0.9997357068383633
0.999743914875692
0.999752856275006
0.999762846889253
0.99977427955312
0.999787640372789
0.9998035252485996
0.9998226538834607
0.9998458762156576
0.9998741629761676
0.9999085683198775
0.9999501496899252
0.9999998314881082
1.000058209992469
1.000125322853101
1.000200447817512
1.000282038606912
1.000367919737079
1.000455813778099
0.9995078601585811
0.9995234540338519
0.999538710207422
0.9995534923301354
0.999567716995768
0.9995813373086452
0.9995943315210202
0.9996066956051429
0.999618438539058
0.9996295793058378
0.9996401449349951
0.9996501692188949
0.9996596919588939
0.9996687587310221
0.9996774212290083
0.9996857382682962
0.9996937775397008
0.9997016182001898
0.9997093543893072
0.9997170997663574
0.9997249931752151
0.9997332055564369
0.999741948231214
0.9997514826614903
0.999762131714046
0.999774292269788
0.9997884486356819
0.9998051855054833
0.9998251980054591
0.9998492944770634
0.9998783850254997
0.9999134458071904
0.9999554466771151
1.000005230732806
1.000063342759686
1.000129824485287
1.000204029265006
1.00028454808138
1.000369358042865
1.000456274456182
0.9995076183109906
0.9995227396843936
0.9995375529185693
0.9995519304591497
0.9995657949284672
0.9995791044565051
0.9995918414071586
0.9996040045085709
0.9996156037098327
0.9996266570055955
0.9996371886152422
0.9996472281014237
0.999656810187055
0.9996659751584448
0.9996747698276275
0.9996832490797039
0.999691478062163
0.9996995350915354
0.9997075153640634
0.9997155355641997
0.9997237394676282
0.9997323046307944
0.9997414502385794
0.9997514461304063
0.9997626229157772
0.9997753828786951
0.9997902109879597
0.9998076846791243
0.9998284800330224
0.9998533704348594
0.9998832117521019
0.999918905819575
0.9999613325097079
1.000011241891018
1.0000691051436
1.000134939559181
1.000208150097267
1.000287461025806
1.000371028623542
1.000456807096452
0.9995075107667553
0.9995224280244724
0.9995370622784774
0.9995512884419229
0.9995650281221579
0.999578237721782
0.9995908980520178
0.9996030065482671
0.9996145719598781
0.9996256110095545
0.999636146506652
0.9996462065120912
0.9996558242873672
0.9996650388772194
0.9996738962645401
0.9996824510985117
0.9996907690382724
0.9996989297803313
0.9997070308529381
0.9997151922670405
0.9997235621111482
0.9997323231626579
0.9997417005523952
0.9997519704464949
0.999763469573675
0.9997766051850367
0.9997918646276723
0.9998098230637144
0.9998311468879195
0.9998565890375055
0.9998869707204754
0.9999231424803134
0.9999659168766384
1.000015967086347
1.000073692834587
1.000139069496809
1.000211517770546
1.000289853948829
1.000372390278577
1.000457234697603
)
;

boundaryField
{
    hotWall
    {
        type            calculated;
        value           uniform 0.9995000000000001;
    }
    coldWall
    {
        type            calculated;
        value           uniform 1.0005;
    }
    bottomWall
    {
        type            calculated;
        value           nonuniform List<scalar> 
40
(
0.9995427653498737
0.999627610226844
0.9997101480820691
0.9997884873273952
0.9998609402190852
0.9999263226581104
0.9999840547531287
1.000034111294304
1.000076891548655
1.000113068402889
1.000143454279639
1.00016889969957
1.000190225920311
1.0002081859671
1.00022344633735
1.000236582295791
1.000248081284012
1.00025835063582
1.000267727149779
1.000276487049402
1.00028485551156
1.000293015349836
1.000301114680651
1.000309273536137
1.000317589460459
1.000326142162108
1.000334997309442
1.000344209559132
1.00035382490071
1.000363882385484
1.000374415282125
1.000385451659971
1.000397014338646
1.000409120053524
1.000421777569409
1.000434984339896
1.000448721196177
1.000462944560038
1.000477576052291
1.000492490586209
)
;
    }
    topWall
    {
        type            calculated;
        value           nonuniform List<scalar> 
40
(
0.9995075107667553
0.9995224280244724
0.9995370622784774
0.9995512884419229
0.9995650281221579
0.999578237721782
0.9995908980520178
0.9996030065482671
0.9996145719598781
0.9996256110095545
0.999636146506652
0.9996462065120912
0.9996558242873672
0.9996650388772194
0.9996738962645401
0.9996824510985117
0.9996907690382724
0.9996989297803313
0.9997070308529381
0.9997151922670405
0.9997235621111482
0.9997323231626579
0.9997417005523952
0.9997519704464949
0.999763469573675
0.9997766051850367
0.9997918646276723
0.9998098230637144
0.9998311468879195
0.9998565890375055
0.9998869707204754
0.9999231424803134
0.9999659168766384
1.000015967086347
1.000073692834587
1.000139069496809
1.000211517770546
1.000289853948829
1.000372390278577
1.000457234697603
)
;
    }
    front
    {
        type            empty;
    }
    back
    {
        type            empty;
    }
}


// ************************************************************************* //
