/*--------------------------------*- C++ -*----------------------------------*\
  =========                 |
  \\      /  F ield         | OpenFOAM: The Open Source CFD Toolbox
   \\    /   O peration     | Website:  https://openfoam.org
    \\  /    A nd           | Version:  13
     \\/     M anipulation  |
\*---------------------------------------------------------------------------*/
FoamFile
{
    format      ascii;
    class       volVectorField;
    location    "400";
    object      U;
}
// * * * * * * * * * * * * * * * * * * * * * * * * * * * * * * * * * * * * * //

dimensions      [0 1 -1 0 0 0 0];

internalField   nonuniform List<vector> 
1600
(
(-9.348600359122004e-06 9.15694858168269e-06 0)
(-5.906354779607641e-05 1.368302629244313e-05 0)
(-0.0001242280501225453 1.305768983064006e-05 0)
(-0.0001869323210657789 1.013197363692167e-05 0)
(-0.0002379334120630828 6.773646273579317e-06 0)
(-0.0002753557235211019 3.736895804525806e-06 0)
(-0.0003002071540233623 1.363691373185408e-06 0)
(-0.0003148930190207888 -2.779908093685556e-07 0)
(-0.0003222350215777441 -1.256631531325492e-06 0)
(-0.0003248994618846817 -1.698146955039042e-06 0)
(-0.0003251167127945571 -1.742388814267943e-06 0)
(-0.0003245840028272538 -1.519116732050062e-06 0)
(-0.0003244773009968983 -1.136299423940435e-06 0)
(-0.0003255201162129573 -6.766251832492982e-07 0)
(-0.0003280730928284519 -1.991341563560264e-07 0)
(-0.0003322217597458894 2.564607531167417e-07 0)
(-0.0003378504716278235 6.645581875595734e-07 0)
(-0.0003446982446952926 1.008711944027081e-06 1.850516901210162e-41)
(-0.0003523970526357296 1.277542939563594e-06 1.91580941194604e-41)
(-0.0003604957808226095 1.461742435442225e-06 0)
(-0.0003684741369082309 1.55216661372951e-06 0)
(-0.0003757510109693566 1.538927977403326e-06 0)
(-0.0003816915258536941 1.411373710031828e-06 0)
(-0.0003856165847797964 1.158859307784065e-06 0)
(-0.0003868182111297432 7.722416076436849e-07 0)
(-0.0003845833689251473 2.460040191838628e-07 0)
(-0.0003782281669637441 -4.191254049548321e-07 0)
(-0.0003671432807621617 -1.213297152482316e-06 0)
(-0.0003508500028696615 -2.114762304068625e-06 0)
(-0.0003290645724447327 -3.087668946903132e-06 0)
(-0.0003017665102196827 -4.080960590676547e-06 0)
(-0.0002692649773163467 -5.028803385235329e-06 0)
(-0.0002322562973946291 -5.85261073407587e-06 0)
(-0.0001918665336227231 -6.464032795128263e-06 0)
(-0.0001496766363898614 -6.767158848871109e-06 0)
(-0.0001077342536645009 -6.656940695454831e-06 0)
(-6.855393375711681e-05 -6.013178960469875e-06 0)
(-3.509177616927836e-05 -4.7079358410116e-06 0)
(-1.101518753194124e-05 -2.571553902525877e-06 0)
(3.457880967476323e-08 1.213057955290862e-08 0)
(-1.514758835771332e-05 5.975944293735439e-05 0)
(-0.0001186749083059678 0.0001121390271745714 0)
(-0.0002582680373955733 0.0001223163437665917 0)
(-0.0003998903671107098 0.0001091355980008388 0)
(-0.0005230669847313896 8.63528518091412e-05 0)
(-0.0006211183062197928 6.21071105189504e-05 0)
(-0.0006938253731155827 4.071078200769101e-05 0)
(-0.0007445939835667658 2.4007819540572e-05 0)
(-0.000778373241083639 1.234859752627357e-05 0)
(-0.0008003062981562968 5.256542743427842e-06 0)
(-0.0008149725396516625 1.870795555369536e-06 -2.770469267580834e-27)
(-0.0008260418964536316 1.226945965115098e-06 -2.351466268635173e-27)
(-0.0008361931636423895 2.419775079700088e-06 0)
(-0.0008471833775480372 4.681725879134633e-06 0)
(-0.0008599869095584704 7.40502704668641e-06 0)
(-0.0008749511858812707 1.013029323931104e-05 0)
(-0.0008919388406028091 1.251894916480661e-05 0)
(-0.000910442881168153 1.432138244915608e-05 0)
(-0.0009296724998858411 1.534803401586786e-05 0)
(-0.0009486136104537448 1.54471110717461e-05 0)
(-0.0009660713469842256 1.449029905599007e-05 0)
(-0.0009807028253580631 1.236653496837654e-05 0)
(-0.0009910483212436315 8.983258766489915e-06 0)
(-0.0009955682190253778 4.274261994872771e-06 0)
(-0.000992691896970482 -1.786951259657396e-06 0)
(-0.000980883197977042 -9.169654787947751e-06 0)
(-0.0009587252420320409 -1.776603625203936e-05 0)
(-0.0009250249921183755 -2.737133966255183e-05 0)
(-0.0008789351737672617 -3.766696640544723e-05 -4.739748563267976e-27)
(-0.0008200879856336682 -4.820989042409803e-05 -5.454098824551624e-27)
(-0.0007487318355916723 -5.843165227399724e-05 0)
(-0.0006658596384536985 -6.764924343883249e-05 0)
(-0.0005733157503173556 -7.508803940741509e-05 0)
(-0.0004738692205465029 -7.991348461521764e-05 0)
(-0.0003712450890554039 -8.126421592590959e-05 0)
(-0.000270110933765113 -7.827860467408746e-05 0)
(-0.000176000673237637 -7.011816502950092e-05 0)
(-9.512850060987903e-05 -5.602793975639726e-05 0)
(-3.48925720606916e-05 -3.560669445538856e-05 0)
(-2.423770732788368e-06 -1.096372721141528e-05 0)
(-1.657324868542294e-05 0.000132629418939666 0)
(-0.0001445957571425184 0.0002572372995530002 0)
(-0.0003233395000320544 0.0002899097392017925 0)
(-0.0005119455145049547 0.000269349591874958 0)
(-0.0006836336913416312 0.0002237499493198612 0)
(-0.0008276714614827837 0.0001713152309976245 0)
(-0.0009415132049153804 0.0001226216501742349 0)
(-0.001027708042834782 8.284380229629237e-05 -4.290963677322734e-27)
(-0.001091338778049241 5.361353994361574e-05 -4.103331562784548e-27)
(-0.001138229841221564 3.44434297875399e-05 0)
(-0.001173858165193514 2.374999115362773e-05 -3.354184532345858e-27)
(-0.001202792424795841 1.954057146760072e-05 -2.943023713837631e-27)
(-0.001228489813227427 1.98328309177452e-05 0)
(-0.001253309133652254 2.287457873004799e-05 0)
(-0.001278634376056355 2.722639791725296e-05 1.841792904933313e-27)
(-0.001305037820760715 3.175998607878543e-05 1.506769101485832e-27)
(-0.00133244081906038 3.561301543164167e-05 0)
(-0.001360251969696567 3.812893782255006e-05 0)
(-0.001387476806957378 3.879943867118937e-05 0)
(-0.001412801723289869 3.721911302076345e-05 0)
(-0.001434659291243687 3.305645411667234e-05 0)
(-0.001451283863142638 2.604193149299257e-05 0)
(-0.001460766384092361 1.597211060217867e-05 0)
(-0.001461116447173214 2.727773019282962e-06 0)
(-0.001450338128776127 -1.369668008117634e-05 2.743950502966981e-27)
(-0.001426524230403388 -3.315595089222918e-05 3.342311976240315e-27)
(-0.00138797126339063 -5.53129595350544e-05 0)
(-0.001333314848400195 -7.959960450554841e-05 0)
(-0.001261682192296182 -0.0001051853511123871 -4.859386549029507e-27)
(-0.001172855059324181 -0.0001309603477243934 -5.181440611515366e-27)
(-0.001067433399935975 -0.0001555394015998971 0)
(-0.0009469869142934653 -0.0001772913617741843 0)
(-0.0008141797836940182 -0.0001943948421488087 0)
(-0.000672853172049364 -0.0002049158370568101 0)
(-0.000528052581551254 -0.0002068970604594769 -4.425770503858206e-27)
(-0.00038599088567909 -0.0001984481398176358 -3.725053425207084e-27)
(-0.0002539157276283429 -0.0001778408209894369 0)
(-0.0001398212035423773 -0.0001436547527822454 0)
(-5.335322282405767e-05 -9.513857741043726e-05 0)
(-4.256503186506775e-06 -3.412731316623132e-05 0)
(-1.595017719704421e-05 0.0002133307380125475 0)
(-0.0001515065850859215 0.0004242159732163917 0)
(-0.0003480147011971469 0.0004896775786815291 0)
(-0.0005624140752001619 0.0004676167139517507 0)
(-0.000764856476503684 0.0004010620541440602 0)
(-0.0009417287736904093 0.0003192971070343519 0)
(-0.001088176790758763 0.0002403160621195964 0)
(-0.001205209128521372 0.0001736138645120653 -2.748312116029278e-27)
(-0.001297054487437402 0.0001228067980629181 -3.294515184198027e-27)
(-0.001369193858607279 8.781609971754741e-05 0)
(-0.001427089776133793 6.653240690383795e-05 0)
(-0.001475477260905654 5.597991643134733e-05 0)
(-0.001518054348415785 5.305255927242455e-05 0)
(-0.00155742572962839 5.491837861851876e-05 0)
(-0.001595184652880457 5.91909049144683e-05 1.694208495502327e-27)
(-0.001632053936720806 6.395455331555516e-05 1.189336216347611e-27)
(-0.001668038107715216 6.771206169823549e-05 0)
(-0.00170256212757159 6.930172944982009e-05 0)
(-0.001734587922736982 6.781453859409342e-05 0)
(-0.001762709411386832 6.252778602375018e-05 0)
(-0.001785231702868538 5.286269298567391e-05 0)
(-0.001800242176095178 3.836779362186954e-05 0)
(-0.001805681380464515 1.872666276439476e-05 0)
(-0.001799420905827214 -6.213285766035942e-06 0)
(-0.00177935398449641 -3.639539530109295e-05 4.055387399485852e-27)
(-0.001743502848929589 -7.149728803895741e-05 4.555380129028028e-27)
(-0.001690144867695521 -0.000110870016200557 0)
(-0.001617957235649728 -0.0001534808250628572 0)
(-0.001526177480908615 -0.0001978686829114633 0)
(-0.001414774249724714 -0.0002421223962137086 0)
(-0.001284619768049599 -0.0002838907139516314 0)
(-0.001137652199376824 -0.0003204316717343127 0)
(-0.000977013119604521 -0.0003487039635715072 0)
(-0.0008071431569951975 -0.000365496267436487 0)
(-0.0006338201793336547 -0.0003675824165578199 -2.670925947400994e-27)
(-0.0004641288583879322 -0.0003518855497606343 -1.703031782138762e-27)
(-0.000306328607565691 -0.0003156405157981469 0)
(-0.0001695681221343947 -0.000256563397953819 0)
(-6.52002800754531e-05 -0.0001730842956375186 0)
(-5.206322043749348e-06 -6.533719020301272e-05 0)
(-1.454065514662897e-05 0.0002934191812723182 0)
(-0.0001481966920640371 0.0005963758217040535 0)
(-0.0003489764169214617 0.0007024106817119362 0)
(-0.0005746418242914237 0.0006857530286657596 0)
(-0.0007945426748943905 0.0006031341040278601 0)
(-0.0009932368703489244 0.0004946780162500466 0)
(-0.001163888808296867 0.0003860839810129256 0)
(-0.001305782436035789 0.0002916645623290355 0)
(-0.001421832372562122 0.0002175246926871896 0)
(-0.001516621374831785 0.0001644089237052354 0)
(-0.001595063084263081 0.0001299815432649197 0)
(-0.001661605727283583 0.0001104779766602087 0)
(-0.001719840627658231 0.0001017798167038267 0)
(-0.001772378792970567 0.0001000266000532324 0)
(-0.001820882386112567 0.0001018953999606152 0)
(-0.001866170427688047 0.0001046687513578517 0)
(-0.001908348349145971 0.000106186655668955 0)
(-0.001946934383732519 0.0001047503840707324 0)
(-0.001980971633704952 9.90209962985448e-05 0)
(-0.002009124249983564 8.793656083240743e-05 0)
(-0.002029761265855188 7.065913366046715e-05 0)
(-0.00204103382454272 4.655451106403095e-05 0)
(-0.002040952016615523 1.520313313118001e-05 0)
(-0.002027467086012806 -2.356208657111044e-05 0)
(-0.00199856384764164 -6.959683839414331e-05 0)
(-0.001952367032417374 -0.0001223725364891621 0)
(-0.00188726401872785 -0.0001808979746605113 0)
(-0.001802044974980163 -0.0002436455133610983 0)
(-0.001696059675898178 -0.0003084932831043982 0)
(-0.00156938795170378 -0.0003726959749364482 0)
(-0.001423017686656445 -0.0004328968302778457 0)
(-0.001259020455975384 -0.0004851915786121187 0)
(-0.00108071052766148 -0.0005252503474452206 0)
(-0.0008927689821914044 -0.0005484952663820903 0)
(-0.000701314826449686 -0.000550319794545369 0)
(-0.0005139100723778575 -0.0005263230465172144 0)
(-0.00033946425740283 -0.0004725223745257611 0)
(-0.0001879868300013767 -0.0003854978492263717 0)
(-7.21557660443912e-05 -0.0002624090924860069 0)
(-5.631004060060331e-06 -0.0001011106984487262 0)
(-1.281190230558353e-05 0.0003693833599440454 0)
(-0.0001394158179961513 0.0007653026265210909 0)
(-0.0003359356358829476 0.0009172675694433263 0)
(-0.0005628771293157845 0.000912470141525787 0)
(-0.0007903166106469328 0.000819541409298825 0)
(-0.001001846362810046 0.0006885904912401206 0)
(-0.001189058907621613 0.0005528147112997046 0)
(-0.001349567568264559 0.0004315102887165909 0)
(-0.001484808306544922 0.0003335991540468288 0)
(-0.001598200736323059 0.0002610063684829053 0)
(-0.001693827122658012 0.0002114872040577238 0)
(-0.001775597309465897 0.0001807402269536246 0)
(-0.001846798210016178 0.0001638193945432436 0)
(-0.00190991044802416 0.0001559621779800019 0)
(-0.00196658799745856 0.0001529898478004865 0)
(-0.002017723269532287 0.000151430487567366 0)
(-0.002063547298847047 0.0001484867272713262 0)
(-0.002103736571053632 0.0001419352564159719 0)
(-0.002137513216317175 0.0001300136169172021 0)
(-0.002163734637938614 0.0001113255529502022 0)
(-0.0021809737509835 8.477964430092455e-05 0)
(-0.00218759339732889 4.956567468347009e-05 0)
(-0.002181819348644756 5.167304698567965e-06 0)
(-0.002161816392715775 -4.859359060414324e-05 0)
(-0.002125771791012758 -0.0001114874167855661 0)
(-0.0020719901218552 -0.0001827900843719183 0)
(-0.00199900320943241 -0.0002611883322676288 0)
(-0.00190569833254097 -0.0003446882992106364 0)
(-0.00179146689977621 -0.0004305405349633834 0)
(-0.001656373854162147 -0.0005151965995647773 0)
(-0.001501344819243131 -0.0005943135403670755 0)
(-0.001328363212591826 -0.0006628216917974791 0)
(-0.001140663458728186 -0.0007150668393584827 0)
(-0.000942900198031846 -0.0007450281105838921 0)
(-0.0007412714410302228 -0.0007465967390045033 0)
(-0.0005435775287106872 -0.0007138783090634626 0)
(-0.000359173874438328 -0.0006414537006892567 0)
(-0.0001987527051716354 -0.0005244996444731129 0)
(-7.601190901935725e-05 -0.0003586247444265134 0)
(-5.787930794962395e-06 -0.0001393912065948155 0)
(-1.101250985169888e-05 0.0004393379828528343 0)
(-0.0001277292857492491 0.0009258034004188921 0)
(-0.0003145539331984613 0.001126882894822751 0)
(-0.000535830035058577 0.001139479190606459 0)
(-0.0007633579018328104 0.001042032024938589 0)
(-0.0009804425035936687 0.0008934231943418706 0)
(-0.001177509358399208 0.0007338166459240193 0)
(-0.001350665112870285 0.0005874178889644882 0)
(-0.001499865613578328 0.0004661499254754949 0)
(-0.001627275983240125 0.0003734123069763618 0)
(-0.00173602395780593 0.0003073610657232126 0)
(-0.001829362852367896 0.0002634340991802344 -3.308866450516843e-27)
(-0.001910181287974385 0.000236081357072877 -3.266257587082936e-27)
(-0.001980767564742663 0.0002198079056138029 0)
(-0.002042738711349242 0.0002097019906103075 0)
(-0.002097063067186866 0.0002016231801753204 0)
(-0.002144127752549106 0.0001921957990797129 0)
(-0.002183821749037447 0.0001787125484299006 0)
(-0.002215619314063349 0.0001590157347020625 0)
(-0.002238657387303358 0.0001313944960813672 0)
(-0.002251805781256851 9.451654220443118e-05 0)
(-0.002253731642644806 4.740063881294129e-05 0)
(-0.002242961018831566 -1.05708637332744e-05 0)
(-0.002217941115221667 -7.960380361620295e-05 0)
(-0.002177107431364258 -0.0001594145867669807 0)
(-0.002118960604400585 -0.0002491308781056244 0)
(-0.002042158430045465 -0.0003471798938561816 0)
(-0.0019456289191668 -0.0004511757709927462 0)
(-0.001828709928355349 -0.0005578203926683787 0)
(-0.001691319275755484 -0.0006628353845533098 0)
(-0.001534155704305286 -0.0007609459312434773 0)
(-0.001358925190702992 -0.0008459380338385189 0)
(-0.001168579044415163 -0.0009108074829234453 0)
(-0.0009675412346678567 -0.0009480081988029942 0)
(-0.0007618972398266385 -0.0009497867869309272 0)
(-0.0005595173866595532 -0.0009085575645083834 0)
(-0.0003700591635745804 -0.0008172284764773343 0)
(-0.0002047626633648061 -0.0006693343519117566 0)
(-7.81280626684991e-05 -0.0004587741898376298 0)
(-5.852208935834684e-06 -0.0001789974639908105 0)
(-9.247170039111617e-06 0.0005023226266133595 0)
(-0.0001145267452811099 0.001074685205568775 0)
(-0.0002881478053115737 0.001326256918214125 0)
(-0.0004988563668700039 0.001360704537271364 0)
(-0.0007208085404812932 0.001264128758586326 0)
(-0.0009375436640995259 0.001102793922257405 0)
(-0.001138690076592902 0.00092309816199743 0)
(-0.001319058534704912 0.0007539138183717197 0)
(-0.001477211947549401 0.0006102358957572988 0)
(-0.00161407060512647 0.0004971726014893092 0)
(-0.00173178010140671 0.0004135706799376346 0)
(-0.001832900290308561 0.0003548883668603235 7.387037060613862e-27)
(-0.001919891233015332 0.0003152124996385632 6.085904455875636e-27)
(-0.001994832624614994 0.0002885073491507806 0)
(-0.002059304432908094 0.0002692733322896211 0)
(-0.002114366506426543 0.0002528082410577153 0)
(-0.002160591544451755 0.0002352352351613113 0)
(-0.002198121858688849 0.0002134181477623721 0)
(-0.002226732785411864 0.0001848425328781122 0)
(-0.00224589403274832 0.0001475077595690279 0)
(-0.002254825464830752 9.985267544972174e-05 0)
(-0.002252546920268782 4.072331543774732e-05 0)
(-0.002237923593001776 -3.061668100259654e-05 0)
(-0.002209709958982473 -0.0001144362285620175 0)
(-0.002166596627254278 -0.0002104527773941224 0)
(-0.002107265989979885 -0.0003177207167489814 0)
(-0.002030464061572378 -0.0004345005177524497 0)
(-0.001935097107718567 -0.0005581196613255852 0)
(-0.001820362008416451 -0.0006848404442242504 0)
(-0.001685918019052574 -0.0008097549421008613 0)
(-0.001532103867986164 -0.0009267328129513496 0)
(-0.001360197319500679 -0.001028451279549337 0)
(-0.001172704320533332 -0.001106535309073734 0)
(-0.0009736527305757976 -0.001151825343465403 0)
(-0.0007688563420646468 -0.001154765167687429 0)
(-0.0005661107127740183 -0.001105860194559124 0)
(-0.0003752480059236788 -0.0009960966291879475 0)
(-0.0002079413033571973 -0.0008171394975227252 0)
(-7.935857596226927e-05 -0.0005610564047427664 0)
(-5.915498462988681e-06 -0.0002193415677366765 0)
(-7.554518174336377e-06 0.0005578841908606817 0)
(-0.000100569942700259 0.001209986101221452 0)
(-0.0002586890221155185 0.001511961124944134 5.142018646151759e-25)
(-0.0004553030485624263 0.001571644986193993 4.041834054467423e-25)
(-0.0006673124234222706 0.001480722759946748 0)
(-0.0008788909536679237 0.001311389178337259 0)
(-0.001079199047411305 0.001115428730284301 0)
(-0.001261978867736799 0.0009260222520948645 0)
(-0.001424534340793844 0.0007612183433473833 0)
(-0.001566607011885603 0.0006280122907089566 0)
(-0.001689386067605957 0.0005262045213170871 0)
(-0.001794745053620805 0.0004515472154121813 0)
(-0.001884717983469889 0.0003980085394322045 0)
(-0.001961181112297909 0.0003592119527681879 2.347286066175027e-26)
(-0.002025688021799972 0.0003292248402814581 2.695671813874353e-26)
(-0.002079406600354695 0.00030289890259163 3.287172906775193e-26)
(-0.002123116574760616 0.0002759405775968029 8.126948407299109e-26)
(-0.002157238352564035 0.0002448449884805489 4.978890966139586e-26)
(-0.002181874442883439 0.0002067817042017089 0)
(-0.002196852514335399 0.0001594843130957348 0)
(-0.002201764443478522 0.0001011706114203674 0)
(-0.002195999231526325 3.05046497423081e-05 0)
(-0.002178770183924556 -5.339668331437331e-05 0)
(-0.002149138860692044 -0.0001509140345727862 0)
(-0.002106040400853921 -0.0002618363253507815 0)
(-0.002048317056651546 -0.0003852365392502989 0)
(-0.001974769055804044 -0.0005193191001218864 0)
(-0.001884233895768165 -0.0006612487260727334 -1.304610626771548e-25)
(-0.001775706239497288 -0.0008069760217008043 -1.259842730629091e-25)
(-0.001648509846020718 -0.0009510824669612338 0)
(-0.001502529392160495 -0.001086675943904393 -1.024492010697266e-25)
(-0.001338502664350784 -0.001205375192872755 -8.288451044617016e-26)
(-0.001158361907546209 -0.001297423502094559 0)
(-0.000965597833134847 -0.001351962587754407 0)
(-0.0007656057363835475 -0.001357470084873792 0)
(-0.0005659629535473144 -0.001302312606763067 -3.895886730299599e-26)
(-0.0003765458295097317 -0.001175289922224728 -7.581571049484018e-26)
(-0.0002093525678246512 -0.0009659521497024994 0)
(-8.013990197510833e-05 -0.0006643836710182085 0)
(-6.012542418684857e-06 -0.0002601623859577905 0)
(-5.946773673378622e-06 0.0006058406035338905 0)
(-8.628999009040025e-05 0.001330492029907513 0)
(-0.0002273864115089755 0.001681597135022744 5.511325562277787e-25)
(-0.0004073246182211959 0.001768904644352143 4.396663149796067e-25)
(-0.0006059801037584649 0.001687741627805826 0)
(-0.0008084718076285121 0.001514789463674514 0)
(-0.001003784808959084 0.00130631247335092 0)
(-0.001184822283690889 0.001099361775258703 0)
(-0.001347786393854449 0.0009149484236494773 0)
(-0.001491335596658037 0.0007620800952829616 0)
(-0.001615755094933824 0.0006417416272001666 0)
(-0.00172225887788496 0.0005502368555642487 0)
(-0.001812468976628586 0.0004816542053275331 0)
(-0.001888067448077221 0.0004294761516067172 3.469324348558197e-26)
(-0.001950589719966425 0.0003874936747835947 3.689437630166716e-26)
(-0.002001320151749643 0.0003502299684984742 4.174246520103265e-26)
(-0.002041253920422582 0.0003130601974016084 9.725752925471609e-26)
(-0.0020710971034128 0.0002721706120332662 5.70754857401515e-26)
(-0.00209128509629365 0.000224453770817915 0)
(-0.002102006467495794 0.0001673982410676259 0)
(-0.002103224626735215 9.900410018610243e-05 0)
(-0.002094693573159764 1.77387417726736e-05 0)
(-0.002075967018051244 -7.746172565594487e-05 0)
(-0.002046402842665209 -0.0001871445648470791 0)
(-0.002005167514467761 -0.0003112468983916314 0)
(-0.001951247917637845 -0.0004489586774937441 0)
(-0.001883481005167608 -0.0005985461615499516 0)
(-0.001800614431395448 -0.000757143867267045 -1.368770241629364e-25)
(-0.001701413241644425 -0.0009205296908189259 -1.322035921129135e-25)
(-0.001584827806409396 -0.001082907715765251 0)
(-0.001450235230576733 -0.001236735272517119 -1.070358130360636e-25)
(-0.001297759096367172 -0.001372642571364985 -8.575086214173577e-26)
(-0.001128659554162814 -0.001479499773235405 0)
(-0.0009457675876224841 -0.001544680111079754 0)
(-0.0007539182205068645 -0.001554539111002578 0)
(-0.0005603203072177096 -0.001495070227517579 -5.061766845566211e-26)
(-0.000374751738266191 -0.001352602977041986 -9.262882643527683e-26)
(-0.0002094221250743298 -0.001114289903686355 0)
(-8.06170302499843e-05 -0.0007680131026764736 0)
(-6.144893083862222e-06 -0.0003013301359198873 0)
(-4.42679655318277e-06 0.0006461634257768578 0)
(-7.194739640859347e-05 0.001435462061350151 0)
(-0.0001950212764583771 0.001833463927217587 0)
(-0.0003563742239490278 0.001949884320703625 0)
(-0.0005389862424817711 0.001881912211486393 0)
(-0.0007291679520204365 0.001709321960906748 0)
(-0.0009159914781710992 0.001491929456466039 0)
(-0.001091746723415722 0.001270162341350675 0)
(-0.001251701700162913 0.001067841268173488 0)
(-0.001393541573821306 0.0008960594630820282 0)
(-0.001516711075653755 0.0007571799726625361 0)
(-0.001621796458243693 0.0006482934290492863 0)
(-0.001710020595866312 0.000563835425919965 0)
(-0.001782874056450881 0.0004973416236824695 0)
(-0.001841871826810144 0.0004424806217097443 0)
(-0.001888409780901378 0.0003935630285252055 0)
(-0.001923691572834483 0.000345716373035522 0)
(-0.001948699861856168 0.0002948755344055847 -6.179117489900414e-26)
(-0.001964191515723005 0.0002376922430250536 -7.064069136381508e-26)
(-0.001970702331049625 0.0001714278852728046 0)
(-0.001968551877777634 9.386556416493163e-05 0)
(-0.00195784318225739 3.259567174647831e-06 0)
(-0.001938455367748347 -0.0001016693906602224 0)
(-0.001910030446321203 -0.0002216893187234362 0)
(-0.001871958537799475 -0.0003569604134835058 0)
(-0.001823369090468175 -0.0005068857290009652 0)
(-0.001763139215045017 -0.000669909880734454 0)
(-0.00168993377406007 -0.0008432709654869651 0)
(-0.001602294798533225 -0.001022718866534755 0)
(-0.001498799106703692 -0.001202225352566833 0)
(-0.001378301203708761 -0.001373727335680645 0)
(-0.001240271869943739 -0.001526961763274474 0)
(-0.00108522958027228 -0.001649463301213421 0)
(-0.0009152413666688776 -0.001726794943659066 0)
(-0.000734445776176518 -0.001743054422126522 -1.95419430280001e-26)
(-0.0005495259322115237 -0.001681632775054331 -6.407186802310646e-26)
(-0.0003700029287130539 -0.001526088362901235 -1.110745756272031e-25)
(-0.0002081667493277703 -0.001260848188043961 -1.590393583774803e-25)
(-8.075868784410631e-05 -0.0008712932915871236 0)
(-6.297470517479868e-06 -0.0003427248056089503 0)
(-2.99523972817059e-06 0.0006789207657475412 0)
(-5.77168076277347e-05 0.001524475176754666 0)
(-0.0001621385365431779 0.001966356332353366 0)
(-0.0003034956107397364 0.002112580324914108 0)
(-0.0004679351887390916 0.002060591309086126 0)
(-0.0006431598427126794 0.001891937621805384 0)
(-0.0008185668083780951 0.001669060813114818 0)
(-0.0009860522214702907 0.001435232250937738 0)
(-0.001140121390145334 0.001216874897089855 0)
(-0.001277602131331451 0.00102718842551389 0)
(-0.001397165442076405 0.0008700666332988574 0)
(-0.001498799649657747 0.0007435938708746044 0)
(-0.001583334006302932 0.0006427626882454908 0)
(-0.001652058897647329 0.0005613466524810646 0)
(-0.00170645257493363 0.0004930409684311413 0)
(-0.001748002200270504 0.0004320565905006254 0)
(-0.001778097430976679 0.0003733547644332038 0)
(-0.001797973469478416 0.0003126744294319704 -6.368005100885735e-26)
(-0.001808683505152435 0.0002464609117765416 -7.165576358054025e-26)
(-0.001811085027959022 0.0001717652471888147 0)
(-0.001805829112216704 8.615462235279861e-05 0)
(-0.001793345888199944 -1.234405496025422e-05 0)
(-0.001773823020812848 -0.0001252556960155318 0)
(-0.001747177336175316 -0.0002536166085602869 0)
(-0.001713023086502351 -0.0003978766549204281 0)
(-0.001670643980889467 -0.0005577392363106166 0)
(-0.001618980151666465 -0.0007319360599474004 0)
(-0.001556645542652975 -0.0009179381585763327 0)
(-0.001481995288207672 -0.001111613567696195 0)
(-0.001393265468815652 -0.001306856556079271 0)
(-0.001288807528539923 -0.001495233303219393 0)
(-0.001167434408564379 -0.001665712093195144 0)
(-0.001028882632858089 -0.001804566440481221 0)
(-0.0008743725296044946 -0.001895546165320303 0)
(-0.0007072203690301231 -0.00192038839023563 -3.098806789539122e-26)
(-0.0005334237406935834 -0.001859669523398724 -7.968451643295463e-26)
(-0.0003620735502669482 -0.001693867310505386 -1.31475443479236e-25)
(-0.0002053844530848567 -0.001404314025668585 -1.846091914612975e-25)
(-8.044501636395844e-05 -0.0009735152430186298 0)
(-6.448914046085869e-06 -0.0003841713040029312 0)
(-1.653189604042862e-06 0.000704250045642768 0)
(-4.373076532922284e-05 0.001597345092195615 9.656705985850433e-25)
(-0.0001291536998309371 0.002079442828090175 1.606649141920262e-24)
(-0.0002494940923317857 0.002255452119818504 6.563627909003305e-25)
(-0.0003940817555151468 0.002221642711383157 0)
(-0.0005521764340171618 0.002060107582459656 0)
(-0.0007137184764821816 0.001835006703287204 0)
(-0.000870422921602072 0.001591895043553246 0)
(-0.001016204744408638 0.001359541390377617 0)
(-0.001147153232493068 0.001153220129811939 0)
(-0.001261232942396088 0.0009784633250907969 0)
(-0.001357860250497752 0.0008345228976192502 0)
(-0.00143746793715734 0.000717136728783787 0)
(-0.001501125616530165 0.0006204886337160229 0)
(-0.001550244589839507 0.000538442929318265 0)
(-0.001586368567409558 0.0004652206796181427 0)
(-0.001611036767959007 0.0003956966936318866 -7.603019382149453e-26)
(-0.001625700292992899 0.0003254688143835268 -8.360558183860764e-26)
(-0.001631672822003847 0.0002508106666843681 0)
(-0.001630099643911302 0.0001685812836893413 0)
(-0.001621932945134627 7.613630205952058e-05 0)
(-0.001607905170909011 -2.873340608249362e-05 0)
(-0.00158849587623344 -0.0001478203789412941 0)
(-0.001563890880166174 -0.0002824659959933475 0)
(-0.001533936004755767 -0.0004334636332039211 0)
(-0.001498091527183947 -0.0006008907698750266 0)
(-0.001455397928647612 -0.0007838625149465118 0)
(-0.001404468598600871 -0.000980203315427138 0)
(-0.001343530469741052 -0.001186043054282474 0)
(-0.001270538135476013 -0.001395360110401383 0)
(-0.001183389060636533 -0.001599517905504668 0)
(-0.001080264418717045 -0.001786871210835449 0)
(-0.000960108654141619 -0.001942547915721795 0)
(-0.0008232383179139861 -0.002048528709320021 0)
(-0.0006720386884018926 -0.002084131728339962 0)
(-0.0005116665434721008 -0.002026937327970469 0)
(-0.0003505984855912147 -0.001854038676668522 0)
(-0.0002007915744746331 -0.001543276013431994 2.829124316966738e-25)
(-7.952655304589021e-05 -0.001073843357014282 3.606148280430551e-25)
(-6.577322676375919e-06 -0.0004254133745695504 0)
(-4.027721069562566e-07 0.0007223454285628479 0)
(-3.010134771500755e-05 0.001654073189486828 9.623785816850178e-25)
(-9.641124415200803e-05 0.002172191472525828 1.606102989432128e-24)
(-0.0001950350408787796 0.002377334686748278 6.582511877137141e-25)
(-0.0003184634337519557 0.002363346785402327 0)
(-0.0004576495173489856 0.002211735869970247 0)
(-0.0006032770128433689 0.00198750377420923 0)
(-0.0007470855286624033 0.001737910870328694 0)
(-0.0008825720460502065 0.00149377064303242 0)
(-0.00100520853191976 0.001272347908090884 0)
(-0.001112321499345441 0.001080872591926412 0)
(-0.001202779056212406 0.000919900906923637 0)
(-0.001276608481296463 0.0007860792693727048 0)
(-0.00133462863689416 0.0006741591016855147 0)
(-0.001378142316961538 0.0005783086804758121 0)
(-0.001408703098938732 0.0004928658961072086 0)
(-0.00142795192966195 0.0004126985796928211 -7.22215462168971e-26)
(-0.001437509146443194 0.000333319526475663 -7.866108428651675e-26)
(-0.001438904936397904 0.000250867836647657 0)
(-0.001433532436455187 0.0001620328107213059 0)
(-0.001422610622508294 6.396869716485386e-05 0)
(-0.001407147574512164 -4.577020328998295e-05 0)
(-0.00138789810125704 -0.000169255323572913 0)
(-0.001365313012275981 -0.0003081565779551565 0)
(-0.001339480762020039 -0.0004636493134433018 0)
(-0.001310066114745194 -0.0006362424233956089 0)
(-0.00127625522921299 -0.0008255150595941801 0)
(-0.00123672231491782 -0.001029753010100585 0)
(-0.001189639558236436 -0.001245485201169411 0)
(-0.001132758486740469 -0.00146693846130367 0)
(-0.001063595505880932 -0.001685456260509529 0)
(-0.0009797540475565013 -0.001888963691895816 0)
(-0.0008794066540859777 -0.002061600672924129 0)
(-0.0007619384390063288 -0.00218367472964039 0)
(-0.0006287188260591369 -0.002232080766627862 0)
(-0.0004839212588439167 -0.002181266734874813 0)
(-0.0003352203573068419 -0.002004660379325653 0)
(-0.0001941100276910477 -0.001676203595288988 3.223421168048949e-25)
(-7.785940841732755e-05 -0.001171300739173998 4.072280232054561e-25)
(-6.66293559975252e-06 -0.0004661112244603428 0)
(7.530552786888141e-07 0.0007334519130667613 0)
(-1.693013477817261e-05 0.001694822205481698 9.487743869376104e-25)
(-6.421552530195828e-05 0.002244324709060024 7.930320405273567e-25)
(-0.0001406999603807985 0.002477380046590005 0)
(-0.000241979905518831 0.002484333571397854 0)
(-0.0003608111576138848 0.002345086704198461 0)
(-0.0004888038423108218 0.002124647328142346 0)
(-0.0006179204176703462 0.001871393331110089 0)
(-0.0007414120186817842 0.001617841969161789 0)
(-0.0008542577793297047 0.001383112749875932 0)
(-0.0009532179054261144 0.001176143393829203 0)
(-0.001036637018813829 0.0009988907995864336 0)
(-0.001104125772254186 0.0008490446261543181 0)
(-0.001156217182559184 0.000722063726363562 0)
(-0.001194056723767269 0.0006125461546025204 0)
(-0.001219152894418057 0.0005150501243393635 0)
(-0.001233192317381342 0.0004245163568491808 0)
(-0.001237910519954778 0.0003364312928767436 0)
(-0.001235004127717566 0.0002468409176751638 0)
(-0.001226069531185691 0.0001522927990066872 0)
(-0.001212554873384054 4.975742433359116e-05 0)
(-0.00119571497685076 -6.34384573131275e-05 0)
(-0.00117656183527767 -0.000189644506744019 0)
(-0.001155806344475862 -0.0003308682551517793 0)
(-0.001133790210260409 -0.0004886889477766982 0)
(-0.001110410827472902 -0.0006640863443971082 0)
(-0.001085046823868939 -0.0008571664597835503 0)
(-0.001056498251857505 -0.001066768709807334 0)
(-0.001022963087717743 -0.001289947613806548 0)
(-0.0009820800668745115 -0.001521340473903993 0)
(-0.0009310751590841019 -0.001752463068212526 0)
(-0.0008670519747619605 -0.001971018668034077 0)
(-0.0007874604666940372 -0.002160356548423472 0)
(-0.0006907583072742593 -0.002299260468583031 0)
(-0.0005772436687154855 -0.002362259008651232 0)
(-0.0004499850006672517 -0.002320589761824211 0)
(-0.000315672511472485 -0.002143776343582 0)
(-0.0001851153501520353 -0.001801469523167615 0)
(-7.53233242210122e-05 -0.001264786801165679 0)
(-6.689031917847295e-06 -0.0005058517667569285 0)
(1.810954144401896e-06 0.0007378620656700284 0)
(-4.312262629397986e-06 0.00171990086004657 9.260737880539596e-25)
(-3.284660730053686e-05 0.002295791454662345 7.744080442568032e-25)
(-8.70184097239748e-05 0.002555018286546103 0)
(-0.0001654420881416078 0.002583533876976136 0)
(-0.0002627583398520524 0.002458725846377804 0)
(-0.0003716684995930091 0.002244822496852222 0)
(-0.000484547792549955 0.001990730209573769 0)
(-0.0005945733230736765 0.001730295060036011 0)
(-0.0006963604099415724 0.001484306499688099 0)
(-0.0007861808106127186 0.001263369899519029 0)
(-0.00086188560479006 0.001070896696816066 0)
(-0.0009226604382812595 0.0009057231345930938 0)
(-0.0009687173314947899 0.0007641351874596401 0)
(-0.001000993170998786 0.0006412756998551434 0)
(-0.001020892388241133 0.0005320226950851409 0)
(-0.001030086480516717 0.000431470145224496 0)
(-0.001030367380301437 0.0003351401631106225 0)
(-0.001023543793220259 0.0002390322380601733 0)
(-0.001011367067408166 0.0001395869095824012 0)
(-0.0009954736568812453 3.361675402300358e-05 0)
(-0.0009773331757755119 -8.176002909489583e-05 0)
(-0.0009581934951990049 -0.000209158624277946 0)
(-0.0009390169844524225 -0.0003509189695224027 0)
(-0.0009204049478891147 -0.0005090296276707589 0)
(-0.0009025109494929086 -0.0006849623864358649 0)
(-0.0008849485923916812 -0.000879393861598987 0)
(-0.0008667059502828991 -0.001091791221195716 0)
(-0.0008460874627369429 -0.001319846421615018 0)
(-0.0008207142504294843 -0.001558761348734827 0)
(-0.0007876238349409006 -0.001800419093009513 0)
(-0.0007435168541327704 -0.002032526143880628 0)
(-0.0006851963736311976 -0.002237872750826835 0)
(-0.000610228521153329 -0.002393919843496755 0)
(-0.000517817967321162 -0.002472951512289837 0)
(-0.0004098343208325062 -0.00244298646833595 0)
(-0.000291815392324452 -0.002269466072664817 0)
(-0.0001736575730186375 -0.001917394492032508 0)
(-7.18288003439714e-05 -0.001353110897123022 0)
(-6.641955994280414e-06 -0.0005441642533539864 0)
(2.767655008632118e-06 0.0007359135081191827 0)
(7.662348038853666e-06 0.001729754071385288 0)
(-2.568046950886783e-06 0.00232674971555069 0)
(-3.448643041561102e-05 0.002609932299118115 0)
(-8.960382328798491e-05 0.002660145163703243 0)
(-0.0001644990084729998 0.002551476124224128 0)
(-0.0002531089259163904 0.00234664792133679 0)
(-0.0003484013741948843 0.002094514529887183 0)
(-0.0004436502798670646 0.001829848908565472 0)
(-0.0005332416015422553 0.001574880677719281 6.009939232986807e-26)
(-0.0006130451493269827 0.001341793682450156 4.42204496812657e-26)
(-0.0006804574424111869 0.001135464061774527 0)
(-0.0007342382383443087 0.0009559442862836022 -2.594022158693312e-26)
(-0.0007742484358165468 0.0008004444228110431 0)
(-0.0008011675186013248 0.0006647541124667015 1.97558366144654e-26)
(-0.0008162371744014996 0.0005441651652999236 1.955567582007853e-26)
(-0.0008210517903842696 0.0004340048793108606 2.068427623562257e-26)
(-0.0008173988505029809 0.000329896171774646 0)
(-0.000807142244460242 0.000227843925227738 0)
(-0.0007921371416636505 0.0001242231402686178 0)
(-0.0007741642354907185 1.57224389233363e-05 0)
(-0.0007548721448214486 -0.0001007199780457633 0)
(-0.0007357185354688405 -0.0002279608334066388 4.134124885123644e-26)
(-0.0007179026509476752 -0.0003686539201245779 4.524468348563114e-26)
(-0.0007022844509475303 -0.0005251869135109151 0)
(-0.0006892888317534268 -0.0006995269336691069 0)
(-0.0006787980636129245 -0.0008929453707654873 5.192536077388095e-26)
(-0.0006700423118918119 -0.001105591224686062 5.072208937543203e-26)
(-0.0006615073932104964 -0.001335887350790952 0)
(-0.0006508905938781839 -0.001579740783410109 0)
(-0.0006351480449073136 -0.001829592327579259 0)
(-0.0006106875276675084 -0.002073385660770811 0)
(-0.0005737631077648523 -0.00229361023416997 0)
(-0.0005211153471369271 -0.002466651660434401 0)
(-0.0004508677200620083 -0.0025627365620667 0)
(-0.0003636300379975766 -0.002546733425030448 -1.277078599950267e-25)
(-0.0002636426042234483 -0.002379900050538444 -1.757311826594231e-25)
(-0.0001596651745368303 -0.002022299094486155 0)
(-6.731798936316597e-05 -0.001435031325372952 0)
(-6.510819982884481e-06 -0.0005805371374441304 0)
(3.620325738341988e-06 0.0007279863544457783 0)
(1.890906151043718e-05 0.001724955889076652 0)
(2.636965186934398e-05 0.002337555779112834 0)
(1.642277251851203e-05 0.002642042689870361 0)
(-1.518326044162677e-05 0.002713610276273814 0)
(-6.698691937839323e-05 0.002622387412483685 0)
(-0.0001342817195548033 0.002428934564348913 0)
(-0.0002107951579503071 0.002181490657683474 0)
(-0.0002900664431816208 0.001915335032979845 0)
(-0.0003663921694259412 0.001653868250038882 5.117723174249915e-26)
(-0.0004353370560534528 0.001410716958313101 3.565209777161735e-26)
(-0.0004938941946223114 0.001192188477485157 0)
(-0.0005404081723172538 0.0009995857817487917 -1.790073920833252e-26)
(-0.0005743682476624924 0.0008311148347702673 0)
(-0.0005961547149559886 0.0006832985725545324 1.202012500075311e-26)
(-0.0006067923312111457 0.0005519289319861543 1.187429035952122e-26)
(-0.0006077387194013843 0.0004326447300022928 1.298272389348773e-26)
(-0.0006007167002918426 0.0003212368033277662 0)
(-0.0005875877788946688 0.0002137717575984891 0)
(-0.0005702580247282309 0.0001066065726606966 0)
(-0.0005506054037021629 -3.652898371050945e-06 0)
(-0.000530417587496659 -0.0001202114796609116 0)
(-0.0005113302742767484 -0.0002461335614787369 3.185733253435258e-26)
(-0.0004947575609741149 -0.0003843564669328771 3.524163058811844e-26)
(-0.0004818078659118649 -0.0005376426678741987 0)
(-0.0004731816710809117 -0.0007084411681638175 0)
(-0.0004690516058955547 -0.0008986229758535682 4.028930879556794e-26)
(-0.0004689319650770903 -0.001109051809614435 3.858077363094273e-26)
(-0.0004715543809375926 -0.001338953493669313 0)
(-0.0004747792345559813 -0.001585062046664273 0)
(-0.000475587430806747 -0.001840554460454258 0)
(-0.0004702112785563948 -0.002093845588893255 0)
(-0.0004544706274782015 -0.002327399688641976 0)
(-0.0004243729428956983 -0.002516813615542445 0)
(-0.000377006546540399 -0.002630505560746697 0)
(-0.0003116962451662762 -0.002630343557976504 -1.459836266372825e-25)
(-0.0002312694348381918 -0.002473390244010115 -1.962243856381437e-25)
(-0.0001431395798031317 -0.002114553743599073 0)
(-6.176243676224492e-05 -0.001509293391321895 0)
(-6.287158226652793e-06 -0.000614434060578093 0)
(4.366854553014816e-06 0.000714500265735604 6.646195857825295e-41)
(2.93492552507856e-05 0.001706203516801253 0)
(5.372821257886867e-05 0.002328757476429865 0)
(6.525324742583115e-05 0.002651500407769909 0)
(5.712296241725689e-05 0.002743607503188549 0)
(2.885177694287231e-05 0.002670721041212411 0)
(-1.630444696760677e-05 0.002490661291661265 0)
(-7.298401700358028e-05 0.002250518637319089 0)
(-0.0001351551126105716 0.001985649457722608 0)
(-0.000197169530043663 0.001720323682696109 0)
(-0.0002543946869620564 0.001469432636539806 0)
(-0.0003034855235238733 0.001240638837895484 0)
(-0.0003423968525867415 0.001036493800133855 -2.511209864669795e-26)
(-0.0003702391143198871 0.0008562439066921243 -1.390268415096947e-26)
(-0.0003870625999909499 0.00069721377570342 0)
(-0.0003936292123673644 0.0005557716136514153 0)
(-0.0003912058104932302 0.0004279418217513666 0)
(-0.000381393685526386 0.0003097503802155225 0)
(-0.0003659957493989334 0.0001973847990837273 0)
(-0.0003469156411297628 8.723612216444503e-05 0)
(-0.0003260795232534723 -2.412565102479911e-05 0)
(-0.0003053702889482465 -0.0001400046293101529 0)
(-0.0002865640929612471 -0.0002636309740041721 0)
(-0.0002712599381870533 -0.0003981854471557268 0)
(-0.0002607943711249723 -0.000546768870259529 0)
(-0.000256135481788004 -0.0007122835824934939 0)
(-0.000257754063758585 -0.0008971866302895184 0)
(-0.0002654759308242322 -0.001103067795828747 -7.859242372834054e-26)
(-0.0002783289969332472 -0.00133000441135774 -6.334485058304767e-26)
(-0.0002944123562143625 -0.001575656218384939 0)
(-0.0003108316147639671 -0.001834096158443748 -3.311111038420669e-27)
(-0.0003237623518241126 -0.002094435363238663 -6.047625507660124e-26)
(-0.0003287160305434876 -0.002339395806091659 0)
(-0.000321081120134524 -0.00254410175024677 -2.347861187434409e-25)
(-0.0002969878720501902 -0.002675467782292264 -3.541217026583874e-25)
(-0.0002544872661313331 -0.002692592402621298 0)
(-0.0001949128543669578 -0.00254843004094318 0)
(-0.0001241451016450136 -0.002192621460728426 0)
(-5.515945652237195e-05 -0.001574663230264403 0)
(-5.964630605504315e-06 -0.0006453080600012034 0)
(5.006072838029623e-06 0.000695910935855293 6.274592185844762e-41)
(3.891153836821691e-05 0.001674311297198044 0)
(7.928283531264942e-05 0.002301089584904055 0)
(0.0001115650060057743 0.002638684962036595 0)
(0.0001266320640177017 0.002750050298635002 0)
(0.00012210014558924 0.002695947924524482 0)
(9.971095846531278e-05 0.002530967717467186 0)
(6.378421815821091e-05 0.002300558478189017 0)
(1.976719566779946e-05 0.002039726247117725 0)
(-2.689408342628455e-05 0.001773284942404491 0)
(-7.148772495053203e-05 0.001517175462107087 0)
(-0.0001104106111902555 0.001280299573392293 0)
(-0.0001412697052089233 0.001066419183134169 7.103661353268313e-27)
(-0.0001628054669572257 0.0008758367494245343 1.702532277166953e-26)
(-0.0001747214577298803 0.0007067263837890297 0)
(-0.0001774822605415184 0.0005560957603568976 0)
(-0.00017211862216792 0.0004204221426805984 0)
(-0.0001600594036781457 0.0002960315754774696 0)
(-0.0001429962275589395 0.000179292344180894 0)
(-0.0001227782398739917 6.668420607604273e-05 0)
(-0.0001013298643949356 -4.520801431236241e-05 0)
(-8.058239866060822e-05 -0.0001597392476167336 0)
(-6.240967154435196e-05 -0.0002802576887659438 0)
(-4.855807777209613e-05 -0.000410139993534402 0)
(-4.056192963158952e-05 -0.0005527790813753048 0)
(-3.963648264991369e-05 -0.0007114890851931681 0)
(-4.654389746624015e-05 -0.0008892826117608231 0)
(-6.143285323515347e-05 -0.001088465769052467 -5.598370928488182e-26)
(-8.366174796997548e-05 -0.001309991242269095 -4.18501903205983e-26)
(-0.0001116293402435388 -0.001552516809722525 9.485213829054327e-28)
(-0.000142655162948457 -0.001811146556927739 -4.477414087694986e-26)
(-0.000172972766831313 -0.00207589573156461 -1.036585161131955e-25)
(-0.0001979162355144014 -0.002330023985288929 0)
(-0.0002123852478420936 -0.002548518091075914 -2.824636584100286e-25)
(-0.0002116560429808511 -0.002697140966586796 -4.051295915925539e-25)
(-0.0001925520242160563 -0.002732530064124023 0)
(-0.0001548689675274288 -0.002603721774055306 0)
(-0.0001027973515124428 -0.00225509143739584 0)
(-4.752810228944591e-05 -0.001629955997681006 0)
(-5.538782807660852e-06 -0.0006726137138511558 0)
(5.53794647538676e-06 0.0006727058115027718 0)
(4.753349631089067e-05 0.001630203630570322 0)
(0.0001028255234441259 0.002255469506616834 0)
(0.0001549371635142005 0.002604205906611825 0)
(0.0001926746015034587 0.002733094430144331 0)
(0.0002118417552880875 0.002697758735846161 0)
(0.0002126364307894551 0.002549163508226158 0)
(0.0001982294230015084 0.00233067458094831 0)
(0.0001733401727592792 0.002076533775793706 0)
(0.0001430664844025524 0.001811759540593314 0)
(0.0001120734618001553 0.001553097138756723 0)
(8.412809404091531e-05 0.001310535459278709 0)
(6.191229254098346e-05 0.001088973591502327 0)
(4.702921909714695e-05 0.0008897559924762985 0)
(4.012252766262575e-05 0.0007119314128492894 0)
(4.104548282944367e-05 0.000553194568564404 0)
(4.903761590994742e-05 0.0004105332535016304 0)
(6.28850415739421e-05 0.0002806334764146524 0)
(8.105447380617251e-05 0.0001601023302206995 0)
(0.0001018002031073805 4.556313646867788e-05 0)
(0.00012324875560691 -6.633229541768938e-05 0)
(0.0001434688660994083 -0.0001789388309059208 0)
(0.0001605358191065457 -0.0002956715117198607 0)
(0.0001725998418217772 -0.0004200503971248862 0)
(0.0001779683337881591 -0.0005557070178027739 0)
(0.0001752110937490589 -0.000706315230594296 0)
(0.0001632956838177331 -0.0008753978883027433 -1.132068049773039e-26)
(0.0001417555365866687 -0.00106594782468267 -1.178265479448295e-26)
(0.0001108849459742731 -0.00127979204701577 1.517371578721075e-26)
(7.194138244543727e-05 -0.00151663006812088 1.364783313951646e-26)
(2.731624096588249e-05 -0.001772703021792175 0)
(-1.938812212208209e-05 -0.002039113369498082 0)
(-6.345920403246135e-05 -0.002299925543049023 0)
(-9.944859615123093e-05 -0.002530331646310199 -2.190315854957885e-25)
(-0.0001219047193793841 -0.002695331543082967 -3.029682603570187e-25)
(-0.0001265019089954913 -0.002749481072640175 0)
(-0.0001114917217935338 -0.002638192606734128 0)
(-7.925196221268703e-05 -0.002300703300651681 0)
(-3.890524426119641e-05 -0.001674058207686314 -7.68529293225623e-25)
(-5.006842770066357e-06 -0.0006958172428282314 -7.233602391329198e-25)
(5.963756233339404e-06 0.0006453987926689115 0)
(5.516403668903124e-05 0.001574905734609038 0)
(0.0001241706397974548 0.002192991193750839 0)
(0.0001949759254776897 0.002548904850518673 0)
(0.0002546020986345808 0.002693149534712844 0)
(0.0002971636344379175 0.002676083310861457 0)
(0.0003213209567421051 0.002544751905082773 0)
(0.0003290174775161831 0.002340058884341837 0)
(0.0003241186267839898 0.002095093255800787 0)
(0.0003112332714360671 0.001834735114218967 0)
(0.0002948488995704189 0.001576266884804793 0)
(0.0002787902058152149 0.001330581371059701 0)
(0.0002659527803098241 0.00110360884393502 0)
(0.0002582392489550232 0.000897691988263059 0)
(0.0002566236093124033 0.0007127551765054698 0)
(0.000261281909385189 0.0005472097406163577 0)
(0.0002717450147884907 0.0003985993101372277 0)
(0.0002870462099874199 0.0002640219292599814 2.212091736270972e-26)
(0.0003058500045237844 0.0001403769915611723 1.886815519995054e-26)
(0.0003265581268379592 2.448387974209403e-05 0)
(0.0003473948332810087 -8.688742145554143e-05 0)
(0.0003664773250409987 -0.0001970408266456854 0)
(0.0003818792129936282 -0.0003094060710940605 0)
(0.0003916962966193492 -0.000427591777770991 0)
(0.0003941247470257412 -0.0005554100693456962 0)
(0.0003875619828017019 -0.0006968346376266803 0)
(0.0003707394829747217 -0.0008558409160248923 9.295585589449488e-27)
(0.0003428933571434415 -0.001036060877605722 3.352361370276344e-26)
(0.0003039711224964443 -0.001240170671779331 2.999064614573413e-26)
(0.0002548601729648871 -0.00146892555992679 0)
(0.0001976039124503223 -0.001719776844644532 0)
(0.0001355464730340588 -0.001985066214234932 0)
(7.332088961122041e-05 -0.00224990796858004 -8.87435584239924e-26)
(1.657764791694577e-05 -0.002490038903405459 -3.714361726858138e-25)
(-2.86471277256367e-05 -0.002670109675917907 -5.00474807500746e-25)
(-5.698567701928883e-05 -0.002743035976921705 -2.176587867191153e-25)
(-6.51751559267571e-05 -0.002651001177515812 -2.75564289779382e-25)
(-5.369473156953053e-05 -0.002328363288246578 -3.392617133862636e-25)
(-2.93420404636749e-05 -0.001705944716492979 -8.154961813680627e-25)
(-4.367533978134474e-06 -0.0007144047392423135 -7.662039212467192e-25)
(6.286278030093825e-06 0.0006145236165673887 5.81938181095197e-25)
(6.176635904606902e-05 0.00150953108672994 6.132020010340621e-25)
(0.0001431627304159891 0.002114915117827148 0)
(0.0002313276306369934 0.002473854820467144 0)
(0.0003118035157219375 0.002630891272300713 0)
(0.0003771724706191438 0.002631115290785561 0)
(0.0004246015441683131 0.002517463750466851 0)
(0.0004547605743855346 0.002328069646904025 0)
(0.0004705569561966167 0.002094517305670587 0)
(0.0004759804211850688 0.001841213344860501 0)
(0.0004752098208740144 0.001585697313908869 0)
(0.0004720128241868841 0.001339557994853477 0)
(0.0004694094336377515 0.001109621549879536 0)
(0.0004695407419022256 0.0008991564972835781 0)
(0.0004736768414913724 0.0007089389274346179 0)
(0.0004823051747355167 0.0005381064883124574 0)
(0.000495254701675519 0.0003847891030982734 0)
(0.0005118262888880794 0.000246538385395061 3.187999842644525e-26)
(0.0005309125804184115 0.0001205922805462604 2.822503089612437e-26)
(0.0005511002394160479 4.013779291774697e-06 0)
(0.0005707540227686514 -0.0001062612207238648 0)
(0.0005880864075658618 -0.0002134372243369829 0)
(0.0006012192630378613 -0.0003209079911018392 0)
(0.0006082460245727891 -0.0004323160728686714 0)
(0.0006073043378208787 -0.0005515943317364087 0)
(0.0005966701551511996 -0.0006829513922663833 0)
(0.0005748842427279772 -0.0008307480043158681 0)
(0.000540919884315595 -0.0009991920841747166 0)
(0.0004943945892769812 -0.00119176109403424 0)
(0.000435816888376269 -0.001410250343109922 0)
(0.0003668403285955449 -0.001653359369886592 0)
(0.0002904707860778963 -0.001914784929565177 0)
(0.0002111438972828573 -0.002180906159866677 -1.006698860010942e-25)
(0.0001345652978298878 -0.002428329802671116 -1.365166994293363e-25)
(6.72001054808207e-05 -0.002621784604727214 -1.805221972711584e-25)
(1.532700015571634e-05 -0.002713039164372717 -2.326375841111653e-25)
(-1.634036455581122e-05 -0.002641538209143769 -2.921896559839541e-25)
(-2.633380079215477e-05 -0.00233715425754752 -3.579703497056713e-25)
(-1.890096735642912e-05 -0.001724691268727323 0)
(-3.620895205182693e-06 -0.0007278887805094838 0)
(6.509969567172254e-06 0.0005806256260759193 5.332999700104883e-25)
(6.732148240962137e-05 0.001435264428663528 5.599490700287631e-25)
(0.000159686378528377 0.002022652069274027 0)
(0.0002636965015193474 0.002380353579477237 0)
(0.0003637303546185437 0.002547269691170703 0)
(0.000451024375918138 0.00256333704171348 0)
(0.0005213332412798066 0.002467296968711013 4.701252294814832e-26)
(0.0005740421035396218 0.002294281188623063 1.610845174011342e-26)
(0.0006110232912472329 0.002074064631318589 0)
(0.0006355333290081557 0.001830264294503935 0)
(0.0006513166087898132 0.001580393896080594 0)
(0.0006619650179395477 0.001336513015958528 0)
(0.0006705230161827615 0.001106183855863491 0)
(0.0006792945073910483 0.000893501947266666 0)
(0.0006897951715229559 0.0007000464934839853 0)
(0.0007027964141636224 0.0005256700666129315 0)
(0.0007184174468254256 0.0003691024329381515 0)
(0.000736234663178501 0.0002283773072352656 0)
(0.000755389145416667 0.0001011076255305158 0)
(0.0007746824177208865 -1.53599260733408e-05 0)
(0.0007926572971861084 -0.0001238816443383049 0)
(0.0008076653563390227 -0.0002275188908269806 0)
(0.0008179257908186823 -0.0003295825458851896 0)
(0.0008215829986844655 -0.0004336970232513266 0)
(0.0008167723094085642 -0.000543856766167291 0)
(0.0008017050825558765 -0.0006644381338339767 0)
(0.0007747853860868776 -0.0008001131515574818 0)
(0.0007347696262237439 -0.0009555895521310001 0)
(0.0006809761539868388 -0.001135077722414937 0)
(0.0006135418625380538 -0.001341368469281769 0)
(0.0005337051033751878 -0.001574411469723068 0)
(0.0004440682848815356 -0.001829334427295297 0)
(0.0003487619223200987 -0.00209395931302799 0)
(0.0002534022951680942 -0.002346064235009757 0)
(0.0001647198687874491 -0.002550885244995563 0)
(8.975313864194892e-05 -0.002659577294516008 0)
(3.45724751278935e-05 -0.002609424481035592 0)
(2.605896061901209e-06 -0.002326341744455101 0)
(-7.653475777840581e-06 -0.001729483728977582 0)
(-2.768100236572196e-06 -0.0007358137268194759 0)
(6.641173800071241e-06 0.000544251666410164 0)
(7.183216562447285e-05 0.001353339417994174 0)
(0.0001736774742194107 0.001917738867455663 0)
(0.0002918659247342104 0.002269907700369072 0)
(0.0004099287810191857 0.002443509321179206 0)
(0.0005179664901251359 0.00247353937848866 0)
(0.0006104368013099999 0.002394555525778354 3.25967491662589e-26)
(0.0006854654553345048 0.002238538652269094 2.58051624446029e-27)
(0.0007438437333905391 0.002033205402944376 0)
(0.0007880025312091625 0.001801096655278057 0)
(0.0008211370237087342 0.001559424681768126 0)
(0.0008465459384434055 0.001320485817015817 0)
(0.0008671920157783495 0.00109239975478755 0)
(0.000885455016204676 0.000879967126472707 0)
(0.0009030317349608737 0.0006854981102785384 0)
(0.000920935466469528 0.0005095272618380004 0)
(0.0009395539456269653 0.0003513793086936141 0)
(0.0009587348070416875 0.0002095834903012091 0)
(0.0009778777396281927 8.215203382566273e-05 0)
(0.0009960211261952972 -3.325436431524407e-05 0)
(0.001011917587786625 -0.0001392503327036422 0)
(0.001024097729681777 -0.0002387171256417585 0)
(0.001030925029603021 -0.0003348415730022345 0)
(0.001030647761651231 -0.0004311824523536241 0)
(0.001021456503970082 -0.0005317394846620522 0)
(0.001001558239173007 -0.000640989680321139 0)
(0.000969279999261708 -0.0007638381803442886 0)
(0.000923215517272618 -0.0009054062229641794 0)
(0.0008624258012615579 -0.001070550637711885 0)
(0.0007866966663785322 -0.001262985917378035 0)
(0.0006968406039480061 -0.001483877560000551 0)
(0.0005950054846782106 -0.001729817654288993 0)
(0.0004849199143894017 -0.001990206545386399 0)
(0.0003719708875304242 -0.002244262774171961 0)
(0.0002629858113456146 -0.002458150032893853 0)
(0.0001655958954382712 -0.002582972156256749 0)
(8.710722705479419e-05 -0.002554509339553704 0)
(3.288595066277088e-05 -0.002295378277071286 0)
(4.32175091212808e-06 -0.001719625158387506 0)
(-1.811266782547517e-06 -0.0007377600005762718 0)
(6.688358580160659e-06 0.0005059379399508268 0)
(7.532693169419445e-05 0.001265010432782629 0)
(0.0001851347901268408 0.00180180478019836 0)
(0.0003157209751775547 0.002144205004629557 0)
(0.0004500752241777619 0.002321097159368811 0)
(0.0005773858318847153 0.00236283090743165 0)
(0.0006909587508582236 0.002299881729188789 0)
(0.0007877213218855032 0.002161011249812857 0)
(0.00086737154073385 0.001971690977132448 0)
(0.0009314487562676104 0.001753138250477763 0)
(0.0009825010838869991 0.001522005694176137 0)
(0.001023423999952552 0.001290592400818248 0)
(0.001056991473089102 0.001067385097476568 0)
(0.001085565329142878 0.0008577488830229106 0)
(0.001110948542578137 0.0006646313826473848 0)
(0.001134342197484274 0.00048919499909294 0)
(0.001156368829402882 0.0003313352032746049 0)
(0.00117713212072118 0.0001900734223599382 0)
(0.001196291283222645 6.383135707538823e-05 0)
(0.001213136134366833 -4.939775010080791e-05 0)
(0.001226655162447832 -0.0001519628870882454 0)
(0.001235593776371684 -0.0002465366633557988 0)
(0.00123850379451909 -0.000336147917854424 0)
(0.001233788492997005 -0.000424248324471283 0)
(0.001219750587163186 -0.000514791021404729 0)
(0.001194653532929869 -0.0006122885733324453 0)
(0.001156809313214036 -0.0007217992019768525 0)
(0.001104707674996114 -0.0008487637141618682 0)
(0.001037201119808435 -0.0009985834075466749 0)
(0.0009537545437083487 -0.001175799503497178 0)
(0.0008547555056632667 -0.001382723658608479 0)
(0.0007418584149651341 -0.001617402120042589 0)
(0.0006183035326367404 -0.001870902666485852 0)
(0.0004891141805254218 -0.002124113878873669 0)
(0.0003610439143938826 -0.002344528829902163 0)
(0.0002421368863797095 -0.002483780964100457 0)
(0.0001407904894502807 -0.002476872487053261 0)
(6.425572109814378e-05 -0.00224390797307565 0)
(1.694001186375514e-05 -0.00169454182984616 0)
(-7.532340291525393e-07 -0.0007333476019962544 0)
(6.662413183122458e-06 0.0004661958015675032 0)
(7.786368566307555e-05 0.001171518752139062 4.073132259967065e-25)
(0.0001941300206290299 0.001676528730009147 0)
(0.0003352683792236388 0.002005074599796916 -2.382944569022291e-25)
(0.0004840093654094204 0.002181756370830646 0)
(0.000628857046313481 0.002232633212697725 0)
(0.0007621335528745909 0.002184276706830713 0)
(0.0008796617104756524 0.002062237936676526 0)
(0.0009800685424852782 0.001889621615472281 0)
(0.001063966022259609 0.001686120727217198 0)
(0.001133179561941061 0.001467596687103669 0)
(0.001190104579704839 0.001246126307863144 0)
(0.001237224307918337 0.001030368311206865 0)
(0.001276787465896704 0.0008260980994895476 0)
(0.00131062252557836 0.0006367888412190312 0)
(0.00134005616458229 0.0004641566054656636 0)
(0.001365903189874019 0.0003086238202578431 0)
(0.001388499768669649 0.0001696829005385805 0)
(0.001407758264955886 4.615957195718953e-05 0)
(0.001423228522412402 -6.361518900873924e-05 0)
(0.001434156185605523 -0.0001617120433054952 0)
(0.001439533402234942 -0.0002505759700005433 0)
(0.001438141173939349 -0.0003330519856323505 0)
(0.001428586063250148 -0.0004124499788245683 0)
(0.001409337271716422 -0.0004926299155930212 0)
(0.001378773506807008 -0.0005780779256726528 0)
(0.001335252501888967 -0.0006739249953650093 0)
(0.001277219010783472 -0.0007858320617640713 0)
(0.001203368310156755 -0.0009196299239764377 0)
(0.001112879553601912 -0.001080566872649649 0)
(0.00100572378690025 -0.00127199738580736 0)
(0.0008830320637822573 -0.001493367976448634 0)
(0.0007474784998799999 -0.001737453901607514 0)
(0.0006035937888143611 -0.001986998365967133 0)
(0.0004578858774575667 -0.002211198557194468 0)
(0.0003186219830854391 -0.002362806325674716 0)
(0.0001951259973594457 -0.002376831366673662 0)
(9.645149833270572e-05 -0.002171773284366882 0)
(3.011131353141548e-05 -0.001653789210015045 0)
(4.027199178630754e-07 -0.0007222390577131148 0)
(6.576993621076892e-06 0.0004254957781269054 3.495832339182004e-25)
(7.95319652197817e-05 0.001074054509356665 7.213995720693241e-25)
(0.000200813254796695 0.001543589385650115 2.830011341159766e-25)
(0.0003506479392721435 0.001854436377530504 -7.126921604530061e-41)
(0.0005117550506350105 0.002027406423057895 0)
(0.0006721759255100558 0.002084660922901632 0)
(0.0008234312588703597 0.002049106351120631 0)
(0.0009603610333143953 0.001943161364844469 5.580230421384191e-26)
(0.001080576747064414 0.00178750714513564 9.898330992367383e-26)
(0.001183759068594333 0.001600163058510225 0)
(0.001270961461035927 0.001396002062136689 0)
(0.001344001420126399 0.001186670861245157 0)
(0.001404980857928455 0.0009808079007505009 -1.749504528343507e-25)
(0.001455945136036893 0.0007844368249988962 -1.751692725885978e-25)
(0.001498667694979844 0.000601429745777561 0)
(0.001534535778709457 0.0004339640586834935 0)
(0.001564509662115411 0.0002829262792976626 0)
(0.001589129837460519 0.0001482403154896495 0)
(0.001608551184256631 2.911395596180268e-05 0)
(0.001622588459259534 -7.579319861402589e-05 0)
(0.001630762516192684 -0.0001682728379268325 0)
(0.001632341119318949 -0.0002505333109059906 0)
(0.001626372063064194 -0.000325218204675935 0)
(0.001611709779384379 -0.0003954676460542244 0)
(0.001587040015214887 -0.000465007048461804 0)
(0.001550910767484135 -0.0005382374507366761 0)
(0.00150178156752325 -0.0006202827819054809 0)
(0.001438107122807042 -0.0007169206661424142 0)
(0.001358474306364148 -0.0008342856418122687 0)
(0.001261811641438933 -0.0009781932941401628 0)
(0.001147684814417265 -0.001152906240919279 0)
(0.001016676780390017 -0.001359174850616618 0)
(0.0008708238202247419 -0.001591471850959538 0)
(0.0007140395622968899 -0.001834530655008318 0)
(0.0005524142468204042 -0.0020595932628881 0)
(0.000394239915169758 -0.002221117547173075 -5.254201388047221e-25)
(0.0002495839324300633 -0.002254956276073901 -6.562684051192148e-25)
(0.000129193046516897 -0.002079025817617441 0)
(4.374043655264022e-05 -0.001597059034877636 9.655826767076562e-25)
(1.653245983010214e-06 -0.0007041419890136372 9.10880267412747e-25)
(6.448819458614475e-06 0.000384250718253324 3.086301569191735e-25)
(8.045203363552988e-05 0.0009737177236227703 3.167715020053476e-25)
(0.0002054089880175719 0.0014046132505964 2.462317991365878e-25)
(0.0003621264055174982 0.001694245648378633 1.753911447864432e-25)
(0.0005335153589855812 0.001860114636408428 0)
(0.0007073598860659443 0.00192089003670252 0)
(0.0008745668528528248 0.001896094085071352 0)
(0.001029135907142465 0.001805149480104535 1.353047883748928e-25)
(0.001167747915842803 0.001666318266650854 2.178132478148163e-25)
(0.001289179961262789 0.00149585036120956 0)
(0.001393693448395543 0.001307472705484604 0)
(0.001482473989403856 0.001112218112263396 0)
(0.001557169309680888 0.0009185219527140363 -1.829642925150192e-25)
(0.001619543030339963 0.0007324917529178638 -1.831439590849018e-25)
(0.001671240128518414 0.0005582613331237046 0)
(0.001713647050380465 0.0003983614414239763 0)
(0.001747824210321224 0.000254061991693862 0)
(0.001774488500166928 0.000125661004340007 1.469522860390524e-25)
(0.001794026241956688 1.270983526928635e-05 1.337651523733653e-25)
(0.001806521095796117 -8.58267857627532e-05 0)
(0.001811785748361815 -0.0001714728715040536 0)
(0.001809390248697618 -0.0002462006993047167 0)
(0.001798683495448528 -0.0003124422865849015 0)
(0.001778807730700796 -0.0003731457515712047 0)
(0.001748709220148082 -0.0004318648060797029 0)
(0.001707151905940213 -0.0004928593851467396 0)
(0.001652744945765169 -0.0005611669469916753 0)
(0.001583999681147514 -0.0006425751414991718 0)
(0.001499436144074394 -0.0007433874609031422 0)
(0.001397762220771349 -0.0008698294868343053 0)
(0.001278147288908839 -0.001026908818736574 0)
(0.001140602550233085 -0.001216542969603425 0)
(0.0009864580856655887 -0.001434842488806007 0)
(0.0008188892832709484 -0.001668615144096583 0)
(0.0006433963710876759 -0.001891448645520101 0)
(0.0004680905778635326 -0.002060084783555904 -5.125632886674418e-25)
(0.0003035824935428353 -0.002112095652567881 -6.441920259852732e-25)
(0.000162175817421314 -0.001965943733468231 0)
(5.772570622624712e-05 -0.001524189105058717 1.914693121886548e-24)
(2.995373570847553e-06 -0.0006788116312439153 1.813671267741713e-24)
(6.297647241512836e-06 0.0003428001795700808 0)
(8.076773689774059e-05 0.0008714847192313319 0)
(0.0002081952101523205 0.001261130107086996 0)
(0.0003700610253785412 0.00152644365667369 0)
(0.0005496232433582627 0.001682049690814975 0)
(0.0007345907387673615 0.001743523600186013 0)
(0.000915440571129048 0.00172730731355887 0)
(0.001085487290736489 0.001650009062410478 7.500913883327445e-26)
(0.001240589856517572 0.001527530251546702 1.13929682395738e-25)
(0.001378678881822449 0.001374307429159326 0)
(0.001499233905364017 0.001202806095322153 0)
(0.001602782652484316 0.001023290082666959 -1.792173251076491e-25)
(0.001690469643022893 0.0008438237388791421 -1.855410181979429e-25)
(0.001763717558487571 0.0006704368558546163 0)
(0.001823984255366316 0.0005073812395656489 0)
(0.001872605041887983 0.0003574204723979869 0)
(0.00191070315725037 0.0002221115118677064 0)
(0.001939149589113429 0.0001020527159084248 1.4893201150165e-25)
(0.001958554661867392 -2.91488031836206e-06 1.351455465237888e-25)
(0.001969276753472789 -9.355822610592737e-05 0)
(0.001971437026524514 -0.0001711556871939413 0)
(0.001964932594585977 -0.0002374521501497609 0)
(0.001949443843794133 -0.0002946637186694182 0)
(0.001924434712510615 -0.0003455281766262893 0)
(0.001889147809632708 -0.000393392857123869 0)
(0.001842599661264801 -0.0004423217798239787 0)
(0.001783585490335527 -0.0004971861277912195 0)
(0.001710708012877161 -0.0005636738667222754 0)
(0.001622450639268985 -0.0006481150006484104 0)
(0.00151732121781972 -0.0007569728352250463 0)
(0.001394095681356595 -0.0008958116368498134 0)
(0.001252187519643801 -0.001067542240907752 0)
(0.0010921533342338 -0.001269805475656245 0)
(0.0009163114649166375 -0.001491515084846808 0)
(0.0007293997666958234 -0.001708860749906167 0)
(0.0005391359988613189 -0.001881427978419029 0)
(0.0003564559828499773 -0.001949415068254893 0)
(0.0001950551258529265 -0.001833059671291676 0)
(7.195493988840862e-05 -0.001435178667588388 9.363808332443776e-25)
(4.426960980990538e-06 -0.0006460541083277161 8.919778710865035e-25)
(6.145368941477646e-06 0.0003014002165010374 0)
(8.062842798433436e-05 0.0007681906058910974 0)
(0.0002094553161683434 0.001114550674095295 0)
(0.0003748164859536926 0.001352930774586615 -1.235846804563204e-25)
(0.0005604253297981862 0.001495453988527089 -6.757369565235592e-26)
(0.0007540711404404457 0.001554970283724805 0)
(0.0009459744618241743 0.001545150670356459 0)
(0.001128924489427181 0.001480001151831723 0)
(0.001298084060487166 0.001373165391283703 0)
(0.001450620097393104 0.001237269607395077 0)
(0.001585270600618808 0.001083443608326632 0)
(0.001701910511597766 0.0009210577134607449 -1.762322043688797e-25)
(0.001801161672629367 0.0007576555958564414 -1.824765903622736e-25)
(0.001884073070812893 0.000599034503665442 0)
(0.001951879372517019 0.0004494180463591055 0)
(0.002005832910051741 0.000311673252926672 0)
(0.002047096906201913 0.0001875353493538729 0)
(0.002076684759885677 7.781574530864888e-05 0)
(0.002095430321869066 -1.742147640202885e-05 0)
(0.002103976003242836 -9.872253135083603e-05 0)
(0.002102768308058593 -0.0001671504015995928 0)
(0.002092053331396896 -0.0002242368822965545 0)
(0.002071867596341081 -0.0002719811276852707 0)
(0.002042022266861162 -0.0003128937780229166 0)
(0.002002081441758076 -0.000350081386451387 0)
(0.001951338268133071 -0.0003873566538383822 0)
(0.001888796509283152 -0.000429343172718801 0)
(0.001813170486552917 -0.0004815163431831911 0)
(0.001722923291012049 -0.0005500837572886602 0)
(0.001616371436189109 -0.0006415617952090715 0)
(0.001491891884641294 -0.0007618616724281375 0)
(0.001348270607419642 -0.0009146806716245085 0)
(0.001185223984531687 -0.001099037354491699 0)
(0.001004097348523659 -0.001305930451909638 0)
(0.0008086947153334932 -0.001514358699450031 0)
(0.0006061208546516845 -0.001687283791694521 -4.559112393615741e-25)
(0.0004073987561372634 -0.001768455722124449 -5.861135467088387e-25)
(0.0002274152569627723 -0.001681205949509682 0)
(8.62954878586384e-05 -0.001330214730865175 0)
(5.946903499694009e-06 -0.0006057323436641328 0)
(6.013329278123007e-06 0.0002602257916891754 0)
(8.015377367699243e-05 0.0006645440724325706 0)
(0.0002093908236633532 0.0009661874886152932 0)
(0.0003766178553230489 0.001175585256185421 -1.011586388337465e-25)
(0.0005660766317940545 0.001302657751201435 -5.201991656436002e-26)
(0.0007657678080765846 0.001357857312650803 0)
(0.0009658136603778247 0.001352384844968757 0)
(0.001158635208850566 0.001297873371204949 0)
(0.00133883534330647 0.00120584454723965 -1.104414985326625e-25)
(0.001502921527235317 0.001087156094429645 -1.365358412358629e-25)
(0.001648959842471868 0.0009515645745914292 0)
(0.001776211101250542 0.0008074515881628321 -1.679376765974268e-25)
(0.001884789559895933 0.0006617100374329268 -1.739186097081842e-25)
(0.001975370735926188 0.0005197595576044719 0)
(0.002048959554672578 0.000385650857449601 0)
(0.00210671836196915 0.0002622206072128176 0)
(0.002149846960341479 0.0001512657478144318 0)
(0.002179503245454088 5.37145684308199e-05 0)
(0.002196752279379446 -3.022071003122808e-05 0)
(0.002202532699278991 -0.0001009197343749325 0)
(0.002197631343121234 -0.0001592647464389411 0)
(0.002182659255035257 -0.0002065909246681478 0)
(0.002158024464718578 -0.0002446797510407004 0)
(0.002123899031426682 -0.000275796901456134 0)
(0.002080179958553061 -0.0003027719862333895 0)
(0.00202644610582008 -0.0003291089096403764 0)
(0.001961916757117317 -0.0003591000676211023 0)
(0.001885422806266211 -0.0003978924161719045 0)
(0.001795409324910144 -0.0004514171693855606 0)
(0.001689998795051766 -0.0005260496819963808 0)
(0.001567156390567799 -0.0006278212810829392 0)
(0.001425008738877668 -0.0007609806138853435 0)
(0.001262368462034852 -0.0009257301891400385 0)
(0.001079498043494153 -0.001115080498462499 0)
(0.0008790999873988417 -0.001310992003922665 0)
(0.000667440310657032 -0.001480296022281207 -4.114628036268421e-25)
(0.0004553667773844544 -0.001571222069979999 -5.388002320688867e-25)
(0.0002587111149469048 -0.001511588620482215 0)
(0.0001005726056597411 -0.001209719125481685 0)
(7.554528230078337e-06 -0.0005577786340863755 0)
(5.916583442129166e-06 0.0002193969112685562 -1.662860021714256e-25)
(7.937476699346077e-05 0.0005611965241254421 0)
(0.0002079842798708175 0.0008173450993596699 0)
(0.0003753268000909858 0.0009963544889132962 -8.024124352838723e-26)
(0.0005662324048408607 0.001106161238959381 0)
(0.0007690267745711763 0.001155102578603343 0)
(0.0009738764796462495 0.001152193030577142 -4.041096645026006e-26)
(0.001172984558397909 0.001106926965485729 -7.4390956574598e-26)
(0.00136053568780777 0.001028860009350916 -1.033889568168406e-25)
(0.00153250044586005 0.0009271511918493534 -1.266659690109152e-25)
(0.001686371411820891 0.0008101753339597686 0)
(0.001820869539054586 0.0006852554150679677 -3.099999281432382e-25)
(0.001935655072223654 0.0005585223766899185 -1.604165461455878e-25)
(0.002031068006145699 0.0004348850571182497 0)
(0.002107910974684395 0.0003180822783492365 -1.565673560837277e-25)
(0.002167277451726667 0.0002107877740867884 0)
(0.002210421336729618 0.0001147422914399868 0)
(0.002238660269584538 3.089259473467155e-05 0)
(0.002253303736479127 -4.047771974650514e-05 -1.118473002558254e-25)
(0.002255597368896088 -9.96366451750349e-05 -9.721455819600206e-26)
(0.002246676046242846 -0.0001473197406829031 0)
(0.002227519926736297 -0.0001846802648939001 0)
(0.002198909026646188 -0.0002132787153643506 0)
(0.002161373363707367 -0.000235115061426782 0)
(0.002115137137878019 -0.0002527030128146738 0)
(0.002060057357020601 -0.0002691778590627394 0)
(0.001995560416872713 -0.0002884153766107278 0)
(0.0019205853702932 -0.0003151165292295465 1.217039544534098e-26)
(0.001833551056905927 -0.0003547795753505721 1.476443855401699e-26)
(0.001732376702393063 -0.0004134390799769269 0)
(0.001614601633749502 -0.0004970076214944192 0)
(0.001477666370251274 -0.0006100275598551988 0)
(0.001319427309886004 -0.0007536546475096679 1.149824162696702e-25)
(0.001138968353767698 -0.0009227857787491813 1.75425519822189e-25)
(0.0009377331744610188 -0.00110243412482721 0)
(0.0007209193341151719 -0.001263738537771268 0)
(0.000498906720296723 -0.001360314135489788 0)
(0.0002881613028339381 -0.001325909634169038 0)
(0.0001145257200575385 -0.001074433648753193 0)
(9.246955606932027e-06 -0.0005022218737350024 0)
(5.853544968852905e-06 0.0001790435247489029 -1.335547853007866e-25)
(7.814606055094727e-05 0.0004588912604757245 0)
(0.0002048091674357727 0.0006695064669469727 0)
(0.0003701428007036726 0.0008174444826089317 -1.198083270325536e-25)
(0.0005596444671665656 0.0009088097223220399 -2.479829171988366e-26)
(0.0007620727362183211 0.0009500693030670499 0)
(0.0009677689219575807 0.0009483159847623281 -4.10249720282085e-26)
(0.001168861481212528 0.0009111353404478358 -6.97631744330858e-26)
(0.001359263650708477 0.000846280292068815 0)
(0.001534550146427141 0.0007612964481886043 0)
(0.001691768393740655 0.0006631877808648659 0)
(0.001829211280163282 0.0005581683894989864 -1.385351019478506e-25)
(0.001946179113643473 0.0004515135328932815 1.429697537919101e-25)
(0.002042753340775906 0.0003475023140757014 1.428091378106133e-25)
(0.002119595582551052 0.00024943377636829 -1.386537448905745e-25)
(0.002177777496058228 0.0001596948139742374 -1.311884926714024e-25)
(0.002218641107912937 7.985926345738293e-05 -1.21120380555685e-25)
(0.002243685715052914 1.080046948534601e-05 0)
(0.002254475819444995 -4.719705069716064e-05 -9.584376668175936e-26)
(0.002252564241448363 -9.433831969374647e-05 -8.180986990800204e-26)
(0.002239424942688948 -0.0001312402792428511 0)
(0.002216390729711346 -0.0001588835437415672 0)
(0.002184591650220952 -0.0001785998340982446 -3.966843858410837e-26)
(0.002144890496095021 -0.0001920994401352616 -2.685677373986573e-26)
(0.002097812580860966 -0.0002015394177642043 0)
(0.00204346831005962 -0.0002096262994279758 0)
(0.001981469762736204 -0.000219734819425957 2.138141541771213e-27)
(0.001910847644066796 -0.0002360042940341614 0)
(0.001829983912221661 -0.0002633452703715385 -6.625192135700769e-27)
(0.001736589392588734 -0.0003072515930227435 0)
(0.001627775060691762 -0.0003732727102512775 0)
(0.001500288156217999 -0.0004659711424676831 0)
(0.001351003060186594 -0.0005871929408999004 7.339271850187374e-26)
(0.001177758897106787 -0.0007335429451554347 1.263929481673711e-25)
(0.0009806064074382352 -0.0008931053113765815 0)
(0.0007634472517789436 -0.00104168449499938 -2.912372685863447e-25)
(0.0005358640972127143 -0.001139128621908027 -4.061107254051053e-25)
(0.0003145570654356353 -0.001126568252824339 0)
(0.0001277237323091486 -0.0009255732069287121 1.401580326091161e-24)
(1.101195162657493e-05 -0.0004392446122170361 1.40182036031381e-24)
(5.789428641884455e-06 0.0001394271439362606 -1.002782832440983e-25)
(7.603079877017406e-05 0.0003587169091314999 -9.624384852620939e-26)
(0.0001988006173981775 0.0005246357639693413 6.764488661740301e-26)
(0.0003592589034330186 0.0006416249151497237 -2.039243450574387e-41)
(0.0005437052380525229 0.0007140783740818971 1.066371259323198e-26)
(0.0007414459962787855 0.0007468209906911096 -3.338761972769243e-26)
(0.0009431246276331891 0.000745272513287935 0)
(0.00114093973336658 0.0007153273157794495 0)
(0.001328692235074096 0.000663093792417549 -8.54021420054847e-26)
(0.00150172640805502 0.0005945924075314638 -1.013328924248504e-25)
(0.001656806768565928 0.0005154771331904779 0)
(0.001791948919746514 0.000430817659870557 -2.403066998385349e-25)
(0.001906226385143826 0.000344957251239223 -1.230672615663196e-25)
(0.001999573523306273 0.0002614449068181476 2.440853798564147e-25)
(0.002072598389702285 0.0001830308170750163 1.175748031038617e-25)
(0.002126413322953125 0.0001117096868653084 -1.102448043733306e-25)
(0.002162486248125455 4.879565186711892e-05 -1.006626351176076e-25)
(0.002182512438804888 -4.986351755883334e-06 8.942062373410289e-26)
(0.002188304554893458 -4.940595192224947e-05 0)
(0.00218169776466377 -8.464058695593159e-05 -6.405513914423403e-26)
(0.002164466252093292 -0.0001112060034862106 5.080172627236592e-26)
(0.002138247095754517 -0.0001299119034032996 3.762957588176296e-26)
(0.002104467231851505 -0.0001418492384658097 -2.481722223970459e-26)
(0.002064269007047361 -0.0001484137950108153 -1.262086544742905e-26)
(0.00201842991205168 -0.0001513675037921231 0)
(0.001967272934682392 -0.0001529330324759539 8.765049567110788e-27)
(0.001910566366848602 -0.0001559069499362905 3.42891517513808e-26)
(0.001847417011450316 -0.0001637602096134653 2.315027170315378e-26)
(0.001776170087938888 -0.0001806704847619746 0)
(0.001694344324812358 -0.0002113993323219114 0)
(0.001598652620359747 -0.0002608922223798377 0)
(0.001485185843588717 -0.0003334508707383111 0)
(0.001349863900781864 -0.000431321694826707 0)
(0.001189271350096272 -0.0005525832858604949 0)
(0.001001978632756864 -0.0006883197458534408 0)
(0.0007903805090402088 -0.0008192433658879411 -2.173314633002384e-25)
(0.000562892441598819 -0.000912167335111606 -3.212899428653608e-25)
(0.0003359270066898022 -0.0009169936517679316 0)
(0.0001394050614787494 -0.0007651004274410894 5.978910704102167e-25)
(1.28108803700026e-05 -0.000369300387067377 6.133420247639955e-25)
(5.632528257870005e-06 0.0001011362824476369 -6.581477925006608e-26)
(7.21742429594705e-05 0.0002624759141829772 -6.030188745280351e-26)
(0.0001880331741193604 0.0003855973991145497 7.688909011967106e-26)
(0.0003395458433497523 0.0004726481267946888 1.601277428793806e-26)
(0.0005140317240664081 0.0005264703118164559 -5.997314643535463e-27)
(0.0007014799810764235 0.0005504850918840603 -2.707538811593623e-26)
(0.0008929800245090309 0.0005486756378013757 4.661852863392068e-26)
(0.001080968941493226 0.000525442830227004 0)
(0.001259326861243193 0.0004853929192136941 -7.856793232612934e-26)
(0.001423371834622954 0.0004331034283977902 -8.991033134691453e-26)
(0.001569788728856062 0.0003729039958095029 0)
(0.001696505139804671 0.0003086988623126234 -2.038570764712144e-25)
(0.001802532426001868 0.000243844987014058 -2.053130663826846e-25)
(0.001887790100205072 0.000181088086398603 1.612640466628277e-39)
(0.001952927847092334 0.0001225505930036085 0)
(0.001999155077477692 6.976080248318648e-05 -8.755663948429999e-26)
(0.002028084104217878 2.371060946837865e-05 -1.567486138296408e-25)
(0.002041589983116139 -1.507073026482555e-05 -4.866278976638925e-40)
(0.002041687758556195 -4.643829211326749e-05 0)
(0.002030426091247428 -7.055862270635479e-05 -4.516851585299012e-26)
(0.002009794810773552 -8.785082084638891e-05 3.346910800692804e-26)
(0.001981642678542769 -9.894869527135102e-05 2.189679781723951e-26)
(0.001947600519735514 -0.0001046898336454551 0)
(0.001909003967518305 -0.0001061358095080018 0)
(0.00186680960658745 -0.0001046251545862229 0)
(0.001821498781060745 -0.0001018560887265985 2.003777269306101e-26)
(0.001772965532862056 -9.998796351838696e-05 2.855225142297729e-26)
(0.001720390246585993 -0.0001017374541252381 -3.559244145416843e-26)
(0.001662110180527986 -0.0001104266093668584 -4.044738599943539e-26)
(0.001595513921553766 -0.0001299150710445301 0)
(0.001517010172602534 -0.0001643207376757841 0)
(0.001422151548121938 -0.0002174083576204708 0)
(0.001306026552253153 -0.0002915149466417742 0)
(0.001164056375238648 -0.0003858988383427916 0)
(0.0009933323912243172 -0.000494459918490381 0)
(0.0007945782381415617 -0.0006028924972273997 -1.368902225918624e-25)
(0.0005746370622593588 -0.0006855059952734035 -2.258266381395139e-25)
(0.0003489555135534788 -0.0007021856936247402 0)
(0.0001481804978161634 -0.0005962085083367829 -4.756228281178341e-25)
(1.453908072677782e-05 -0.0002933498915792534 -5.068828192658176e-25)
(5.207693785185147e-06 6.535301320714107e-05 0)
(6.521674131425672e-05 0.0001731271875331855 4.634775426466819e-26)
(0.0001696093183930556 0.000256628306465606 2.125291897973438e-26)
(0.0003064009703530439 0.0003157230876056012 0)
(0.0004642364499174102 0.0003519825922215538 2.724753599948752e-26)
(0.0006339657726212429 0.000367691604880493 4.27344501774751e-26)
(0.0008073286071684003 0.0003656156834225761 5.639839274075001e-26)
(0.0009772395604621612 0.0003488316985233541 0)
(0.001137920107401079 0.0003205655932796975 7.669635468879987e-26)
(0.001284928956384555 0.0002840284055840254 8.277253257217526e-26)
(0.001415123844932935 0.000242261229909386 0)
(0.001526565914961711 0.0001980059690892906 -1.726273248834351e-25)
(0.001618382267792992 0.0001536139876832964 -1.680564715870574e-25)
(0.001690603637998277 0.0001109967536955997 -3.176921413150678e-25)
(0.001743991957399618 7.161569609974665e-05 -2.916007759796686e-25)
(0.001779869585716478 3.650404136108003e-05 -6.490275259396385e-26)
(0.001799958807952112 6.311235575470393e-06 -1.117471007036155e-25)
(0.00180623713804393 -1.863985905882809e-05 8.702270366272103e-40)
(0.00180081116779078 -3.829214450419431e-05 7.25852639598979e-26)
(0.001785809187230337 -5.279782458205172e-05 2.636251101342564e-26)
(0.00176329055620929 -6.247300367330874e-05 -1.662313467379965e-26)
(0.001735167806024645 -6.776887806729141e-05 -7.18968431535517e-27)
(0.001703135710804014 -6.926398595762253e-05 0)
(0.001668600185015538 -6.768078663222769e-05 3.184708942178116e-26)
(0.001632599066929191 -6.392801193583641e-05 5.703770289333571e-26)
(0.001595707085816895 -5.916699420100401e-05 0)
(0.001557919343689846 -5.489451477194409e-05 0)
(0.001518512625151011 -5.302556001157595e-05 -4.19826524513542e-26)
(0.001475893334745352 -5.59459239129216e-05 -4.824974688616187e-26)
(0.001427456615353213 -6.648691937388648e-05 0)
(0.001369504656145555 -8.775419629083302e-05 5.495906968974276e-26)
(0.001297303360466826 -0.0001227236405048118 5.27190336310362e-26)
(0.001205392222254183 -0.0001735055330849428 0)
(0.001088293809558949 -0.0002401807289127441 0)
(0.0009417847521788766 -0.0003191364804510116 0)
(0.0007648632063386603 -0.0004008829472938606 -5.330572114711826e-26)
(0.0005623901228908474 -0.0004674324620099087 -1.223003870381055e-25)
(0.0003479827105087544 -0.0004895087908851383 0)
(0.0001514856242020654 -0.0004240898288194466 0)
(1.59480554932473e-05 -0.0002132782880902158 0)
(4.257515326854418e-06 3.413493197386125e-05 0)
(5.336595530227309e-05 9.516103726456048e-05 -3.119845280922795e-26)
(0.0001398535169938668 0.0001436897423557772 -5.943862276342889e-26)
(0.0002539728599516281 0.00017788582429946 0)
(0.0003860760571985522 0.0001985012954498243 0)
(0.0005281679105229311 0.0002069570790809078 0)
(0.0006730000597232452 0.0002049817120611298 0)
(0.0008143591272634522 0.0001944655751806507 0)
(0.000947199171451204 0.0001773657939615688 8.643567682170262e-26)
(0.001067678563517877 0.000155616164061905 8.592495357402745e-26)
(0.001173132599415506 0.0001310379059774342 0)
(0.001261991006468011 0.0001052621048911936 -1.555512301943508e-25)
(0.001333653242682725 7.967400623748095e-05 -1.417265589940848e-25)
(0.001388336971501127 5.538362349952978e-05 -1.878733517633421e-25)
(0.001426914467959443 3.322173594511289e-05 -1.605138397995256e-25)
(0.001450749672778667 1.375673876799015e-05 0)
(0.001461545728209405 -2.673978485235872e-06 0)
(0.001461209578544841 -1.592481997514275e-05 2.488704300188276e-26)
(0.001451736974316462 -2.600111747896011e-05 3.194792211322749e-26)
(0.001435118211017007 -3.30218634053297e-05 7.702890433745363e-27)
(0.001413262269131089 -3.719030808182144e-05 -1.46443148665648e-28)
(0.001387934732580127 -3.877583159721791e-05 6.702165818602612e-27)
(0.001360702951066596 -3.810980836246149e-05 0)
(0.001332880420858317 -3.559750659748356e-05 5.596323602662509e-26)
(0.001305461451779332 -3.174707283742298e-05 7.227124349014941e-26)
(0.001279037245471413 -2.721482836665897e-05 0)
(0.001253686223937568 -2.28627938934882e-05 0)
(0.001228835890314141 -1.981887966103723e-05 -8.161528182547782e-26)
(0.001203102112962667 -1.952205075258463e-05 -9.414419557081693e-26)
(0.001174126124775926 -2.372405651312574e-05 0)
(0.001138451102499134 -3.440693130578153e-05 6.013220848298573e-26)
(0.001091509301665594 -5.356333800833289e-05 6.56403903807097e-26)
(0.001027825581589756 -8.27772993789154e-05 0)
(0.0009415784979158033 -0.0001225375413705441 1.334916933719769e-25)
(0.0008276896371713321 -0.000171214437052315 1.129149258988118e-25)
(0.0006836154323779463 -0.0002236366558052687 0)
(0.0005119071018751463 -0.0002692322463008928 0)
(0.0003233005472493946 -0.000289801687896686 0)
(0.0001445723429975613 -0.0002571564815105333 0)
(1.657077095220203e-05 -0.0001325960780272408 0)
(2.424217950645068e-06 1.096571579319331e-05 0)
(3.490007413102255e-05 3.561435768251029e-05 0)
(9.514868142487234e-05 5.604064356141239e-05 0)
(0.0001760372517085642 7.01347817389812e-05 1.684938119218918e-25)
(0.0002701660999368979 7.829833577742248e-05 1.956709366708475e-25)
(0.0003713202227399754 8.128657626554644e-05 0)
(0.0004739652576559019 7.993814373969181e-05 0)
(0.0005734333717427385 7.511466912642046e-05 1.092004930212127e-25)
(0.0006659993070999797 6.767742478643345e-05 1.046904829699987e-25)
(0.0007488937420276278 5.84608479968613e-05 0)
(0.000820271961842234 4.82394677718836e-05 0)
(0.0008791406178053152 3.769624865251198e-05 0)
(0.0009252508275716505 2.739966639046504e-05 0)
(0.0009589699199404575 1.779281762854881e-05 0)
(0.0009811447372477706 9.194411220523505e-06 0)
(0.0009929679524498609 1.809335279804341e-06 0)
(0.0009958561636750803 -4.254460705559426e-06 3.178629687288975e-26)
(0.0009913453291884567 -8.966121798258675e-06 1.266743031144947e-26)
(0.0009810059448295189 -1.235203246418029e-05 0)
(0.0009663775554486473 -1.447831101922095e-05 0)
(0.000948919847826842 -1.543744814340867e-05 0)
(0.0009299756792902633 -1.53404536218832e-05 0)
(0.0009107398800161207 -1.43155967045511e-05 0)
(0.000892226477819314 -1.251462146339492e-05 0)
(0.0008752261938320104 -1.012702132836448e-05 0)
(0.0008602459116695113 -7.402312048110823e-06 0)
(0.0008474228846531557 -4.67892975134876e-06 0)
(0.0008364096039367157 -2.416073903781741e-06 -6.586082569520706e-26)
(0.0008262316960911891 -1.221293057371758e-06 -7.517388154484321e-26)
(0.0008151322749527981 -1.861915590078643e-06 0)
(0.000800432947905456 -5.242983200403796e-06 0)
(0.000778464578665632 -1.232886337019564e-05 0)
(0.0007446491566310627 -2.398060881139181e-05 0)
(0.0006938456993431353 -4.067532598780791e-05 1.849723228762136e-25)
(0.0006211082194350285 -6.206360964130469e-05 2.609830201984487e-39)
(0.0005230348397159105 -8.630299105683054e-05 0)
(0.0003998484703469602 -0.00010908310395115 1.933147089622117e-25)
(0.0002582309535386822 -0.0001222674576186164 0)
(0.0001186540504888125 -0.00011210256272735 0)
(1.514525580921211e-05 -5.974498905605669e-05 0)
(-3.475790505926621e-08 -1.231469642480441e-08 0)
(1.101697400794031e-05 2.571985535215133e-06 0)
(3.509809214523464e-05 4.708962145772904e-06 0)
(6.85663763662015e-05 6.014667759194485e-06 8.155214114184235e-26)
(0.0001077536676501084 6.658826173369515e-06 9.259682346884815e-26)
(0.0001497035192349061 6.769412606432501e-06 0)
(0.0001919012536169604 6.466637157096389e-06 0)
(0.0002322991878430833 5.855535621258802e-06 4.859557726487641e-26)
(0.0002693163352053029 5.031995368949534e-06 4.555656531471489e-26)
(0.0003018265430014393 4.084343051626011e-06 0)
(0.0003291333316174789 3.091149552579092e-06 0)
(0.0003509273302970226 2.118243739586228e-06 0)
(0.0003672287807023749 1.216687783864083e-06 0)
(0.0003783212063075366 4.223477286056934e-07 0)
(0.0003846831011548408 -2.430081024768893e-07 0)
(0.0003869236159407529 -7.695087179390675e-07 0)
(0.0003857265144597399 -1.15640513965602e-06 6.390518618039095e-27)
(0.0003818047504977175 -1.409195369415425e-06 -1.316501597242062e-27)
(0.00037586625656638 -1.537007213945163e-06 0)
(0.0003685901126129866 -1.550473155621989e-06 0)
(0.0003606111939476726 -1.460236772832518e-06 0)
(0.0003525106118714741 -1.276178017102995e-06 0)
(0.0003448086537756094 -1.007433299398294e-06 0)
(0.0003379564171489313 -6.633021260233087e-07 0)
(0.0003323218981739251 -2.551502416940499e-07 0)
(0.0003281660428518265 2.005959418843227e-07 0)
(0.0003256044633289626 6.783631671951272e-07 0)
(0.0003245516214277835 1.138475256608352e-06 -1.10787302878735e-26)
(0.0003246469134810493 1.521934594858305e-06 -2.496215945185215e-26)
(0.0003251669535452342 1.746093293802519e-06 -1.498584090744082e-26)
(0.0003249360171080025 1.703006155986461e-06 0)
(0.0003222572909421335 1.262898344486282e-06 0)
(0.0003149010519671183 2.858380411986141e-07 0)
(0.0003002019597761318 -1.354259292318827e-06 0)
(0.0002753396370866986 -3.726141235079468e-06 -9.681618077182449e-26)
(0.0002379104036707984 -6.762182836821543e-06 0)
(0.0001869079769349382 -1.012080257600318e-05 1.13726168241054e-25)
(0.0001242087747619449 -1.304812393233683e-05 0)
(5.90538156600136e-05 -1.367658930963523e-05 0)
(9.347588182037459e-06 -9.154802518223725e-06 0)
)
;

boundaryField
{
    hotWall
    {
        type            noSlip;
    }
    coldWall
    {
        type            noSlip;
    }
    bottomWall
    {
        type            noSlip;
    }
    topWall
    {
        type            noSlip;
    }
    front
    {
        type            empty;
    }
    back
    {
        type            empty;
    }
}


// ************************************************************************* //
