#              distance                     U_x                     U_y                     U_z                       T
  1.387778780781448e-19   1.682371501001255e-18   1.281997828050628e-16   2.214764496322885e-53       300.5000000000016
  0.0003906250000000002   9.566026303156435e-05    0.007131936956921045   6.234007850220783e-40       300.4665549332846
  0.0007812500000000002   0.0001913205260631287     0.01426387391384209   1.246801570044146e-39       300.4331098665691
            0.001171875   0.0002869807890946932     0.02139581087076314   1.870202355066213e-39       300.3996647998537
              0.0015625   0.0003585093423565615     0.02389429559757694   1.745522198061801e-39       300.3678199102756
            0.001953125   0.0004240049681760059     0.02523441726686393   1.433821805550769e-39        300.336375064982
             0.00234375   0.0004895005939954505     0.02657453893615093   1.122121413039736e-39       300.3049302196883
   0.002734375000000001   0.0005549962198148951     0.02791466060543793    8.10421020528691e-40       300.2734853743946
               0.003125   0.0006204918456343392     0.02925478227472493   4.987206280176565e-40        300.242040529101
   0.003515625000000001   0.0006859874714537839     0.03059490394401192   1.870202355066211e-40       300.2105956838073
             0.00390625   0.0007012969453371898     0.03089524392724853                       0       300.1832167422945
            0.004296875   0.0006413271913165361     0.02963591138140953                       0       300.1619366564528
   0.004687500000000001   0.0005813574372958833     0.02837657883557053                       0       300.1406565706111
            0.005078125   0.0005213876832752286     0.02711724628973154                       0       300.1193764847695
   0.005468750000000001   0.0004614179292545772     0.02585791374389254                       0       300.0980963989279
   0.005859375000000002   0.0004014481752339252     0.02459858119805355                       0       300.0768163130863
   0.006250000000000001    0.000341478421213272     0.02333924865221457                       0       300.0555362272448
   0.006640625000000001   0.0002508129656921989      0.0217032072096898                       0       300.0455641815053
   0.007031250000000001   0.0001601475101711242     0.02006716576716503                       0       300.0355921357659
   0.007421875000000001   6.948205465005047e-05     0.01843112432464026                       0       300.0256200900265
              0.0078125  -2.118340087102341e-05      0.0167950828821155                       0       300.0156480442872
            0.008203125  -0.0001118488563920973     0.01515904143959073                       0       300.0056759985478
   0.008593750000000001  -0.0002025143119131712     0.01352299999706597                       0       299.9957039528084
   0.008984375000000001   -0.000276499589821031      0.0121626450811377                       0       299.9901942496425
   0.009375000000000001   -0.000339364749320084     0.01098608118294042                       0       299.9876594415255
            0.009765625  -0.0004022299088191358    0.009809517284743146                       0       299.9851246334085
             0.01015625  -0.0004650950683181882     0.00863295338654587                       0       299.9825898252917
            0.010546875  -0.0005279602278172402    0.007456389488348596                       0       299.9800550171746
              0.0109375  -0.0005908253873162922    0.006279825590151323                       0       299.9775202090577
            0.011328125  -0.0006439098993303336    0.005211417971184939                       0          299.9756411377
             0.01171875  -0.0006578718214043349    0.004575635469142082                       0       299.9763850133791
            0.012109375  -0.0006718337434783344    0.003939852967099219                       0       299.9771288890581
                 0.0125  -0.0006857956655523347    0.003304070465056363                       0       299.9778727647372
            0.012890625  -0.0006997575876263349    0.002668287963013502                       0       299.9786166404162
             0.01328125  -0.0007137195097003352    0.002032505460970641                       0       299.9793605160953
            0.013671875  -0.0007276814317743356    0.001396722958927783                       0       299.9801043917743
              0.0140625  -0.0007113661837528658    0.001061909646433809                       0       299.9814314656774
            0.014453125  -0.0006874816432075286   0.0008023386313270617                       0       299.9829043391365
             0.01484375  -0.0006635971026621912   0.0005427676162203127                       0       299.9843772125955
            0.015234375  -0.0006397125621168538   0.0002831966011135652                       0       299.9858500860547
               0.015625   -0.000615828021571516   2.362558600681885e-05                       0       299.9873229595137
            0.016015625  -0.0005919434810261777  -0.0002359454290999298                       0       299.9887958329727
             0.01640625    -0.00056136746857562  -0.0004147523334986289                       0       299.9901374748911
            0.016796875  -0.0005207542482672217  -0.0004724130718352507                       0       299.9912822694929
              0.0171875   -0.000480141027958826  -0.0005300738101718751                       0       299.9924270640962
            0.017578125   -0.000439527807650432  -0.0005877345485084983                       0       299.9935718586996
    0.01796875000000001  -0.0003989145873420345   -0.000645395286845124                       0        299.994716653303
            0.018359375  -0.0003583013670336392  -0.0007030560251817482                       0       299.9958614479063
                0.01875  -0.0003176881467252449  -0.0007607167635183737                       0       299.9970062425105
            0.019140625  -0.0002787131134246598  -0.0007353098357789035                       0       299.9976094826273
             0.01953125  -0.0002397380801240768  -0.0007099029080394361                       0       299.9982127227449
    0.01992187500000001  -0.0002007630468234926  -0.0006844959802999681                       0       299.9988159628626
              0.0203125  -0.0001617880135229081  -0.0006590890525605013                       0       299.9994192029802
            0.020703125  -0.0001228129802223252  -0.0006336821248210327                       0       300.0000224430979
             0.02109375  -8.383794692174145e-05  -0.0006082751970815651                       0       300.0006256832155
            0.021484375  -5.133461711936241e-05  -0.0005715541937207341                       0        300.000976444063
    0.02187500000000001  -2.314575631578791e-05  -0.0005272904732789923                       0        300.001158885397
            0.022265625   5.043104487786095e-06  -0.0004830267528372515                       0        300.001341326731
             0.02265625   3.323196529135889e-05  -0.0004387630323955105                       0       300.0015237680651
            0.023046875   6.142082609493308e-05  -0.0003944993119537699                       0        300.001706209399
              0.0234375   8.960968689850729e-05  -0.0003502355915120295                       0        300.001888650733
            0.023828125   0.0001153235750138817  -0.0003075955154372025                       0       300.0020241943413
             0.02421875   0.0001311375723764525  -0.0002714500168300211                       0       300.0019721470377
            0.024609375   0.0001469515697390249  -0.0002353045182228425                       0       300.0019200997363
                  0.025    0.000162765567101595  -0.0001991590196156623                       0       300.0018680524336
            0.025390625   0.0001785795644641684   -0.000163013521008483                       0       300.0018160051316
             0.02578125   0.0001943935618267389  -0.0001268680224013034                       0       300.0017639578295
            0.026171875   0.0002102075591893107  -9.072252379412403e-05                       0       300.0017119105274
              0.0265625   0.0002180634697364027  -6.627195349968462e-05                       0       300.0015900023012
            0.026953125   0.0002239298585796249  -4.474511528342996e-05                       0       300.0014506288439
             0.02734375    0.000229796247422847  -2.321827706717529e-05                       0       300.0013112553867
            0.027734375   0.0002356626362660705   -1.69143885092053e-06                       0       300.0011718819308
               0.028125   0.0002415290251092925   1.983539936533413e-05                       0        300.001032508473
    0.02851562500000001   0.0002473954139525132   4.136223758158878e-05                       0       300.0008931350149
             0.02890625   0.0002506904956008004   5.797390180010637e-05  -2.685990676463401e-27       300.0007535295132
            0.029296875    0.000250128616456681   6.721280502201906e-05  -9.400967367621517e-27       300.0006135759444
    0.02968750000000001   0.0002495667373125629   7.645170824393198e-05  -1.611594405877981e-26       300.0004736223758
            0.030078125   0.0002490048581684462   8.569061146584528e-05  -2.283092074993815e-26       300.0003336688088
    0.03046875000000001    0.000248442979024327   9.492951468775764e-05  -2.954589744109616e-26       300.0001937152385
            0.030859375   0.0002478810998802093   0.0001041684179096703  -3.626087413225423e-26         300.00005376167
                0.03125   0.0002473192207360915   0.0001134073211315832  -4.297585082341237e-26       299.9999138081014
            0.031640625   0.0002433468038581873   0.0001149529459329345  -3.642336910608729e-26       299.9998113508919
             0.03203125   0.0002393743869802858   0.0001164985707342859  -2.987088738876164e-26       299.9997088936825
            0.032421875    0.000235401970102383   0.0001180441955356373  -2.331840567143632e-26       299.9996064364731
    0.03281249999999999   0.0002314295532244822   0.0001195898203369888  -1.676592395411082e-26       299.9995039792641
            0.033203125    0.000227457136346579     0.00012113544513834  -1.021344223678532e-26       299.9994015220543
             0.03359375    0.000223484719468677   0.0001226810699396914  -3.660960519459925e-27       299.9992990648449
            0.033984375   0.0002186698667976966   0.0001219737281322988   -9.42470848230038e-28       299.9992241538002
               0.034375    0.000213293390264664   0.0001197644085857435  -7.799758743972747e-28       299.9991676068656
            0.034765625   0.0002079169137316314   0.0001175550890391883  -6.174809005645114e-28       299.9991110599308
    0.03515625000000001   0.0002025404371986002   0.0001153457694926331  -4.549859267317387e-28       299.9990545129962
    0.03554687500000001    0.000197163960665568   0.0001131364499460778  -2.924909528989741e-28       299.9989979660614
              0.0359375   0.0001917874841325346   0.0001109271303995225  -1.299959790662123e-28       299.9989414191267
            0.036328125   0.0001863466510982054   0.0001084636248667843                       0       299.9988929353373
    0.03671874999999999   0.0001806483920586892   0.0001049833753893149                       0       299.9988767041291
            0.037109375   0.0001749501330191729   0.0001015031259118454                       0       299.9988604729209
    0.03750000000000001   0.0001692518739796565   9.802287643437582e-05                       0       299.9988442417128
            0.037890625    0.000163553614940142   9.454262695690648e-05                       0       299.9988280105047
             0.03828125   0.0001578553559006249   9.106237747943691e-05                       0       299.9988117792965
    0.03867187499999999   0.0001521570968611092   8.758212800196751e-05                       0       299.9987955480884
              0.0390625   0.0001465631094126675   8.405214616414492e-05                       0       299.9988036522921
    0.03945312500000001   0.0001409951898620009   8.050973123623453e-05                       0       299.9988178403488
    0.03984375000000001   0.0001354272703113297   7.696731630832386e-05                       0       299.9988320284055
            0.040234375   0.0001298593507606614   7.342490138041353e-05                       0       299.9988462164621
    0.04062500000000001   0.0001242914312099908   6.988248645250289e-05                       0       299.9988604045189
            0.041015625   0.0001187235116593217    6.63400715245925e-05                       0       299.9988745925756
    0.04140625000000001   0.0001132507393284319   6.293195080413228e-05                       0       299.9988971327094
    0.04179687500000001   0.0001079206878272118   5.972527139484777e-05                       0       299.9989322009589
              0.0421875   0.0001025906363259918    5.65185919855633e-05                       0       299.9989672692084
            0.042578125    9.72605848247719e-05   5.331191257627879e-05                       0       299.9990023374579
             0.04296875   9.193053332355232e-05   5.010523316699433e-05                       0       299.9990374057074
    0.04335937500000001   8.660048182233266e-05   4.689855375770982e-05                       0        299.999072473957
                0.04375   8.127043032111312e-05   4.369187434842537e-05                       0       299.9991075422066
            0.044140625   7.613894586024829e-05   4.082489489016661e-05                       0       299.9991557771685
             0.04453125    7.10074613993813e-05    3.79579154319077e-05                       0       299.9992040121306
            0.044921875   6.587597693851541e-05   3.509093597364887e-05                       0       299.9992522470927
    0.04531250000000001   6.074449247764933e-05   3.222395651538994e-05                       0       299.9993004820548
            0.045703125   5.561300801678222e-05   2.935697705713096e-05                       0       299.9993487170168
             0.04609375   5.048152355591725e-05   2.648999759887216e-05                       0       299.9993969519788
            0.046484375   4.542129871795147e-05   2.375035156759396e-05                       0       299.9994494954135
               0.046875    4.04085802952525e-05    2.10955944876362e-05                       0       299.9995049111633
    0.04726562500000001   3.539586187255344e-05    1.84408374076784e-05                       0        299.999560326913
    0.04765625000000001   3.038314344985442e-05   1.578608032772064e-05                       0       299.9996157426642
            0.048046875   2.537042502715531e-05   1.313132324776288e-05                       0       299.9996711584124
    0.04843750000000001   2.035770660445629e-05   1.047656616780517e-05                       0       299.9997265741654
    0.04882812499999999   1.535275592631603e-05    7.83562582780088e-06                       0       299.9997824460564
    0.04921875000000001   1.037887622641737e-05   5.249952447610851e-06                       0       299.9998401425285
    0.04960937500000001   5.404996526517745e-06   2.664279067420784e-06                       0       299.9998978390005
                   0.05   4.311168266182974e-07   7.860568723081073e-08                       0       299.9999555354743
    0.05039062500000001  -4.542762873280686e-06  -2.507067692959294e-06                       0       300.0000132319475
             0.05078125  -9.516642573179231e-06  -5.092741073149169e-06                       0       300.0000709284175
    0.05117187500000001  -1.449052227307804e-05  -7.678414453339183e-06                       0        300.000128624889
              0.0515625   -1.94942917094256e-05  -1.031900989979924e-05                       0       300.0001845117044
    0.05195312500000001  -2.450553357988413e-05  -1.297333586282677e-05                       0       300.0002399461058
             0.05234375  -2.951677545034248e-05   -1.56276618258542e-05                       0        300.000295380507
            0.052734375  -3.452801732080117e-05  -1.828198778888181e-05                       0         300.00035081491
    0.05312500000000001  -3.953925919125967e-05  -2.093631375190931e-05                       0       300.0004062493113
            0.053515625  -4.455050106171808e-05  -2.359063971493677e-05                       0       300.0004616837126
             0.05390625   -4.96086836695486e-05  -2.632967649689658e-05                       0       300.0005142535252
            0.054296875  -5.473727738343794e-05  -2.919577950725525e-05                       0       300.0005625264589
              0.0546875   -5.98658710973273e-05  -3.206188251761394e-05                       0       300.0006107993927
    0.05507812500000001  -6.499446481121668e-05  -3.492798552797265e-05                       0       300.0006590723263
             0.05546875  -7.012305852510624e-05  -3.779408853833151e-05                       0       300.0007073452617
            0.055859375   -7.52516522389951e-05     -4.066019154869e-05                       0       300.0007556181938
                0.05625  -8.038024595288432e-05  -4.352629455904868e-05                       0       300.0008038911276
            0.056640625  -8.570616569454705e-05  -4.673170403233201e-05                       0       300.0008390190351
    0.05703125000000001  -9.103208543620999e-05  -4.993711350561512e-05                       0       300.0008741469404
            0.057421875  -9.635800517787178e-05  -5.314252297889825e-05                       0       300.0009092748469
    0.05781250000000001  -0.0001016839249195341  -5.634793245218143e-05                       0       300.0009444027532
            0.058203125  -0.0001070098446611962   -5.95533419254645e-05                       0       300.0009795306597
             0.05859375  -0.0001123357644028595  -6.275875139874772e-05                       0       300.0010146585661
            0.058984375  -0.0001178038694205695  -6.616556331179771e-05                       0       300.0010372734142
               0.059375  -0.0001233667646223145  -6.970664351802587e-05                       0       300.0010515462234
            0.059765625  -0.0001289296598240582  -7.324772372425388e-05                       0       300.0010658190326
    0.06015624999999999  -0.0001344925550258027  -7.678880393048185e-05                       0       300.0010800918419
    0.06054687499999999  -0.0001400554502275447  -8.032988413670978e-05                       0       300.0010943646511
    0.06093750000000001  -0.0001456183454292881  -8.387096434293787e-05                       0       300.0011086374603
            0.061328125  -0.0001512072585394367  -8.739977685679431e-05                       0       300.0011168321162
             0.06171875  -0.0001569002432832033  -9.087951860116204e-05                       0       300.0011007141493
            0.062109375  -0.0001625932280269706  -9.435926034553023e-05                       0       300.0010845961841
                 0.0625  -0.0001682862127707379  -9.783900208989839e-05                       0       300.0010684782188
    0.06289062499999999  -0.0001739791975145059  -0.0001013187438342666                       0       300.0010523602535
             0.06328125  -0.0001796721822582728  -0.0001047984855786348                       0       300.0010362422882
            0.063671875  -0.0001853651670020384  -0.0001082782273230028                       0       300.0010201243229
    0.06406250000000001   -0.000190801373801083  -0.0001107432557932995   8.279181037428583e-29       300.0009717767658
            0.064453125  -0.0001961733861139469  -0.0001129546059450783   1.862815733421385e-28       300.0009153718108
    0.06484375000000001   -0.000201545398426812  -0.0001151659560968577   2.897713363099948e-28       300.0008589668573
            0.065234375  -0.0002069174107396756  -0.0001173773062486366   3.932610992778516e-28       300.0008025619023
               0.065625   -0.000212289423052539  -0.0001195886564004153   4.967508622457086e-28       300.0007461569472
    0.06601562500000001  -0.0002176614353654023  -0.0001218000065521941   6.002406252135656e-28       300.0006897519922
             0.06640625  -0.0002224727615497801  -0.0001225114131680167    1.29341957502664e-26       300.0006149909607
    0.06679687500000001  -0.0002264430585414299  -0.0001209729044799052   4.361384891844778e-26       300.0005126958141
    0.06718749999999998  -0.0002304133555330782   -0.000119434395791793   7.429350208662698e-26       300.0004104006658
    0.06757812499999999  -0.0002343836525247291   -0.000117895887103682   1.049731552548093e-25       300.0003081055207
    0.06796875000000001  -0.0002383539495163775  -0.0001163573784155698   1.356528084229904e-25       300.0002058103726
            0.068359375  -0.0002423242465080269  -0.0001148188697274583   1.663324615911704e-25        300.000103515226
    0.06874999999999999  -0.0002462945434996775  -0.0001132803610393469   1.970121147593506e-25       300.0000012200794
    0.06914062499999998  -0.0002468585077319679  -0.0001040564477266174   2.320824524426235e-25       299.9998614230184
             0.06953125  -0.0002474224719642569  -9.483253441388697e-05   2.671527901258987e-25       299.9997216259574
    0.06992187499999999  -0.0002479864361965471  -8.560862110115722e-05   3.022231278091718e-25       299.9995818288965
              0.0703125  -0.0002485504004288375  -7.638470778842717e-05    3.37293465492446e-25       299.9994420318354
    0.07070312500000001  -0.0002491143646611279  -6.716079447569721e-05   3.723638031757198e-25       299.9993022347744
    0.07109375000000001  -0.0002496783288934183  -5.793688116296724e-05   4.074341408589937e-25       299.9991624377134
    0.07148437499999999  -0.0002463888423714114  -4.134573110170885e-05   3.936362996330594e-25       299.9990229551573
    0.07187500000000001  -0.0002405303886798702  -1.984308987476205e-05   3.472596724676487e-25       299.9988836822683
            0.072265625  -0.0002346719349883294   1.659551352183229e-06   3.008830453022413e-25       299.9987444093793
    0.07265624999999999    -0.00022881348129679   2.316219257912891e-05    2.54506418136833e-25       299.9986051364896
            0.073046875  -0.0002229550276052481   4.466483380607475e-05   2.081297909714242e-25       299.9984658636008
              0.0734375  -0.0002170965739137075   6.616747503302075e-05   1.617531638060156e-25       299.9983265907122
    0.07382812499999999  -0.0002092498358333133   9.059267329666601e-05   1.148937627155899e-25        299.998204756712
             0.07421875  -0.0001934499601975038   0.0001267080997071129   6.610326592508839e-26       299.9981526782672
    0.07460937500000001  -0.0001776500845616938   0.0001628235261175592   1.731276913458615e-26       299.9981005998202
    0.07500000000000001  -0.0001618502089258852   0.0001989389525280064  -3.147772765591503e-26       299.9980485213761
    0.07539062499999999  -0.0001460503332900745   0.0002350543789384504  -8.026822444641573e-26       299.9979964429286
    0.07578125000000001  -0.0001302504576542632   0.0002711698053488987  -1.290587212369197e-25       299.9979443644828
            0.076171875  -0.0001144505820184531   0.0003072852317593443  -1.778492180274203e-25        299.997892286037
    0.07656250000000001  -8.875374888921255e-05   0.0003499005787094035  -1.523825489221446e-25       299.9980276263197
    0.07695312500000001  -6.058267638661412e-05   0.0003941409057943659  -1.083515883429212e-25       299.9982098212844
    0.07734374999999999   -3.24116038840177e-05   0.0004383812328793253  -6.432062776370093e-26       299.9983920162493
    0.07773437500000001  -4.240531381417949e-06   0.0004826215599642896  -2.028966718447426e-26       299.9985742112142
               0.078125    2.39305411211807e-05   0.0005268618870492518    2.37412933947478e-26       299.9987564061798
    0.07851562499999998   5.210161362377674e-05   0.0005711022141342096   6.777225397396831e-26       299.9989386011438
    0.07890625000000001   8.458833732695583e-05   0.0006078128847232864   8.830390342641224e-26       299.9992890133227
            0.079296875   0.0001235485378310001   0.0006332290705685267    7.35865861886773e-26       299.9998917513232
    0.07968750000000001   0.0001625087383350442    0.000658645256413765   5.886926895094172e-26       300.0004944893219
    0.08007812499999999   0.0002014689388390863   0.0006840614422590032   4.415195171320672e-26       300.0010972273216
    0.08046874999999999   0.0002404291393431322   0.0007094776281042425   2.943463447547115e-26       300.0016999653213
    0.08085937500000001   0.0002793893398471772    0.000734893813949484   1.471731723773505e-26       300.0023027033209
                0.08125   0.0003183495403512205   0.0007603099997947233   1.924801470670064e-41       300.0029054413207
    0.08164062500000001   0.0003589606850285831   0.0007027299524149733   4.729498007568657e-25       300.0040495758498
             0.08203125   0.0003995718297059419   0.0006451499050352271   9.458996015137146e-25       300.0051937103789
    0.08242187500000001   0.0004401829743833032   0.0005875698576554781    1.41884940227058e-24       300.0063378449079
              0.0828125   0.0004807941190606652   0.0005299898102757313   1.891799203027433e-24       300.0074819794377
    0.08320312499999999   0.0005214052637380238   0.0004724097628959843   2.364749003784279e-24       300.0086261139664
    0.08359374999999999   0.0005620164084153855   0.0004148297155162355   2.837698804541143e-24       300.0097702484957
    0.08398437499999999   0.0005926023420731927    0.000236169863036239   3.240326193745552e-24       300.0111113559894
    0.08437500000000001   0.0006165048017179654  -2.320985951062091e-05   3.596071975248354e-24       300.0125837787929
    0.08476562500000001   0.0006404072613627371  -0.0002825895820574716   3.951817756751144e-24       300.0140562015964
             0.08515625   0.0006643097210075096  -0.0005419693046043138   4.307563538253917e-24       300.0155286244001
    0.08554687499999999   0.0006882121806522821  -0.0008013490271511555   4.663309319756698e-24       300.0170010472041
              0.0859375   0.0007121146402970554   -0.001060728749698006    5.01905510125949e-24        300.018473470008
    0.08632812499999999   0.0007284501463751369   -0.001395326368680429    5.13791261000983e-24       300.0198002812365
             0.08671875   0.0007145178381864447   -0.002030795573405263   4.309217027750155e-24       300.0205446461616
    0.08710937499999999    0.000700585529997757   -0.002666264778130081   3.480521445490538e-24       300.0212890110882
    0.08750000000000001   0.0006866532218090724    -0.00330173398285495    2.65182586323089e-24       300.0220333760166
    0.08789062500000001   0.0006727209136203828   -0.003937203187579794     1.8231302809712e-24       300.0227777409422
    0.08828125000000001   0.0006587886054316942   -0.004572672392304603    9.94434698711577e-25       300.0235221058684
    0.08867187500000001   0.0006448562972430068   -0.005208141597029443   1.657391164519248e-25       300.0242664707951
              0.0890625   0.0005917912397519709    -0.00627617687451231                       0       300.0223893820032
    0.08945312500000001   0.0005289429949353453   -0.007452353670184732                       0       300.0198569297818
             0.08984375    0.000466094750118722    -0.00862853046585711                       0       300.0173244775604
    0.09023437499999999   0.0004032465053020985   -0.009804707261529485                       0        300.014792025339
    0.09062500000000001   0.0003403982604854736    -0.01098088405720197                       0       300.0122595731184
    0.09101562499999999   0.0002775500156688522    -0.01215706085287426                       0       300.0097271208962
    0.09140625000000001   0.0002035637640506426    -0.01351704434162809                       0       300.0042206601217
    0.09179687499999999    0.000112870502230062    -0.01515273787000362                       0       299.9942531865124
    0.09218750000000001   2.217724040947315e-05    -0.01678843139837941                       0       299.9842857129046
    0.09257812500000001  -6.851602141111211e-05    -0.01842412492675515                       0       299.9743182392971
    0.09296874999999999  -0.0001592092832316922    -0.02005981845513077                       0       299.9643507656891
    0.09335937500000001  -0.0002499025450522857    -0.02169551198350682                       0       299.9543832920845
                0.09375   -0.000340595806872862    -0.02333120551188218                       0       299.9444158184733
    0.09414062500000001  -0.0004006489611477854    -0.02459043843110661  -1.189024028769542e-24       299.9231409587184
    0.09453125000000001  -0.0004607021154227028    -0.02584967135033073   -2.37804805753904e-24       299.9018660989602
    0.09492187499999999  -0.0005207552696976181    -0.02710890426955488  -3.567072086308455e-24       299.8805912392035
    0.09531249999999999  -0.0005808084239725371    -0.02836813718877912  -4.756096115077913e-24       299.8593163794469
    0.09570312499999999  -0.0006408615782474544    -0.02962737010800331   -5.94512014384737e-24       299.8380415196903
    0.09609374999999999  -0.0007009147325223738    -0.03088660302722756  -7.134144172616871e-24       299.8167666599336
    0.09648437500000001   -0.000685673846915422    -0.03058659745404727  -9.051026464296303e-24       299.7893911914758
    0.09687500000000002  -0.0006202369347205548    -0.02924709955259727  -1.145314759791571e-23       299.7579486505506
    0.09726562500000001  -0.0005548000225256945    -0.02790760165114749  -1.385526873153502e-23       299.7265061096271
    0.09765625000000001   -0.000489363110330825    -0.02656810374969744  -1.625738986515447e-23       299.6950635687018
    0.09804687499999999  -0.0004239261981359621    -0.02522860584824753   -1.86595109987737e-23       299.6636210277766
    0.09843750000000001  -0.0003584892859410904    -0.02388910794679734  -2.106163213239304e-23       299.6321784868497
    0.09882812500000002  -0.0002870060214236217    -0.02139141527403491  -2.154687097433283e-23       299.6003354257292
    0.09921874999999999  -0.0001913373476157502    -0.01426094351602345  -1.436458064955535e-23       299.5668902838185
    0.09960937499999999  -9.566867380787681e-05   -0.007130471758011852  -7.182290324777741e-24       299.5334451419092
    0.09999999999999998                       0                       0                       0                   299.5
