/*--------------------------------*- C++ -*----------------------------------*\
  =========                 |
  \\      /  F ield         | OpenFOAM: The Open Source CFD Toolbox
   \\    /   O peration     | Website:  https://openfoam.org
    \\  /    A nd           | Version:  13
     \\/     M anipulation  |
\*---------------------------------------------------------------------------*/
FoamFile
{
    format      ascii;
    class       volScalarField;
    location    "0";
    object      p;
}
// * * * * * * * * * * * * * * * * * * * * * * * * * * * * * * * * * * * * * //

dimensions      [1 -1 -2 0 0 0 0];

internalField   nonuniform List<scalar> 
2130
(
-10.695422535211268
-10.695422535211268
-10.695422535211268
-10.695422535211268
-10.695422535211268
-10.695422535211268
-10.695422535211268
-10.695422535211268
-10.695422535211268
-10.695422535211268
-10.695422535211268
-10.695422535211268
-10.695422535211268
-10.695422535211268
-10.783450704225352
-10.783450704225352
-10.783450704225352
-10.783450704225352
-10.783450704225352
-10.783450704225352
-10.783450704225352
-10.783450704225352
-10.783450704225352
-10.783450704225352
-10.783450704225352
-10.783450704225352
-10.783450704225352
-10.783450704225352
-10.871478873239438
-10.871478873239438
-10.871478873239438
-10.871478873239438
-10.871478873239438
-10.871478873239438
-10.871478873239438
-10.871478873239438
-10.871478873239438
-10.871478873239438
-10.871478873239438
-10.871478873239438
-10.871478873239438
-10.871478873239438
-10.95950704225352
-10.95950704225352
-10.95950704225352
-10.95950704225352
-10.95950704225352
-10.95950704225352
-10.95950704225352
-10.95950704225352
-10.95950704225352
-10.95950704225352
-10.95950704225352
-10.95950704225352
-10.95950704225352
-10.95950704225352
-11.047535211267606
-11.047535211267606
-11.047535211267606
-11.047535211267606
-11.047535211267606
-11.047535211267606
-11.047535211267606
-11.047535211267606
-11.047535211267606
-11.047535211267606
-11.047535211267606
-11.047535211267606
-11.047535211267606
-11.047535211267606
-11.13556338028169
-11.13556338028169
-11.13556338028169
-11.13556338028169
-11.13556338028169
-11.13556338028169
-11.13556338028169
-11.13556338028169
-11.13556338028169
-11.13556338028169
-11.13556338028169
-11.13556338028169
-11.13556338028169
-11.13556338028169
-11.223591549295776
-11.223591549295776
-11.223591549295776
-11.223591549295776
-11.223591549295776
-11.223591549295776
-11.223591549295776
-11.223591549295776
-11.223591549295776
-11.223591549295776
-11.223591549295776
-11.223591549295776
-11.223591549295776
-11.223591549295776
-11.311619718309858
-11.311619718309858
-11.311619718309858
-11.311619718309858
-11.311619718309858
-11.311619718309858
-11.311619718309858
-11.311619718309858
-11.311619718309858
-11.311619718309858
-11.311619718309858
-11.311619718309858
-11.311619718309858
-11.311619718309858
-11.399647887323944
-11.399647887323944
-11.399647887323944
-11.399647887323944
-11.399647887323944
-11.399647887323944
-11.399647887323944
-11.399647887323944
-11.399647887323944
-11.399647887323944
-11.399647887323944
-11.399647887323944
-11.399647887323944
-11.399647887323944
-11.487676056338028
-11.487676056338028
-11.487676056338028
-11.487676056338028
-11.487676056338028
-11.487676056338028
-11.487676056338028
-11.487676056338028
-11.487676056338028
-11.487676056338028
-11.487676056338028
-11.487676056338028
-11.487676056338028
-11.487676056338028
-11.575704225352114
-11.575704225352114
-11.575704225352114
-11.575704225352114
-11.575704225352114
-11.575704225352114
-11.575704225352114
-11.575704225352114
-11.575704225352114
-11.575704225352114
-11.575704225352114
-11.575704225352114
-11.575704225352114
-11.575704225352114
-11.663732394366196
-11.663732394366196
-11.663732394366196
-11.663732394366196
-11.663732394366196
-11.663732394366196
-11.663732394366196
-11.663732394366196
-11.663732394366196
-11.663732394366196
-11.663732394366196
-11.663732394366196
-11.663732394366196
-11.663732394366196
-11.663732394366196
-11.663732394366196
-11.663732394366196
-11.663732394366196
-11.751760563380282
-11.751760563380282
-11.751760563380282
-11.751760563380282
-11.751760563380282
-11.751760563380282
-11.751760563380282
-11.751760563380282
-11.751760563380282
-11.751760563380282
-11.751760563380282
-11.751760563380282
-11.751760563380282
-11.751760563380282
-11.751760563380282
-11.751760563380282
-11.751760563380282
-11.751760563380282
-11.839788732394366
-11.839788732394366
-11.839788732394366
-11.839788732394366
-11.839788732394366
-11.839788732394366
-11.839788732394366
-11.839788732394366
-11.839788732394366
-11.839788732394366
-11.839788732394366
-11.839788732394366
-11.839788732394366
-11.839788732394366
-11.839788732394366
-11.839788732394366
-11.839788732394366
-11.839788732394366
-11.927816901408452
-11.927816901408452
-11.927816901408452
-11.927816901408452
-11.927816901408452
-11.927816901408452
-11.927816901408452
-11.927816901408452
-11.927816901408452
-11.927816901408452
-11.927816901408452
-11.927816901408452
-11.927816901408452
-11.927816901408452
-11.927816901408452
-11.927816901408452
-11.927816901408452
-11.927816901408452
-12.015845070422534
-12.015845070422534
-12.015845070422534
-12.015845070422534
-12.015845070422534
-12.015845070422534
-12.015845070422534
-12.015845070422534
-12.015845070422534
-12.015845070422534
-12.015845070422534
-12.015845070422534
-12.015845070422534
-12.015845070422534
-12.015845070422534
-12.015845070422534
-12.015845070422534
-12.015845070422534
-12.10387323943662
-12.10387323943662
-12.10387323943662
-12.10387323943662
-12.10387323943662
-12.10387323943662
-12.10387323943662
-12.10387323943662
-12.10387323943662
-12.10387323943662
-12.10387323943662
-12.10387323943662
-12.10387323943662
-12.10387323943662
-12.10387323943662
-12.10387323943662
-12.10387323943662
-12.10387323943662
-12.10387323943662
-12.10387323943662
-12.10387323943662
-12.10387323943662
-12.10387323943662
-12.10387323943662
-12.10387323943662
-12.10387323943662
-12.10387323943662
-12.10387323943662
-12.10387323943662
-12.10387323943662
-12.10387323943662
-12.10387323943662
-12.10387323943662
-12.10387323943662
-12.10387323943662
-12.10387323943662
-12.10387323943662
-12.10387323943662
-12.10387323943662
-12.10387323943662
-12.10387323943662
-12.10387323943662
-12.10387323943662
-12.10387323943662
-12.10387323943662
-12.10387323943662
-12.10387323943662
-12.10387323943662
-12.10387323943662
-12.10387323943662
-12.10387323943662
-12.10387323943662
-12.10387323943662
-12.10387323943662
-12.10387323943662
-12.10387323943662
-12.10387323943662
-12.10387323943662
-12.10387323943662
-12.10387323943662
-12.10387323943662
-12.10387323943662
-12.10387323943662
-12.10387323943662
-12.10387323943662
-12.10387323943662
-12.10387323943662
-12.10387323943662
-12.10387323943662
-12.10387323943662
-12.10387323943662
-12.10387323943662
-12.10387323943662
-12.10387323943662
-12.10387323943662
-12.10387323943662
-12.10387323943662
-12.10387323943662
-12.10387323943662
-12.10387323943662
-12.10387323943662
-12.10387323943662
-12.191901408450704
-12.191901408450704
-12.191901408450704
-12.191901408450704
-12.191901408450704
-12.191901408450704
-12.191901408450704
-12.191901408450704
-12.191901408450704
-12.191901408450704
-12.191901408450704
-12.191901408450704
-12.191901408450704
-12.191901408450704
-12.191901408450704
-12.191901408450704
-12.191901408450704
-12.191901408450704
-12.191901408450704
-12.191901408450704
-12.191901408450704
-12.191901408450704
-12.191901408450704
-12.191901408450704
-12.191901408450704
-12.191901408450704
-12.191901408450704
-12.191901408450704
-12.191901408450704
-12.191901408450704
-12.191901408450704
-12.191901408450704
-12.191901408450704
-12.191901408450704
-12.191901408450704
-12.191901408450704
-12.191901408450704
-12.191901408450704
-12.191901408450704
-12.191901408450704
-12.191901408450704
-12.191901408450704
-12.191901408450704
-12.191901408450704
-12.191901408450704
-12.191901408450704
-12.191901408450704
-12.191901408450704
-12.191901408450704
-12.191901408450704
-12.191901408450704
-12.191901408450704
-12.191901408450704
-12.191901408450704
-12.191901408450704
-12.191901408450704
-12.191901408450704
-12.191901408450704
-12.191901408450704
-12.191901408450704
-12.191901408450704
-12.191901408450704
-12.191901408450704
-12.191901408450704
-12.191901408450704
-12.191901408450704
-12.191901408450704
-12.191901408450704
-12.191901408450704
-12.191901408450704
-12.191901408450704
-12.191901408450704
-12.191901408450704
-12.191901408450704
-12.191901408450704
-12.191901408450704
-12.191901408450704
-12.191901408450704
-12.191901408450704
-12.191901408450704
-12.191901408450704
-12.191901408450704
-12.27992957746479
-12.27992957746479
-12.27992957746479
-12.27992957746479
-12.27992957746479
-12.27992957746479
-12.27992957746479
-12.27992957746479
-12.27992957746479
-12.27992957746479
-12.27992957746479
-12.27992957746479
-12.27992957746479
-12.27992957746479
-12.27992957746479
-12.27992957746479
-12.27992957746479
-12.27992957746479
-12.27992957746479
-12.27992957746479
-12.27992957746479
-12.27992957746479
-12.27992957746479
-12.27992957746479
-12.27992957746479
-12.27992957746479
-12.27992957746479
-12.27992957746479
-12.27992957746479
-12.27992957746479
-12.27992957746479
-12.27992957746479
-12.27992957746479
-12.27992957746479
-12.27992957746479
-12.27992957746479
-12.27992957746479
-12.27992957746479
-12.27992957746479
-12.27992957746479
-12.27992957746479
-12.27992957746479
-12.27992957746479
-12.27992957746479
-12.27992957746479
-12.27992957746479
-12.27992957746479
-12.27992957746479
-12.27992957746479
-12.27992957746479
-12.27992957746479
-12.27992957746479
-12.27992957746479
-12.27992957746479
-12.27992957746479
-12.27992957746479
-12.27992957746479
-12.27992957746479
-12.27992957746479
-12.27992957746479
-12.27992957746479
-12.27992957746479
-12.27992957746479
-12.27992957746479
-12.27992957746479
-12.27992957746479
-12.27992957746479
-12.27992957746479
-12.27992957746479
-12.27992957746479
-12.27992957746479
-12.27992957746479
-12.27992957746479
-12.27992957746479
-12.27992957746479
-12.27992957746479
-12.27992957746479
-12.27992957746479
-12.27992957746479
-12.27992957746479
-12.27992957746479
-12.27992957746479
-12.367957746478872
-12.367957746478872
-12.367957746478872
-12.367957746478872
-12.367957746478872
-12.367957746478872
-12.367957746478872
-12.367957746478872
-12.367957746478872
-12.367957746478872
-12.367957746478872
-12.367957746478872
-12.367957746478872
-12.367957746478872
-12.367957746478872
-12.367957746478872
-12.367957746478872
-12.367957746478872
-12.367957746478872
-12.367957746478872
-12.367957746478872
-12.367957746478872
-12.367957746478872
-12.367957746478872
-12.367957746478872
-12.367957746478872
-12.367957746478872
-12.367957746478872
-12.367957746478872
-12.367957746478872
-12.367957746478872
-12.367957746478872
-12.367957746478872
-12.367957746478872
-12.367957746478872
-12.367957746478872
-12.367957746478872
-12.367957746478872
-12.367957746478872
-12.367957746478872
-12.367957746478872
-12.367957746478872
-12.367957746478872
-12.367957746478872
-12.367957746478872
-12.367957746478872
-12.367957746478872
-12.367957746478872
-12.367957746478872
-12.367957746478872
-12.367957746478872
-12.367957746478872
-12.367957746478872
-12.367957746478872
-12.367957746478872
-12.367957746478872
-12.367957746478872
-12.367957746478872
-12.367957746478872
-12.367957746478872
-12.367957746478872
-12.367957746478872
-12.367957746478872
-12.367957746478872
-12.367957746478872
-12.367957746478872
-12.367957746478872
-12.367957746478872
-12.367957746478872
-12.367957746478872
-12.367957746478872
-12.367957746478872
-12.367957746478872
-12.367957746478872
-12.367957746478872
-12.367957746478872
-12.367957746478872
-12.367957746478872
-12.367957746478872
-12.367957746478872
-12.367957746478872
-12.367957746478872
-12.455985915492958
-12.455985915492958
-12.455985915492958
-12.455985915492958
-12.455985915492958
-12.455985915492958
-12.455985915492958
-12.455985915492958
-12.455985915492958
-12.455985915492958
-12.455985915492958
-12.455985915492958
-12.455985915492958
-12.455985915492958
-12.455985915492958
-12.455985915492958
-12.455985915492958
-12.455985915492958
-12.455985915492958
-12.455985915492958
-12.455985915492958
-12.455985915492958
-12.455985915492958
-12.455985915492958
-12.455985915492958
-12.455985915492958
-12.455985915492958
-12.455985915492958
-12.455985915492958
-12.455985915492958
-12.455985915492958
-12.455985915492958
-12.455985915492958
-12.455985915492958
-12.455985915492958
-12.455985915492958
-12.455985915492958
-12.455985915492958
-12.455985915492958
-12.455985915492958
-12.455985915492958
-12.455985915492958
-12.455985915492958
-12.455985915492958
-12.455985915492958
-12.455985915492958
-12.455985915492958
-12.455985915492958
-12.455985915492958
-12.455985915492958
-12.455985915492958
-12.455985915492958
-12.455985915492958
-12.455985915492958
-12.455985915492958
-12.455985915492958
-12.455985915492958
-12.455985915492958
-12.455985915492958
-12.455985915492958
-12.455985915492958
-12.455985915492958
-12.455985915492958
-12.455985915492958
-12.455985915492958
-12.455985915492958
-12.455985915492958
-12.455985915492958
-12.455985915492958
-12.455985915492958
-12.455985915492958
-12.455985915492958
-12.455985915492958
-12.455985915492958
-12.455985915492958
-12.455985915492958
-12.455985915492958
-12.455985915492958
-12.455985915492958
-12.455985915492958
-12.455985915492958
-12.455985915492958
-12.544014084507042
-12.544014084507042
-12.544014084507042
-12.544014084507042
-12.544014084507042
-12.544014084507042
-12.544014084507042
-12.544014084507042
-12.544014084507042
-12.544014084507042
-12.544014084507042
-12.544014084507042
-12.544014084507042
-12.544014084507042
-12.544014084507042
-12.544014084507042
-12.544014084507042
-12.544014084507042
-12.544014084507042
-12.544014084507042
-12.544014084507042
-12.544014084507042
-12.544014084507042
-12.544014084507042
-12.544014084507042
-12.544014084507042
-12.544014084507042
-12.544014084507042
-12.544014084507042
-12.544014084507042
-12.544014084507042
-12.544014084507042
-12.544014084507042
-12.544014084507042
-12.544014084507042
-12.544014084507042
-12.544014084507042
-12.544014084507042
-12.544014084507042
-12.544014084507042
-12.544014084507042
-12.544014084507042
-12.544014084507042
-12.544014084507042
-12.544014084507042
-12.544014084507042
-12.544014084507042
-12.544014084507042
-12.544014084507042
-12.544014084507042
-12.544014084507042
-12.544014084507042
-12.544014084507042
-12.544014084507042
-12.544014084507042
-12.544014084507042
-12.544014084507042
-12.544014084507042
-12.544014084507042
-12.544014084507042
-12.544014084507042
-12.544014084507042
-12.544014084507042
-12.544014084507042
-12.544014084507042
-12.544014084507042
-12.544014084507042
-12.544014084507042
-12.544014084507042
-12.544014084507042
-12.544014084507042
-12.544014084507042
-12.544014084507042
-12.544014084507042
-12.544014084507042
-12.544014084507042
-12.544014084507042
-12.544014084507042
-12.544014084507042
-12.544014084507042
-12.544014084507042
-12.544014084507042
-12.632042253521128
-12.632042253521128
-12.632042253521128
-12.632042253521128
-12.632042253521128
-12.632042253521128
-12.632042253521128
-12.632042253521128
-12.632042253521128
-12.632042253521128
-12.632042253521128
-12.632042253521128
-12.632042253521128
-12.632042253521128
-12.632042253521128
-12.632042253521128
-12.632042253521128
-12.632042253521128
-12.632042253521128
-12.632042253521128
-12.632042253521128
-12.632042253521128
-12.632042253521128
-12.632042253521128
-12.632042253521128
-12.632042253521128
-12.632042253521128
-12.632042253521128
-12.632042253521128
-12.632042253521128
-12.632042253521128
-12.632042253521128
-12.632042253521128
-12.632042253521128
-12.632042253521128
-12.632042253521128
-12.632042253521128
-12.632042253521128
-12.632042253521128
-12.632042253521128
-12.632042253521128
-12.632042253521128
-12.632042253521128
-12.632042253521128
-12.632042253521128
-12.632042253521128
-12.632042253521128
-12.632042253521128
-12.632042253521128
-12.632042253521128
-12.632042253521128
-12.632042253521128
-12.632042253521128
-12.632042253521128
-12.632042253521128
-12.632042253521128
-12.632042253521128
-12.632042253521128
-12.632042253521128
-12.632042253521128
-12.632042253521128
-12.632042253521128
-12.632042253521128
-12.632042253521128
-12.632042253521128
-12.632042253521128
-12.632042253521128
-12.632042253521128
-12.632042253521128
-12.632042253521128
-12.632042253521128
-12.632042253521128
-12.632042253521128
-12.632042253521128
-12.632042253521128
-12.632042253521128
-12.632042253521128
-12.632042253521128
-12.632042253521128
-12.632042253521128
-12.632042253521128
-12.632042253521128
-12.72007042253521
-12.72007042253521
-12.72007042253521
-12.72007042253521
-12.72007042253521
-12.72007042253521
-12.72007042253521
-12.72007042253521
-12.72007042253521
-12.72007042253521
-12.72007042253521
-12.72007042253521
-12.72007042253521
-12.72007042253521
-12.72007042253521
-12.72007042253521
-12.72007042253521
-12.72007042253521
-12.72007042253521
-12.72007042253521
-12.72007042253521
-12.72007042253521
-12.72007042253521
-12.72007042253521
-12.72007042253521
-12.72007042253521
-12.72007042253521
-12.72007042253521
-12.72007042253521
-12.72007042253521
-12.72007042253521
-12.72007042253521
-12.72007042253521
-12.72007042253521
-12.72007042253521
-12.72007042253521
-12.72007042253521
-12.72007042253521
-12.72007042253521
-12.72007042253521
-12.72007042253521
-12.72007042253521
-12.72007042253521
-12.72007042253521
-12.72007042253521
-12.72007042253521
-12.72007042253521
-12.72007042253521
-12.72007042253521
-12.72007042253521
-12.72007042253521
-12.72007042253521
-12.72007042253521
-12.72007042253521
-12.72007042253521
-12.72007042253521
-12.72007042253521
-12.72007042253521
-12.72007042253521
-12.72007042253521
-12.72007042253521
-12.72007042253521
-12.72007042253521
-12.72007042253521
-12.72007042253521
-12.72007042253521
-12.72007042253521
-12.72007042253521
-12.72007042253521
-12.72007042253521
-12.72007042253521
-12.72007042253521
-12.72007042253521
-12.72007042253521
-12.72007042253521
-12.72007042253521
-12.72007042253521
-12.72007042253521
-12.72007042253521
-12.72007042253521
-12.72007042253521
-12.72007042253521
-12.808098591549296
-12.808098591549296
-12.808098591549296
-12.808098591549296
-12.808098591549296
-12.808098591549296
-12.808098591549296
-12.808098591549296
-12.808098591549296
-12.808098591549296
-12.808098591549296
-12.808098591549296
-12.808098591549296
-12.808098591549296
-12.808098591549296
-12.808098591549296
-12.808098591549296
-12.808098591549296
-12.808098591549296
-12.808098591549296
-12.808098591549296
-12.808098591549296
-12.808098591549296
-12.808098591549296
-12.808098591549296
-12.808098591549296
-12.808098591549296
-12.808098591549296
-12.808098591549296
-12.808098591549296
-12.808098591549296
-12.808098591549296
-12.808098591549296
-12.808098591549296
-12.808098591549296
-12.808098591549296
-12.808098591549296
-12.808098591549296
-12.808098591549296
-12.808098591549296
-12.808098591549296
-12.808098591549296
-12.808098591549296
-12.808098591549296
-12.808098591549296
-12.808098591549296
-12.808098591549296
-12.808098591549296
-12.808098591549296
-12.808098591549296
-12.808098591549296
-12.808098591549296
-12.808098591549296
-12.808098591549296
-12.808098591549296
-12.808098591549296
-12.808098591549296
-12.808098591549296
-12.808098591549296
-12.808098591549296
-12.808098591549296
-12.808098591549296
-12.808098591549296
-12.808098591549296
-12.808098591549296
-12.808098591549296
-12.808098591549296
-12.808098591549296
-12.808098591549296
-12.808098591549296
-12.808098591549296
-12.808098591549296
-12.808098591549296
-12.808098591549296
-12.808098591549296
-12.808098591549296
-12.808098591549296
-12.808098591549296
-12.808098591549296
-12.808098591549296
-12.808098591549296
-12.808098591549296
-12.89612676056338
-12.89612676056338
-12.89612676056338
-12.89612676056338
-12.89612676056338
-12.89612676056338
-12.89612676056338
-12.89612676056338
-12.89612676056338
-12.89612676056338
-12.89612676056338
-12.89612676056338
-12.89612676056338
-12.89612676056338
-12.89612676056338
-12.89612676056338
-12.89612676056338
-12.89612676056338
-12.89612676056338
-12.89612676056338
-12.89612676056338
-12.89612676056338
-12.89612676056338
-12.89612676056338
-12.89612676056338
-12.89612676056338
-12.89612676056338
-12.89612676056338
-12.89612676056338
-12.89612676056338
-12.89612676056338
-12.89612676056338
-12.89612676056338
-12.89612676056338
-12.89612676056338
-12.89612676056338
-12.89612676056338
-12.89612676056338
-12.89612676056338
-12.89612676056338
-12.89612676056338
-12.89612676056338
-12.89612676056338
-12.89612676056338
-12.89612676056338
-12.89612676056338
-12.89612676056338
-12.89612676056338
-12.89612676056338
-12.89612676056338
-12.89612676056338
-12.89612676056338
-12.89612676056338
-12.89612676056338
-12.89612676056338
-12.89612676056338
-12.89612676056338
-12.89612676056338
-12.89612676056338
-12.89612676056338
-12.89612676056338
-12.89612676056338
-12.89612676056338
-12.89612676056338
-12.89612676056338
-12.89612676056338
-12.89612676056338
-12.89612676056338
-12.89612676056338
-12.89612676056338
-12.89612676056338
-12.89612676056338
-12.89612676056338
-12.89612676056338
-12.89612676056338
-12.89612676056338
-12.89612676056338
-12.89612676056338
-12.89612676056338
-12.89612676056338
-12.89612676056338
-12.89612676056338
-12.984154929577466
-12.984154929577466
-12.984154929577466
-12.984154929577466
-12.984154929577466
-12.984154929577466
-12.984154929577466
-12.984154929577466
-12.984154929577466
-12.984154929577466
-12.984154929577466
-12.984154929577466
-12.984154929577466
-12.984154929577466
-12.984154929577466
-12.984154929577466
-12.984154929577466
-12.984154929577466
-12.984154929577466
-12.984154929577466
-12.984154929577466
-12.984154929577466
-12.984154929577466
-12.984154929577466
-12.984154929577466
-12.984154929577466
-12.984154929577466
-12.984154929577466
-12.984154929577466
-12.984154929577466
-12.984154929577466
-12.984154929577466
-12.984154929577466
-12.984154929577466
-12.984154929577466
-12.984154929577466
-12.984154929577466
-12.984154929577466
-12.984154929577466
-12.984154929577466
-12.984154929577466
-12.984154929577466
-12.984154929577466
-12.984154929577466
-12.984154929577466
-12.984154929577466
-12.984154929577466
-12.984154929577466
-12.984154929577466
-12.984154929577466
-12.984154929577466
-12.984154929577466
-12.984154929577466
-12.984154929577466
-12.984154929577466
-12.984154929577466
-12.984154929577466
-12.984154929577466
-12.984154929577466
-12.984154929577466
-12.984154929577466
-12.984154929577466
-12.984154929577466
-12.984154929577466
-12.984154929577466
-12.984154929577466
-12.984154929577466
-12.984154929577466
-12.984154929577466
-12.984154929577466
-12.984154929577466
-12.984154929577466
-12.984154929577466
-12.984154929577466
-12.984154929577466
-12.984154929577466
-12.984154929577466
-12.984154929577466
-12.984154929577466
-12.984154929577466
-12.984154929577466
-12.984154929577466
-13.072183098591548
-13.072183098591548
-13.072183098591548
-13.072183098591548
-13.072183098591548
-13.072183098591548
-13.072183098591548
-13.072183098591548
-13.072183098591548
-13.072183098591548
-13.072183098591548
-13.072183098591548
-13.072183098591548
-13.072183098591548
-13.072183098591548
-13.072183098591548
-13.072183098591548
-13.072183098591548
-13.072183098591548
-13.072183098591548
-13.072183098591548
-13.072183098591548
-13.072183098591548
-13.072183098591548
-13.072183098591548
-13.072183098591548
-13.072183098591548
-13.072183098591548
-13.072183098591548
-13.072183098591548
-13.072183098591548
-13.072183098591548
-13.072183098591548
-13.072183098591548
-13.072183098591548
-13.072183098591548
-13.072183098591548
-13.072183098591548
-13.072183098591548
-13.072183098591548
-13.072183098591548
-13.072183098591548
-13.072183098591548
-13.072183098591548
-13.072183098591548
-13.072183098591548
-13.072183098591548
-13.072183098591548
-13.072183098591548
-13.072183098591548
-13.072183098591548
-13.072183098591548
-13.072183098591548
-13.072183098591548
-13.072183098591548
-13.072183098591548
-13.072183098591548
-13.072183098591548
-13.072183098591548
-13.072183098591548
-13.072183098591548
-13.072183098591548
-13.072183098591548
-13.072183098591548
-13.072183098591548
-13.072183098591548
-13.072183098591548
-13.072183098591548
-13.072183098591548
-13.072183098591548
-13.072183098591548
-13.072183098591548
-13.072183098591548
-13.072183098591548
-13.072183098591548
-13.072183098591548
-13.072183098591548
-13.072183098591548
-13.072183098591548
-13.072183098591548
-13.072183098591548
-13.072183098591548
-13.160211267605634
-13.160211267605634
-13.160211267605634
-13.160211267605634
-13.160211267605634
-13.160211267605634
-13.160211267605634
-13.160211267605634
-13.160211267605634
-13.160211267605634
-13.160211267605634
-13.160211267605634
-13.160211267605634
-13.160211267605634
-13.160211267605634
-13.160211267605634
-13.160211267605634
-13.160211267605634
-13.160211267605634
-13.160211267605634
-13.160211267605634
-13.160211267605634
-13.160211267605634
-13.160211267605634
-13.160211267605634
-13.160211267605634
-13.160211267605634
-13.160211267605634
-13.160211267605634
-13.160211267605634
-13.160211267605634
-13.160211267605634
-13.160211267605634
-13.160211267605634
-13.160211267605634
-13.160211267605634
-13.160211267605634
-13.160211267605634
-13.160211267605634
-13.160211267605634
-13.160211267605634
-13.160211267605634
-13.160211267605634
-13.160211267605634
-13.160211267605634
-13.160211267605634
-13.160211267605634
-13.160211267605634
-13.160211267605634
-13.160211267605634
-13.160211267605634
-13.160211267605634
-13.160211267605634
-13.160211267605634
-13.160211267605634
-13.160211267605634
-13.160211267605634
-13.160211267605634
-13.160211267605634
-13.160211267605634
-13.160211267605634
-13.160211267605634
-13.160211267605634
-13.160211267605634
-13.160211267605634
-13.160211267605634
-13.160211267605634
-13.160211267605634
-13.160211267605634
-13.160211267605634
-13.160211267605634
-13.160211267605634
-13.160211267605634
-13.160211267605634
-13.160211267605634
-13.160211267605634
-13.160211267605634
-13.160211267605634
-13.160211267605634
-13.160211267605634
-13.160211267605634
-13.160211267605634
-13.248239436619718
-13.248239436619718
-13.248239436619718
-13.248239436619718
-13.248239436619718
-13.248239436619718
-13.248239436619718
-13.248239436619718
-13.248239436619718
-13.248239436619718
-13.248239436619718
-13.248239436619718
-13.248239436619718
-13.248239436619718
-13.248239436619718
-13.248239436619718
-13.248239436619718
-13.248239436619718
-13.248239436619718
-13.248239436619718
-13.248239436619718
-13.248239436619718
-13.248239436619718
-13.248239436619718
-13.248239436619718
-13.248239436619718
-13.248239436619718
-13.248239436619718
-13.248239436619718
-13.248239436619718
-13.248239436619718
-13.248239436619718
-13.248239436619718
-13.248239436619718
-13.248239436619718
-13.248239436619718
-13.248239436619718
-13.248239436619718
-13.248239436619718
-13.248239436619718
-13.248239436619718
-13.248239436619718
-13.248239436619718
-13.248239436619718
-13.248239436619718
-13.248239436619718
-13.248239436619718
-13.248239436619718
-13.248239436619718
-13.248239436619718
-13.248239436619718
-13.248239436619718
-13.248239436619718
-13.248239436619718
-13.248239436619718
-13.248239436619718
-13.248239436619718
-13.248239436619718
-13.248239436619718
-13.248239436619718
-13.248239436619718
-13.248239436619718
-13.248239436619718
-13.248239436619718
-13.248239436619718
-13.248239436619718
-13.248239436619718
-13.248239436619718
-13.248239436619718
-13.248239436619718
-13.248239436619718
-13.248239436619718
-13.248239436619718
-13.248239436619718
-13.248239436619718
-13.248239436619718
-13.248239436619718
-13.248239436619718
-13.248239436619718
-13.248239436619718
-13.248239436619718
-13.248239436619718
-13.336267605633804
-13.336267605633804
-13.336267605633804
-13.336267605633804
-13.336267605633804
-13.336267605633804
-13.336267605633804
-13.336267605633804
-13.336267605633804
-13.336267605633804
-13.336267605633804
-13.336267605633804
-13.336267605633804
-13.336267605633804
-13.336267605633804
-13.336267605633804
-13.336267605633804
-13.336267605633804
-13.336267605633804
-13.336267605633804
-13.336267605633804
-13.336267605633804
-13.336267605633804
-13.336267605633804
-13.336267605633804
-13.336267605633804
-13.336267605633804
-13.336267605633804
-13.336267605633804
-13.336267605633804
-13.336267605633804
-13.336267605633804
-13.336267605633804
-13.336267605633804
-13.336267605633804
-13.336267605633804
-13.336267605633804
-13.336267605633804
-13.336267605633804
-13.336267605633804
-13.336267605633804
-13.336267605633804
-13.336267605633804
-13.336267605633804
-13.336267605633804
-13.336267605633804
-13.336267605633804
-13.336267605633804
-13.336267605633804
-13.336267605633804
-13.336267605633804
-13.336267605633804
-13.336267605633804
-13.336267605633804
-13.336267605633804
-13.336267605633804
-13.336267605633804
-13.336267605633804
-13.336267605633804
-13.336267605633804
-13.336267605633804
-13.336267605633804
-13.336267605633804
-13.336267605633804
-13.336267605633804
-13.336267605633804
-13.336267605633804
-13.336267605633804
-13.336267605633804
-13.336267605633804
-13.336267605633804
-13.336267605633804
-13.336267605633804
-13.336267605633804
-13.336267605633804
-13.336267605633804
-13.336267605633804
-13.336267605633804
-13.336267605633804
-13.336267605633804
-13.336267605633804
-13.336267605633804
-13.424295774647886
-13.424295774647886
-13.424295774647886
-13.424295774647886
-13.424295774647886
-13.424295774647886
-13.424295774647886
-13.424295774647886
-13.424295774647886
-13.424295774647886
-13.424295774647886
-13.424295774647886
-13.424295774647886
-13.424295774647886
-13.424295774647886
-13.424295774647886
-13.424295774647886
-13.424295774647886
-13.424295774647886
-13.424295774647886
-13.424295774647886
-13.424295774647886
-13.424295774647886
-13.424295774647886
-13.424295774647886
-13.424295774647886
-13.424295774647886
-13.424295774647886
-13.424295774647886
-13.424295774647886
-13.424295774647886
-13.424295774647886
-13.424295774647886
-13.424295774647886
-13.424295774647886
-13.424295774647886
-13.424295774647886
-13.424295774647886
-13.424295774647886
-13.424295774647886
-13.424295774647886
-13.424295774647886
-13.424295774647886
-13.424295774647886
-13.424295774647886
-13.424295774647886
-13.424295774647886
-13.424295774647886
-13.424295774647886
-13.424295774647886
-13.424295774647886
-13.424295774647886
-13.424295774647886
-13.424295774647886
-13.424295774647886
-13.424295774647886
-13.424295774647886
-13.424295774647886
-13.424295774647886
-13.424295774647886
-13.424295774647886
-13.424295774647886
-13.424295774647886
-13.424295774647886
-13.424295774647886
-13.424295774647886
-13.424295774647886
-13.424295774647886
-13.424295774647886
-13.424295774647886
-13.424295774647886
-13.424295774647886
-13.424295774647886
-13.424295774647886
-13.424295774647886
-13.424295774647886
-13.424295774647886
-13.424295774647886
-13.424295774647886
-13.424295774647886
-13.424295774647886
-13.424295774647886
-13.512323943661972
-13.512323943661972
-13.512323943661972
-13.512323943661972
-13.512323943661972
-13.512323943661972
-13.512323943661972
-13.512323943661972
-13.512323943661972
-13.512323943661972
-13.512323943661972
-13.512323943661972
-13.512323943661972
-13.512323943661972
-13.512323943661972
-13.512323943661972
-13.512323943661972
-13.512323943661972
-13.512323943661972
-13.512323943661972
-13.512323943661972
-13.512323943661972
-13.512323943661972
-13.512323943661972
-13.512323943661972
-13.512323943661972
-13.512323943661972
-13.512323943661972
-13.512323943661972
-13.512323943661972
-13.512323943661972
-13.512323943661972
-13.512323943661972
-13.512323943661972
-13.512323943661972
-13.512323943661972
-13.512323943661972
-13.512323943661972
-13.512323943661972
-13.512323943661972
-13.512323943661972
-13.512323943661972
-13.512323943661972
-13.512323943661972
-13.512323943661972
-13.512323943661972
-13.512323943661972
-13.512323943661972
-13.512323943661972
-13.512323943661972
-13.512323943661972
-13.512323943661972
-13.512323943661972
-13.512323943661972
-13.512323943661972
-13.512323943661972
-13.512323943661972
-13.512323943661972
-13.512323943661972
-13.512323943661972
-13.512323943661972
-13.512323943661972
-13.512323943661972
-13.512323943661972
-13.512323943661972
-13.512323943661972
-13.512323943661972
-13.512323943661972
-13.512323943661972
-13.512323943661972
-13.512323943661972
-13.512323943661972
-13.512323943661972
-13.512323943661972
-13.512323943661972
-13.512323943661972
-13.512323943661972
-13.512323943661972
-13.512323943661972
-13.512323943661972
-13.512323943661972
-13.512323943661972
-13.600352112676056
-13.600352112676056
-13.600352112676056
-13.600352112676056
-13.600352112676056
-13.600352112676056
-13.600352112676056
-13.600352112676056
-13.600352112676056
-13.600352112676056
-13.600352112676056
-13.600352112676056
-13.600352112676056
-13.600352112676056
-13.600352112676056
-13.600352112676056
-13.600352112676056
-13.600352112676056
-13.600352112676056
-13.600352112676056
-13.600352112676056
-13.600352112676056
-13.600352112676056
-13.600352112676056
-13.600352112676056
-13.600352112676056
-13.600352112676056
-13.600352112676056
-13.600352112676056
-13.600352112676056
-13.600352112676056
-13.600352112676056
-13.600352112676056
-13.600352112676056
-13.600352112676056
-13.600352112676056
-13.600352112676056
-13.600352112676056
-13.600352112676056
-13.600352112676056
-13.600352112676056
-13.600352112676056
-13.600352112676056
-13.600352112676056
-13.600352112676056
-13.600352112676056
-13.600352112676056
-13.600352112676056
-13.600352112676056
-13.600352112676056
-13.600352112676056
-13.600352112676056
-13.600352112676056
-13.600352112676056
-13.600352112676056
-13.600352112676056
-13.600352112676056
-13.600352112676056
-13.600352112676056
-13.600352112676056
-13.600352112676056
-13.600352112676056
-13.600352112676056
-13.600352112676056
-13.600352112676056
-13.600352112676056
-13.600352112676056
-13.600352112676056
-13.600352112676056
-13.600352112676056
-13.600352112676056
-13.600352112676056
-13.600352112676056
-13.600352112676056
-13.600352112676056
-13.600352112676056
-13.600352112676056
-13.600352112676056
-13.600352112676056
-13.600352112676056
-13.600352112676056
-13.600352112676056
-13.688380281690142
-13.688380281690142
-13.688380281690142
-13.688380281690142
-13.688380281690142
-13.688380281690142
-13.688380281690142
-13.688380281690142
-13.688380281690142
-13.688380281690142
-13.688380281690142
-13.688380281690142
-13.688380281690142
-13.688380281690142
-13.688380281690142
-13.688380281690142
-13.688380281690142
-13.688380281690142
-13.688380281690142
-13.688380281690142
-13.688380281690142
-13.688380281690142
-13.688380281690142
-13.688380281690142
-13.688380281690142
-13.688380281690142
-13.688380281690142
-13.688380281690142
-13.688380281690142
-13.688380281690142
-13.688380281690142
-13.688380281690142
-13.688380281690142
-13.688380281690142
-13.688380281690142
-13.688380281690142
-13.688380281690142
-13.688380281690142
-13.688380281690142
-13.688380281690142
-13.688380281690142
-13.688380281690142
-13.688380281690142
-13.688380281690142
-13.688380281690142
-13.688380281690142
-13.688380281690142
-13.688380281690142
-13.688380281690142
-13.688380281690142
-13.688380281690142
-13.688380281690142
-13.688380281690142
-13.688380281690142
-13.688380281690142
-13.688380281690142
-13.688380281690142
-13.688380281690142
-13.688380281690142
-13.688380281690142
-13.688380281690142
-13.688380281690142
-13.688380281690142
-13.688380281690142
-13.688380281690142
-13.688380281690142
-13.688380281690142
-13.688380281690142
-13.688380281690142
-13.688380281690142
-13.688380281690142
-13.688380281690142
-13.688380281690142
-13.688380281690142
-13.688380281690142
-13.688380281690142
-13.688380281690142
-13.688380281690142
-13.688380281690142
-13.688380281690142
-13.688380281690142
-13.688380281690142
-13.776408450704224
-13.776408450704224
-13.776408450704224
-13.776408450704224
-13.776408450704224
-13.776408450704224
-13.776408450704224
-13.776408450704224
-13.776408450704224
-13.776408450704224
-13.776408450704224
-13.776408450704224
-13.776408450704224
-13.776408450704224
-13.776408450704224
-13.776408450704224
-13.776408450704224
-13.776408450704224
-13.776408450704224
-13.776408450704224
-13.776408450704224
-13.776408450704224
-13.776408450704224
-13.776408450704224
-13.776408450704224
-13.776408450704224
-13.776408450704224
-13.776408450704224
-13.776408450704224
-13.776408450704224
-13.776408450704224
-13.776408450704224
-13.776408450704224
-13.776408450704224
-13.776408450704224
-13.776408450704224
-13.776408450704224
-13.776408450704224
-13.776408450704224
-13.776408450704224
-13.776408450704224
-13.776408450704224
-13.776408450704224
-13.776408450704224
-13.776408450704224
-13.776408450704224
-13.776408450704224
-13.776408450704224
-13.776408450704224
-13.776408450704224
-13.776408450704224
-13.776408450704224
-13.776408450704224
-13.776408450704224
-13.776408450704224
-13.776408450704224
-13.776408450704224
-13.776408450704224
-13.776408450704224
-13.776408450704224
-13.776408450704224
-13.776408450704224
-13.776408450704224
-13.776408450704224
-13.776408450704224
-13.776408450704224
-13.776408450704224
-13.776408450704224
-13.776408450704224
-13.776408450704224
-13.776408450704224
-13.776408450704224
-13.776408450704224
-13.776408450704224
-13.776408450704224
-13.776408450704224
-13.776408450704224
-13.776408450704224
-13.776408450704224
-13.776408450704224
-13.776408450704224
-13.776408450704224
-13.86443661971831
-13.86443661971831
-13.86443661971831
-13.86443661971831
-13.86443661971831
-13.86443661971831
-13.86443661971831
-13.86443661971831
-13.86443661971831
-13.86443661971831
-13.86443661971831
-13.86443661971831
-13.86443661971831
-13.86443661971831
-13.86443661971831
-13.86443661971831
-13.86443661971831
-13.86443661971831
-13.86443661971831
-13.86443661971831
-13.86443661971831
-13.86443661971831
-13.86443661971831
-13.86443661971831
-13.86443661971831
-13.86443661971831
-13.86443661971831
-13.86443661971831
-13.86443661971831
-13.86443661971831
-13.86443661971831
-13.86443661971831
-13.86443661971831
-13.86443661971831
-13.86443661971831
-13.86443661971831
-13.86443661971831
-13.86443661971831
-13.86443661971831
-13.86443661971831
-13.86443661971831
-13.86443661971831
-13.86443661971831
-13.86443661971831
-13.86443661971831
-13.86443661971831
-13.86443661971831
-13.86443661971831
-13.86443661971831
-13.86443661971831
-13.86443661971831
-13.86443661971831
-13.86443661971831
-13.86443661971831
-13.86443661971831
-13.86443661971831
-13.86443661971831
-13.86443661971831
-13.86443661971831
-13.86443661971831
-13.86443661971831
-13.86443661971831
-13.86443661971831
-13.86443661971831
-13.86443661971831
-13.86443661971831
-13.86443661971831
-13.86443661971831
-13.86443661971831
-13.86443661971831
-13.86443661971831
-13.86443661971831
-13.86443661971831
-13.86443661971831
-13.86443661971831
-13.86443661971831
-13.86443661971831
-13.86443661971831
-13.86443661971831
-13.86443661971831
-13.86443661971831
-13.86443661971831
-13.952464788732394
-13.952464788732394
-13.952464788732394
-13.952464788732394
-13.952464788732394
-13.952464788732394
-13.952464788732394
-13.952464788732394
-13.952464788732394
-13.952464788732394
-13.952464788732394
-13.952464788732394
-13.952464788732394
-13.952464788732394
-13.952464788732394
-13.952464788732394
-13.952464788732394
-13.952464788732394
-13.952464788732394
-13.952464788732394
-13.952464788732394
-13.952464788732394
-13.952464788732394
-13.952464788732394
-13.952464788732394
-13.952464788732394
-13.952464788732394
-13.952464788732394
-13.952464788732394
-13.952464788732394
-13.952464788732394
-13.952464788732394
-13.952464788732394
-13.952464788732394
-13.952464788732394
-13.952464788732394
-13.952464788732394
-13.952464788732394
-13.952464788732394
-13.952464788732394
-13.952464788732394
-13.952464788732394
-13.952464788732394
-13.952464788732394
-13.952464788732394
-13.952464788732394
-13.952464788732394
-13.952464788732394
-13.952464788732394
-13.952464788732394
-13.952464788732394
-13.952464788732394
-13.952464788732394
-13.952464788732394
-13.952464788732394
-13.952464788732394
-13.952464788732394
-13.952464788732394
-13.952464788732394
-13.952464788732394
-13.952464788732394
-13.952464788732394
-13.952464788732394
-13.952464788732394
-13.952464788732394
-13.952464788732394
-13.952464788732394
-13.952464788732394
-13.952464788732394
-13.952464788732394
-13.952464788732394
-13.952464788732394
-13.952464788732394
-13.952464788732394
-13.952464788732394
-13.952464788732394
-13.952464788732394
-13.952464788732394
-13.952464788732394
-13.952464788732394
-13.952464788732394
-13.952464788732394
-14.04049295774648
-14.04049295774648
-14.04049295774648
-14.04049295774648
-14.04049295774648
-14.04049295774648
-14.04049295774648
-14.04049295774648
-14.04049295774648
-14.04049295774648
-14.04049295774648
-14.04049295774648
-14.04049295774648
-14.04049295774648
-14.04049295774648
-14.04049295774648
-14.04049295774648
-14.04049295774648
-14.04049295774648
-14.04049295774648
-14.04049295774648
-14.04049295774648
-14.04049295774648
-14.04049295774648
-14.04049295774648
-14.04049295774648
-14.04049295774648
-14.04049295774648
-14.04049295774648
-14.04049295774648
-14.04049295774648
-14.04049295774648
-14.04049295774648
-14.04049295774648
-14.04049295774648
-14.04049295774648
-14.04049295774648
-14.04049295774648
-14.04049295774648
-14.04049295774648
-14.04049295774648
-14.04049295774648
-14.04049295774648
-14.04049295774648
-14.04049295774648
-14.04049295774648
-14.04049295774648
-14.04049295774648
-14.04049295774648
-14.04049295774648
-14.04049295774648
-14.04049295774648
-14.04049295774648
-14.04049295774648
-14.04049295774648
-14.04049295774648
-14.04049295774648
-14.04049295774648
-14.04049295774648
-14.04049295774648
-14.04049295774648
-14.04049295774648
-14.04049295774648
-14.04049295774648
-14.04049295774648
-14.04049295774648
-14.04049295774648
-14.04049295774648
-14.04049295774648
-14.04049295774648
-14.04049295774648
-14.04049295774648
-14.04049295774648
-14.04049295774648
-14.04049295774648
-14.04049295774648
-14.04049295774648
-14.04049295774648
-14.04049295774648
-14.04049295774648
-14.04049295774648
-14.04049295774648
)
;

boundaryField
{
    hotWall
    {
        type            calculated;
        value           nonuniform List<scalar> 0();
    }
    coldWall
    {
        type            calculated;
        value           nonuniform List<scalar> 0();
    }
    bottomWall
    {
        type            calculated;
        value           nonuniform List<scalar> 0();
    }
    topWall
    {
        type            calculated;
        value           uniform -14.08450704225352;
    }
    front
    {
        type            empty;
    }
    back
    {
        type            empty;
    }
    procBoundary5to1
    {
        type            processor;
        value           nonuniform List<scalar> 
53
(
-10.607394366197182
-10.607394366197182
-10.607394366197182
-10.607394366197182
-10.607394366197182
-10.607394366197182
-10.607394366197182
-10.607394366197182
-10.607394366197182
-10.607394366197182
-10.607394366197182
-10.607394366197182
-10.607394366197182
-10.607394366197182
-10.695422535211268
-10.783450704225352
-10.871478873239438
-10.95950704225352
-11.047535211267606
-11.13556338028169
-11.223591549295776
-11.311619718309858
-11.399647887323944
-11.487676056338028
-11.575704225352114
-11.663732394366196
-11.751760563380282
-11.839788732394366
-11.927816901408452
-12.015845070422534
-12.10387323943662
-12.191901408450704
-12.27992957746479
-12.367957746478872
-12.455985915492958
-12.544014084507042
-12.632042253521128
-12.72007042253521
-12.808098591549296
-12.89612676056338
-12.984154929577466
-13.072183098591548
-13.160211267605634
-13.248239436619718
-13.336267605633804
-13.424295774647886
-13.512323943661972
-13.600352112676056
-13.688380281690142
-13.776408450704224
-13.86443661971831
-13.952464788732394
-14.04049295774648
)
;
    }
    procBoundary5to3
    {
        type            processor;
        value           nonuniform List<scalar> 
23
(
-12.10387323943662
-12.191901408450704
-12.27992957746479
-12.367957746478872
-12.455985915492958
-12.544014084507042
-12.632042253521128
-12.72007042253521
-12.808098591549296
-12.89612676056338
-12.984154929577466
-13.072183098591548
-13.160211267605634
-13.248239436619718
-13.336267605633804
-13.424295774647886
-13.512323943661972
-13.600352112676056
-13.688380281690142
-13.776408450704224
-13.86443661971831
-13.952464788732394
-14.04049295774648
)
;
    }
    procBoundary5to4
    {
        type            processor;
        value           nonuniform List<scalar> 
84
(
-10.695422535211268
-10.783450704225352
-10.871478873239438
-10.95950704225352
-11.047535211267606
-11.13556338028169
-11.223591549295776
-11.311619718309858
-11.399647887323944
-11.487676056338028
-11.575704225352114
-11.575704225352114
-11.575704225352114
-11.575704225352114
-11.575704225352114
-11.663732394366196
-11.751760563380282
-11.839788732394366
-11.927816901408452
-12.015845070422534
-12.015845070422534
-12.015845070422534
-12.015845070422534
-12.015845070422534
-12.015845070422534
-12.015845070422534
-12.015845070422534
-12.015845070422534
-12.015845070422534
-12.015845070422534
-12.015845070422534
-12.015845070422534
-12.015845070422534
-12.015845070422534
-12.015845070422534
-12.015845070422534
-12.015845070422534
-12.015845070422534
-12.015845070422534
-12.015845070422534
-12.015845070422534
-12.015845070422534
-12.015845070422534
-12.015845070422534
-12.015845070422534
-12.015845070422534
-12.015845070422534
-12.015845070422534
-12.015845070422534
-12.015845070422534
-12.015845070422534
-12.015845070422534
-12.015845070422534
-12.015845070422534
-12.015845070422534
-12.015845070422534
-12.015845070422534
-12.015845070422534
-12.015845070422534
-12.015845070422534
-12.015845070422534
-12.015845070422534
-12.015845070422534
-12.015845070422534
-12.015845070422534
-12.015845070422534
-12.015845070422534
-12.015845070422534
-12.015845070422534
-12.015845070422534
-12.015845070422534
-12.015845070422534
-12.015845070422534
-12.015845070422534
-12.015845070422534
-12.015845070422534
-12.015845070422534
-12.015845070422534
-12.015845070422534
-12.015845070422534
-12.015845070422534
-12.015845070422534
-12.015845070422534
-12.015845070422534
)
;
    }
}


// ************************************************************************* //
