#              distance                     U_x                     U_y                     U_z                       T
                      0  -2.029755603096333e-18   7.748797071336448e-21                       0        299.714818569312
  0.0003906250000000001  -0.0001154251785949059   4.483561361458714e-07                       0       299.7148185693103
  0.0007812500000000004  -0.0002308503571898132   8.967122722917482e-07                       0       299.7148185693114
   0.001171875000000001    -0.00034627553578472   1.345068408437623e-06                       0       299.7148185693119
   0.001562500000000001  -0.0004443788917673896   2.992160431883576e-06                       0       299.7148462346097
            0.001953125   -0.000538151792097003   4.938936427154558e-06                       0       299.7148808162339
   0.002343750000000001  -0.0006319246924266163   6.885712422425545e-06                       0       299.7149153978582
   0.002734375000000001  -0.0007256975927562296    8.83248841769653e-06                       0       299.7149499794824
   0.003125000000000001   -0.000819470493085843   1.077926441296752e-05                       0       299.7149845611065
            0.003515625  -0.0009132433934154561    1.27260404082385e-05                       0       299.7150191427308
             0.00390625  -0.0009989643111902589   1.504392693573344e-05                       0       299.7151241779432
            0.004296875   -0.001072607255132844   1.791847926156432e-05                       0       299.7153348935378
   0.004687500000000001   -0.001146250199075431   2.079303158739519e-05                       0       299.7155456091323
   0.005078125000000001   -0.001219893143018016   2.366758391322608e-05                       0       299.7157563247269
   0.005468750000000001   -0.001293536086960602   2.654213623905694e-05                       0       299.7159670403215
   0.005859375000000001   -0.001367179030903188   2.941668856488783e-05                       0        299.716177755916
   0.006250000000000001   -0.001440821974845774   3.229124089071869e-05                       0       299.7163884715106
   0.006640625000000001   -0.001495993410070606   3.545742528427657e-05                       0       299.7168793996727
   0.007031250000000001   -0.001551164845295439   3.862360967783445e-05                       0       299.7173703278348
   0.007421875000000001   -0.001606336280520271   4.178979407139234e-05                       0       299.7178612559969
   0.007812500000000002   -0.001661507715745103   4.495597846495023e-05                       0       299.7183521841591
            0.008203125   -0.001716679150969935   4.812216285850809e-05                       0       299.7188431123212
   0.008593750000000002   -0.001771850586194767   5.128834725206594e-05                       0       299.7193340404833
   0.008984375000000003   -0.001817046171447621   5.433957632039606e-05                       0        299.720033219599
   0.009375000000000001   -0.001855591190052487   5.731416850524091e-05                       0       299.7208712326837
            0.009765625   -0.001894136208657354   6.028876069008577e-05                       0       299.7217092457685
             0.01015625   -0.001932681227262222   6.326335287493071e-05                       0       299.7225472588534
            0.010546875   -0.001971226245867088   6.623794505977554e-05                       0       299.7233852719381
              0.0109375   -0.002009771264471954    6.92125372446204e-05                       0       299.7242232850227
            0.011328125   -0.002045387116092737   7.209632888929866e-05                       0       299.7251372799712
             0.01171875   -0.002069286299777181   7.461691837331041e-05                       0       299.7263552023746
            0.012109375   -0.002093185483461626   7.713750785732221e-05                       0       299.7275731247781
                 0.0125    -0.00211708466714607     7.9658097341334e-05                       0       299.7287910471815
            0.012890625   -0.002140983850830516   8.217868682534584e-05                       0       299.7300089695851
             0.01328125   -0.002164883034514961   8.469927630935759e-05                       0       299.7312268919886
            0.013671875   -0.002188782218199405   8.721986579336938e-05                       0        299.732444814392
              0.0140625   -0.002202584901695818   8.927567569053173e-05                       0       299.7339695197119
            0.014453125   -0.002213863460145222   9.121529069098174e-05                       0       299.7355709207609
             0.01484375   -0.002225142018594626   9.315490569143176e-05                       0       299.7371723218099
            0.015234375    -0.00223642057704403   9.509452069188176e-05                       0        299.738773722859
               0.015625   -0.002247699135493433   9.703413569233171e-05                       0        299.740375123908
    0.01601562500000001   -0.002258977693942847   9.897375069278216e-05                       0       299.7419765249584
             0.01640625   -0.002265997982541491   0.0001006705844881477                       0       299.7437233652175
            0.016796875    -0.00226663086636402   0.0001020032464758878                       0       299.7456883642954
              0.0171875   -0.002267263750186548   0.0001033359084636279                       0       299.7476533633733
            0.017578125   -0.002267896634009077    0.000104668570451368                       0       299.7496183624513
    0.01796875000000001   -0.002268529517831606    0.000106001232439108                       0       299.7515833615292
            0.018359375   -0.002269162401654153   0.0001073338944268489                       0       299.7535483606094
                0.01875   -0.002269795285476667   0.0001086665564145884                       0       299.7555133596854
            0.019140625   -0.002261629936643986   0.0001094276788938669                       0       299.7578049972607
             0.01953125   -0.002253464587811299   0.0001101888013731451                       0       299.7600966348352
    0.01992187500000001   -0.002245299238978616   0.0001109499238524237                       0       299.7623882724104
              0.0203125   -0.002237133890145941   0.0001117110463317025                       0       299.7646799099863
    0.02070312500000001   -0.002228968541313278   0.0001124721688109821                       0       299.7669715475641
             0.02109375    -0.00222080319248058   0.0001132332912902597                       0        299.769263185137
            0.021484375    -0.00220836093782624   0.0001136885879747156                       0        299.771722249944
    0.02187500000000001   -0.002193067412624123   0.0001139400007959561                       0       299.7742929329048
            0.022265625   -0.002177773887422014    0.000114191413617197                       0       299.7768636158667
             0.02265625   -0.002162480362219905    0.000114442826438438                       0       299.7794342988286
            0.023046875   -0.002147186837017795   0.0001146942392596789                       0       299.7820049817904
              0.0234375   -0.002131893311815686   0.0001149456520809197                       0       299.7845756647522
            0.023828125   -0.002115468047084347   0.0001151077768785027                       0       299.7871917086426
             0.02421875   -0.002094515824236091    0.000114912749581454                       0       299.7899891962471
            0.024609375   -0.002073563601387835   0.0001147177222844054                       0       299.7927866838515
                  0.025   -0.002052611378539579   0.0001145226949873569                       0        299.795584171456
            0.025390625   -0.002031659155691322   0.0001143276676903082                       0       299.7983816590603
    0.02578125000000001   -0.002010706932843069   0.0001141326403932597                       0       299.8011791466652
            0.026171875   -0.001989754709994831   0.0001139376130962121                       0       299.8039766342723
              0.0265625   -0.001965288018616537   0.0001134261562462026                       0       299.8069141016043
            0.026953125   -0.001939942710105749   0.0001128355920079537                       0       299.8098865638702
             0.02734375   -0.001914597401594966   0.0001122450277697052                       0        299.812859026137
    0.02773437500000001   -0.001889252093084183   0.0001116544635314567                       0       299.8158314884038
               0.028125     -0.0018639067845734   0.0001110638992932082                       0       299.8188039506705
            0.028515625   -0.001838561476062618   0.0001104733350549596                       0       299.8217764129373
             0.02890625    -0.00181188694380351   0.0001097383938107851                       0       299.8247998294025
            0.029296875   -0.001783218575921917   0.0001087868870577217                       0       299.8278996771656
              0.0296875   -0.001754550208040323   0.0001078353803046582                       0       299.8309995249286
            0.030078125    -0.00172588184015873   0.0001068838735515947                       0       299.8340993726916
             0.03046875   -0.001697213472277139   0.0001059323667985311                       0       299.8371992204551
            0.030859375   -0.001668545104395541   0.0001049808600454675                       0       299.8402990682175
                0.03125   -0.001639876736513952   0.0001040293532924042                       0       299.8433989159814
    0.03164062500000001   -0.001608772841984782   0.0001027383777996527                       0       299.8465853093109
    0.03203125000000001   -0.001577668947455617   0.0001014474023069016                       0       299.8497717026412
            0.032421875   -0.001546565052926453   0.0001001564268141505                       0       299.8529580959715
              0.0328125   -0.001515461158397288   9.886545132139928e-05                       0       299.8561444893019
            0.033203125   -0.001484357263868127   9.757447582864818e-05                       0       299.8593308826332
             0.03359375   -0.001453253369338965   9.628350033589717e-05                       0       299.8625172759641
    0.03398437500000001   -0.001421119610660749   9.479812560896283e-05                       0       299.8657359081018
               0.034375    -0.00138829927588318   9.318315139257395e-05                       0       299.8689760327804
    0.03476562500000001   -0.001355478941105611   9.156817717618499e-05                       0        299.872216157459
    0.03515625000000001   -0.001322658606328054   8.995320295979696e-05                       0       299.8754562821406
    0.03554687500000001   -0.001289838271550476   8.833822874340736e-05                       0        299.878696406817
              0.0359375   -0.001257017936772903   8.672325452701863e-05                       0       299.8819365314945
            0.036328125    -0.00122396722987911   8.504699996540358e-05                       0       299.8851824955411
    0.03671874999999999   -0.001189995034520417   8.312562402288358e-05                       0       299.8884518170595
            0.037109375   -0.001156022839161722    8.12042480803638e-05                       0        299.891721138578
    0.03750000000000001   -0.001122050643803028   7.928287213784402e-05                       0       299.8949904600964
            0.037890625   -0.001088078448444334   7.736149619532423e-05                       0       299.8982597816149
             0.03828125   -0.001054106253085641   7.544012025280441e-05                       0       299.9015291031334
            0.038671875   -0.001020134057726953   7.351874431028498e-05                       0       299.9047984246534
              0.0390625  -0.0009855801526253555    7.13735789356038e-05                       0       299.9080776917783
    0.03945312500000001  -0.0009508808200880383   6.917246620288268e-05                       0       299.9113594453068
             0.03984375  -0.0009161814875507226   6.697135347016163e-05                       0       299.9146411988354
    0.04023437500000001  -0.0008814821550134057    6.47702407374403e-05                       0       299.9179229523642
    0.04062500000000001  -0.0008467828224760885   6.256912800471936e-05                       0       299.9212047058925
            0.041015625  -0.0008120834899387764   6.036801527199853e-05                       0       299.9244864594224
    0.04140625000000001  -0.0007772140262449763    5.80710597706904e-05                       0       299.9277691781166
    0.04179687500000001  -0.0007420893658164648   5.563034011650269e-05                       0       299.9310533445644
              0.0421875  -0.0007069647053879458    5.31896204623147e-05                       0       299.9343375110088
    0.04257812499999999  -0.0006718400449594312   5.074890080812645e-05                       0       299.9376216774549
             0.04296875  -0.0006367153845309152   4.830818115393849e-05                       0        299.940905843901
    0.04335937500000001  -0.0006015907241023993   4.586746149975054e-05                       0       299.9441900103471
    0.04375000000000001  -0.0005664660636738851    4.34267418455624e-05                       0       299.9474741767941
            0.044140625  -0.0005311156117770997   4.080130556603996e-05                       0       299.9507561514595
             0.04453125  -0.0004957651598803154   3.817586928651729e-05                       0       299.9540381261256
            0.044921875   -0.000460414707983531   3.555043300699462e-05                       0       299.9573201007918
    0.04531250000000001  -0.0004250642560867459   3.292499672747188e-05                       0       299.9606020754579
            0.045703125  -0.0003897138041899613   3.029956044794917e-05                       0        299.963884050124
             0.04609375  -0.0003543633522931766   2.767412416842647e-05                       0       299.9671660247901
            0.046484375  -0.0003189507793720079   2.497861858538288e-05                       0       299.9704462760752
               0.046875   -0.000283496792434583   2.223640013332535e-05                       0       299.9737253784397
    0.04726562500000001  -0.0002480428054971573   1.949418168126777e-05                       0        299.977004480804
             0.04765625  -0.0002125888185597324   1.675196322921022e-05                       0       299.9802835831684
            0.048046875  -0.0001771348316223074   1.400974477715266e-05                       0       299.9835626855328
              0.0484375  -0.0001416808446848825    1.12675263250951e-05                       0       299.9868417878972
            0.048828125  -0.0001062209513922931   8.517313762264978e-06                       0       299.9901206530687
    0.04921875000000001   -7.07374326790448e-05   5.735124756344551e-06                       0       299.9933985694681
            0.049609375  -3.525391396579714e-05   2.952935750424175e-06                       0       299.9966764858676
    0.05000000000000001   2.296047474505096e-07   1.707467445037995e-07                       0       299.9999544022688
    0.05039062500000001   3.571312346070038e-05  -2.611442261417041e-06                       0       300.0032323186682
             0.05078125   7.119664217394773e-05  -5.393631267337683e-06                       0       300.0065102350659
    0.05117187500000001    0.000106680160887197  -8.175820273258472e-06                       0       300.0097881514655
              0.0515625   0.0001421412219254318  -1.092603422999669e-05                       0       300.0130670991873
    0.05195312500000001   0.0001775966685449158   -1.36682544244395e-05                       0       300.0163463047414
    0.05234375000000001   0.0002130521151643974   -1.64104746188821e-05                       0       300.0196255102923
            0.052734375   0.0002485075617838792   -1.91526948133248e-05                       0       300.0229047158447
    0.05312500000000001   0.0002839630084033651  -2.189491500776785e-05                       0       300.0261839213989
    0.05351562500000001   0.0003194184550228479  -2.463713520221066e-05                       0       300.0294631269513
             0.05390625   0.0003548330446645972  -2.733265846810361e-05                       0        300.032743521005
    0.05429687500000001   0.0003901863488397486  -2.995813634117196e-05                       0       300.0360256978105
    0.05468750000000001   0.0004255396530148995  -3.258361421424027e-05                       0        300.039307874616
    0.05507812500000001    0.000460892957190049  -3.520909208730846e-05                       0       300.0425900514199
             0.05546875    0.000496246261365199  -3.783456996037667e-05                       0       300.0458722282254
            0.055859375   0.0005315995655403498  -4.046004783344493e-05                       0       300.0491544050309
                0.05625   0.0005669528697155005  -4.308552570651318e-05                       0       300.0524365818364
            0.056640625   0.0006020816450472056  -4.552639937461206e-05                       0       300.0557210409689
    0.05703125000000001   0.0006372104203789115  -4.796727304271098e-05                       0       300.0590055001014
    0.05742187500000001   0.0006723391957106174  -5.040814671080991e-05                       0        300.062289959234
    0.05781250000000002   0.0007074679710423283  -5.284902037890955e-05                       0       300.0655744183684
    0.05820312499999999   0.0007425967463740259  -5.528989404700777e-05                       0       300.0688588774988
             0.05859375   0.0007777255217057316  -5.773076771510682e-05                       0       300.0721433366313
    0.05898437500000001   0.0008125997463485809  -6.002800478212661e-05                       0        300.075426394951
    0.05937500000000001   0.0008473042705321926  -6.222948411509356e-05                       0       300.0787085193957
            0.059765625    0.000882008794715803  -6.443096344806043e-05                       0       300.0819906438402
    0.06015625000000001   0.0009167133188994155  -6.663244278102774e-05                       0       300.0852727682851
    0.06054687500000001   0.0009514178430830259  -6.883392211399441e-05                       0       300.0885548927293
    0.06093750000000001   0.0009861223672666369  -7.103540144696111e-05                       0        300.091837017174
            0.061328125    0.001020681632481871  -7.318099949921558e-05                       0        300.095116667699
             0.06171875    0.001054659861823602  -7.510307242861878e-05                       0        300.098386422546
    0.06210937499999999    0.001088638091165332   -7.70251453580219e-05                       0        300.101656177393
                 0.0625     0.00112261632050707  -7.894721828742559e-05                       0       300.1049259322416
    0.06289062500000002    0.001156594549848796  -8.086929121682851e-05                       0       300.1081956870869
    0.06328125000000001     0.00119057277919053  -8.279136414623218e-05                       0        300.111465441935
    0.06367187500000002    0.001224551008532257  -8.471343707563511e-05                       0       300.1147351967809
    0.06406250000000001    0.001257608200905064  -8.639075141826071e-05                       0       300.1179816291595
            0.064453125     0.00129043513403564  -8.800687611419189e-05                       0       300.1212222309209
    0.06484375000000001    0.001323262067166216  -8.962300081012312e-05                       0       300.1244628326824
            0.065234375    0.001356089000296792  -9.123912550605437e-05                       0       300.1277034344438
    0.06562500000000002     0.00138891593342737  -9.285525020198575e-05                       0       300.1309440362052
    0.06601562500000002    0.001421742866557953  -9.447137489791756e-05                       0       300.1341846379679
             0.06640625    0.001453883320810361  -9.595812731496009e-05                       0       300.1374037564723
    0.06679687500000001    0.001484994056745538  -9.725082131367083e-05                       0       300.1405906500942
              0.0671875    0.001516104792680716  -9.854351531238187e-05                       0       300.1437775437165
    0.06757812500000002    0.001547215528615891  -9.983620931109257e-05                       0       300.1469644373379
    0.06796874999999999    0.001578326264551065   -0.000101128903309803                       0       300.1501513309599
            0.068359375    0.001609437000486242  -0.0001024215973085138                       0       300.1533382245819
    0.06875000000000001    0.001640547736421428  -0.0001037142913072252                       0       300.1565251182056
    0.06914062499999998     0.00166922281868918  -0.0001046681761954855                       0       300.1596254682943
             0.06953125    0.001697897900956944  -0.0001056220610837465                       0       300.1627258183848
    0.06992187500000001    0.001726572983224707  -0.0001065759459720074                       0       300.1658261684753
              0.0703125    0.001755248065492479  -0.0001075298308602689                       0       300.1689265185674
    0.07070312500000001    0.001783923147760231  -0.0001084837157485292                       0       300.1720268686563
             0.07109375    0.001812598230027993    -0.00010943760063679                       0       300.1751272187468
    0.07148437500000002    0.001839279143407704  -0.0001101753488293327                       0       300.1781511265905
    0.07187500000000002    0.001864630610862046  -0.0001107690058913964                       0       300.1811240729363
            0.072265625    0.001889982078316386  -0.0001113626629534601                       0       300.1840970192823
    0.07265625000000001    0.001915333545770728  -0.0001119563200155238                       0       300.1870699656279
    0.07304687499999998    0.001940685013225068  -0.0001125499770775876                       0       300.1900429119738
              0.0734375    0.001966036480679411  -0.0001131436341396512                       0       300.1930158583197
    0.07382812499999999    0.001990509120597743  -0.0001136583281317003                       0       300.1959538025308
             0.07421875    0.002011466450372039   -0.000113857169843691                       0       300.1987517382028
    0.07460937500000001    0.002032423780146335   -0.000114056011555682                       0       300.2015496738748
    0.07500000000000001    0.002053381109920642  -0.0001142548532676733                       0       300.2043476095484
            0.075390625    0.002074338439694928  -0.0001144536949796635                       0       300.2071455452189
    0.07578125000000001    0.002095295769469232  -0.0001146525366916548                       0        300.209943480892
            0.076171875    0.002116253099243543  -0.0001148513784036464                       0       300.2127414165662
    0.07656249999999999     0.00213268217417382  -0.0001146936054700117                       0        300.215357868737
            0.076953125     0.00214797918539312   -0.000114446678874972                       0       300.2179289500367
    0.07734374999999999     0.00216327619661242  -0.0001141997522799325                       0       300.2205000313363
    0.07773437500000002    0.002178573207831724  -0.0001139528256848935                       0       300.2230711126361
               0.078125    0.002193870219051028  -0.0001137058990898542                       0       300.2256421939363
    0.07851562500000001    0.002209167230270323  -0.0001134589724948142                       0       300.2282132752352
    0.07890625000000001    0.002221612069044209  -0.0001130083862910922  -3.092461158284203e-27       300.2306727150709
    0.07929687499999999    0.002229778649149972  -0.0001122523106743461  -1.082361405399443e-26       300.2329646927105
    0.07968749999999999    0.002237945229255737  -0.0001114962350575998   -1.85547669497052e-26       300.2352566703503
            0.080078125      0.0022461118093615  -0.0001107401594408538  -2.628591984541624e-26         300.23754864799
    0.08046875000000001    0.002254278389467265  -0.0001099840838241077  -3.401707274112702e-26       300.2398406256298
    0.08085937500000002     0.00226244496957303  -0.0001092280082073616  -4.174822563683808e-26       300.2421326032696
    0.08124999999999999    0.002270611549678819  -0.0001084719325906166  -4.947937853254915e-26       300.2444245809128
    0.08164062500000001     0.00226997696585282   -0.000107144704885349  -4.826830647719198e-26       300.2463898588768
             0.08203125    0.002269342382026846  -0.0001058174771800825  -4.705723442183538e-26       300.2483551368442
    0.08242187500000001    0.002268707798200872  -0.0001044902494748159  -4.584616236647872e-26       300.2503204148117
    0.08281250000000001    0.002268073214374898  -0.0001031630217695494  -4.463509031112206e-26        300.252285692779
            0.083203125    0.002267438630548924   -0.000101835794064283  -4.342401825576548e-26       300.2542509707465
    0.08359375000000001    0.002266804046722961  -0.0001005085663590169  -4.221294620040904e-26       300.2562162487153
            0.083984375    0.002259779889085677  -9.881726012692873e-05  -3.842589684790947e-26       300.2579633325806
    0.08437500000000001    0.002248496015574204  -9.688323487696019e-05  -3.292152929731468e-26       300.2595649537137
    0.08476562500000001    0.002237212142062731  -9.494920962699164e-05  -2.741716174671988e-26       300.2611665748467
             0.08515625    0.002225928268551258  -9.301518437702316e-05  -2.191279419612536e-26       300.2627681959797
    0.08554687500000001     0.00221464439503979  -9.108115912705493e-05  -1.640842664553039e-26       300.2643698171134
              0.0859375    0.002203360521528322  -8.914713387708663e-05  -1.090405909493589e-26       300.2659714382469
    0.08632812500000001    0.002189551669945646  -8.709688804908371e-05   -6.47761510803739e-27       300.2674963531761
    0.08671875000000001    0.002165642906078131  -8.458175990894204e-05   -6.36286537592487e-27       300.2687144432863
    0.08710937499999999    0.002141734142210629  -8.206663176880103e-05  -6.248115643812373e-27       300.2699325333982
    0.08749999999999999    0.002117825378343125  -7.955150362865982e-05  -6.133365911699867e-27         300.27115062351
    0.08789062499999999    0.002093916614475622  -7.703637548851878e-05  -6.018616179587271e-27       300.2723687136219
    0.08828124999999999    0.002070007850608119  -7.452124734837761e-05  -5.903866447474773e-27       300.2735868037338
    0.08867187500000001    0.002046099086740615  -7.200611920823633e-05  -5.789116715362271e-27       300.2748048938457
    0.08906249999999999    0.002010469777061679  -6.912742647916529e-05  -4.440940206820398e-27       300.2757190214818
    0.08945312499999999    0.001971910330929881  -6.615784260286153e-05  -2.784407004171051e-27        300.276557158499
    0.08984374999999999    0.001933350884798086  -6.318825872655787e-05  -1.127873801521761e-27       300.2773952955163
    0.09023437500000001    0.001894791438666288  -6.021867485025407e-05   5.286594011280199e-28       300.2782334325336
    0.09062500000000001    0.001856231992534491  -5.724909097395034e-05   2.185192603777402e-27       300.2790715695509
            0.091015625    0.001817672546402696   -5.42795070976467e-05   3.841725806426724e-27        300.279909706568
    0.09140625000000001    0.001772460394251372  -5.123296761429576e-05   4.771009818694881e-27        300.280608995494
            0.091796875    0.001717269183070759  -4.807099472037408e-05   4.609420045390979e-27       300.2811000122829
    0.09218750000000001    0.001662077971890145   -4.49090218264523e-05   4.447830272087074e-27       300.2815910290718
    0.09257812500000001     0.00160688676070953  -4.174704893253053e-05   4.286240498783071e-27       300.2820820458608
    0.09296874999999999    0.001551695549528918  -3.858507603860891e-05   4.124650725479181e-27       300.2825730626496
    0.09335937500000001      0.0014965043383483  -3.542310314468698e-05   3.963060952175276e-27       300.2830640794386
    0.09374999999999999    0.001441313127167688  -3.226113025076537e-05   3.801471178871386e-27       300.2835550962275
    0.09414062500000001    0.001367644617666484  -2.938969125235401e-05   3.207491307172718e-27        300.283765871105
    0.09453125000000001    0.001293976108165282  -2.651825225394277e-05   2.613511435474071e-27       300.2839766459825
            0.094921875    0.001220307598664082  -2.364681325553161e-05   2.019531563775445e-27       300.2841874208601
    0.09531250000000001     0.00114663908916288  -2.077537425712036e-05   1.425551692076756e-27       300.2843981957375
            0.095703125    0.001072970579661683  -1.790393525870926e-05   8.315718203781164e-28        300.284608970616
    0.09609375000000002   0.0009993020701604799  -1.503249626029792e-05   2.375919486794347e-28        300.284819745494
    0.09648437500000001   0.0009135518267798457  -1.271666233669227e-05                       0       300.2849248232686
               0.096875   0.0008197470941462634  -1.077123179629033e-05                       0       300.2849594363102
    0.09726562500000002   0.0007259423615126747  -8.825801255888251e-06                       0       300.2849940493518
             0.09765625    0.000632137628879095  -6.880370715486368e-06                       0       300.2850286623935
    0.09804687500000001   0.0005383328962455069  -4.934940175084309e-06                       0       300.2850632754352
    0.09843750000000001   0.0004445281636119206  -2.989509634682257e-06                       0       300.2850978884782
            0.098828125   0.0003463916039109844  -1.343592377213219e-06                       0       300.2851255789101
    0.09921875000000001   0.0002309277359406536  -8.957282514754688e-07                       0       300.2851255789102
            0.099609375   0.0001154638679703268  -4.478641257377345e-07                       0       300.2851255789101
                    0.1                       0                       0                       0       300.2851255789101
