#              distance                     U_x                     U_y                     U_z                       T
  6.939827610207933e-18   2.007445873903208e-23   1.932765213608139e-20                       0       300.5000000000001
  0.0003906250000000001   5.307612416042233e-07   0.0002133262938218163                       0       300.4903904531161
  0.0007812500000000002   2.263564441431077e-06   0.0004132578652169335                       0       300.4807810064165
            0.001171875   4.905040234517166e-06   0.0006035311525794171                       0       300.4711728685267
              0.0015625    8.15229775644284e-06   0.0007873655839201592                       0       300.4615656031845
            0.001953125   1.263588991664903e-05   0.0009557215960267964  -2.009614594401281e-27       300.4519647069569
             0.00234375    1.75072376186883e-05    0.001118124294078308  -3.183024892653325e-27       300.4423687705979
   0.002734375000000001   2.296021863347719e-05    0.001271597021047131   -3.10212874668185e-27       300.4327802740417
               0.003125   2.901335013522605e-05    0.001413628709625042  -3.021665043810994e-27         300.42320782667
            0.003515625    3.53248324493956e-05    0.001550054739400715  -3.301244932243981e-27       300.4136452216144
             0.00390625   4.206956752628787e-05    0.001675499172358348  -5.020566742791469e-27       300.4041059366386
            0.004296875   4.902315485263972e-05    0.001793050016632098  -4.599135051326891e-27       300.3945903316825
   0.004687500000000002   5.611597701196466e-05    0.001905338468449926   -2.75053435852099e-27       300.3850905134065
            0.005078125   6.337951914239881e-05    0.002005041870037332  -1.031450384445365e-27       300.3756415122098
   0.005468750000000001   7.064690448658382e-05    0.002099940417162305                       0       300.3662177154726
            0.005859375   7.792005465139482e-05    0.002187631682593626                       0       300.3568317254245
   0.006249999999999999   8.508508379640486e-05    0.002266174012105944  -1.166127826284205e-27       300.3475064256589
   0.006640625000000002   9.217036739740206e-05    0.002340257718806115  -2.317212421934678e-27       300.3382141365613
   0.007031250000000001   9.904478984214784e-05    0.002405655870176704  -2.241996268765405e-27       300.3289931998535
   0.007421875000000001   0.0001056937143921467    0.002464889033345227  -1.382443629686042e-27       300.3198339535444
   0.007812500000000002   0.0001121923070123143    0.002520012204379041                       0       300.3107158341678
   0.008203124999999999   0.0001182186905199378    0.002565443977115902                       0       300.3017142873426
   0.008593750000000001   0.0001240238180577617    0.002607232633238232                       0        300.292764857435
   0.008984375000000001   0.0001294970616408861    0.002643556614438765                       0       300.2838936029038
   0.009375000000000001   0.0001344749719494723    0.002673059707986974                       0       300.2751374050885
            0.009765625   0.0001391948607837417    0.002699267869815601                       0        300.266441373881
             0.01015625   0.0001433779969952819    0.002719117192418217                       0        300.257870952388
            0.010546875   0.0001471356081261661     0.00273454004220623                       0        300.249402369207
              0.0109375   0.0001506095358699463    0.002747011910117843                       0       300.2410016782341
            0.011328125   0.0001533486677700497    0.002752668547033398                       0       300.2327828396227
             0.01171875   0.0001557883618894588    0.002755819478029243                       0       300.2246413077592
            0.012109375   0.0001577788993378308    0.002755211850145583                       0       300.2166157360237
                 0.0125   0.0001591681999206491     0.00275002273481018                       0       300.2087532658953
            0.012890625   0.0001602582657389383    0.002742647211757951                       0       300.2009742911774
             0.01328125   0.0001607526293646642    0.002731107545290161                       0       300.1933661964951
            0.013671875   0.0001608096907613228    0.002716747154672735                       0        300.185891522625
              0.0140625   0.0001605752173386031    0.002700506281288887                       0       300.1785057959631
            0.014453125     0.00015963556556486    0.002680048699514501                       0       300.1713501971645
             0.01484375   0.0001584260538777258    0.002658089833846401                       0       300.1642893348783
            0.015234375   0.0001568117523205048    0.002633879042337731                       0       300.1573705773603
               0.015625   0.0001546868655833814    0.002607018665411569                       0       300.1506458073758
            0.016015625   0.0001523149575445748    0.002578917085541987   -9.26957693597742e-29       300.1440189437068
             0.01640625   0.0001494655494789737    0.002548500279316803  -5.561746161586391e-28       300.1375897178332
            0.016796875   0.0001462852447705334    0.002516583407608841   -7.15236759415336e-28       300.1313108116517
              0.0171875   0.0001428843423002013    0.002483666492245695  -6.713544336439584e-28       300.1251321185985
            0.017578125   0.0001389804816793563    0.002448618877365342  -2.517579126164832e-28       300.1192063818799
             0.01796875   0.0001348957877948553    0.002412856843533703                       0       300.1133823827471
            0.018359375   0.0001305398440148695    0.002376023181275136                       0        300.107710989993
                0.01875    0.000125864196426943    0.002338016586976702  -2.559038816189124e-28        300.102243382612
            0.019140625   0.0001210393632496094    0.002299482589282971  -4.513980401666912e-28       300.0968775543664
             0.01953125   0.0001159374915226268    0.002260011910048694  -1.493494248112275e-28       300.0917150573895
            0.019921875   0.0001106599840079386    0.002220001401956227   1.229121591166688e-28       300.0867041760933
              0.0203125   0.0001052653859681135    0.002179631007958301   3.753157220928613e-28       300.0817943719176
    0.02070312500000001    9.96312993770041e-05    0.002138608424492673   1.407433957848204e-28       300.0771349432362
             0.02109375   9.392237445833633e-05    0.002097414815567771                       0       300.0725744242886
            0.021484375   8.810119204832557e-05    0.002055964668453839                       0       300.0681622699249
    0.02187500000000001   8.217121249405815e-05    0.002014334521864908                       0       300.0639448794009
            0.022265625   7.619671809341484e-05    0.001972650664331058  -2.840839429346484e-29       300.0598239767348
    0.02265625000000001   7.015296145152461e-05    0.001930931962492575  -1.704503657607835e-28       300.0558942616671
            0.023046875   6.408570351014485e-05    0.001889283935292956  -2.136591910558058e-28       300.0521049058406
              0.0234375    5.80027780357728e-05    0.001847683024519245  -1.909792522359634e-28       300.0484091228419
            0.023828125   5.192580971850548e-05    0.001806342237797025  -7.161721958848829e-29       300.0449417059766
             0.02421875    4.58682730247361e-05    0.001765155279022566                       0       300.0415632308821
            0.024609375   3.983988376621363e-05    0.001724199062169746                       0       300.0383181684434
                  0.025   3.388231393756573e-05    0.001683636669029241  -4.943050891254108e-29       300.0352458764123
            0.025390625   2.796758194204285e-05    0.001643289614545761  -1.048330442672383e-28        300.032258628079
             0.02578125   2.215338184915011e-05    0.001603410090978444  -1.346931764780263e-28       300.0294387841974
            0.026171875   1.643512983455058e-05    0.001563927843875802  -1.104537088635335e-28       300.0267403160437
              0.0265625   1.078084320547883e-05    0.001524710447749608    -5.0147841365528e-29        300.024122765042
            0.026953125   5.317775788366185e-06    0.001486219611405333  -1.880544051207283e-29       300.0217003464381
             0.02734375  -5.746610872804193e-08    0.001448040303984813                       0       300.0193530589669
            0.027734375  -5.300969725796273e-06     0.00141032828994993                       0       300.0171184681948
               0.028125  -1.034850735583354e-05    0.001373272268676547                       0       300.0150282205859
    0.02851562500000001  -1.529356642671286e-05    0.001336550465380785                       0       300.0130086550421
             0.02890625   -2.00246772479963e-05    0.001300509541234157                       0        300.011127474629
            0.029296875  -2.458355595318801e-05    0.001264992495869169                       0       300.0093456102212
    0.02968750000000001  -2.902761324764995e-05    0.001229824703025276                       0       300.0076299564838
            0.030078125  -3.316778436218226e-05    0.001195543930973806                       0       300.0060724047682
             0.03046875  -3.718074668218211e-05     0.00116162061691377                       0       300.0045751492563
            0.030859375  -4.100289581038489e-05    0.001128233489840991                       0       300.0031683380765
                0.03125  -4.456139579467313e-05    0.001095561422367904                       0       300.0018763039552
            0.031640625  -4.798626066738084e-05    0.001063245784245859   8.933108047829755e-30       300.0006402280017
             0.03203125  -5.114023423768648e-05    0.001031640803928298   5.359864828697579e-29       299.9995132076602
            0.032421875  -5.408702993396949e-05    0.001000562529674145   7.366810877478355e-29       299.9984637712463
              0.0328125  -5.689570704756995e-05   0.0009698353927955947   7.734018276169937e-29        299.997466057451
            0.033203125  -5.935465472792759e-05   0.0009399712921834561   8.028260350787865e-29       299.9965907939668
             0.03359375   -6.16727876688041e-05   0.0009104449888890483    8.29544055601636e-29       299.9957618366402
            0.033984375  -6.377969850046146e-05   0.0008814253815712351   8.522027957161504e-29         299.99500233855
               0.034375  -6.560473441978656e-05   0.0008530639768192117   4.283672718695175e-29       299.9943302510967
            0.034765625  -6.728914671272023e-05   0.0008250267833040599                       0       299.9937006068372
             0.03515625  -6.869293941241831e-05   0.0007976282321706073                       0        299.993153324716
    0.03554687499999999  -6.988826052612733e-05   0.0007706926292196602                       0       299.9926641463382
              0.0359375  -7.094460058250977e-05   0.0007440656583903815                       0       299.9922137037896
            0.036328125  -7.165844173441971e-05   0.0007181816638196562                       0       299.9918541889098
             0.03671875  -7.223787054955031e-05   0.0006925828044703762                       0       299.9915287614278
            0.037109375    -7.2615680859514e-05   0.0006674116479532636                       0       299.9912544650426
    0.03750000000000001  -7.273096146051127e-05   0.0006427856689486878                       0       299.9910439379822
            0.037890625  -7.271680921717314e-05   0.0006184258134871944                       0       299.9908642342626
             0.03828125  -7.244745530546193e-05   0.0005945852746854963                       0       299.9907440545813
            0.038671875  -7.199290824803379e-05    0.000571114391449349                       0       299.9906654519289
              0.0390625  -7.141489909345914e-05    0.000547889945256902                       0       299.9906145672957
    0.03945312500000001  -7.053966876722034e-05   0.0005252480115501714                       0       299.9906280593651
             0.03984375  -6.955052071921244e-05   0.0005028255081999773                       0       299.9906654089927
    0.04023437500000001  -6.839049608855321e-05    0.000480732150384586                       0       299.9907385449573
               0.040625  -6.701330034368896e-05    0.000459050333420337                       0       299.9908557525258
    0.04101562500000001  -6.553034901317381e-05   0.0004375674379747287   -8.73241635524557e-30       299.9909941191042
    0.04140625000000001  -6.384154645426185e-05    0.000416468687752546  -5.239449813147147e-29       299.9911730501182
            0.041796875  -6.200728963077988e-05   0.0003956375006067863  -6.813296880027796e-29       299.9913798711081
              0.0421875  -6.007606329758523e-05   0.0003749846888453085  -6.525569873080638e-29       299.9916052854149
            0.042578125  -5.791796971809434e-05   0.0003547436499887816  -2.447088702405178e-29       299.9918731131254
             0.04296875  -5.567559058452222e-05   0.0003346537082811872                       0       299.9921563352405
    0.04335937500000001  -5.330678311982793e-05   0.0003147904122969911                       0        299.992462648962
    0.04375000000000001  -5.078275272510724e-05   0.0002952022285460153                       0       299.9927967153355
            0.044140625  -4.818454212546306e-05    0.000275744871419894                       0       299.9931439233036
    0.04453125000000001  -4.544483363615745e-05   0.0002565357085599724                       0       299.9935159449992
            0.044921875  -4.260954401795553e-05    0.000237492635062725                       0       299.9939044391546
    0.04531250000000001  -3.971053364715439e-05   0.0002185602878072589                       0         299.99430391495
            0.045703125  -3.667015272033749e-05   0.0001998715532824376                       0       299.9947273812041
             0.04609375  -3.358052039376664e-05   0.0001812670702846345                       0       299.9951590934078
    0.04648437500000001  -3.041701096756173e-05    0.000162788964577357                       0       299.9956031745359
               0.046875  -2.716980317433652e-05   0.0001444531391252321                       0       299.9960611083348
    0.04726562500000001  -2.388449105329326e-05   0.0001261819350990468                       0       299.9965253216547
             0.04765625  -2.053045998799657e-05   0.0001080269365214558                       0       299.9970008003481
            0.048046875  -1.713622995307221e-05   8.993963125544736e-05     1.2307428423614e-29       299.9974828195618
    0.04843749999999999  -1.371520060506108e-05   7.189745486382635e-05   3.281980912963594e-29        299.997969199118
            0.048828125  -1.024620862004068e-05   5.393579425368424e-05   2.468459314167456e-29       299.9984633401158
    0.04921875000000001  -6.765684134754799e-06   3.599345502304322e-05   1.485259766167224e-29       299.9989593417855
            0.049609375  -3.267860899068012e-06   1.808009786165412e-05   2.475432943612187e-30       299.9994581344629
                   0.05   2.376764607740255e-07   1.796595648294198e-07                       0       299.9999581749258
    0.05039062499999999   3.743229310646244e-06  -1.772074639448881e-05                       0       300.0004582220834
             0.05078125   7.241129996492129e-06  -3.563394186835027e-05                       0       300.0009570482345
    0.05117187500000001   1.072177793311949e-05  -5.357602226023618e-05                       0       300.0014531034949
    0.05156250000000001   1.419092403693584e-05  -7.153735926413757e-05                       0       300.0019473114949
            0.051953125   1.761218260783303e-05  -8.957904967201905e-05                       0       300.0024337916915
    0.05234375000000001    2.10066709667395e-05  -0.0001076658037317094                       0       300.0029159250728
    0.05273437500000001   2.436100400765851e-05    -0.00012582015326911                       0       300.0033915382211
    0.05312500000000001    2.76466737918803e-05  -0.0001440905770995766                       0       300.0038559131768
            0.053515625   3.089426630366782e-05   -0.000162425556561844                       0        300.004314022292
             0.05390625   3.405821298241106e-05  -0.0001809026842582194                       0       300.0047583061645
            0.054296875   3.714831911278334e-05  -0.0001995060894753035                       0       300.0051902418738
              0.0546875   4.018919821090973e-05   -0.000218193679706193                       0       300.0056139454746
    0.05507812500000001   4.308876210718745e-05  -0.0002371247149764892                       0       300.0060136935822
    0.05546875000000001    4.59246248363559e-05  -0.0002561664087993079                       0          300.0064024742
            0.055859375   4.866493581485828e-05  -0.0002753740904509098                       0       300.0067748035826
    0.05624999999999999   5.126378229332813e-05   -0.000294829829691716                       0        300.007122347897
    0.05664062499999999   5.378846364700346e-05  -0.0003144163268835064                       0       300.0074567650435
    0.05703125000000001   5.615794900152678e-05  -0.0003342777982900298                       0       300.0077634585866
            0.057421875   5.840102086493083e-05  -0.0003543658108933472                       0       300.0080470826209
              0.0578125   6.055981706758938e-05  -0.0003746048509611938                       0       300.0083153269828
            0.058203125   6.249176096108005e-05  -0.0003952554880723454                       0       300.0085411953189
             0.05859375   6.432673705176818e-05  -0.0004160844295994144                       0       300.0087484855123
    0.05898437500000001   6.601626143825544e-05  -0.0004371808277503692                       0       300.0089279084984
               0.059375    6.74999287710929e-05   -0.000458661228062097                       0       300.0090667978773
            0.059765625   6.887783511958005e-05  -0.0004803404781233838                       0       300.0091845437669
    0.06015625000000001   7.003855458431889e-05   -0.000502431125022194                       0       300.0092582493468
    0.06054687500000001   7.102837765282021e-05  -0.0005248508089078583                       0       300.0092961924182
    0.06093750000000001   7.190426979049381e-05  -0.0005474898507847366                       0       300.0093102938042
            0.061328125   7.248289354863298e-05  -0.0005707112237111835                       0       300.0092600587794
             0.06171875   7.293803030710776e-05   -0.000594178961082302                       0       300.0091821220684
    0.06210937500000001   7.320793656608882e-05  -0.0006180162451204411                       0       300.0090626328343
                 0.0625   7.322257863668723e-05  -0.0006423727010169656                       0       300.0088836526526
    0.06289062500000001   7.310775326025992e-05  -0.0006669952082871334                       0       300.0086738657708
    0.06328125000000001   7.273032228411014e-05  -0.0006921627491934975                       0       300.0084003430431
            0.063671875    7.21512053853945e-05  -0.0007177578861813557  -7.612971035102063e-29       300.0080757145598
    0.06406249999999999   7.143763120497235e-05  -0.0007436380872235792  -2.030125609360443e-28       300.0077170155884
    0.06445312500000001   7.038142751765748e-05   -0.000770261089424102  -2.021080418214501e-28       300.0072674315501
    0.06484375000000001    6.91861829616692e-05  -0.0007971926552393053  -1.511739977645169e-28       300.0067791288137
            0.065234375   6.778237710267664e-05  -0.0008245870664765752  -2.519566629408606e-29       300.0062327480468
               0.065625   6.609781639249686e-05  -0.0008526199870661081                       0       300.0056040395312
    0.06601562499999999    6.42725604107731e-05  -0.0008809770536311836                       0       300.0049329050188
             0.06640625    6.21652781940555e-05  -0.0009099921947461744                       0       300.0041743942674
    0.06679687500000001   5.984664806313303e-05  -0.0009395139404441604                       0       300.0033464499951
              0.0671875   5.738711932274157e-05  -0.0009693734225308077                       0       300.0024722167088
            0.067578125   5.457763062366496e-05   -0.001000095797836708                       0       300.0014755756751
    0.06796875000000002   5.162992271155562e-05    -0.00103116925770113                       0        300.000427228823
    0.06835937500000001   4.847488597990414e-05   -0.001062769344403457                       0       299.9993013232801
    0.06875000000000001   4.504873980220999e-05   -0.001095079993584917                       0       299.9980663951858
    0.06914062500000001   4.148884524277625e-05   -0.001127747027438416  -1.443723067076655e-29       299.9967755252738
    0.06953125000000002   3.766506660242132e-05    -0.00116112903750081  -8.662338402459019e-29       299.9953699106088
    0.06992187500000001     3.3650286150246e-05   -0.001195047182266209  -1.069879657957974e-28       299.9938738751187
              0.0703125   2.950817115685746e-05   -0.001229322750166943  -9.280483317860007e-29       299.9923175590786
    0.07070312499999999   2.506183542125393e-05   -0.001264485271139281  -3.480181244197794e-29       299.9906031786929
    0.07109374999999998    2.05005366608655e-05   -0.001299997026293664                       0       299.9888226019829
    0.07148437500000002   1.576679336329711e-05    -0.00133603263272112                       0       299.9869427307867
    0.07187499999999999   1.081880378118011e-05   -0.001372749101176291  -1.967835531970556e-30       299.9849245014503
            0.072265625   5.768183165474945e-06   -0.001409799784472544   7.289281638026929e-31       299.9828356030399
    0.07265625000000001   5.212846999600591e-07   -0.001447506465105398   2.405192430252205e-29       299.9806023864735
            0.073046875  -4.857595413714848e-06    -0.00148568046048086   2.086320172375594e-29       299.9782564902556
              0.0734375  -1.032446329283029e-05   -0.001524165999018064                       0         299.97583547427
    0.07382812500000001  -1.598296999235011e-05   -0.001563378165618138                       0       299.9732193510778
             0.07421875   -2.17056146816365e-05   -0.001602855224714734                       0       299.9705223193662
    0.07460937500000001  -2.752446635557655e-05   -0.001642729622556123                       0       299.9677039248756
    0.07500000000000001  -3.344420273907072e-05   -0.001683071665025359                       0        299.964718140008
            0.075390625  -3.940695471465601e-05   -0.001723629111228474                       0       299.9616473175727
    0.07578125000000002  -4.544088434905514e-05   -0.001764580527739432                       0       299.9584037352774
            0.076171875  -5.150423233441621e-05    -0.00180576282237981                       0         299.95502674535
    0.07656250000000001  -5.758719255375479e-05   -0.001847099035773209                       0       299.9515608170124
    0.07695312500000001  -6.367656184665257e-05   -0.001888695646509808                       0       299.9478665257545
    0.07734374999999999  -6.975044306866361e-05   -0.001930339502420402                       0       299.9440786607425
    0.07773437500000001  -7.580109218434836e-05   -0.001972054226091998                       0       299.9401504350989
               0.078125  -8.178283222524108e-05   -0.002013734403441215                       0       299.9360310153133
    0.07851562500000002  -8.772023172427961e-05   -0.002055361029297189                       0       299.9318151031731
    0.07890625000000001  -9.354917813068263e-05   -0.002096807995502271                       0       299.9274044157155
            0.079296875  -9.926611559349644e-05   -0.002137998710545395                       0       299.9228453512193
    0.07968750000000001   -0.000104908380427251   -0.002179018591480562                       0       299.9181873686996
            0.080078125  -0.0001103115505244591   -0.002219386815754712                       0       299.9132789833166
    0.08046875000000001  -0.0001155977775484728   -0.002259395389138504                       0       299.9082695071801
    0.08085937500000001  -0.0001207085899626911   -0.002298864486186678                       0       299.9031083949033
    0.08125000000000002  -0.0001255426347137471   -0.002337397415280693                       0       299.8977439186582
    0.08164062499999999   -0.000130227622343243   -0.002375403208476424                       0       299.8922776455126
             0.08203125  -0.0001345931491497204   -0.002412236626034218                       0       299.8866075488662
    0.08242187500000001  -0.0001386875844930006   -0.002447998863612695                       0       299.8807848132204
    0.08281250000000001  -0.0001426012921941486    -0.00248304698120496                       0       299.8748603182418
    0.08320312500000002  -0.0001460122614563831    -0.00251596519628097                       0       299.8686828060819
    0.08359375000000002  -0.0001492027013277264   -0.002547883705118239                       0       299.8624050539838
            0.083984375  -0.0001520623471127322   -0.002578302654597396                       0       299.8559769419782
    0.08437500000000001  -0.0001544445872851217   -0.002606407086772199                       0       299.8493511339412
    0.08476562500000001  -0.0001565798420385889   -0.002633270678192869                       0       299.8426273893992
    0.08515624999999999  -0.0001582045607289887   -0.002657485423901364                       0       299.8357095948684
    0.08554687500000001  -0.0001594244904953405   -0.002679448818487289                       0       299.8286496459206
              0.0859375  -0.0001603745609789936   -0.002699911312324831                       0       299.8214949273615
    0.08632812500000001  -0.0001606193922869932   -0.002716158083237551                       0       299.8141099942214
    0.08671875000000001  -0.0001605726387387104   -0.002730524774189757                       0       299.8066360779147
    0.08710937499999999  -0.0001600885079060044   -0.002742071345201188                       0       299.7990286868576
    0.08749999999999999  -0.0001590085225497769   -0.002749454590587394                       0       299.7912503419993
            0.087890625  -0.0001576292131691185   -0.002754651838913585                       0       299.7833884645729
    0.08828124999999999  -0.0001556484622142585   -0.002755268424624941                       0        299.775363410674
    0.08867187500000001  -0.0001532183622742282   -0.002752127071594789                       0       299.7672223402672
    0.08906249999999999  -0.0001504886963440853     -0.0027464804260703                       0       299.7590039255219
    0.08945312500000001  -0.0001470238512989496   -0.002734019579701037                       0       299.7506035650801
    0.08984374999999999  -0.0001432751456598826   -0.002718608160026173                       0       299.7421352757625
    0.09023437500000001  -0.0001391006491299169   -0.002698770880392905                       0       299.7335650931313
    0.09062500000000001  -0.0001343890010898731   -0.002672575568149799                       0       299.7248692296099
            0.091015625  -0.0001294191220785686   -0.002643085724204455                       0       299.7161131646137
    0.09140625000000002  -0.0001239534706923294   -0.002606775786060582                       0       299.7072419746744
            0.091796875  -0.0001181555797646149   -0.002565001757058139                       0       299.6982925609586
    0.09218750000000001  -0.0001121361958092491   -0.002519585000816642                       0       299.6892909980583
    0.09257812500000001  -0.0001056439739724596   -0.002464477800975345                       0        299.680172787425
    0.09296874999999999  -9.900115774663871e-05    -0.00240526098391195                       0       299.6710134222797
    0.09335937499999999  -9.213244993727174e-05   -0.002339879741015455                       0       299.6617923253725
                0.09375  -8.505234196890432e-05   -0.002265813681122995                       0       299.6524998264215
    0.09414062500000002  -7.789221757545909e-05   -0.002187289365651082                       0       299.6431742934469
    0.09453125000000001  -7.062342764070313e-05   -0.002099616844857336                       0       299.6337880264223
            0.094921875  -6.335999691024724e-05   -0.002004737588180731                       0        299.624363924488
    0.09531250000000001  -5.610013898265828e-05   -0.001905053840915559                       0       299.6149145992805
    0.09570312500000001  -4.901034182655483e-05   -0.001792785956664145                       0        299.605414417765
    0.09609374999999998  -4.205952764686346e-05   -0.001675256049690938                       0       299.5958984369707
    0.09648437500000001  -3.531718793178751e-05   -0.001549833108634996                       0       299.5863587572588
               0.096875  -2.900763138350492e-05   -0.001413429324794064                       0       299.5767957382197
    0.09726562500000002  -2.295620203820842e-05   -0.001271420263932029                       0       299.5672228686236
             0.09765625  -1.750449833806901e-05   -0.001117970937770694                       0       299.5576339361198
    0.09804687500000001  -1.263415098729296e-05  -0.0009555922363417631                       0       299.5480375571902
    0.09843750000000002  -8.151374536093498e-06  -0.0007872606180678132                       0       299.5384362139835
            0.098828125  -4.904553518274794e-06  -0.0006034515989432578                       0       299.5288284957102
    0.09921875000000001   -2.26339784104715e-06  -0.0004132041383305619                       0       299.5192199040077
    0.09960937500000001  -5.307401747060761e-07  -0.0002132990154856622                       0       299.5096100021617
                    0.1                       0                       0                       0       299.4999999999999
