#              distance                     U_x                     U_y                     U_z                       T
  1.387778780781448e-19   2.871644660886916e-20   3.871394460710433e-18   3.475412284347659e-55       300.5000000000016
  0.0003906250000000002   1.697470284151165e-06    0.000214162792332871   9.782415917966951e-42       300.4905799944033
  0.0007812500000000002   3.394940568302332e-06    0.000428325584665742   1.956483183593373e-41       300.4811599888066
            0.001171875   5.092410852453499e-06   0.0006424883769986131   2.934724775390052e-41       300.4717399832098
              0.0015625   1.038776766587363e-05   0.0008067695983608137   2.739076457030717e-41        300.462324264348
            0.001953125     1.6582596111611e-05   0.0009585804269803468   2.249955661132381e-41       300.4529096171698
             0.00234375   2.277742455734838e-05     0.00111039125559988   1.760834865234044e-41       300.4434949699917
   0.002734375000000001   2.897225300308576e-05    0.001262202084219414   1.271714069335687e-41       300.4340803228135
               0.003125   3.516708144882311e-05    0.001414012912838947   7.825932734373465e-42       300.4246656756355
   0.003515625000000001   4.136190989456049e-05     0.00156582374145848   2.934724775390048e-42       300.4152510284574
             0.00390625   4.823964360806124e-05    0.001696326752348862                       0       300.4058860960677
            0.004296875   5.614173522320697e-05    0.001794868036645518                       0       300.3965957358606
   0.004687500000000001   6.404382683835276e-05    0.001893409320942174                       0       300.3873053756535
            0.005078125   7.194591845349832e-05    0.001991950605238831                       0       300.3780150154464
   0.005468750000000001   7.984801006864425e-05    0.002090491889535487                       0       300.3687246552393
   0.005859375000000002   8.775010168379012e-05    0.002189033173832143                       0       300.3594342950322
   0.006250000000000001   9.565219329893586e-05      0.0022875744581288                       0       300.3501439348252
   0.006640625000000001   0.0001027578308519772    0.002341961222680339                       0       300.3411698554044
   0.007031250000000001   0.0001098634684050185     0.00239634798723188                       0       300.3321957759836
   0.007421875000000001   0.0001169691059580598     0.00245073475178342                       0       300.3232216965628
              0.0078125    0.000124074743511101    0.002505121516334961                       0       300.3142476171421
            0.008203125   0.0001311803810641423    0.002559508280886501                       0       300.3052735377213
   0.008593750000000001   0.0001382860186171837    0.002613895045438041                       0       300.2962994583006
   0.008984375000000001   0.0001439196726762064    0.002647332768641136                       0         300.28764477083
   0.009375000000000001   0.0001485720044058828    0.002666804464278601                       0        300.279203011326
            0.009765625   0.0001532243361355594    0.002686276159916066                       0       300.2707612518221
             0.01015625    0.000157876667865236    0.002705747855553531                       0       300.2623194923184
            0.010546875   0.0001625289995949126    0.002725219551190996                       0       300.2538777328145
              0.0109375   0.0001671813313245893    0.002744691246828461                       0       300.2454359733107
            0.011328125   0.0001712305446496187    0.002758982284280006                       0       300.2371403387438
             0.01171875   0.0001728672843560592    0.002752550688987873                       0       300.2294292039243
            0.012109375   0.0001745040240625002    0.002746119093695739                       0        300.221718069105
                 0.0125   0.0001761407637689409    0.002739687498403606                       0       300.2140069342856
            0.012890625   0.0001777775034753816    0.002733255903111471                       0       300.2062957994661
             0.01328125   0.0001794142431818223    0.002726824307819338                       0       300.1985846646467
            0.013671875   0.0001810509828882631    0.002720392712527204                       0       300.1908735298272
              0.0140625   0.0001803688506521399    0.002699797338064771                       0       300.1838671089436
            0.014453125   0.0001791070004303758    0.002675661018809763                       0       300.1770368665438
             0.01484375   0.0001778451502086116    0.002651524699554755                       0        300.170206624144
            0.015234375   0.0001765832999868475    0.002627388380299747                       0       300.1633763817445
               0.015625   0.0001753214497650835    0.002603252061044739                       0       300.1565461393447
            0.016015625   0.0001740595995433195    0.002579115741789731                       0       300.1497158969448
             0.01640625   0.0001718635330551353    0.002550666700945755                       0       300.1432725373973
            0.016796875   0.0001682661421673174    0.002515748577718278                       0       300.1374095021225
              0.0171875   0.0001646687512795004    0.002480830454490815                       0       300.1315464668493
            0.017578125   0.0001610713603916831    0.002445912331263353                       0       300.1256834315761
    0.01796875000000001   0.0001574739695038665    0.002410994208035889                       0       300.1198203963028
            0.018359375   0.0001538765786160496    0.002376076084808426                       0       300.1139573610296
                0.01875   0.0001502791877282331    0.002341157961580971                       0       300.1080943257572
            0.019140625   0.0001451283961792507    0.002300879218875165                       0        300.103219040517
             0.01953125   0.0001399776046302689    0.002260600476169368                       0       300.0983437552777
    0.01992187500000001    0.000134826813081287    0.002220321733463568                       0       300.0934684700384
              0.0203125   0.0001296760215323055     0.00218004299075777                       0        300.088593184799
            0.020703125   0.0001245252299833232    0.002139764248051971                       0       300.0837178995597
             0.02109375   0.0001193744384343414    0.002099485505346173                       0       300.0788426143203
            0.021484375   0.0001137831550886756     0.00205834466849909                       0       300.0745382282593
    0.02187500000000001   0.0001078982105452195    0.002016629102224482                       0       300.0706144416502
            0.022265625   0.0001020132660017636    0.001974913535949875                       0       300.0666906550412
             0.02265625   9.612832145830724e-05    0.001933197969675268                       0       300.0627668684321
            0.023046875   9.024337691485144e-05    0.001891482403400661                       0        300.058843081823
              0.0234375   8.435843237139567e-05    0.001849766837126054                       0        300.054919295214
            0.023828125   7.847341138254473e-05    0.001808283017251994                       0       300.0511701981692
             0.02421875   7.258808461211078e-05    0.001767726182980064                       0       300.0481198593723
            0.024609375    6.67027578416778e-05    0.001727169348708148                       0       300.0450695205775
                  0.025   6.081743107124385e-05    0.001686612514436224                       0       300.0420191817815
            0.025390625   5.493210430081104e-05    0.001646055680164305                       0       300.0389688429863
             0.02578125   4.904677753037725e-05    0.001605498845892385                       0       300.0359185041908
            0.026171875   4.316145075994397e-05    0.001564942011620465                       0       300.0328681653954
              0.0265625   3.774070007053847e-05    0.001526529346469736                       0       300.0304338639004
            0.026953125   3.243609340138984e-05    0.001488652723599304                       0       300.0281535717303
             0.02734375   2.713148673224122e-05    0.001450776100728872                       0       300.0258732795604
            0.027734375   2.182688006309275e-05    0.001412899477858446                       0       300.0235929873917
               0.028125   1.652227339394422e-05    0.001375022854988012                       0       300.0213126952212
    0.02851562500000001   1.121766672479524e-05    0.001337146232117576                       0       300.0190324030504
             0.02890625   6.307213621423906e-06    0.001300629597809702   2.304500883511581e-28       300.0170144802881
            0.029296875   1.987990866716823e-06    0.001266152946345661   8.065753092290203e-28       300.0153901116367
    0.02968750000000001  -2.331231887989893e-06     0.00123167629488162   1.382700530106898e-27       300.0137657429856
            0.030078125  -6.650454642696578e-06    0.001197199643417586   1.958825750984779e-27       300.0121413743361
    0.03046875000000001  -1.096967739740307e-05    0.001162722991953539   2.534950971862632e-27       300.0105170056834
            0.030859375  -1.528890015210956e-05    0.001128246340489499    3.11107619274049e-27       300.0088926370323
                0.03125  -1.960812290681608e-05    0.001093769689025459   3.687201413618354e-27       300.0072682683812
            0.031640625  -2.270826963589429e-05    0.001062857879762567   4.455824172633337e-27       300.0061860879231
             0.03203125  -2.580841636497141e-05    0.001031946070499675   5.224446931648293e-27        300.005103907465
            0.032421875  -2.890856309404904e-05    0.001001034261236784   5.993069690663254e-27        300.004021727007
    0.03281249999999999  -3.200870982312595e-05   0.0009701224519738945   6.761692449678189e-27       300.0029395465493
            0.033203125  -3.510885655220364e-05   0.0009392106427110014   7.530315208693167e-27       300.0018573660909
             0.03359375  -3.820900328128089e-05   0.0009082988334481101   8.298937967708105e-27       300.0007751856328
            0.033984375   -4.05269813514706e-05   0.0008794118329303451   7.799538283378392e-27       299.9999546323245
               0.034375  -4.232351364906857e-05   0.0008518747049093319   6.454790303485581e-27       299.9993084971162
            0.034765625  -4.412004594666653e-05    0.000824337576888319    5.11004232359277e-27       299.9986623619078
    0.03515625000000001  -4.591657824426388e-05   0.0007968004488673054   3.765294343699882e-27       299.9980162266994
    0.03554687500000001  -4.771311054186169e-05   0.0007692633208462923   2.420546363807061e-27       299.9973700914912
              0.0359375  -4.950964283946008e-05   0.0007417261928252797   1.075798383914262e-27       299.9967239562828
            0.036328125  -5.105269939476401e-05   0.0007147845399703024                       0       299.9961460676345
    0.03671874999999999   -5.15818529808923e-05   0.0006902247877794717                       0       299.9958411652262
            0.037109375  -5.211100656702063e-05   0.0006656650355886402                       0        299.995536262818
    0.03750000000000001  -5.264016015314895e-05   0.0006411052833978085                       0       299.9952313604097
            0.037890625  -5.316931373927647e-05   0.0006165455312069774                       0       299.9949264580016
             0.03828125  -5.369846732540519e-05   0.0005919857790161462                       0       299.9946215555933
    0.03867187499999999  -5.422762091153328e-05   0.0005674260268253154                       0        299.994316653185
              0.0390625  -5.384560753416841e-05   0.0005448451537007899                       0       299.9942188091449
    0.03945312500000001  -5.323580241592684e-05   0.0005227590003428409                       0       299.9941727296966
    0.03984375000000001  -5.262599729768774e-05   0.0005006728469848926                       0       299.9941266502483
            0.040234375   -5.20161921794472e-05   0.0004785866936269447                       0          299.9940805708
    0.04062500000000001  -5.140638706120775e-05   0.0004565005402689962                       0       299.9940344913518
            0.041015625  -5.079658194296769e-05   0.0004344143869110485                       0       299.9939884119036
    0.04140625000000001  -4.980927752535798e-05   0.0004130985861043357                       0       299.9940175560434
    0.04179687500000001  -4.825572415869389e-05    0.000392938314124478                       0       299.9941595355653
              0.0421875  -4.670217079202983e-05   0.0003727780421446207                       0       299.9943015150872
            0.042578125  -4.514861742536571e-05    0.000352617770164763                       0       299.9944434946091
             0.04296875  -4.359506405870138e-05   0.0003324574981849054                       0        299.994585474131
    0.04335937500000001  -4.204151069203703e-05   0.0003122972262050475                       0        299.994727453653
                0.04375  -4.048795732537272e-05     0.00029213695422519                       0        299.994869433175
            0.044140625  -3.823171842139833e-05   0.0002733451481937445                       0       299.9951384676933
             0.04453125   -3.59754795174252e-05   0.0002545533421622994                       0       299.9954075022117
            0.044921875  -3.371924061345146e-05   0.0002357615361308541                       0         299.99567653673
    0.04531250000000001  -3.146300170947765e-05   0.0002169697300994082                       0       299.9959455712483
            0.045703125  -2.920676280550449e-05   0.0001981779240679626                       0       299.9962146057666
             0.04609375  -2.695052390153008e-05   0.0001793861180365169                       0       299.9964836402849
            0.046484375  -2.443486476950287e-05   0.0001610839796088326                       0       299.9967966549258
               0.046875  -2.174625881877338e-05   0.0001431082862503225                       0       299.9971389896486
    0.04726562500000001  -1.905765286804385e-05   0.0001251325928918122                       0       299.9974813243714
    0.04765625000000001   -1.63690469173144e-05   0.0001071568995333021                       0       299.9978236590957
            0.048046875    -1.3680440966585e-05   8.918120617479214e-05                       0       299.9981659938169
    0.04843750000000001  -1.099183501585566e-05   7.120551281628245e-05                       0        299.998508328543
    0.04882812499999999  -8.274041409038779e-06   5.328406938707809e-05                       0       299.9988554589039
    0.04921875000000001  -5.439497177868101e-06   3.557962567509535e-05                       0       299.9992217718341
    0.04960937500000001  -2.604952946698102e-06   1.787518196311296e-05                       0       299.9995880847642
                   0.05   2.295912844717957e-07   1.707382511312147e-07                       0       299.9999543976961
    0.05039062500000001   3.064135515642412e-06  -1.753370546085193e-05                       0       300.0003207106274
             0.05078125   5.898679746812774e-06  -3.523814917283351e-05                       0       300.0006870235553
    0.05117187500000001    8.73322397798329e-06  -5.294259288481603e-05                       0        300.001053336485
              0.0515625   1.145126341563157e-05  -7.086336291772543e-05                       0       300.0014005662866
    0.05195312500000001   1.414017665490014e-05  -8.883821453086695e-05                       0       300.0017430253062
             0.05234375   1.682908989416861e-05  -0.0001068130661440079                       0       300.0020854843257
            0.052734375   1.951800313343726e-05    -0.00012478791775715                       0       300.0024279433471
    0.05312500000000001    2.22069163727058e-05  -0.0001427627693702914                       0       300.0027704023667
            0.053515625    2.48958296119743e-05  -0.0001607376209834324                       0       300.0031128613863
             0.05390625   2.741189858803504e-05  -0.0001790385784522787                       0       300.0034260516074
            0.054296875   2.966870116928456e-05  -0.0001978286947046853                       0       300.0036953386353
              0.0546875   3.192550375053408e-05  -0.0002166188109570919                       0       300.0039646256631
    0.05507812500000001   3.418230633178364e-05  -0.0002354089272094988                       0       300.0042339126908
             0.05546875   3.643910891303343e-05  -0.0002541990434619067                       0       300.0045031997203
            0.055859375   3.869591149428285e-05  -0.0002729891597143121                       0       300.0047724867464
                0.05625   4.095271407553247e-05  -0.0002917792759667188                       0       300.0050417737743
            0.056640625   4.250698447710711e-05  -0.0003119370013965316                       0        300.005184141453
    0.05703125000000001   4.406125487868109e-05  -0.0003320947268263426                       0       300.0053265091294
            0.057421875   4.561552528025599e-05  -0.0003522524522561545                       0       300.0054688768072
    0.05781250000000001   4.716979568183059e-05  -0.0003724101776859665                       0       300.0056112444847
            0.058203125   4.872406608340517e-05  -0.0003925679031157777                       0       300.0057536121624
             0.05859375   5.027833648497916e-05  -0.0004127256285455893                       0         300.00589597984
            0.058984375   5.126635575669238e-05  -0.0004340383669111857                       0       300.0059255995881
               0.059375   5.187687427516301e-05  -0.0004561211139006387                       0       300.0058800540496
            0.059765625   5.248739279363426e-05  -0.0004782038608900913                       0       300.0058345085111
    0.06015624999999999   5.309791131210501e-05  -0.0005002866078795432                       0       300.0057889629728
    0.06054687499999999    5.37084298305772e-05  -0.0005223693548689962                       0       300.0057434174342
    0.06093750000000001    5.43189483490488e-05  -0.0005444521018584497                       0       300.0056978718958
            0.061328125   5.470163208015851e-05   -0.000567029399810486                       0       300.0056005931718
             0.06171875    5.41729766618191e-05  -0.0005915849016128381                       0       300.0052963816958
            0.062109375   5.364432124348002e-05  -0.0006161404034151934                       0       300.0049921702213
                 0.0625   5.311566582514093e-05  -0.0006406959052175485                       0       300.0046879587468
    0.06289062499999999    5.25870104068015e-05  -0.0006652514070199033                       0       300.0043837472724
             0.06328125   5.205835498846264e-05  -0.0006898069088222589                       0       300.0040795357979
            0.063671875   5.152969957012438e-05  -0.0007143624106246145                       0       300.0037753243236
    0.06406250000000001   4.998675848139803e-05  -0.0007412991807599101  -7.153337738815917e-28       300.0031982602571
            0.064453125   4.819024597507489e-05  -0.0007688312679784401  -1.609500991233542e-27        300.002552983043
    0.06484375000000001   4.639373346875194e-05  -0.0007963633551969747  -2.503668208585523e-27       300.0019077058303
            0.065234375   4.459722096242893e-05  -0.0008238954424155055  -3.397835425937508e-27        300.001262428616
               0.065625   4.280070845610604e-05  -0.0008514275296340362  -4.292002643289495e-27       300.0006171514017
    0.06601562500000001   4.100419594978316e-05  -0.0008789596168525669  -5.186169860641483e-27       299.9999718741875
             0.06640625   3.868592456738753e-05  -0.0009078413070051892  -7.546863206810255e-27       299.9991522478232
    0.06679687500000001   3.558501487088256e-05  -0.0009387474015589508   -1.21073457462044e-26       299.9980710977336
    0.06718749999999998    3.24841051743776e-05  -0.0009696534961127054   -1.66678282855982e-26       299.9969899476424
    0.06757812499999999    2.93831954778728e-05   -0.001000559590666473  -2.122831082499251e-26       299.9959087975544
    0.06796875000000001   2.628228578136773e-05    -0.00103146568522023  -2.578879336438657e-26       299.9948276474632
            0.068359375   2.318137608486304e-05    -0.00106237177977399  -3.034927590378048e-26       299.9937464973737
    0.06874999999999999   2.008046638835777e-05    -0.00109327787432775  -3.490975844317452e-26       299.9926653472842
    0.06914062499999998   1.575937396460594e-05   -0.001127748346936732  -3.174256644902183e-26       299.9910421773366
             0.06953125   1.143828154085432e-05   -0.001162218819545716   -2.85753744548685e-26        299.989419007389
    0.06992187499999999   7.117189117102445e-06   -0.001196689292154699  -2.540818246071554e-26       299.9877958374414
              0.0703125   2.796096693350408e-06   -0.001231159764763681  -2.224099046656251e-26       299.9861726674937
    0.07070312500000001  -1.524995730401641e-06   -0.001265630237372664  -1.907379847240948e-26       299.9845494975461
    0.07109375000000001  -5.846088154153691e-06   -0.001300100709981647  -1.590660647825644e-26       299.9829263275985
    0.07148437499999999  -1.075925896715493e-05   -0.001336611088280476  -1.260972725241441e-26       299.9809096932335
    0.07187500000000001  -1.606714870632297e-05   -0.001374481403705862  -9.226389872112402e-27       299.9786307492541
            0.072265625  -2.137503844549062e-05   -0.001412351719131245  -5.843052491810639e-27       299.9763518052746
    0.07265624999999999  -2.668292818465906e-05   -0.001450222034556625  -2.459715111508901e-27       299.9740728612944
            0.073046875  -3.199081792382647e-05   -0.001488092349982011   9.236222687929914e-28       299.9717939173153
              0.0734375  -3.729870766299439e-05   -0.001525962665407397   4.306959649094847e-27       299.9695149733361
    0.07382812499999999  -4.272307127409699e-05    -0.00156436909533909   6.115546756762115e-27       299.9670820421306
             0.07421875  -4.861333037293926e-05   -0.001604919983296023    1.62513277389139e-27       299.9640331620212
    0.07460937500000001  -5.450358947178161e-05   -0.001645470871252946  -2.865281208979412e-27       299.9609842819096
    0.07500000000000001  -6.039384857062415e-05   -0.001686021759209882  -7.355695191850136e-27       299.9579354018009
    0.07539062499999999  -6.628410766946557e-05   -0.001726572647166799  -1.184610917472072e-26       299.9548865216888
    0.07578125000000001  -7.217436676830788e-05   -0.001767123535123729  -1.633652315759165e-26       299.9518376415783
            0.076171875  -7.806462586714979e-05   -0.001807674423080656  -2.082693714046227e-26       299.9487887614679
    0.07656250000000001  -8.395597655701526e-05   -0.001849153111599716  -2.541009337259296e-26       299.9450411614147
    0.07695312500000001  -8.984760014463656e-05   -0.001890863750259308  -3.001643516703862e-26       299.9411188813759
    0.07734374999999999  -9.573922373225745e-05   -0.001932574388918897  -3.462277696148396e-26       299.9371966013372
    0.07773437500000001  -0.0001016308473198789   -0.001974285027578491  -3.922911875592993e-26       299.9332743212985
               0.078125  -0.0001075224709074999   -0.002015995666238087  -4.383546055037537e-26       299.9293520412605
    0.07851562499999998  -0.0001134140944951205   -0.002057706304897671  -4.844180234482066e-26       299.9254297612209
    0.07890625000000001  -0.0001190127105081739   -0.002098842945573067  -4.800525695764546e-26        299.921126866742
            0.079296875  -0.0001241718151593746   -0.002139118589272166  -4.000438079803812e-26        299.916253050604
    0.07968750000000001   -0.000129330919810575   -0.002179394232971253  -3.200350463843044e-26       299.9113792344643
    0.08007812499999999  -0.0001344900244617753   -0.002219669876670344  -2.400262847882306e-26       299.9065054183253
    0.08046874999999999  -0.0001396491291129756   -0.002259945520369438  -1.600175231921538e-26       299.9016316021865
    0.08085937500000001  -0.0001448082337641769   -0.002300221164068535  -8.000876159607404e-27       299.8967577860477
                0.08125  -0.0001499673384153775   -0.002340496807767628  -1.046393031413068e-41       299.8918839699088
    0.08164062500000001  -0.0001535742958895253   -0.002375414562253477   -3.90997431318079e-26       299.8860222659363
             0.08203125  -0.0001571812533636739   -0.002410332316739326  -7.819948626361443e-26       299.8801605619639
    0.08242187500000001  -0.0001607882108378221   -0.002445250071225176  -1.172992293954223e-25       299.8742988579914
              0.0828125  -0.0001643951683119701   -0.002480167825711029  -1.563989725272291e-25       299.8684371540195
    0.08320312499999999   -0.000168002125786118   -0.002515085580196873  -1.954987156590352e-25       299.8625754500467
    0.08359374999999999  -0.0001716090832602662   -0.002550003334682724   -2.34598458790843e-25       299.8567137460743
    0.08398437499999999   -0.000173815068023287   -0.002578454171912121  -2.599290031747922e-25       299.8502715755621
    0.08437500000000001  -0.0001750870709788897   -0.002602593730970551  -2.760800817268364e-25       299.8434424273566
    0.08476562500000001  -0.0001763590739344924    -0.00262673329002898  -2.922311602788801e-25       299.8366132791512
             0.08515625  -0.0001776310768900946    -0.00265087284908741  -3.083822388309231e-25       299.8297841309459
    0.08554687499999999  -0.0001789030798456974   -0.002675012408145843  -3.245333173829665e-25        299.822954982741
              0.0859375  -0.0001801750828013001   -0.002699151967204275  -3.406843959350105e-25       299.8161258345359
    0.08632812499999999  -0.0001808673035998949   -0.002719751442765635  -3.425550944398778e-25       299.8091204452801
             0.08671875  -0.0001792403957704571   -0.002726190584338691  -2.873042727560248e-25       299.8014100918199
    0.08710937499999999  -0.0001776134879410203   -0.002732629725911762  -2.320534510721755e-25       299.7936997383612
    0.08750000000000001  -0.0001759865801115844   -0.002739068867484846  -1.768026293883243e-25       299.7859893849041
    0.08789062500000001  -0.0001743596722821465   -0.002745508009057906  -1.215518077044707e-25       299.7782790314444
    0.08828125000000001  -0.0001727327644527093   -0.002751947150630971  -6.630098602062128e-26       299.7705686779851
    0.08867187500000001  -0.0001711058566232722    -0.00275838629220404   -1.10501643367699e-26       299.7628583245264
              0.0890625   -0.000167065407943489   -0.002744106546192452                       0       299.7545631978973
    0.08945312500000001  -0.0001624215740511191   -0.002724647078284699                       0       299.7461218779756
             0.08984375  -0.0001577777401587494   -0.002705187610376946                       0       299.7376805580539
    0.09023437499999999  -0.0001531339062663797   -0.002685728142469194                       0       299.7292392381322
    0.09062500000000001  -0.0001484900723740099   -0.002666268674561448                       0       299.7207979182114
    0.09101562499999999  -0.0001438462384816401    -0.00264680920665369                       0       299.7123565982889
    0.09140625000000001  -0.0001382201908038392   -0.002613385596366096                       0       299.7037022265619
    0.09179687499999999  -0.0001311208224478904   -0.002559015772508701                       0       299.6947282771218
    0.09218750000000001  -0.0001240214540919414   -0.002504645948651313                       0       299.6857543276832
    0.09257812500000001  -0.0001169220857359927   -0.002450276124793929                       0       299.6767803782449
    0.09296874999999999  -0.0001098227173800442   -0.002395906300936545                       0       299.6678064288062
    0.09335937500000001  -0.0001027233490240961   -0.002341536477079181                       0       299.6588324793707
                0.09375  -9.562398066814669e-05   -0.002287166653221772                       0       299.6498585299287
    0.09414062500000001  -8.772545913572687e-05   -0.002188646920719749  -5.995234685152567e-26       299.6405680791225
    0.09453125000000001  -7.982693760330624e-05   -0.002090127188217705  -1.199046937030492e-25        299.631277628313
    0.09492187499999999  -7.192841607088669e-05   -0.001991607455715679  -1.798570405545684e-25       299.6219871775048
    0.09531249999999999  -6.402989453846658e-05   -0.001893087723213646  -2.398093874060899e-25       299.6126967266969
    0.09570312499999999  -5.613137300604683e-05   -0.001794567990711617  -2.997617342576113e-25       299.6034062758889
    0.09609374999999999  -4.823285147362678e-05   -0.001696048258209586  -3.597140811091349e-25        299.594115825081
    0.09648437500000001  -4.135712663126906e-05   -0.001565569663934966  -3.815558429723895e-25       299.5847507402759
    0.09687500000000002  -3.516326624895326e-05   -0.001413785161811961  -3.779905481768017e-25       299.5753358994727
    0.09726562500000001  -2.896940586663795e-05   -0.001262000659688971  -3.744252533812141e-25       299.5659210586712
    0.09765625000000001  -2.277554548432192e-05   -0.001110216157565959  -3.708599585856239e-25        299.556506217868
    0.09804687499999999  -1.658168510200651e-05  -0.0009584316554429637  -3.672946637900342e-25       299.5470913770648
    0.09843750000000001   -1.03878247196904e-05  -0.0008066471533199478  -3.637293689944422e-25       299.5376765362599
    0.09882812500000002  -5.093190387972999e-06  -0.0006423933296451966  -3.383223123355952e-25       299.5282606221429
    0.09921874999999999  -3.395460258648709e-06  -0.0004282622197634696  -2.255482082237321e-25       299.5188404147609
    0.09960937499999999  -1.697730129324385e-06  -0.0002141311098817386  -1.127741041118671e-25       299.5094202073805
    0.09999999999999998                       0                       0                       0                   299.5
