#              distance                     U_x                     U_y                     U_z                       T
  1.387778780781448e-19   2.871644081199449e-20    3.87139404594002e-18   3.475412069831424e-55       300.5000000000016
  0.0003906250000000002   1.697469930708074e-06   0.0002141627697791603   9.782415314157428e-42       300.4905799956716
  0.0007812500000000002    3.39493986141615e-06   0.0004283255395583207   1.956483062831469e-41       300.4811599913431
            0.001171875   5.092409792124226e-06    0.000642488309337481   2.934724594247194e-41       300.4717399870146
              0.0015625    1.03877654996779e-05   0.0008067695115297359    2.73907628796405e-41        300.462324269427
            0.001953125   1.658259265144296e-05   0.0009585803218252644   2.249955522256191e-41       300.4529096235246
             0.00234375   2.277741980320803e-05    0.001110391132120793    1.76083475654833e-41       300.4434949776222
   0.002734375000000001   2.897224695497311e-05    0.001262201942416322   1.271713990840449e-41       300.4340803317197
               0.003125   3.516707410673815e-05     0.00141401275271185   7.825932251325846e-42       300.4246656858173
   0.003515625000000001   4.136190125850323e-05    0.001565823563007379   2.934724594247192e-42       300.4152510399149
             0.00390625   4.823963356740962e-05      0.0016963265571616                       0       300.4058861087968
            0.004296875   5.614172361202791e-05    0.001794867827103861                       0       300.3965957498554
   0.004687500000000001   6.404381365664626e-05    0.001893409097046122                       0       300.3873053909138
            0.005078125   7.194590370126439e-05    0.001991950366988382                       0       300.3780150319723
   0.005468750000000001   7.984799374588289e-05    0.002090491636930643                       0       300.3687246730308
   0.005859375000000002    8.77500837905013e-05    0.002189032906872903                       0       300.3594343140893
   0.006250000000000001    9.56521738351196e-05    0.002287574176815165                       0       300.3501439551479
   0.006640625000000001   0.0001027578100935116    0.002341960930746428                       0       300.3411698769416
   0.007031250000000001   0.0001098634463519035    0.002396347684677693                       0       300.3321957987354
   0.007421875000000001   0.0001169690826102955    0.002450734438608957                       0       300.3232217205291
              0.0078125   0.0001240747188686875    0.002505121192540221                       0        300.314247642323
            0.008203125   0.0001311803551270795    0.002559507946471485                       0       300.3052735641168
   0.008593750000000001   0.0001382859913854715    0.002613894700402749                       0       300.2962994859104
   0.008984375000000001   0.0001439196445074402    0.002647332414931466                       0        300.287644799591
   0.009375000000000001   0.0001485719755384596    0.002666804103191815                       0       300.2792030411959
            0.009765625   0.0001532243065694792    0.002686275791452164                       0       300.2707612828008
             0.01015625   0.0001578766376004987    0.002705747479712515                       0       300.2623195244059
            0.010546875   0.0001625289686315183    0.002725219167972864                       0       300.2538777660108
              0.0109375   0.0001671812996625379    0.002744690856233215                       0       300.2454360076159
            0.011328125   0.0001712305124145311    0.002758981886822557                       0       300.2371403741252
             0.01171875   0.0001728672520504188    0.002752550286727869                       0        300.229429240252
            0.012109375   0.0001745039916863069     0.00274611868663318                       0       300.2217181063788
                 0.0125   0.0001761407313221948    0.002739687086538492                       0       300.2140069725056
            0.012890625   0.0001777774709580826    0.002733255486443803                       0       300.2062958386323
             0.01328125   0.0001794142105939705    0.002726823886349115                       0       300.1985847047591
            0.013671875   0.0001810509502298584    0.002720392286254426                       0       300.1908735708859
              0.0140625   0.0001803688183175117    0.002699796908516132                       0       300.1838671507792
            0.014453125   0.0001791069685181065    0.002675660586366937                       0       300.1770369091141
             0.01484375   0.0001778451187187012    0.002651524264217741                       0        300.170206667449
            0.015234375    0.000176583268919296    0.002627387942068547                       0       300.1633764257841
               0.015625   0.0001753214191198909     0.00260325161991935                       0        300.156546184119
            0.016015625   0.0001740595693204858    0.002579115297770154                       0       300.1497159424538
             0.01640625   0.0001718635033644641    0.002550666254587821                       0       300.1432725835433
            0.016796875   0.0001682661131735142    0.002515748129855734                       0       300.1374095487588
              0.0171875   0.0001646687229825651     0.00248083000512366                       0       300.1315465139759
            0.017578125   0.0001610713327916158    0.002445911880391587                       0       300.1256834791931
    0.01796875000000001   0.0001574739426006672    0.002410993755659512                       0       300.1198204444102
            0.018359375   0.0001538765524097182    0.002376075630927438                       0       300.1139574096273
                0.01875   0.0001502791622187697    0.002341157506195371                       0       300.1080943748453
            0.019140625   0.0001451283714148143    0.002300878763063783                       0       300.1032190898367
             0.01953125   0.0001399775806108594    0.002260600019932204                       0        300.098343804829
    0.01992187500000001   0.0001348267898069044    0.002220321276800624                       0       300.0934685198213
              0.0203125   0.0001296759990029499    0.002180042533669044                       0       300.0885932348136
            0.020703125   0.0001245252081989946    0.002139763790537463                       0       300.0837179498059
             0.02109375   0.0001193744173950397    0.002099485047405882                       0       300.0788426647982
            0.021484375   0.0001137831347142369    0.002058344210710107                       0       300.0745382788148
    0.02187500000000001   0.0001078981907822014    0.002016628644971533                       0       300.0706144921809
            0.022265625   0.0001020132468501661     0.00197491307923296                       0        300.066690705547
             0.02265625   9.612830291813023e-05    0.001933197513494386                       0       300.0627669189132
            0.023046875   9.024335898609501e-05    0.001891481947755813                       0       300.0588431322793
              0.0234375   8.435841505405975e-05     0.00184976638201724                       0       300.0549193456454
            0.023828125   7.847339462712227e-05    0.001808282562875089                       0       300.0511702485275
             0.02421875   7.258806822057341e-05     0.00176772573011857                       0       300.0481199094639
            0.024609375   6.670274181402553e-05    0.001727168897362065                       0       300.0450695704025
                  0.025   6.081741540747666e-05    0.001686612064605552                       0       300.0420192313399
            0.025390625   5.493208900092894e-05    0.001646055231849043                       0       300.0389688922779
             0.02578125   4.904676259438024e-05    0.001605498399092534                       0       300.0359185532159
            0.026171875   4.316143618783206e-05    0.001564941566336025                       0       300.0328682141538
              0.0265625   3.774068562914132e-05    0.001526528903549082                       0       300.0304339122173
            0.026953125   3.243607903241487e-05    0.001488652283254529                       0       300.0281536195621
             0.02734375   2.713147243568842e-05    0.001450775662959976                       0       300.0258733269068
            0.027734375   2.182686583896213e-05     0.00141289904266543                       0       300.0235930342531
               0.028125   1.652225924223577e-05    0.001375022422370874                       0       300.0213127415973
    0.02851562500000001   1.121765264550896e-05    0.001337145802076318                       0       300.0190324489413
             0.02890625   6.307199502949096e-06    0.001300629170801111   2.304476316327333e-28        300.017014525617
            0.029296875   1.987976541637426e-06    0.001266152523054922   8.065667107145334e-28       300.0153901562886
    0.02968750000000001  -2.331246419673876e-06    0.001231675875308732   1.382685789796349e-27       300.0137657869604
            0.030078125  -6.650469380985148e-06    0.001197199227562549   1.958804868878168e-27       300.0121414176338
    0.03046875000000001  -1.096969234229623e-05    0.001162722579816353   2.534923947959959e-27       300.0105170483039
            0.030859375  -1.528891530360731e-05    0.001128245932070164   3.111043027041755e-27       300.0088926789757
                0.03125  -1.960813826491843e-05    0.001093769284323976   3.687162106123556e-27       300.0072683096475
            0.031640625  -2.270828543040879e-05    0.001062857479962055   4.455785481946259e-27       300.0061861283473
             0.03203125  -2.580843259589806e-05    0.001031945675600135   5.224408857768935e-27       300.0051039470472
            0.032421875  -2.890857976138785e-05    0.001001033871238215   5.993032233591616e-27       300.0040217657471
    0.03281249999999999  -3.200872692687691e-05   0.0009701220668762963    6.76165560941427e-27       300.0029395844474
            0.033203125  -3.510887409236675e-05   0.0009392102625143744   7.530278985236968e-27       300.0018574031469
             0.03359375  -3.820902125785616e-05   0.0009082984581524544   8.298902361059628e-27       300.0007752218468
            0.033984375   -4.05269998626736e-05   0.0008794114632344754   7.799506238446008e-27       299.9999546676131
               0.034375  -4.232353276037634e-05   0.0008518743412791245   6.454763783541539e-27       299.9993085314237
            0.034765625  -4.412006565807908e-05   0.0008243372193237736   5.110021328637068e-27       299.9986623952342
    0.03515625000000001   -4.59165985557812e-05   0.0007968000973684224   3.765278873732525e-27       299.9980162590448
    0.03554687500000001  -4.771313145348378e-05   0.0007692629754130713   2.420536418828045e-27       299.9973701228555
              0.0359375  -4.950966435118695e-05   0.0007417258534577211   1.075793963923589e-27       299.9967239866661
            0.036328125  -5.105272152599142e-05   0.0007147842068852616                       0       299.9961460970138
    0.03671874999999999  -5.158187580920342e-05   0.0006902244618443714                       0       299.9958411935098
            0.037109375  -5.211103009241543e-05   0.0006656647168034802                       0       299.9955362900058
    0.03750000000000001  -5.264018437562745e-05   0.0006411049717625891                       0       299.9952313865018
            0.037890625  -5.316933865883866e-05   0.0006165452267216985                       0       299.9949264829979
             0.03828125  -5.369849294205107e-05   0.0005919854816808078                       0       299.9946215794939
    0.03867187499999999  -5.422764722526285e-05   0.0005674257366399173                       0       299.9943166759899
              0.0390625  -5.384563457742794e-05   0.0005448448714250687                       0       299.9942188307801
    0.03945312500000001  -5.323583019682791e-05   0.0005227587261667304                       0        299.994172750144
    0.03984375000000001  -5.262602581623035e-05    0.000500672580908393                       0       299.9941266695079
            0.040234375  -5.201622143563135e-05   0.0004785864356500558                       0       299.9940805888717
    0.04062500000000001  -5.140641705503343e-05   0.0004565002903917181                       0       299.9940345082356
            0.041015625  -5.079661267443493e-05   0.0004344141451333813                       0       299.9939884275995
    0.04140625000000001  -4.980930899462776e-05   0.0004130983527354716                       0       299.9940175705229
    0.04179687500000001  -4.825575636600771e-05   0.0003929380896282052                       0       299.9941595487858
              0.0421875   -4.67022037373877e-05   0.0003727778265209393                       0       299.9943015270486
            0.042578125  -4.514865110876761e-05   0.0003526175634136729                       0       299.9944435053114
             0.04296875  -4.359509848014733e-05   0.0003324573003064068                       0       299.9945854835743
    0.04335937500000001  -4.204154585152704e-05   0.0003122970371991403                       0       299.9947274618373
                0.04375  -4.048799322290679e-05   0.0002921367740918742                       0       299.9948694401002
            0.044140625  -3.823175503506505e-05   0.0002733449775005045                       0       299.9951384733077
             0.04453125   -3.59755168472246e-05   0.0002545531809091351                       0       299.9954075065154
            0.044921875  -3.371927865938351e-05   0.0002357613843177655                       0        299.995676539723
    0.04531250000000001  -3.146304047154234e-05   0.0002169695877263953                       0       299.9959455729306
            0.045703125  -2.920680228370184e-05   0.0001981777911350255                       0       299.9962146061382
             0.04609375  -2.695056409586008e-05   0.0001793859945436555                       0       299.9964836393458
            0.046484375  -2.443490565425298e-05   0.0001610838657632866                       0       299.9967966526553
               0.046875  -2.174630037680191e-05   0.0001431081821902517                       0       299.9971389860327
    0.04726562500000001  -1.905769509935079e-05   0.0001251324986172164                       0         299.99748131941
    0.04765625000000001  -1.636908982189975e-05   0.0001071568150441815                       0        299.997823652789
            0.048046875  -1.368048454444877e-05   8.918113147114663e-05                       0       299.9981659861647
    0.04843750000000001  -1.099187926699784e-05   7.120544789811204e-05                       0       299.9985083195455
    0.04882812499999999   -8.27408632607167e-06    5.32840142762266e-05                       0       299.9988554485598
    0.04921875000000001  -5.439542731240879e-06   3.557958045893797e-05                       0       299.9992217601383
    0.04960937500000001  -2.604999136410766e-06   1.787514664164968e-05                       0       299.9995880717166
                   0.05   2.295444584192455e-07   1.707128243620481e-07                       0       299.9999543832969
    0.05039062500000001    3.06408805324998e-06  -1.753372099292699e-05                       0       300.0003206948765
             0.05078125    5.89863164808046e-06  -3.523815481021446e-05                       0       300.0006870064527
    0.05117187500000001   8.733175242911093e-06  -5.294258862750288e-05                       0       300.0010533180306
              0.0515625   1.145121406822572e-05  -7.086334885821211e-05                       0       300.0014005464835
    0.05195312500000001   1.414012670116218e-05  -8.883819069227698e-05                       0       300.0017430041551
             0.05234375   1.682903933409855e-05  -0.0001068130325263412                       0       300.0020854618267
            0.052734375    1.95179519670351e-05  -0.0001247878743604067                       0       300.0024279194999
    0.05312500000000001   2.220686459997154e-05  -0.0001427627161944714                       0       300.0027703771714
            0.053515625   2.489577723290794e-05  -0.0001607375580285358                       0        300.003112834843
             0.05390625    2.74118456206258e-05  -0.0001790385058526819                       0       300.0034260237263
            0.054296875   2.966864764051624e-05  -0.0001978286126619527                       0       300.0036953094314
              0.0546875   3.192544966040668e-05  -0.0002166187194712236                       0       300.0039645951365
    0.05507812500000001   3.418225168029717e-05  -0.0002354088262804947                       0       300.0042338808416
             0.05546875   3.643905370018789e-05  -0.0002541989330897669                       0       300.0045031665482
            0.055859375   3.869585572007823e-05  -0.0002729890398990365                       0       300.0047724522516
                0.05625   4.095265773996877e-05  -0.0002917791467083075                       0       300.0050417379568
            0.056640625   4.250692763956445e-05  -0.0003119368632309278                       0       300.0051841043587
    0.05703125000000001   4.406119753915947e-05  -0.0003320945797535463                       0       300.0053264707585
            0.057421875   4.561546743875541e-05  -0.0003522522962761657                       0       300.0054688371595
    0.05781250000000001   4.716973733835104e-05  -0.0003724100127987851                       0       300.0056112035604
            0.058203125   4.872400723794666e-05   -0.000392567729321404                       0       300.0057535699613
             0.05859375   5.027827713754168e-05  -0.0004127254458440231                       0       300.0058959363622
            0.058984375   5.126629596250961e-05  -0.0004340381757257678                       0       300.0059255548744
               0.059375   5.187681407105739e-05  -0.0004561209145135964                       0       300.0058800081273
            0.059765625    5.24873321796058e-05  -0.0004782036533014246                       0       300.0058344613804
    0.06015624999999999   5.309785028815371e-05  -0.0005002863920892521                       0       300.0057889146334
    0.06054687499999999   5.370836839670304e-05  -0.0005223691308770806                       0       300.0057433678865
    0.06093750000000001   5.431888650525179e-05  -0.0005444518696649097                       0       300.0056978211394
            0.061328125   5.470156985533546e-05  -0.0005670291595818531                       0       300.0056005412253
             0.06171875   5.417291417155716e-05  -0.0005915846540152391                       0       300.0052963286334
            0.062109375   5.364425848777921e-05  -0.0006161401484486282                       0       300.0049921160431
                 0.0625   5.311560280400124e-05   -0.000640695642882017                       0       300.0046879034526
    0.06289062499999999   5.258694712022292e-05  -0.0006652511373154054                       0       300.0043836908623
             0.06328125   5.205829143644519e-05  -0.0006898066317487947                       0       300.0040794782719
            0.063671875   5.152963575266805e-05  -0.0007143621261821841                       0       300.0037752656816
    0.06406250000000001   4.998669456998033e-05  -0.0007412988896716039  -7.153313540266134e-28       300.0031982005955
            0.064453125   4.819018201256519e-05  -0.0007688309704250306   -1.60949554655984e-27       300.0025529223855
    0.06484375000000001   4.639366945515025e-05  -0.0007963630511784619  -2.503659739093099e-27       300.0019076441772
            0.065234375   4.459715689773524e-05  -0.0008238951319318893  -3.397823931626361e-27       300.0012623659671
               0.065625   4.280064434032036e-05  -0.0008514272126853165  -4.291988124159626e-27       300.0006170877572
    0.06601562500000001   4.100413178290549e-05   -0.000878959293438744   -5.18615231669289e-27       299.9999718095472
             0.06640625   3.868586046731081e-05  -0.0009078409774895814  -7.546837874411643e-27       299.9991521822477
    0.06679687500000001   3.558495101444622e-05  -0.0009387470664865358  -1.210730547990883e-26       299.9980710313137
    0.06718749999999998   3.248404156158164e-05  -0.0009696531554834832  -1.666777308540566e-26       299.9969898803781
    0.06757812499999999   2.938313210871721e-05   -0.001000559244480443  -2.122824069090301e-26       299.9959087294457
    0.06796875000000001   2.628222265585254e-05   -0.001031465333477393  -2.578870829640011e-26       299.9948275785101
            0.068359375   2.318131320298823e-05   -0.001062371422474346  -3.034917590189706e-26       299.9937464275762
    0.06874999999999999   2.008040375012334e-05   -0.001093277511471299  -3.490964350739413e-26       299.9926652766422
    0.06914062499999998   1.575931194267023e-05   -0.001127747979366687  -3.174244943948592e-26       299.9910421060364
             0.06953125   1.143822013521733e-05   -0.001162218447262077  -2.857525537157707e-26       299.9894189354306
    0.06992187499999999   7.117128327764179e-06   -0.001196688915157466  -2.540806130366858e-26       299.9877957648249
              0.0703125   2.796036520310865e-06   -0.001231159383052855  -2.224086723576003e-26        299.986172594219
    0.07070312500000001   -1.52505528714246e-06   -0.001265629850948244  -1.907367316785148e-26       299.9845494236131
    0.07109375000000001  -5.846147094595787e-06   -0.001300100318843633  -1.590647909994292e-26       299.9829262530073
    0.07148437499999999  -1.075931703397606e-05   -0.001336610692861411  -1.260960831382188e-26       299.9809096181186
    0.07187500000000001  -1.606720572797497e-05   -0.001374481004294108  -9.226286382225209e-27       299.9786306737053
            0.072265625   -2.13750944219735e-05   -0.001412351315726802   -5.84296445062878e-27       299.9763517292919
    0.07265624999999999  -2.668298311597281e-05   -0.001450221627159493  -2.459642519032375e-27       299.9740727848777
            0.073046875   -3.19908718099711e-05   -0.001488091938592189    9.23679412564184e-28       299.9717938404647
              0.0734375   -3.72987605039699e-05   -0.001525962250024886   4.307001344160706e-27       299.9695148960516
    0.07382812499999999  -4.272312298199337e-05   -0.001564368676079335   6.115573628854731e-27       299.9670819644648
             0.07421875  -4.861338059611649e-05   -0.001604919560620807   1.625147325939126e-27       299.9640330841849
    0.07460937500000001   -5.45036382102397e-05   -0.001645470445162268  -2.865278976976555e-27       299.9609842039029
    0.07500000000000001   -6.03938958243631e-05   -0.001686021329703743  -7.355705279892159e-27       299.9579353236236
    0.07539062499999999  -6.628415343848538e-05   -0.001726572214245198  -1.184613158280762e-26       299.9548864433411
    0.07578125000000001  -7.217441105260854e-05   -0.001767123098786666  -1.633655788572344e-26       299.9518375630602
            0.076171875  -7.806466866673131e-05   -0.001807673983328132  -2.082698418863893e-26       299.9487886827793
    0.07656250000000001  -8.395601756755118e-05   -0.001849152668813356  -2.541014261915375e-26       299.9450410827957
    0.07695312500000001  -8.984763929004528e-05    -0.00189086330453452  -3.001648408156836e-26       299.9411188028865
    0.07734374999999999  -9.573926101253897e-05   -0.001932573940255682  -3.462282554398264e-26       299.9371965229774
    0.07773437500000001  -0.0001016308827350332   -0.001974284575976848  -3.922916700639756e-26       299.9332742430683
               0.078125   -0.000107522504457527   -0.002015995211698016  -4.383550846881193e-26       299.9293519631599
    0.07851562499999998  -0.0001134141261800204   -0.002057705847419172  -4.844184993122617e-26       299.9254296832499
    0.07890625000000001  -0.0001190127402342748   -0.002098842485361209  -4.800530138313316e-26        299.921126789032
            0.079296875  -0.0001241718427861686   -0.002139118126634554  -4.000441781927787e-26       299.9162529733516
    0.07968750000000001  -0.0001293309453380623   -0.002179393767907888  -3.200353425542223e-26       299.9113791576694
    0.08007812499999999  -0.0001344900478899557   -0.002219669409181225  -2.400265069156691e-26       299.9065053419883
    0.08046874999999999  -0.0001396491504418493   -0.002259945050454564  -1.600176712771127e-26       299.9016315263071
    0.08085937500000001  -0.0001448082529937438   -0.002300220691727907  -8.000883563855354e-27       299.8967577106259
                0.08125  -0.0001499673555456375   -0.002340496333001246  -1.046393999776195e-41       299.8918838949447
    0.08164062500000001  -0.0001535743109205566   -0.002375414085851944  -3.909975127312484e-26       299.8860221917706
             0.08203125  -0.0001571812662954764   -0.002410331838702642   -7.81995025462483e-26       299.8801604885967
    0.08242187500000001  -0.0001607882216703959   -0.002445249591553342  -1.172992538193731e-25       299.8742987854226
              0.0828125  -0.0001643951770453151   -0.002480167344404044  -1.563990050924968e-25       299.8684370822492
    0.08320312499999999  -0.0001680021324202343   -0.002515085097254737  -1.954987563656199e-25       299.8625753790747
    0.08359374999999999  -0.0001716090877951537   -0.002550002850105437  -2.345985076387446e-25       299.8567136759008
    0.08398437499999999  -0.0001738150706373041   -0.002578453686540771  -2.599290535796995e-25       299.8502715063862
    0.08437500000000001  -0.0001750870717909419   -0.002602593245365865  -2.760801292992086e-25       299.8434423593113
    0.08476562500000001  -0.0001763590729445796   -0.002626732804190959  -2.922312050187172e-25       299.8366132122363
             0.08515625   -0.000177631074098217   -0.002650872363016052  -3.083822807382251e-25       299.8297840651614
    0.08554687499999999  -0.0001789030752518548   -0.002675011921841149  -3.245333564577334e-25        299.822954918087
              0.0859375  -0.0001801750764054927   -0.002699151480666245  -3.406844321772423e-25       299.8161257710125
    0.08632812499999999  -0.0001808672955221901   -0.002719750956469652  -3.425551273543251e-25       299.8091203829468
             0.08671875  -0.0001792403864911248   -0.002726190100186288  -2.873043003616903e-25        299.801410030915
    0.08710937499999999  -0.0001776134774600605   -0.002732629243902936  -2.320534733690592e-25       299.7936996788846
    0.08750000000000001  -0.0001759865684289971   -0.002739068387619601  -1.768026463764261e-25       299.7859893268561
    0.08789062500000001  -0.0001743596593979316    -0.00274550753133624  -1.215518193837907e-25       299.7782789748246
    0.08828125000000001   -0.000172732750366867   -0.002751946675052884  -6.630099239115947e-26       299.7705686227937
    0.08867187500000001  -0.0001711058413358024   -0.002758385818769533  -1.105016539852626e-26       299.7628582707634
              0.0890625    -0.00016706539211217   -0.002744106077817832                       0       299.7545631457547
    0.08945312500000001  -0.0001624215578403956   -0.002724646615699042                       0       299.7461218275014
             0.08984375  -0.0001577777235686213   -0.002705187153580253                       0       299.7376805092481
    0.09023437499999999  -0.0001531338892968472   -0.002685727691461465                       0       299.7292391909949
    0.09062500000000001  -0.0001484900550250729   -0.002666268229342682                       0       299.7207978727424
    0.09101562499999999  -0.0001438462207532986   -0.002646808767223887                       0       299.7123565544883
    0.09140625000000001  -0.0001382201730400671    -0.00261338516473282                       0       299.7037021844962
    0.09179687499999999  -0.0001311208051646486   -0.002559015351683297                       0       299.6947282368906
    0.09218750000000001    -0.00012402143728923   -0.002504645538633781                       0       299.6857542892865
    0.09257812500000001  -0.0001169220694138117    -0.00245027572558427                       0       299.6767803416826
    0.09296874999999999  -0.0001098227015383936   -0.002395905912534758                       0       299.6678063940784
    0.09335937500000001  -0.0001027233336629759   -0.002341536099485266                       0       299.6588324464774
                0.09375   -9.56239657875568e-05   -0.002287166286435729                       0       299.6498584988698
    0.09414062500000001  -8.772544531546818e-05   -0.002188646570980139  -5.995234094168624e-26       299.6405680499884
    0.09453125000000001  -7.982692484337875e-05   -0.002090126855524527  -1.199046818833703e-25       299.6312776011036
    0.09492187499999999  -7.192840437129041e-05   -0.001991607140068933  -1.798570228250501e-25       299.6219871522202
    0.09531249999999999  -6.402988389920152e-05   -0.001893087424613333  -2.398093637667321e-25        299.612696703337
    0.09570312499999999  -5.613136342711296e-05   -0.001794567709157737  -2.997617047084142e-25       299.6034062544538
    0.09609374999999999  -4.823284295502412e-05   -0.001696047993702138  -3.597140456500983e-25       299.5941158055706
    0.09648437500000001  -4.135711918887877e-05   -0.001565569420757888  -3.815558047174557e-25       299.5847507227074
    0.09687500000000002  -3.516325989336278e-05   -0.001413784942821211  -3.779905092019321e-25       299.5753358838574
    0.09726562500000001  -2.896940059784729e-05    -0.00126200046488455  -3.744252136864086e-25       299.5659210450091
    0.09765625000000001  -2.277554130233107e-05   -0.001110215986947867  -3.708599181708827e-25       299.5565062061591
    0.09804687499999999  -1.658168200681547e-05  -0.0009584315090111995  -3.672946226553573e-25       299.5470913673092
    0.09843750000000001  -1.038782271129918e-05  -0.0008066470310745121  -3.637293271398294e-25       299.5376765284576
    0.09882812500000002  -5.093189320206083e-06  -0.0006423932331798467  -3.383222725569439e-25       299.5282606162931
    0.09921874999999999  -3.395459546804098e-06  -0.0004282621554532364  -2.255481817046313e-25        299.518840410861
    0.09960937499999999   -1.69772977340208e-06   -0.000214131077726622  -1.127740908523167e-25       299.5094202054305
    0.09999999999999998                       0                       0                       0                   299.5
