#              distance                     U_x                     U_y                     U_z                       T
                      0  -2.029754793183189e-18   7.748790270704879e-21                       0       299.7148185848202
  0.0003906250000000001  -0.0001154251323565189   4.483557960893816e-07                       0       299.7148185848185
  0.0007812500000000004  -0.0002308502647130392   8.967115921787686e-07                       0       299.7148185848196
   0.001171875000000001   -0.000346275397069559   1.345067388268153e-06                       0       299.7148185848201
   0.001562500000000001  -0.0004443787107716284   2.992158527559358e-06                       0       299.7148462501502
            0.001953125  -0.0005381515698100882   4.938933502651027e-06                       0        299.714880831815
   0.002343750000000001  -0.0006319244288485479   6.885708477742698e-06                       0       299.7149154134797
   0.002734375000000001  -0.0007256972878870075    8.83248345283437e-06                       0       299.7149499951444
   0.003125000000000001  -0.0008194701469254674   1.077925842792604e-05                       0       299.7149845768091
            0.003515625  -0.0009132430059639269   1.272603340301771e-05                       0       299.7150191584739
             0.00390625  -0.0009989638850315457    1.50439188888538e-05                       0       299.7151241937156
            0.004296875   -0.001072606794142902   1.791847014080651e-05                       0       299.7153349093226
   0.004687500000000001   -0.001146249703254259   2.079302139275923e-05                       0       299.7155456249296
   0.005078125000000001   -0.001219892612365615   2.366757264471196e-05                       0       299.7157563405366
   0.005468750000000001   -0.001293535521476972   2.654212389666466e-05                       0       299.7159670561437
   0.005859375000000001   -0.001367178430588329   2.941667514861739e-05                       0       299.7161777717507
   0.006250000000000001   -0.001440821339699685   3.229122640057009e-05                       0       299.7163884873577
   0.006640625000000001    -0.00149599274765196   3.545741018597535e-05                       0       299.7168794154384
   0.007031250000000001   -0.001551164155604234   3.862359397138062e-05                       0       299.7173703435191
   0.007421875000000001   -0.001606335563556509   4.178977775678589e-05                       0       299.7178612715999
   0.007812500000000002   -0.001661506971508784   4.495596154219118e-05                       0       299.7183521996807
            0.008203125   -0.001716678379461059   4.812214532759642e-05                       0       299.7188431277615
   0.008593750000000002   -0.001771849787413333   5.128832911300166e-05                       0       299.7193340558423
   0.008984375000000003   -0.001817045350089044   5.433955803238642e-05                       0       299.7200332347962
   0.009375000000000001   -0.001855590349247045   5.731415037442412e-05                       0       299.7208712476656
            0.009765625   -0.001894135348405046    6.02887427164618e-05                       0       299.7217092605349
             0.01015625   -0.001932680347563047   6.326333505849955e-05                       0       299.7225472734043
            0.010546875   -0.001971225346721048   6.623792740053721e-05                       0       299.7233852862736
              0.0109375   -0.002009770345879049   6.921251974257489e-05                       0       299.7242232991429
            0.011328125   -0.002045386179534319   7.209631170386654e-05                       0       299.7251372938464
             0.01171875   -0.002069285351178669   7.461690214217401e-05                       0        299.726355215886
            0.012109375   -0.002093184522823018   7.713749258048151e-05                       0       299.7275731379257
                 0.0125   -0.002117083694467368   7.965808301878899e-05                       0       299.7287910599654
            0.012890625   -0.002140982866111718   8.217867345709651e-05                       0       299.7300089820052
             0.01328125   -0.002164882037756068   8.469926389540397e-05                       0       299.7312269040448
            0.013671875   -0.002188781209400417   8.721985433371145e-05                       0       299.7324448260845
              0.0140625   -0.002202583886095882   8.927566570667564e-05                       0       299.7339695309295
            0.014453125   -0.002213862439054124    9.12152823133041e-05                       0       299.7355709314759
             0.01484375   -0.002225140992012366   9.315489891993251e-05                       0       299.7371723320222
            0.015234375   -0.002236419544970609   9.509451552656093e-05                       0       299.7387737325686
               0.015625   -0.002247698097928851   9.703413213318928e-05                       0       299.7403751331149
    0.01601562500000001   -0.002258976650887104   9.897374873981814e-05                       0       299.7419765336625
             0.01640625   -0.002265996936191134   0.0001006705843011621                       0       299.7437233733749
            0.016796875    -0.00226662982001387   0.0001020032482945804                       0       299.7456883718399
              0.0171875   -0.002267262703836606   0.0001033359122879988                       0       299.7476533703048
            0.017578125   -0.002267895587659342   0.0001046685762814172                       0       299.7496183687699
    0.01796875000000001   -0.002268528471482079   0.0001060012402748355                       0       299.7515833672348
            0.018359375   -0.002269161355304833   0.0001073339042682547                       0        299.753548365702
                0.01875   -0.002269794239127554   0.0001086665682616724                       0        299.755513364165
            0.019140625   -0.002261628894715013   0.0001094276928550953                       0       299.7578050010582
             0.01953125   -0.002253463550302466   0.0001101888174485179                       0       299.7600966379504
    0.01992187500000001   -0.002245298205889923   0.0001109499420419408                       0       299.7623882748434
              0.0203125   -0.002237132861477387   0.0001117110666353639                       0       299.7646799117373
    0.02070312500000001   -0.002228967517064864   0.0001124721912287878                       0       299.7669715486329
             0.02109375   -0.002220802172652304   0.0001132333158222098                       0       299.7692631855235
            0.021484375   -0.002208359924488864   0.0001136886145209556                       0       299.7717222496348
    0.02187500000000001   -0.002193066407158153   0.0001139400292899165                       0       299.7742929318908
            0.022265625    -0.00217777288982745   0.0001141914440588778                       0       299.7768636141479
             0.02265625   -0.002162479372496748   0.0001144428588278392                       0        299.779434296405
            0.023046875   -0.002147185855166044   0.0001146942735968004                       0        299.782004978662
              0.0234375   -0.002131892337835342   0.0001149456883657616                       0       299.7845756609191
            0.023828125   -0.002115467081503111   0.0001151078150331044                       0       299.7871917041094
             0.02421875   -0.002094514869164769    0.000114912789293973                       0       299.7899891910322
            0.024609375   -0.002073562656826427   0.0001147177635548416                       0       299.7927866779552
                  0.025   -0.002052610444488086   0.0001145227378157103                       0       299.7955841648781
            0.025390625   -0.002031658232149743   0.0001143277120765788                       0       299.7983816518009
    0.02578125000000001   -0.002010706019811404   0.0001141326863374475                       0       299.8011791387243
            0.026171875    -0.00198975380747308   0.0001139376605983172                       0       299.8039766256499
              0.0265625   -0.001965287128195988   0.0001134262048696792                       0       299.8069140923509
            0.026953125   -0.001939941832184223   0.0001128356416436654                       0       299.8098865539986
             0.02734375   -0.001914596536172463    0.000112245078417652                       0       299.8128590156471
    0.02773437500000001   -0.001889251240160704   0.0001116545151916386                       0       299.8158314772957
               0.028125   -0.001863905944148944   0.0001110639519656252                       0       299.8188039389442
            0.028515625   -0.001838560648137184   0.0001104733887396118                       0       299.8217764005927
             0.02890625   -0.001811886128970882   0.0001097384482545832                       0       299.8247998164774
            0.029296875   -0.001783217775072767   0.0001087869418810317                       0       299.8278996637166
              0.0296875   -0.001754549421174651   0.0001078354355074803                       0       299.8309995109557
            0.030078125   -0.001725881067276535   0.0001068839291339289                       0       299.8340993581949
             0.03046875   -0.001697212713378422   0.0001059324227603773                       0       299.8371992054346
            0.030859375   -0.001668544359480303   0.0001049809163868257                       0       299.8402990526731
                0.03125   -0.001639876005582192   0.0001040294100132745                       0       299.8433988999131
    0.03164062500000001   -0.001608772126132599    0.000102738434241023                       0       299.8465852928335
    0.03203125000000001   -0.001577668246683011   0.0001014474584687718                       0       299.8497716857548
            0.032421875   -0.001546564367233424   0.0001001564826965206                       0        299.852958078676
              0.0328125   -0.001515460487783836    9.88655069242694e-05                       0       299.8561444715972
            0.033203125   -0.001484356608334252   9.757453115201825e-05                       0       299.8593308645194
             0.03359375   -0.001453252728884667    9.62835553797672e-05                       0       299.8625172574411
    0.03398437500000001   -0.001421118985763273   9.479817999103116e-05                       0       299.8657358892443
               0.034375   -0.001388298666860691   9.318320485797284e-05                       0       299.8689760136379
    0.03476562500000001   -0.001355478347958107   9.156822972491444e-05                       0       299.8722161380315
    0.03515625000000001   -0.001322658029055537   8.995325459185695e-05                       0       299.8754562624282
    0.03554687500000001   -0.001289837710152946   8.833827945879792e-05                       0       299.8786963868197
              0.0359375   -0.001257017391250359   8.672330432573976e-05                       0       299.8819365112124
            0.036328125   -0.001223966700343181   8.504704873138644e-05                       0       299.8851824749987
    0.03671874999999999   -0.001189994521417623   8.312567129185289e-05                       0       299.8884517963557
            0.037109375   -0.001156022342492063   8.120429385231957e-05                       0       299.8917211177127
    0.03750000000000001   -0.001122050163566503   7.928291641278625e-05                       0       299.8949904390697
            0.037890625   -0.001088077984640944    7.73615389732529e-05                       0       299.8982597604268
             0.03828125   -0.001054105805715385   7.544016153371956e-05                       0       299.9015290817837
            0.038671875   -0.001020133626789831   7.351878409418658e-05                       0       299.9047984031423
              0.0390625  -0.0009855797384137476   7.137361682256639e-05                       0        299.908077670197
    0.03945312500000001  -0.0009508804226750388   6.917250209292492e-05                       0       299.9113594236781
             0.03984375  -0.0009161811069363317   6.697138736328353e-05                       0       299.9146411771592
    0.04023437500000001  -0.0008814817911976233   6.477027263364182e-05                       0       299.9179229306407
    0.04062500000000001  -0.0008467824754589147   6.256915790400055e-05                       0       299.9212046841216
            0.041015625  -0.0008120831597202111   6.036804317435933e-05                       0       299.9244864376041
    0.04140625000000001  -0.0007772137129060786   5.807108551403736e-05                       0       299.9277691562899
    0.04179687500000001  -0.0007420890694788234   5.563036345769555e-05                       0       299.9310533227878
              0.0421875  -0.0007069644260515605   5.318964140135348e-05                       0       299.9343374892823
    0.04257812499999999  -0.0006718397826243021   5.074891934501115e-05                       0       299.9376216557786
             0.04296875  -0.0006367151391970424    4.83081972886691e-05                       0       299.9409058222748
    0.04335937500000001  -0.0006015904957697826   4.586747523232706e-05                       0       299.9441899887711
    0.04375000000000001  -0.0005664658523425247   4.342675317598483e-05                       0       299.9474741552681
            0.044140625  -0.0005311154175053645   4.080131418985485e-05                       0       299.9507561300586
             0.04453125  -0.0004957649826682053   3.817587520372464e-05                       0       299.9540381048499
            0.044921875   -0.000460414547831046   3.555043621759443e-05                       0       299.9573200796412
    0.04531250000000001  -0.0004250641129938859   3.292499723146416e-05                       0       299.9606020544325
            0.045703125  -0.0003897136781567264   3.029955824533393e-05                       0       299.9638840292238
             0.04609375  -0.0003543632433195669   2.767411925920369e-05                       0       299.9671660040151
            0.046484375  -0.0003189506874126927   2.497861086329721e-05                       0       299.9704462554528
               0.046875  -0.0002834967174593419   2.223638952753988e-05                       0       299.9737253579881
    0.04726562500000001  -0.0002480427475059905    1.94941681917825e-05                       0       299.9770044605234
             0.04765625  -0.0002125887775526397   1.675194685602516e-05                       0       299.9802835630587
            0.048046875   -0.000177134807599289    1.40097255202678e-05                       0       299.9835626655939
              0.0484375  -0.0001416808376459383   1.126750418451045e-05                       0       299.9868417681292
            0.048828125   -0.000106220961299403   8.517288722683157e-06                       0       299.9901206334786
    0.04921875000000001  -7.073745938012848e-05   5.735096756576086e-06                       0       299.9933985500841
            0.049609375  -3.525395746085463e-05   2.952904790469068e-06                       0       299.9966764666897
    0.05000000000000001   2.295444584192316e-07   1.707128243620492e-07                       0       299.9999543832969
    0.05039062500000001   3.571304637769532e-05  -2.611479141745436e-06                       0       300.0032322999024
             0.05078125   7.119654829696886e-05  -5.393671107852723e-06                       0       300.0065102165062
    0.05117187500000001   0.0001066800502162443  -8.175863073960157e-06                       0       300.0097881331117
              0.0515625   0.0001421410947206068  -1.092607996919709e-05                       0       300.0130670810319
    0.05195312500000001   0.0001775965248712439  -1.366830309671663e-05                       0       300.0163462867823
    0.05234375000000001   0.0002130519550218785  -1.641052622423596e-05                       0       300.0196254925295
            0.052734375   0.0002485073851725135  -1.915274935175539e-05                       0       300.0229046982783
    0.05312500000000001   0.0002839628153231524  -2.189497247927517e-05                       0       300.0261839040288
    0.05351562500000001   0.0003194182454737882  -2.463719560679471e-05                       0       300.0294631097776
             0.05390625    0.000354832818824721  -2.733272173871862e-05                       0        300.032743504014
    0.05429687500000001   0.0003901861069761017  -2.995820237724925e-05                       0       300.0360256809818
    0.05468750000000001   0.0004255393951274817  -3.258368301577984e-05                       0       300.0393078579497
    0.05507812500000001   0.0004608926832788605  -3.520916365431031e-05                       0       300.0425900349158
             0.05546875   0.0004962459714302397   -3.78346442928408e-05                       0       300.0458722118836
            0.055859375   0.0005315992595816197  -4.046012493137133e-05                       0       300.0491543888515
                0.05625   0.0005669525477329995  -4.308560556990187e-05                       0       300.0524365658193
            0.056640625   0.0006020813076087146  -4.552648171390245e-05                       0       300.0557210250555
    0.05703125000000001   0.0006372100674844303  -4.796735785790306e-05                       0       300.0590054842917
    0.05742187500000001   0.0006723388273601461  -5.040823400190369e-05                       0        300.062289943528
    0.05781250000000002   0.0007074675872358667  -5.284911014590501e-05                       0       300.0655744027661
    0.05820312499999999   0.0007425963471115743  -5.528998628990493e-05                       0       300.0688588620001
             0.05859375   0.0007777251069872898  -5.773086243390566e-05                       0       300.0721433212363
    0.05898437500000001   0.0008125993165902933  -6.002810172853896e-05                       0       300.0754263796117
    0.05937500000000001   0.0008473038260114885  -6.222958312359396e-05                       0         300.07870850408
            0.059765625   0.0008820083354326827  -6.443106451864887e-05                       0       300.0819906285483
    0.06015625000000001   0.0009167128448538788  -6.663254591370422e-05                       0       300.0852727530168
    0.06054687500000001   0.0009514173542750727  -6.883402730875894e-05                       0       300.0885548774847
    0.06093750000000001   0.0009861218636962675  -7.103550870381371e-05                       0        300.091837001953
            0.061328125    0.001020681114313995  -7.318110871136341e-05                       0       300.0951166524825
             0.06171875    0.001054659329717859  -7.510318316889053e-05                       0       300.0983864072568
    0.06210937499999999    0.001088637545121722   -7.70252576264176e-05                       0       300.1016561620312
                 0.0625    0.001122615760525592  -7.894733208394522e-05                       0       300.1049259168072
    0.06289062500000002    0.001156593975929451  -8.086940654147209e-05                       0       300.1081956715799
    0.06328125000000001    0.001190572191333318  -8.279148099899968e-05                       0       300.1114654263553
    0.06367187500000002    0.001224550406737178  -8.471355545652656e-05                       0       300.1147351811286
    0.06406250000000001    0.001257607585944813  -8.639087081367172e-05                       0       300.1179816133497
            0.064453125    0.001290434506103389  -8.800699639572141e-05                       0       300.1212222149325
    0.06484375000000001    0.001323261426261968  -8.962312197777112e-05                       0       300.1244628165152
            0.065234375    0.001356088346420544  -9.123924755982088e-05                       0       300.1277034180981
    0.06562500000000002    0.001388915266579124  -9.285537314187077e-05                       0       300.1309440196808
    0.06601562500000002    0.001421742186737708  -9.447149872392107e-05                       0       300.1341846212649
             0.06640625    0.001453882628469031  -9.595825173618656e-05                       0       300.1374037395475
    0.06679687500000001     0.00148499335255949  -9.725094589377695e-05                       0       300.1405906328829
              0.0671875    0.001516104076649951  -9.854364005136765e-05                       0       300.1437775262187
    0.06757812500000002    0.001547214800740409    -9.9836334208958e-05                       0       300.1469644195537
    0.06796874999999999    0.001578325524830867  -0.0001011290283665481                       0       300.1501513128891
            0.068359375    0.001609436248921327  -0.0001024217225241386                       0       300.1533382062246
    0.06875000000000001    0.001640546973011796  -0.0001037144166817296                       0       300.1565250995619
    0.06914062499999998    0.001669222044759739  -0.0001046683009526491                       0       300.1596254492631
             0.06953125    0.001697897116507695  -0.0001056221852235692                       0       300.1627257989662
    0.06992187500000001    0.001726572188255649  -0.0001065760694944894                       0       300.1658261486692
              0.0703125    0.001755247260003613    -0.00010752995376541                       0       300.1689264983738
    0.07070312500000001    0.001783922331751557  -0.0001084838380363295                       0       300.1720268480752
             0.07109375    0.001812597403499509  -0.0001094377223072495                       0       300.1751271977782
    0.07148437500000002     0.00183927830730876  -0.0001101754694181377                       0       300.1781511051836
    0.07187500000000002    0.001864629765825539  -0.0001107691250890046                       0       300.1811240510573
            0.072265625    0.001889981224342316  -0.0001113627807598714                       0        300.184096996931
    0.07265625000000001    0.001915332682859094  -0.0001119564364307383                       0       300.1870699428046
    0.07304687499999998    0.001940684141375872  -0.0001125500921016052                       0       300.1900428886782
              0.0734375    0.001966035599892651  -0.0001131437477724719                       0       300.1930158345518
    0.07382812499999999    0.001990508231259183  -0.0001136584402320828                       0       300.1959537782788
             0.07421875     0.00201146555402473  -0.0001138572798466696                       0       300.1987517134191
    0.07460937500000001    0.002032422876790276  -0.0001140561194612566                       0       300.2015496485594
    0.07500000000000001    0.002053380199555834   -0.000114254959075844                       0       300.2043475837014
            0.075390625     0.00207433752232137  -0.0001144537986904302                       0       300.2071455188401
    0.07578125000000001    0.002095294845086923  -0.0001146526383050176                       0       300.2099434539815
            0.076171875    0.002116252167852485  -0.0001148514779196052                       0       300.2127413891241
    0.07656249999999999    0.002132681237690823   -0.000114693702437407                       0       300.2153578407418
            0.076953125    0.002147978244297386  -0.0001144467731810138                       0        300.217928921483
    0.07734374999999999     0.00216327525090395  -0.0001141998439246208                       0       300.2205000022241
    0.07773437500000002    0.002178572257510517  -0.0001139529146682283                       0       300.2230710829655
               0.078125    0.002193869264117084  -0.0001137059854118355                       0       300.2256421637073
    0.07851562500000001    0.002209166270723643  -0.0001134590561554421                       0       300.2282132444477
    0.07890625000000001    0.002221611106087922  -0.0001130084671518723   -3.09245698789113e-27       300.2306726837292
    0.07929687499999999     0.00222977768458877  -0.0001122523885275368  -1.082359945761867e-26       300.2329646608213
    0.07968749999999999    0.002237944263089621  -0.0001114963099032012  -1.855474192734677e-26       300.2352566379133
            0.080078125     0.00224611084159047  -0.0001107402312788659  -2.628588439707513e-26       300.2375486150054
    0.08046875000000001    0.002254277420091321  -0.0001099841526545305  -3.401702686680323e-26       300.2398405920976
    0.08085937500000002    0.002262443998592171   -0.000109228074030195   -4.17481693365316e-26       300.2421325691897
    0.08124999999999999    0.002270610577093046  -0.0001084719954058607  -4.947931180625999e-26       300.2444245462852
    0.08164062500000001    0.002269975995427027  -0.0001071447646274232  -4.826824121565808e-26       300.2463898237506
             0.08203125    0.002269341413761033  -0.0001058175338489869  -4.705717062505673e-26       300.2483551012194
    0.08242187500000001    0.002268706832095039  -0.0001044903030705505  -4.584610003445534e-26       300.2503203786882
    0.08281250000000001    0.002268072250429045  -0.0001031630722921141  -4.463502944385393e-26        300.252285656157
            0.083203125    0.002267437668763051  -0.0001018358415136778  -4.342395885325262e-26       300.2542509336259
    0.08359375000000001    0.002266803087097068  -0.0001005086107352419  -4.221288826265144e-26       300.2562162110961
            0.083984375    0.002259778934395126  -9.881730157875688e-05  -3.842584455939073e-26       300.2579632945124
    0.08437500000000001    0.002248495067669239   -9.68832735035735e-05  -3.292148544769054e-26       300.2595649152296
    0.08476562500000001    0.002237211200943351  -9.494924542839011e-05  -2.741712633599035e-26       300.2611665359467
             0.08515625    0.002225927334217464  -9.301521735320681e-05  -2.191276722429043e-26       300.2627681566637
    0.08554687500000001    0.002214643467491581  -9.108118927802372e-05  -1.640840811259006e-26       300.2643697773815
              0.0859375    0.002203359600765698  -8.914716120284059e-05  -1.090404900089017e-26       300.2659713980991
    0.08632812500000001    0.002189550757066404  -8.709691265883737e-05  -6.477611763073512e-27       300.2674963126336
    0.08671875000000001    0.002165642005473459   -8.45817822395536e-05   -6.36286202079177e-27       300.2687144024345
    0.08710937499999999    0.002141733253880526  -8.206665182027047e-05  -6.248112278510052e-27       300.2699324922368
    0.08749999999999999    0.002117824502287592  -7.955152140098715e-05  -6.133362536228325e-27       300.2711505820392
    0.08789062499999999    0.002093915750694659  -7.703639098170398e-05  -6.018612793946511e-27       300.2723686718415
    0.08828124999999999    0.002070006999101726  -7.452126056242068e-05  -5.903863051664794e-27       300.2735867616439
    0.08867187500000001    0.002046098247508792   -7.20061301431373e-05  -5.789113309383074e-27       300.2748048514463
    0.08906249999999999    0.002010468955054209  -6.912743574823147e-05  -4.440937664108607e-27       300.2757189788653
    0.08945312499999999     0.00197190952738421   -6.61578503594198e-05  -2.784405543085824e-27       300.2765571156885
    0.08984374999999999    0.001933350099714212  -6.318826497060819e-05  -1.127873422063097e-27       300.2773952525118
    0.09023437500000001    0.001894790672044213  -6.021867958179647e-05   5.286586989601196e-28       300.2782333893351
    0.09062500000000001    0.001856231244374214  -5.724909419298479e-05   2.185190819982937e-27       300.2790715261583
            0.091015625    0.001817671816704217  -5.427950880417322e-05   3.841722941005696e-27       300.2799096629814
    0.09140625000000001    0.001772459685614377  -5.123296814563137e-05   4.771006284592102e-27       300.2806089517559
            0.091796875    0.001717268499394775  -4.807099458249435e-05   4.609416462023668e-27       300.2810999684571
    0.09218750000000001    0.001662077313175171  -4.490902101935721e-05   4.447826639455231e-27       300.2815909851583
    0.09257812500000001    0.001606886126955568  -4.174704745622009e-05   4.286236816886697e-27       300.2820820018596
    0.09296874999999999    0.001551694940735966  -3.858507389308313e-05   4.124646994318275e-27       300.2825730185608
    0.09335937500000001     0.00149650375451636  -3.542310032994584e-05   3.963057171749838e-27       300.2830640352622
    0.09374999999999999    0.001441312568296759  -3.226112676680889e-05   3.801467349181417e-27       300.2835550519634
    0.09414062500000001    0.001367644089944171  -2.938968780101578e-05   3.207488075871806e-27        300.283765826831
    0.09453125000000001    0.001293975611591586  -2.651824883522278e-05   2.613508802562217e-27       300.2839766016987
            0.094921875    0.001220307133239003  -2.364680986942987e-05   2.019529529252649e-27       300.2841873765663
    0.09531250000000001    0.001146638654886418  -2.077537090363687e-05   1.425550255943017e-27       300.2843981514339
            0.095703125    0.001072970176533838  -1.790393193784401e-05   8.315709826334357e-28       300.2846089263024
    0.09609375000000002   0.0009993016981812513  -1.503249297205093e-05   2.375917093238116e-28       300.2848197011706
    0.09648437500000001   0.0009135514890093985  -1.271665929893924e-05                       0       300.2849247789547
               0.096875   0.0008197467926247078  -1.077122915428176e-05                       0       300.2849593920187
    0.09726562500000002   0.0007259420962400104  -8.825799009624137e-06                       0       300.2849940050826
             0.09765625   0.0006321373998553221  -6.880368864966707e-06                       0       300.2850286181467
    0.09804687500000001   0.0005383327034706255  -4.934938720309102e-06                       0       300.2850632312106
    0.09843750000000001   0.0004445280070859306  -2.989508575651505e-06                       0        300.285097844276
            0.098828125   0.0003463914843545373  -1.343591681180229e-06                       0       300.2851255347259
    0.09921875000000001   0.0002309276562363555  -8.957277874534758e-07                       0       300.2851255347259
            0.099609375   0.0001154638281181778   -4.47863893726738e-07                       0       300.2851255347259
                    0.1                       0                       0                       0       300.2851255347259
