#              distance                     U_x                     U_y                     U_z                       T
  6.938893903907203e-20  -2.048588278685265e-20   3.041593712859226e-23  -2.913919980610626e-58       299.7157960089097
  0.0003906250000000002  -0.0001159260277816091   1.719769821643921e-07  -8.201955586791015e-43       299.7157960089097
  0.0007812500000000003   -0.000227441130468196    7.08845416393902e-07  -1.148273782150734e-42       299.7157941372095
            0.001171875  -0.0003323398455122494   1.793051028721088e-06  -7.381760028111846e-43       299.7157894579587
              0.0015625  -0.0004372385605563033   2.877256641048276e-06  -3.280782234716373e-43       299.7157847787079
            0.001953125  -0.0005400051962336198   4.127337116679225e-06                       0       299.7157872047922
   0.002343750000000001  -0.0006342435144439876    6.04091704552522e-06                       0       299.7158180522165
            0.002734375  -0.0007284818326543545   7.954496974371207e-06                       0       299.7158488996406
   0.003125000000000001  -0.0008227201508647223   9.868076903217196e-06                       0        299.715879747065
   0.003515625000000001  -0.0009066705909835701   1.237863892708006e-05                       0       299.7159819037992
             0.00390625  -0.0009906210311024181   1.488920095094292e-05                       0       299.7160840605337
   0.004296875000000001   -0.001074571471221266   1.739976297480578e-05                       0       299.7161862172682
   0.004687500000000001   -0.001150603328100195   2.021886815381747e-05       1.57823347397e-31       299.7163703058038
   0.005078125000000001   -0.001224655539169144   2.311510912161638e-05   3.551025316432565e-31       299.7165748772897
   0.005468750000000001   -0.001298707750238094   2.601135008941529e-05   5.523817158895036e-31       299.7167794487758
            0.005859375    -0.00136706845883015   2.904174869508989e-05  -1.686842037011555e-29       299.7170612611048
                0.00625   -0.001431634832437615   3.216158572601505e-05  -4.603460996962186e-29       299.7173945673301
   0.006640625000000002   -0.001496201206045088   3.528142275694043e-05  -7.520079956912865e-29       299.7177278735569
   0.007031250000000001   -0.001557147901719961   3.843484239996846e-05  -8.111294916272874e-29       299.7181212983748
   0.007421875000000001    -0.00161266508049589   4.163863596114945e-05  -5.214403874746793e-29       299.7186049010706
   0.007812499999999999   -0.001668182259271849   4.484242952233118e-05  -2.317512833220761e-29       299.7190885037724
   0.008203124999999999   -0.001721981566866708   4.803987188136875e-05                       0       299.7196055517866
   0.008593750000000001   -0.001768909389737065   5.121190943182709e-05                       0        299.720256381034
   0.008984375000000003   -0.001815837212607439   5.438394698228585e-05                       0       299.7209072102842
   0.009374999999999998   -0.001862765035477814   5.755598453274471e-05                       0       299.7215580395347
            0.009765625    -0.00190158336859695   6.060358496052558e-05                       0       299.7223885936593
             0.01015625   -0.001940401701716087    6.36511853883065e-05                       0       299.7232191477841
            0.010546875   -0.001979220034835241   6.669878581608797e-05                       0       299.7240497019113
              0.0109375   -0.002011946907280741   6.958978280990932e-05                       0       299.7250306936918
            0.011328125   -0.002043150914557826   7.244162894524059e-05                       0       299.7260492948855
             0.01171875   -0.002074354921834946   7.529347508057309e-05                       0       299.7270678960842
            0.012109375   -0.002101293182933737   7.799671955126946e-05                       0       299.7282019929751
                 0.0125   -0.002125387613247029   8.060089624554372e-05                       0       299.7294130870018
            0.012890625   -0.002149482043560327   8.320507293981818e-05                       0       299.7306241810294
             0.01328125    -0.00217093591343591   8.569627169048561e-05                       0       299.7319126342337
            0.013671875   -0.002188428942654887   8.801800352574108e-05                       0       299.7333171261981
              0.0140625   -0.002205921971873876   9.033973536099709e-05                       0       299.7347216181641
            0.014453125   -0.002222195814855228   9.260095168372041e-05                       0       299.7361643357023
             0.01484375   -0.002233592912886022   9.462010595631311e-05                       0       299.7377599555267
            0.015234375   -0.002244990010916825   9.663926022890604e-05                       0       299.7393555753523
               0.015625   -0.002256387108947619   9.865841450149867e-05                       0       299.7409511951768
            0.016015625   -0.002262185311046421   0.0001003668855622411                       0       299.7427328864354
             0.01640625   -0.002267983513145233    0.000102075356622984                       0       299.7445145776954
            0.016796875   -0.002273781715244045    0.000103783827683727                       0       299.7462962689555
              0.0171875   -0.002275487641659907   0.0001052447995861642                       0       299.7482208673396
            0.017578125   -0.002276170499155036   0.0001066438966990249                       0       299.7501811925052
    0.01796875000000001   -0.002276853356650177   0.0001080429938118864                       0       299.7521415176725
            0.018359375   -0.002274746527530549   0.0001092614049611637                       0       299.7542033801739
                0.01875   -0.002270779907334452   0.0001103593588013872                       0       299.7563329342371
            0.019140625   -0.002266813287138355   0.0001114573126416105                       0       299.7584624883002
             0.01953125    -0.00226116483690025    0.000112439959310548                       0       299.7606553502254
            0.019921875   -0.002252993641599136   0.0001132496452225567                       0       299.7629431739437
              0.0203125   -0.002244822446298022   0.0001140593311345653                       0        299.765230997662
            0.020703125   -0.002235894649669321   0.0001148144704090016                       0       299.7675480533578
             0.02109375    -0.00222394044773028   0.0001153514231331487                       0       299.7699820369638
            0.021484375   -0.002211986245791238   0.0001158883758572957                       0       299.7724160205698
    0.02187500000000001   -0.002200032043852205   0.0001164253285814432                       0        299.774850004177
            0.022265625   -0.002184691536799822   0.0001167060970486628                       0        299.777417272653
             0.02265625   -0.002169351029747428   0.0001169868655158822                       0       299.7799845411276
            0.023046875   -0.002154010522695064   0.0001172676339831029                       0       299.7825518096063
              0.0234375   -0.002136257790619254   0.0001173564796223938                       0       299.7852150807612
            0.023828125   -0.002117902002287614   0.0001173973445547039                       0       299.7879023525895
             0.02421875   -0.002099546213955974    0.000117438209487014                       0       299.7905896244177
            0.024609375   -0.002079588329336943   0.0001173441876185739   1.055890004204669e-27       299.7933408807169
    0.02499999999999999   -0.002058562380526319   0.0001171602412163008   2.815706677879008e-27       299.7961347933303
            0.025390625   -0.002037536431715708   0.0001169762948140277   4.575523351553521e-27       299.7989287059457
             0.02578125    -0.00201557019338082   0.0001167077539139726   5.636368402271796e-27       299.8017600122333
            0.026171875   -0.001992193520759572   0.0001163123212672471   5.648756018556045e-27       299.8046474090372
              0.0265625   -0.001968816848138324   0.0001159168886205214   5.661143634840361e-27       299.8075348058413
            0.026953125   -0.001945028887478074   0.0001154814158580896   5.316612869876134e-27         299.81043835842
             0.02734375   -0.001919595774661704   0.0001148857826328274   3.544408579917296e-27       299.8134065340798
    0.02773437500000001   -0.001894162661845352   0.0001142901494075656   1.772204289958664e-27       299.8163747097427
               0.028125   -0.001868729549029003   0.0001136945161823043                       0       299.8193428854058
            0.028515625   -0.001841509856336458   0.0001129079167845708                       0       299.8223797879296
    0.02890624999999999     -0.0018142901636439   0.0001121213173868365                       0       299.8254166904513
            0.029296875    -0.00178707047095135   0.0001113347179891026                       0       299.8284535929744
    0.02968750000000001   -0.001758618535162266   0.0001104012497709371                       0        299.831536485299
            0.030078125   -0.001729858538599027   0.0001094310643476626                       0       299.8346308750704
             0.03046875   -0.001701098542035811    0.000108460878924389                       0        299.837725264846
            0.030859375   -0.001671548509030437   0.0001073840688077026                       0       299.8408479612468
                0.03125   -0.001641471785063676   0.0001062361755620774                       0       299.8439895287404
            0.031640625   -0.001611395061096888   0.0001050882823164503                       0       299.8471310962294
             0.03203125   -0.001580872353853505   0.0001038712386420257                       0       299.8502878146711
            0.032421875   -0.001549680671695248    0.000102550469324406                       0       299.8534672595453
    0.03281249999999999   -0.001518488989536991   0.0001012297000067862                       0       299.8566467044196
            0.033203125   -0.001487110484881533   9.987521461455326e-05                       0       299.8598320753804
             0.03359375   -0.001454984690237276   9.838586492387062e-05                       0       299.8630411506878
            0.033984375   -0.001422858895593019   9.689651523318794e-05                       0       299.8662502259951
               0.034375   -0.001390733100948762   9.540716554250528e-05                       0       299.8694593013025
    0.03476562499999999   -0.001357833993226576   9.375351778214669e-05                       0       299.8726908268527
             0.03515625   -0.001324934885504396   9.209987002178836e-05                       0       299.8759223524046
            0.035546875   -0.001292035777782203   9.044622226142906e-05                       0       299.8791538779532
    0.03593750000000001   -0.001258631330796941   8.866495030366439e-05                       0       299.8823984625029
            0.036328125   -0.001225100548995915   8.685177229654841e-05                       0        299.885646311803
             0.03671875   -0.001191569767194885   8.503859428943219e-05                       0       299.8888941611022
            0.037109375   -0.001157734018976115   8.313311792647267e-05                       0       299.8921487398759
    0.03750000000000001   -0.001123694959812182   8.116610932628436e-05                       0       299.8954078049658
            0.037890625   -0.001089655900648251   7.919910072609562e-05                       0       299.8986668700556
             0.03828125    -0.00105545598339865   7.717336127866902e-05                       0       299.9019287644415
            0.038671875   -0.001021014779020548   7.505952556038559e-05                       0       299.9051949027714
              0.0390625  -0.0009865735746424468   7.294568984210159e-05                       0       299.9084610411014
    0.03945312500000001  -0.0009520699276415418   7.080420671435852e-05                       0        299.911727945191
             0.03984375  -0.0009173165101494262   6.855213394877972e-05                       0       299.9149979123198
            0.040234375  -0.0008825630926573104   6.630006118320065e-05                       0       299.9182678794486
               0.040625  -0.0008478096751652002   6.404798841762155e-05                       0       299.9215378465794
            0.041015625   -0.000812818951830318   6.166804020330182e-05  -5.658588524641591e-28       299.9248092180457
    0.04140625000000001  -0.0007778282284954429     5.9288091988982e-05  -1.131717704928346e-27       299.9280805895148
            0.041796875  -0.0007428375051605653   5.690814377466229e-05   -1.69757655739251e-27       299.9313519609822
              0.0421875  -0.0007077058864245108   5.443566893767469e-05  -1.800621543184566e-27       299.9346231034648
            0.042578125  -0.0006725390438381631   5.194006244502027e-05  -1.787963062308583e-27       299.9378941887011
             0.04296875  -0.0006373722012518153   4.944445595236596e-05  -1.775304581432587e-27       299.9411652739373
    0.04335937500000001  -0.0006021290331124832   4.688788910498718e-05  -1.479281107154164e-27          299.9444355584
                0.04375  -0.0005668349812711745   4.429068202112591e-05  -9.943476372742093e-28       299.9477053090203
            0.044140625  -0.0005315409294298429   4.169347493726226e-05  -5.094141673943627e-28       299.9509750596274
    0.04453125000000001  -0.0004962112820465205   3.906194358425291e-05   1.768249571585222e-28       299.9542440757274
            0.044921875  -0.0004608282413501962   3.637892582752331e-05   1.165022563720866e-27        299.957511990057
    0.04531250000000001  -0.0004254452006538704   3.369590807079329e-05   2.153220170283211e-27       299.9607799043864
            0.045703125  -0.0003900502132880913   3.099919415188141e-05   2.889314899128418e-27       299.9640474409147
             0.04609375   -0.000354607439244497    2.82476955842426e-05   2.616998117105075e-27       299.9673134662379
    0.04648437499999999   -0.000319164665200903   2.549619701660301e-05   2.344681335081644e-27       299.9705794915612
    0.04687500000000001  -0.0002837218911573083   2.274469844896359e-05   2.072364553058238e-27       299.9738455168856
    0.04726562500000001  -0.0002482415238017154     1.9943324507378e-05   1.424750630227518e-27       299.9771099502994
             0.04765625  -0.0002127611564461251   1.714195056579248e-05   7.771367073968325e-28       299.9803743837144
            0.048046875  -0.0001772807890905341    1.43405766242067e-05   1.295227845661349e-28       299.9836388171294
    0.04843750000000001  -0.0001417839301034406   1.151494923987239e-05  -2.464606878812462e-29       299.9869024147238
            0.048828125  -0.0001062829482084707   8.683258494851139e-06  -5.545365477328015e-29       299.9901658033594
    0.04921875000000001  -7.078196631349999e-05   5.851567749828999e-06  -8.626124075843469e-29       299.9934291919966
            0.049609375  -3.527692620601545e-05   3.013774970617186e-06  -4.258189054668714e-29       299.9966923720255
                   0.05   2.308193764788035e-07   1.719141686114881e-07   5.075541712966253e-29       299.9999554129823
    0.05039062499999999   3.573856495897236e-05  -2.669946633394115e-06     1.4409272480601e-28       300.0032184539392
             0.05078125   7.124389382527876e-05  -5.507737832217797e-06   1.750832207353429e-28       300.0064816545887
    0.05117187500000001   0.0001067455976173024  -8.339424626267334e-06   1.125534990441511e-28       300.0097450947773
    0.05156249999999999   0.0001422473014093249  -1.117111142031724e-05   5.002377735295587e-29       300.0130085349659
            0.051953125   0.0001777450249836388   -1.39967350402657e-05  -6.431810909745328e-30       300.0162721943131
    0.05234375000000001    0.000213226827687108  -1.679810596380428e-05  -3.859086545846453e-29       300.0195367302978
            0.052734375   0.0002487086303905726  -1.959947688734252e-05  -7.074992000718219e-29       300.0228012662759
    0.05312500000000001   0.0002841904330940444  -2.240084781088134e-05  -1.029089745559011e-28       300.0260658022617
            0.053515625    0.000319635339189242  -2.515235394867747e-05  -1.037639639706936e-28       300.0293319800924
             0.05390625   0.0003550802452844449  -2.790386008647472e-05  -1.046189533854562e-28       300.0325981579273
    0.05429687500000001   0.0003905251513796521  -3.065536622427218e-05  -1.054739428002198e-28       300.0358643357654
              0.0546875   0.0004259228083440923  -3.335210754760834e-05  -7.923370551238394e-29       300.0391320634815
    0.05507812500000002   0.0004613086530258552  -3.603515766733035e-05  -4.621966154889299e-29       300.0424001786749
             0.05546875    0.000496694497707604  -3.871820778705121e-05  -1.320561758539817e-29       300.0456682938617
            0.055859375   0.0005320273327941834  -4.134979743271293e-05  -6.217395445674186e-28       300.0489375385638
                0.05625   0.0005673248281506451  -4.394708009566819e-05  -1.657972118846455e-27       300.0522075362737
            0.056640625    0.000602622323507107  -4.654436275862379e-05  -2.694204693125476e-27       300.0554775339838
    0.05703125000000001   0.0006378691751447742  -4.910103135467826e-05  -3.384191524305452e-27       300.0587480829935
    0.05742187500000001   0.0006730400612042299  -5.159677885037923e-05  -3.554809740836843e-27       300.0620194589437
              0.0578125   0.0007082109472636897  -5.409252634608122e-05   -3.72542795736817e-27       300.0652908348966
    0.05820312500000001   0.0007433467202172938   -5.65651603628723e-05  -3.620552372431204e-27       300.0685622762006
             0.05859375   0.0007783420407474682  -5.894534046402172e-05  -2.413701581620832e-27       300.0718339789088
    0.05898437500000001   0.0008133373612776438  -6.132552056517147e-05  -1.206850790810365e-27       300.0751056816169
               0.059375    0.000848332681807824  -6.370570066632145e-05  -8.001330919855012e-42       300.0783773843273
            0.059765625   0.0008830911978130523  -6.595812429099469e-05  -1.527302397843846e-27       300.0816477196637
             0.06015625   0.0009178497138182862  -6.821054791566828e-05  -3.054604795687679e-27       300.0849180550025
            0.060546875   0.0009526082298235204  -7.046297154034224e-05  -4.581907193531436e-27       300.0881883903413
    0.06093750000000001   0.0009871173298852233  -7.260492471453355e-05  -5.005174416173776e-27       300.0914556890385
    0.06132812500000001    0.001021564075961031  -7.471926027610305e-05  -5.152432845015756e-27       300.0947222285716
    0.06171875000000001    0.001056010822036845  -7.683359583767345e-05  -5.299691273857672e-27       300.0979887681066
    0.06210937499999999    0.001090216508780485  -7.885994321425748e-05  -4.353858149383018e-27        300.101251080881
                 0.0625     0.00112426148930269  -8.082763180085166e-05  -2.679297322697325e-27       300.1045105758183
    0.06289062500000001    0.001158306469824873  -8.279532038744452e-05  -1.004736496011393e-27       300.1077700707491
             0.06328125    0.001192148263778789  -8.470156138257569e-05                       0       300.1110250889514
    0.06367187500000002    0.001225685277880257  -8.651563099051058e-05                       0        300.114273392047
    0.06406250000000002    0.001259222291981734  -8.832970059844639e-05                       0       300.1175216951451
            0.064453125    0.001292633018678273  -9.011191266095971e-05                       0       300.1207667372959
    0.06484375000000001    0.001325538595755013   -9.17666945417812e-05                       0        300.123998735644
    0.06523437499999998    0.001358444172831747  -9.342147642260202e-05                       0       300.1272307339914
               0.065625    0.001391349749908505  -9.507625830342465e-05                       0       300.1304627323429
    0.06601562500000002    0.001423482171740128  -9.656701406750934e-05                       0       300.1336722942958
             0.06640625    0.001455614593571747  -9.805776983159371e-05                       0       300.1368818562489
    0.06679687500000001    0.001487747015403375  -9.954852559567888e-05                       0        300.140091418203
              0.0671875    0.001519132205588627  -0.0001009046562606034                       0       300.1432772826731
            0.067578125    0.001550330587862285  -0.0001022271306507372                       0       300.1464572227721
    0.06796875000000001    0.001581528970135944  -0.0001035496050408714                       0       300.1496371628712
            0.068359375    0.001612058366589302  -0.0001047685474394689                       0       300.1527943785075
    0.06875000000000001    0.001642141772495794  -0.0001059184685103754                       0       300.1559364445018
            0.069140625    0.001672225178402286  -0.0001070683895812822                       0        300.159078510496
             0.06953125    0.001701781846901088  -0.0001081473644585848                       0       300.1622017046232
    0.06992187499999999     0.00173054840928835  -0.0001091199200454809                       0       300.1652965909495
              0.0703125    0.001759314971675614  -0.0001100924756323772                       0       300.1683914772759
    0.07070312500000001    0.001787773428971434  -0.0001110283854002001                       0         300.17147486475
    0.07109374999999998    0.001814999465901479  -0.0001118177118917288                       0       300.1745122568158
            0.071484375     0.00184222550283153  -0.0001126070383832578                       0       300.1775496488817
    0.07187500000000002    0.001869451539761616   -0.000113396364874789                       0       300.1805870409534
            0.072265625    0.001894890661558817  -0.0001139950909657261                       0       300.1835556943581
    0.07265625000000001    0.001920329783356058  -0.0001145938170566656                       0       300.1865243477686
            0.073046875    0.001945768905153297  -0.0001151925431476051                       0       300.1894930011792
              0.0734375    0.001969562508657848  -0.0001156314033312309                       0       300.1923970185418
    0.07382812499999999    0.001992944732589226  -0.0001160302970380282                       0       300.1952848768923
             0.07421875    0.002016326956520617  -0.0001164291907448263                       0       300.1981727352446
    0.07460937500000001    0.002038298392677577  -0.0001167014108838415                       0       300.2010044909998
    0.07500000000000001    0.002059329303651608  -0.0001168891819776699                       0       300.2037988450275
    0.07539062500000002    0.002080360214625642  -0.0001170769530714985                       0       300.2065931990553
    0.07578124999999999    0.002100322769538015  -0.0001171749402844053                       0       300.2093448873687
            0.076171875    0.002118682790357924  -0.0001171382516759306                       0       300.2120325771141
    0.07656250000000001      0.0021370428111778  -0.0001171015630674541                       0       300.2147202668544
    0.07695312500000001    0.002154799599974966  -0.0001170169601260068                       0       300.2173839506797
    0.07734374999999999    0.002170143460681204  -0.0001167406998526712                       0       300.2199516108312
    0.07773437499999999    0.002185487321387461  -0.0001164644395793365                       0       300.2225192709851
    0.07812500000000001    0.002200831182093718  -0.0001161881793060021                       0       300.2250869311389
    0.07851562500000001    0.002212787701954875  -0.0001156560389232494                       0       300.2275212781374
    0.07890625000000001    0.002224744221816039   -0.000115123898540497                       0       300.2299556251367
    0.07929687500000002    0.002236700741677238  -0.0001145917581577463                       0       300.2323899721405
    0.07968749999999999    0.002245629897041659  -0.0001138416459434153                       0       300.2347073675242
            0.080078125    0.002253802211281956  -0.0001130370407711927                       0       300.2369955250121
    0.08046875000000001    0.002261974525522252  -0.0001122324355989701                       0          300.2392836825
    0.08085937500000001    0.002267623274657575  -0.0001112550044819269                       0        300.241476860047
                0.08125    0.002271589647056249  -0.0001101623560683366                       0       300.2436067176334
    0.08164062499999999    0.002275556019454924  -0.0001090697076547462                       0       300.2457365752199
             0.08203125    0.002277661986077247  -0.0001078566712143627   6.082300004891086e-28        300.247798729174
    0.08242187500000001    0.002276977344035046  -0.0001064630527337886   2.128805001711798e-27       300.2497593276794
    0.08281250000000001    0.002276292701992844  -0.0001050694342532147   3.649380002934463e-27        300.251719926185
            0.083203125    0.002274584649727603   -0.000103613963838173   4.833670289968331e-27       300.2536447920118
    0.08359374999999999    0.002268782956570209  -0.0001019110856852604   4.672821720246988e-27       300.2554267271244
            0.083984375    0.002262981263412815  -0.0001002082075323476   4.511973150525651e-27       300.2572086622368
    0.08437500000000001    0.002257179570255439  -9.850532937943579e-05   4.351124580804347e-27       300.2589905973518
    0.08476562500000001    0.002245777107754773  -9.649181636371047e-05   2.991398149302916e-27       300.2605864327841
    0.08515624999999999    0.002234374645254129  -9.447830334798624e-05   1.631671717801692e-27       300.2621822682191
    0.08554687500000002    0.002222972182753482  -9.246479033226174e-05   2.719452863002178e-28       300.2637781036538
              0.0859375    0.002206691347352415  -9.020919608236352e-05   8.122881550689765e-28       300.2652210155658
    0.08632812500000001    0.002189190918726186  -8.789308152391932e-05    1.82764834890524e-27       300.2666256965895
    0.08671875000000001    0.002171690490099982  -8.557696696547615e-05   2.843008542741529e-27       300.2680303776164
    0.08710937499999999    0.002150227907480469  -8.309132431663543e-05   3.142668801388341e-27       300.2693190051585
    0.08749999999999999    0.002126123888865415  -8.049266294086277e-05   2.965195769908912e-27       300.2705302637107
            0.087890625    0.002102019870250362  -7.789400156509014e-05   2.787722738429505e-27        300.271741522263
    0.08828125000000001    0.002075071087398898  -7.519619855480194e-05   2.346084054599116e-27       300.2728757747481
    0.08867187500000001    0.002043855158192816  -7.234968309274047e-05   1.508196892242241e-27       300.2738945181329
              0.0890625    0.002012639228986747  -6.950316763067963e-05   6.703097298854656e-28       300.2749132615192
    0.08945312500000001    0.001979899940963941  -6.661744713515987e-05                       0       300.2758943914708
             0.08984375    0.001941067217674178   -6.35749065058047e-05                       0       300.2767250676815
    0.09023437500000001    0.001902234494384421  -6.053236587644972e-05                       0       300.2775557438935
    0.09062500000000001    0.001863401771094682  -5.748982524709532e-05                       0       300.2783864201079
            0.091015625    0.001816456965225142  -5.432248828898291e-05  -8.137691136665552e-28         300.27903735346
    0.09140625000000002     0.00176951215935561  -5.115515133087067e-05  -1.627538227333185e-27       300.2796882868139
            0.091796875      0.0017225673534861  -4.798781437275928e-05  -2.441307340999702e-27       300.2803392201706
    0.09218750000000001    0.001668748895936571  -4.479471431739412e-05  -2.327028147258053e-27       300.2808563593713
    0.09257812500000001    0.001613212025467064  -4.159517348771629e-05  -1.980736876664377e-27       300.2813400500374
             0.09296875    0.001557675154997559  -3.839563265803859e-05  -1.634445606070696e-27       300.2818237407036
    0.09335937500000002    0.001496707076449531  -3.524614484898221e-05   -1.21544239198949e-27       300.2822172446564
                0.09375    0.001432118192515831   -3.21300257203406e-05  -7.479645489166184e-28       300.2825506241335
    0.09414062500000001    0.001367529308582134   -2.90139065916989e-05  -2.804867058437018e-28       300.2828840036128
    0.09453125000000001      0.0012991449187626  -2.598697880818395e-05                       0       300.2831658836606
            0.094921875    0.001225067270114352  -2.309383804235996e-05                       0       300.2833705145693
    0.09531250000000002    0.001150989621466108  -2.020069727653584e-05                       0       300.2835751454813
            0.095703125    0.001074931718748744  -1.738455397181552e-05                       0       300.2837592907218
    0.09609375000000001   0.0009909527997549238  -1.487640051150984e-05                       0       300.2838614932908
    0.09648437500000001   0.0009069738807611146  -1.236824705120431e-05                       0       300.2839636958636
               0.096875   0.0008229949617673054  -9.860093590898774e-06                       0       300.2840658984362
    0.09726562500000001   0.0007287249948594771  -7.948186715152295e-06                       0        300.284096777674
             0.09765625   0.0006344550279516562  -6.036279839405932e-06                       0       300.2841276569142
    0.09804687500000001    0.000540185061043832  -4.124372963659497e-06                       0       300.2841585361544
    0.09843750000000001   0.0004373841126281729    -2.8751860695149e-06  -1.524739112636358e-28       300.2841609819508
    0.09882812500000002   0.0003324504188355544  -1.791679170770748e-06  -3.430663003431869e-28       300.2841563193862
    0.09921875000000001   0.0002275167250429378  -7.081722720266007e-07  -5.336586894227332e-28       300.2841516568242
            0.099609375   0.0001159645297036801  -1.717309453306272e-07  -3.811847781590691e-28       300.2841497917959
    0.09999999999999999                       0                       0                       0       300.2841497917959
