#              distance                     U_x                     U_y                     U_z                       T
                      0  -2.029754691912386e-18   7.748791855774242e-21                       0       299.7148186013061
  0.0003906250000000001  -0.0001154251270120879     4.4835589365702e-07                       0       299.7148186013044
  0.0007812500000000004  -0.0002308502540241772   8.967117873140453e-07                       0       299.7148186013055
   0.001171875000000001  -0.0003462753810362659   1.345067680971069e-06                       0        299.714818601306
   0.001562500000000001  -0.0004443786907061332   2.992159354319763e-06                       0       299.7148462666632
            0.001953125  -0.0005381515460404479   4.938934972591383e-06                       0       299.7148808483618
   0.002343750000000001  -0.0006319244013747628   6.885710590863008e-06                       0       299.7149154300604
   0.002734375000000001  -0.0007256972567090776   8.832486209134629e-06                       0        299.714950011759
   0.003125000000000001  -0.0008194701120433923   1.077926182740625e-05                       0       299.7149845934575
            0.003515625  -0.0009132429673777071   1.272603744567788e-05                       0        299.715019175156
             0.00390625  -0.0009989638433103749   1.504392376565627e-05                       0       299.7151242104422
            0.004296875   -0.001072606750140572   1.791847613819483e-05                       0       299.7153349261094
   0.004687500000000001   -0.001146249656970769   2.079302851073338e-05                       0       299.7155456417767
   0.005078125000000001   -0.001219892563800965   2.366758088327195e-05                       0       299.7157563574439
   0.005468750000000001   -0.001293535470631162    2.65421332558105e-05                       0       299.7159670731111
   0.005859375000000001   -0.001367178377461359   2.941668562834906e-05                       0       299.7161777887783
   0.006250000000000001   -0.001440821284291556   3.229123800088761e-05                       0       299.7163885044455
   0.006640625000000001   -0.001495992691085973   3.545742321975766e-05                       0       299.7168794326006
   0.007031250000000001    -0.00155116409788039   3.862360843862773e-05                       0       299.7173703607558
   0.007421875000000001   -0.001606335504674807   4.178979365749778e-05                       0        299.717861288911
   0.007812500000000002   -0.001661506911469225   4.495597887636786e-05                       0       299.7183522170661
            0.008203125   -0.001716678318263641    4.81221640952379e-05                       0       299.7188431452213
   0.008593750000000002   -0.001771849725058059   5.128834931410793e-05                       0       299.7193340733764
   0.008984375000000003    -0.00181704528705348   5.433957975832546e-05                       0       299.7200332524081
   0.009375000000000001   -0.001855590285849569   5.731417368610789e-05                       0       299.7208712653574
            0.009765625   -0.001894135284645659   6.028876761389031e-05                       0       299.7217092783067
             0.01015625   -0.001932680283441749   6.326336154167281e-05                       0       299.7225472912561
            0.010546875   -0.001971225282237838   6.623795546945522e-05                       0       299.7233853042054
              0.0109375   -0.002009770281033928   6.921254939723764e-05                       0       299.7242233171547
            0.011328125   -0.002045386114424868   7.209634294856098e-05                       0       299.7251373119378
             0.01171875   -0.002069285286195213   7.461693499404797e-05                       0       299.7263552340563
            0.012109375   -0.002093184457965558     7.7137527039535e-05                       0       299.7275731561747
                 0.0125   -0.002117083629735902   7.965811908502201e-05                       0       299.7287910782932
            0.012890625   -0.002140982801506248   8.217871113050908e-05                       0       299.7300090004117
             0.01328125   -0.002164881973276593   8.469930317599606e-05                       0       299.7312269225301
            0.013671875   -0.002188781145046937   8.721989522148309e-05                       0       299.7324448446486
              0.0140625   -0.002202583822054207   8.927570812876148e-05                       0       299.7339695495668
            0.014453125   -0.002213862375370706   9.121532625148778e-05                       0       299.7355709501848
             0.01484375   -0.002225140928687206   9.315494437421407e-05                       0       299.7371723508029
            0.015234375   -0.002236419482003706   9.509456249694035e-05                       0        299.738773751421
               0.015625   -0.002247698035320205   9.703418061966655e-05                       0        299.740375152039
    0.01601562500000001   -0.002258976588636716   9.897379874239327e-05                       0       299.7419765526584
             0.01640625   -0.002265996874316922   0.0001006706357471844                       0       299.7437233924373
            0.016796875   -0.002266629758542716   0.0001020033010750741                       0       299.7456883909611
              0.0171875    -0.00226726264276851   0.0001033359664029637                       0       299.7476533894849
            0.017578125   -0.002267895526994304   0.0001046686317308534                       0       299.7496183880087
    0.01796875000000001   -0.002268528411220098   0.0001060012970587431                       0       299.7515833865324
            0.018359375   -0.002269161295445909   0.0001073339623866336                       0       299.7535483850585
                0.01875   -0.002269794179671689   0.0001086666277145226                       0       299.7555133835803
            0.019140625   -0.002261628835590805   0.0001094277533922909                       0       299.7578050205133
             0.01953125   -0.002253463491509914    0.000110188879070059                       0       299.7600966574454
    0.01992187500000001   -0.002245298147429028   0.0001109500047478274                       0       299.7623882943782
              0.0203125    -0.00223713280334815    0.000111711130425596                       0       299.7646799313119
    0.02070312500000001   -0.002228967459267284   0.0001124722561033654                       0       299.7669715682474
             0.02109375   -0.002220802115186382   0.0001132333817811328                       0       299.7692632051778
            0.021484375   -0.002208359867281157   0.0001136886813853025                       0       299.7717222693138
    0.02187500000000001   -0.002193066350159702   0.0001139400969404061                       0       299.7742929515845
            0.022265625   -0.002177772833038254   0.0001141915124955102                       0       299.7768636338562
             0.02265625   -0.002162479315916806   0.0001144429280506143                       0        299.779434316128
            0.023046875   -0.002147185798795358   0.0001146943436057183                       0       299.7820049983997
              0.0234375    -0.00213189228167391   0.0001149457591608223                       0       299.7845756806715
            0.023828125   -0.002115467025526982   0.0001151078865487019                       0       299.7871917238701
             0.02421875   -0.002094514813278132   0.0001149128612676839                       0       299.7899892107765
            0.024609375   -0.002073562601029282   0.0001147178359866658                       0       299.7927866976829
                  0.025   -0.002052610388780433   0.0001145228107056479                       0       299.7955841845894
            0.025390625   -0.002031658176531583   0.0001143277854246297                       0       299.7983816714957
    0.02578125000000001   -0.002010705964282735   0.0001141327601436118                       0       299.8011791584025
            0.026171875   -0.001989753752033904   0.0001139377348625949                       0       299.8039766453116
              0.0265625   -0.001965287072783885   0.0001134262793188405                       0        299.806914111967
            0.026953125   -0.001939941776783588   0.0001128357162094029                       0       299.8098865735616
             0.02734375   -0.001914596480783296   0.0001122451530999658                       0       299.8128590351571
    0.02773437500000001   -0.001889251184783004   0.0001116545899905286                       0       299.8158314967526
               0.028125   -0.001863905888782713   0.0001110640268810914                       0       299.8188039583481
            0.028515625   -0.001838560592782421   0.0001104734637716542                       0       299.8217764199436
             0.02890625    -0.00181188607362257   0.0001097385232669832                       0        299.824799835759
            0.029296875   -0.001783217719723383   0.0001087870166694615                       0       299.8278996829043
              0.0296875   -0.001754549365824195   0.0001078355100719397                       0       299.8309995300496
            0.030078125   -0.001725881011925006    0.000106884003474418                       0        299.834099377195
             0.03046875   -0.001697212658025821   0.0001059324968768962                       0       299.8371992243408
            0.030859375   -0.001668544304126629   0.0001049809902793743                       0       299.8402990714856
                0.03125   -0.001639875950227446   0.0001040294836818528                       0       299.8433989186317
    0.03164062500000001    -0.00160877207083856   0.0001027385073589057                       0       299.8465853114149
    0.03203125000000001   -0.001577668191449679   0.0001014475310359588                       0       299.8497717041989
            0.032421875   -0.001546564312060799   0.0001001565547130121                       0       299.8529580969829
              0.0328125   -0.001515460432671918   9.886557839006514e-05                       0       299.8561444897669
            0.033203125   -0.001484356553283041   9.757460206711837e-05                       0       299.8593308825518
             0.03359375   -0.001453252673894163   9.628362574417167e-05                       0       299.8625172753363
    0.03398437500000001   -0.001421118930912515    9.47982496236647e-05                       0       299.8657359069758
               0.034375   -0.001388298612202369   9.318327363811857e-05                       0       299.8689760311882
    0.03476562500000001   -0.001355478293492222   9.156829765257239e-05                       0       299.8722161554006
    0.03515625000000001   -0.001322657974782089   8.995332166702709e-05                       0        299.875456279616
    0.03554687500000001   -0.001289837656071934   8.833834568148025e-05                       0       299.8786964038262
              0.0359375   -0.001257017337361784   8.672336969593426e-05                       0       299.8819365280377
            0.036328125   -0.001223966646684401     8.5047113195576e-05                       0       299.8851824916343
    0.03671874999999999   -0.001189994468138067   8.312573463596892e-05                       0       299.8884518127676
            0.037109375   -0.001156022289591732   8.120435607636208e-05                       0       299.8917211339009
    0.03750000000000001   -0.001122050111045397   7.928297751675525e-05                       0       299.8949904550342
            0.037890625   -0.001088077932499063   7.736159895714839e-05                       0       299.8982597761676
             0.03828125   -0.001054105753952729   7.544022039754151e-05                       0        299.901529097301
            0.038671875     -0.0010201335754064     7.3518841837935e-05                       0       299.9047984184359
              0.0390625  -0.0009855796875855112   7.137367326541149e-05                       0       299.9080776852359
    0.03945312500000001  -0.0009508803724459894   6.917255718965925e-05                       0       299.9113594384545
             0.03984375  -0.0009161810573064693    6.69714411139071e-05                       0       299.9146411916734
    0.04023437500000001  -0.0008814817421669479   6.477032503815463e-05                       0       299.9179229448923
    0.04062500000000001  -0.0008467824270274261    6.25692089624026e-05                       0       299.9212046981107
            0.041015625  -0.0008120831118879094   6.036809288665063e-05                       0       299.9244864513308
    0.04140625000000001  -0.0007772136657643869   5.807113380887492e-05                       0       299.9277691697409
    0.04179687500000001  -0.0007420890231648765   5.563041022806488e-05                       0       299.9310533359434
              0.0421875  -0.0007069643805653587   5.318968664725456e-05                       0       299.9343375021423
    0.04257812499999999  -0.0006718397379658449   5.074896306644399e-05                       0        299.937621668343
             0.04296875    -0.00063671509536633    4.83082394856337e-05                       0       299.9409058345437
    0.04335937500000001  -0.0006015904527668151   4.586751590482342e-05                       0       299.9441900007444
    0.04375000000000001   -0.000566465810167302   4.342679232401297e-05                       0       299.9474741669459
            0.044140625  -0.0005311153763718162   4.080135168983377e-05                       0       299.9507561414152
             0.04453125  -0.0004957649425763315   3.817591105565435e-05                       0       299.9540381158853
            0.044921875  -0.0004604145087808469   3.555047042147493e-05                       0       299.9573200903553
    0.04531250000000001  -0.0004250640749853614   3.292502978729545e-05                       0       299.9606020648254
            0.045703125  -0.0003897136411898763     3.0299589153116e-05                       0       299.9638840392954
             0.04609375  -0.0003543632073943914   2.767414851893656e-05                       0       299.9671660137655
            0.046484375  -0.0003189506526377471   2.497863842437472e-05                       0       299.9704462648722
               0.046875  -0.0002834966839069967    2.22364153562246e-05                       0       299.9737253670698
    0.04726562500000001  -0.0002480427151762456   1.949419228807443e-05                       0       299.9770044692675
             0.04765625  -0.0002125887464454952   1.675196921992431e-05                       0       299.9802835714652
            0.048046875  -0.0001771347777147448   1.400974615177416e-05                       0       299.9835626736628
              0.0484375  -0.0001416808089839943   1.126752308362402e-05                       0       299.9868417758605
            0.048828125  -0.0001062209338845938   8.517305885709924e-06                       0       299.9901206408695
    0.04921875000000001  -7.073743331059224e-05       5.73511216874e-06                       0       299.9933985571241
            0.049609375  -3.525393273659131e-05   2.952918451770128e-06                       0       299.9966764733787
    0.05000000000000001   2.295678374096358e-07   1.707247348002543e-07                       0        299.999954389635
    0.05039062500000001   3.571306841141279e-05  -2.611468982170085e-06                       0       300.0032323058896
             0.05078125   7.119656898541341e-05  -5.393662699140226e-06                       0       300.0065102221425
    0.05117187500000001   0.0001066800695594159  -8.175856416110516e-06                       0       300.0097881383971
              0.0515625   0.0001421411126542929  -1.092607502458318e-05                       0       300.0130670859683
    0.05195312500000001   0.0001775965413793915  -1.366829985593166e-05                       0       300.0163462913704
    0.05234375000000001   0.0002130519701044875  -1.641052468727995e-05                       0       300.0196254967692
            0.052734375   0.0002485073988295838  -1.915274951862833e-05                       0       300.0229047021696
    0.05312500000000001   0.0002839628275546842  -2.189497434997706e-05                       0       300.0261839075717
    0.05351562500000001   0.0003194182562797814  -2.463719918132556e-05                       0       300.0294631129721
             0.05390625   0.0003548328281939926  -2.733272698381581e-05                       0       300.0327435068646
    0.05429687500000001   0.0003901861148918772   -2.99582092430189e-05                       0       300.0360256834955
    0.05468750000000001   0.0004255394015897611  -3.258369150222195e-05                       0       300.0393078601263
    0.05507812500000001   0.0004608926882876437  -3.520917376142488e-05                       0       300.0425900367554
             0.05546875    0.000496245974985527  -3.783465602062783e-05                       0       300.0458722133862
            0.055859375   0.0005315992616834108  -4.046013827983083e-05                       0       300.0491543900171
                0.05625   0.0005669525483812946  -4.308562053903382e-05                       0       300.0524365666479
            0.056640625   0.0006020813068151435  -4.552649816949013e-05                       0       300.0557210255668
    0.05703125000000001   0.0006372100652489931  -4.796737579994648e-05                       0       300.0590054844859
    0.05742187500000001   0.0006723388236828426  -5.040825343040283e-05                       0       300.0622899434049
    0.05781250000000002   0.0007074675821166973  -5.284913106085991e-05                       0       300.0655744023258
    0.05820312499999999   0.0007425963405505386  -5.529000869131556e-05                       0       300.0688588612426
             0.05859375    0.000777725098984388  -5.773088632177204e-05                       0       300.0721433201616
    0.05898437500000001   0.0008125993071663536  -6.002812699587578e-05                       0        300.075426378236
    0.05937500000000001   0.0008473038151803964   -6.22296096990777e-05                       0       300.0787085024143
            0.059765625    0.000882008323194438  -6.443109240227953e-05                       0       300.0819906265925
    0.06015625000000001   0.0009167128312084817  -6.663257510548181e-05                       0       300.0852727507709
    0.06054687500000001   0.0009514173392225232  -6.883405780868347e-05                       0       300.0885548749488
    0.06093750000000001   0.0009861218472365656  -7.103554051188514e-05                       0        300.091836999127
            0.061328125    0.001020681096455086  -7.318114178432791e-05                       0        300.095116649373
             0.06171875    0.001054659310491524  -7.510321733373266e-05                       0       300.0983864038899
    0.06210937499999999    0.001088637524527961  -7.702529288313737e-05                       0        300.101656158407
                 0.0625    0.001122615738564406  -7.894736843254263e-05                       0       300.1049259129256
    0.06289062500000002    0.001156593952600839  -8.086944398194713e-05                       0        300.108195667441
    0.06328125000000001     0.00119057216663728  -8.279151953135237e-05                       0        300.111465421959
    0.06367187500000002    0.001224550380673714  -8.471359508075687e-05                       0       300.1147351764749
    0.06406250000000001    0.001257607558536417  -8.639091133201986e-05                       0       300.1179816084679
            0.064453125    0.001290434477355685  -8.800703775874738e-05                       0       300.1212222098299
    0.06484375000000001    0.001323261396174955  -8.962316418547497e-05                       0       300.1244628111919
            0.065234375    0.001356088314994223  -9.123929061220255e-05                       0       300.1277034125538
    0.06562500000000002    0.001388915233813494  -9.285541703893032e-05                       0       300.1309440139158
    0.06601562500000002     0.00142174215263277  -9.447154346565847e-05                       0        300.134184615279
             0.06640625    0.001453882593026652  -9.595829721460668e-05                       0       300.1374037333561
    0.06679687500000001    0.001484993315782472   -9.72509919468871e-05                       0        300.140590626509
              0.0671875    0.001516104038538294  -9.854368667916783e-05                       0       300.1437775196624
    0.06757812500000002    0.001547214761294114  -9.983638141144821e-05                       0       300.1469644128148
    0.06796874999999999    0.001578325484049932  -0.0001011290761437283                       0       300.1501513059678
            0.068359375    0.001609436206805753  -0.0001024217708760088                       0       300.1533381991208
    0.06875000000000001    0.001640546929561583  -0.0001037144656082899                       0       300.1565250922756
    0.06914062499999998    0.001669221999952176  -0.0001046683501701693                       0       300.1596254418329
             0.06953125    0.001697897070342782  -0.0001056222347320495                       0       300.1627257913919
    0.06992187500000001    0.001726572140733387  -0.0001065761192939295                       0       300.1658261409511
              0.0703125       0.001755247211124  -0.0001075300038558102                       0       300.1689264905118
    0.07070312500000001    0.001783922281514594  -0.0001084838884176896                       0       300.1720268400692
             0.07109375    0.001812597351905198  -0.0001094377729795696                       0       300.1751271896283
    0.07148437500000002    0.001839278254331016  -0.0001101755202088123                       0       300.1781510969121
    0.07187500000000002    0.001864629711446974  -0.0001107691758829634                       0       300.1811240426791
            0.072265625    0.001889981168562931  -0.0001113628315571144                       0       300.1840969884461
    0.07265625000000001     0.00191533262567889  -0.0001119564872312654                       0        300.187069934213
    0.07304687499999998    0.001940684082794846  -0.0001125501429054165                       0         300.19004287998
              0.0734375    0.001966035539910806  -0.0001131437985795673                       0       300.1930158257469
    0.07382812499999999     0.00199050816986752  -0.0001136584909863241                       0       300.1959537693742
             0.07421875    0.002011465491187264  -0.0001138573303235034                       0       300.1987517044428
    0.07460937500000001    0.002032422812507007   -0.000114056169660683                       0       300.2015496395114
    0.07500000000000001    0.002053380133826761  -0.0001142550089978629                       0       300.2043475745817
            0.075390625    0.002074337455146493  -0.0001144538483350418                       0       300.2071455096487
    0.07578125000000001    0.002095294776466244  -0.0001146526876722217                       0       300.2099434447183
            0.076171875    0.002116252097786003  -0.0001148515270094019                       0       300.2127413797891
    0.07656249999999999    0.002132681166167478   -0.000114693751040662                       0       300.2153578313608
            0.076953125    0.002147978171314415  -0.0001144468212454436                       0       300.2179289120622
    0.07734374999999999    0.002163275176461351  -0.0001141998914502253                       0       300.2204999927637
    0.07773437500000002    0.002178572181608291  -0.0001139529616550075                       0       300.2230710734653
               0.078125    0.002193869186755231  -0.0001137060318597895                       0       300.2256421541674
    0.07851562500000001    0.002209166191902163  -0.0001134591020645708                       0       300.2282132348681
    0.07890625000000001    0.002221611025831921  -0.0001130085124306426  -3.092456742871657e-27       300.2306726741213
    0.07929687499999999     0.00222977760293591  -0.0001122524330386493  -1.082359860005052e-26       300.2329646512024
    0.07968749999999999      0.0022379441800399  -0.0001114963536466558  -1.855474045722993e-26       300.2352566282835
            0.080078125     0.00224611075714389  -0.0001107402742546627   -2.62858823144096e-26       300.2375486053646
    0.08046875000000001     0.00225427733424788  -0.0001099841948626693  -3.401702417158903e-26       300.2398405824457
    0.08085937500000002    0.002262443911351871  -0.0001092281154706759  -4.174816602876871e-26       300.2421325595269
    0.08124999999999999    0.002270610488455886  -0.0001084720360786837  -4.947930788594842e-26       300.2444245366114
    0.08164062500000001    0.002269975905588569  -0.0001071448043502337  -4.826823733453022e-26       300.2463898140911
             0.08203125    0.002269341322721278  -0.0001058175726217847  -4.705716678311258e-26       300.2483550915742
    0.08242187500000001    0.002268706739853986  -0.0001044903408933357  -4.584609623169489e-26       300.2503203690573
    0.08281250000000001    0.002268072156986696  -0.0001031631091648868   -4.46350256802772e-26       300.2522856465404
            0.083203125    0.002267437574119405  -0.0001018358774364378  -4.342395512885958e-26       300.2542509240236
    0.08359375000000001    0.002266802991252124  -0.0001005086457079893   -4.22128845774421e-26       300.2562162015082
            0.083984375    0.002259778837583443  -9.881733552830593e-05  -3.842584127124429e-26       300.2579632849518
    0.08437500000000001    0.002248494970047188  -9.688330638113367e-05   -3.29214827951931e-26        300.259564905705
    0.08476562500000001    0.002237211102510932   -9.49492772339614e-05  -2.741712431914192e-26       300.2611665264581
             0.08515625    0.002225927234974676  -9.301524808678919e-05    -2.1912765843091e-26       300.2627681472111
    0.08554687500000001    0.002214643367438427  -9.108121893961724e-05  -1.640840736703965e-26        300.264369767965
              0.0859375    0.002203359499902175  -8.914718979244522e-05  -1.090404889098876e-26       300.2659713887186
    0.08632812500000001    0.002189550655522119  -8.709694016677474e-05  -6.477612156566907e-27       300.2674963032927
    0.08671875000000001    0.002165641903766834  -8.458180862711024e-05  -6.362862388663182e-27       300.2687143931471
    0.08710937499999999    0.002141733152011562   -8.20666770874464e-05  -6.248112620759481e-27       300.2699324830031
    0.08749999999999999    0.002117824400256288  -7.955154554778236e-05  -6.133362852855771e-27        300.271150572859
    0.08789062499999999    0.002093915648501015  -7.703641400811848e-05  -6.018613084951971e-27        300.272368662715
    0.08828124999999999    0.002070006896745742  -7.452128246845447e-05  -5.903863317048269e-27        300.273586752571
    0.08867187500000001    0.002046098144990467  -7.200615092879037e-05  -5.789113549144563e-27        300.274804842427
    0.08906249999999999    0.002010468853138578  -6.912745544225719e-05  -4.440937862780365e-27       300.2757189699092
    0.08945312499999999    0.001971909426262533  -6.615786896900649e-05  -2.784405696800913e-27        300.276557106798
    0.08984374999999999    0.001933349999386487  -6.318828249575589e-05  -1.127873530821518e-27       300.2773952436868
    0.09023437500000001    0.001894790572510441  -6.021869602250516e-05    5.28658635158368e-28       300.2782333805756
    0.09062500000000001    0.001856231145634395  -5.724910954925448e-05   2.185190801137855e-27       300.2790715174644
            0.091015625    0.001817671718758351   -5.42795230760039e-05   3.841722967117283e-27       300.2799096543532
    0.09140625000000001    0.001772459588979439  -5.123298138336625e-05   4.771006324784957e-27       300.2806089431947
            0.091796875    0.001717268404846228  -4.807100686164821e-05   4.609416469984688e-27       300.2810999599654
    0.09218750000000001    0.001662077220713015  -4.490903233993006e-05   4.447826615184416e-27       300.2815909767361
    0.09257812500000001    0.001606886036579801  -4.174705781821193e-05   4.286236760384047e-27       300.2820819935068
    0.09296874999999999    0.001551694852446591  -3.858508329649395e-05    4.12464690558379e-27       300.2825730102775
    0.09335937500000001    0.001496503668313375  -3.542310877477565e-05   3.963057050783518e-27       300.2830640270483
    0.09374999999999999    0.001441312484180164  -3.226113425305767e-05   3.801467195983262e-27        300.283555043819
    0.09414062500000001    0.001367644009533794  -2.938969455532073e-05   3.207487946610863e-27       300.2837658187479
    0.09453125000000001    0.001293975534887426  -2.651825485758389e-05   2.613508697238486e-27       300.2839765936768
            0.094921875     0.00122030706024106  -2.364681515984714e-05    2.01952944786613e-27       300.2841873686057
    0.09531250000000001    0.001146638585594692  -2.077537546211031e-05    1.42555019849371e-27       300.2843981435346
            0.095703125    0.001072970110948329  -1.790393576437361e-05   8.315709491213395e-28       300.2846089184645
    0.09609375000000002   0.0009993016363019597  -1.503249606663669e-05    2.37591699748927e-28        300.284819693394
    0.09648437500000001    0.000913551431972001   -1.27166618551512e-05                       0       300.2849247712242
               0.096875   0.0008197467411863224  -1.077123130116661e-05                       0       300.2849593843243
    0.09726562500000002   0.0007259420504006372  -8.825800747181875e-06                       0       300.2849939974244
             0.09765625    0.000632137359614961  -6.880370193197335e-06                       0       300.2850286105246
    0.09804687500000001   0.0005383326688292766  -4.934939639212621e-06                       0       300.2850632236247
    0.09843750000000001   0.0004445279780435938  -2.989509085227913e-06                       0       300.2850978367261
            0.098828125   0.0003463914613266056   -1.34359185191278e-06                       0       300.2851255272049
    0.09921875000000001   0.0002309276408844011  -8.957279012751763e-07                       0       300.2851255272049
            0.099609375   0.0001154638204422005  -4.478639506375882e-07                       0       300.2851255272049
                    0.1                       0                       0                       0       300.2851255272049
