#              distance                     U_x                     U_y                     U_z                       T
  6.938893903907203e-20  -2.048604396333149e-20   3.042344274324962e-23   -2.91353698255182e-58       299.7157804779581
  0.0003906250000000002  -0.0001159270713723239   1.720183328819387e-07  -8.200877543094189e-43       299.7157804779581
  0.0007812500000000003  -0.0002274437189650475   7.090091858707368e-07  -1.148122856033178e-42       299.7157786208839
            0.001171875  -0.0003323447308883705   1.793458819019823e-06  -7.380789788784701e-43       299.7157739781983
              0.0015625  -0.0004372457428116939   2.877908452168913e-06  -3.280351017237643e-43       299.7157693355128
            0.001953125  -0.0005400148820176931    4.12826767967481e-06                       0       299.7157718067072
   0.002343750000000001   -0.000634256530354395   6.042265284607944e-06                       0       299.7158027334204
            0.002734375  -0.0007284981786910962    7.95626288954107e-06                       0       299.7158336601335
   0.003125000000000001  -0.0008227398270277982   9.870260494474197e-06                       0       299.7158645868469
   0.003515625000000001  -0.0009066943915498158   1.238135294227166e-05                       0       299.7159668607004
             0.00390625  -0.0009906489560718337   1.489244539006911e-05                       0       299.7160691345543
   0.004296875000000001   -0.001074603520593852   1.740353783786657e-05                       0       299.7161714084081
   0.004687500000000001   -0.001150639959487857   2.022321988860721e-05    1.53416184643254e-31       299.7163556411668
   0.005078125000000001   -0.001224696866974859   2.312004934008366e-05   3.451864154473279e-31       299.7165603636516
   0.005468750000000001   -0.001298753774461863   2.601687879156011e-05   5.369566462513927e-31       299.7167650861366
            0.005859375   -0.001367119402269735   2.904787618637435e-05  -1.689119002161451e-29       299.7170470678457
                0.00625   -0.001431690843624859   3.216831887674722e-05  -4.606594795526078e-29       299.7173805557049
   0.006640625000000002   -0.001496262284979991   3.528876156712031e-05  -7.524070588890751e-29       299.7177140435658
   0.007031250000000001   -0.001557214126161906   3.844278049006956e-05  -8.115236556795875e-29       299.7181076611669
   0.007421875000000001   -0.001612736567083954   4.164716376188204e-05  -5.216937786511579e-29       299.7185914733701
   0.007812499999999999   -0.001668259008006031   4.485154703369524e-05  -2.318639016227332e-29       299.7190752855789
   0.008203124999999999   -0.001722063586135954   4.804957089812107e-05                       0       299.7195925481787
   0.008593750000000001   -0.001768996713097163   5.122215713299481e-05                       0       299.7202436123247
   0.008984375000000003   -0.001815929840058388   5.439474336786896e-05                       0       299.7208946764736
   0.009374999999999998   -0.001862862967019615   5.756732960274324e-05                       0       299.7215457406227
            0.009765625   -0.001901686517678907   6.061542021314336e-05                       0       299.7223765526624
             0.01015625   -0.001940510068338201   6.366351082354354e-05                       0       299.7232073647021
            0.010546875   -0.001979333618997511   6.671160143394427e-05                       0       299.7240381767444
              0.0109375   -0.002012065554938987   6.960303329991804e-05                       0       299.7250194429248
            0.011328125   -0.002043274587201003   7.245530047978504e-05                       0       299.7260383226396
             0.01171875   -0.002074483619463054   7.530756765965325e-05                       0       299.7270572023593
            0.012109375   -0.002101426738640073   7.801118886289063e-05                       0       299.7281915886015
                 0.0125   -0.002125525915760456   8.061571274837611e-05                       0       299.7294029791996
            0.012890625   -0.002149625092880848   8.322023663386178e-05                       0       299.7306143697985
             0.01328125   -0.002171083571210145   8.571175310433896e-05                       0       299.7319031256829
            0.013671875   -0.002188581001352769   8.803375845230197e-05                       0        299.733307929491
              0.0140625   -0.002206078431495406   9.035576380026548e-05                       0       299.7347127333008
            0.014453125   -0.002222356595750946   9.261723969493294e-05                       0        299.736155765128
             0.01484375   -0.002233757696458096    9.46365977764162e-05                       0       299.7377517090236
            0.015234375   -0.002245158797165255   9.665595585789968e-05                       0       299.7393476529203
               0.015625   -0.002256559897872404   9.867531393938283e-05                       0       299.7409435968159
            0.016015625   -0.002262361664889886   0.0001003839257898627                       0       299.7427256210475
             0.01640625   -0.002268163431907378   0.0001020925376403431                       0       299.7445076452804
            0.016796875   -0.002273965198924871   0.0001038011494908235                       0       299.7462896695134
              0.0171875   -0.002275674316922054   0.0001052622184542273                       0       299.7482146051187
            0.017578125   -0.002276360272664164    0.000106661401695862                       0       299.7501752685677
    0.01796875000000001   -0.002277046228406287   0.0001080605849374974                       0       299.7521359320182
            0.018359375   -0.002274942205378717   0.0001092790548748556                       0        299.754198133698
                0.01875   -0.002270978196504728   0.0001103770492760312                       0       299.7563280275363
            0.019140625   -0.002267014187630738   0.0001114750436772067                       0       299.7584579213745
             0.01953125   -0.002261368148678376    0.000112457716288586                       0       299.7606511220771
            0.019921875   -0.002253199064608457    0.000113267406215271                       0       299.7629392830762
              0.0203125   -0.002245029980538538   0.0001140770961419561                       0       299.7652274440752
            0.020703125     -0.0022361041936643   0.0001148322337814307                       0       299.7675448357368
             0.02109375   -0.002224151595572794   0.0001153691622720642                       0       299.7699791500492
            0.021484375   -0.002212198997481287   0.0001159060907626976                       0       299.7724134643615
    0.02187500000000001    -0.00220024639938979   0.0001164430192533315                       0        299.774847778675
            0.022265625   -0.002184906986493649   0.0001167237423273461                       0       299.7774153671928
             0.02265625     -0.0021695675735975   0.0001170044654013606                       0       299.7799829557092
            0.023046875    -0.00215422816070138   0.0001172851884753764                       0       299.7825505442297
              0.0234375   -0.002136476116676113   0.0001173739762408967                       0       299.7852141236854
            0.023828125   -0.002118120914868592   0.0001174147801792949                       0       299.7879017008792
             0.02421875    -0.00209976571306107   0.0001174555841176929                       0        299.790589278073
            0.024609375   -0.002079808113993021    0.000117361494214968   1.056252617019758e-27       299.7933408286249
    0.02499999999999999    -0.00205878225008462    0.000117177475084828   2.816673645385911e-27       299.7961350280825
            0.025390625   -0.002037756386176233   0.0001169934559546881   4.577094673752238e-27       299.7989292275421
             0.02578125   -0.002015790035966232   0.0001167248384943995   5.638306605560351e-27       299.8017608118279
            0.026171875   -0.001992412956303864   0.0001163293235388906   5.650704892531477e-27       299.8046484733612
              0.0265625   -0.001969035876641497   0.0001159338085833814   5.663103179502668e-27       299.8075361348946
            0.026953125   -0.001945247413178059   0.0001154982517035865   5.318457946012204e-27       299.8104399471268
             0.02734375   -0.001919813414510224   0.0001149025271266427   3.545638630674675e-27       299.8134083621366
    0.02773437500000001   -0.001894379415842408   0.0001143068025496993   1.772819315337354e-27       299.8163767771493
               0.028125   -0.001868945417174594   0.0001137110779727564                       0       299.8193451921623
            0.028515625    -0.00184172437620877   0.0001129243772979546                       0       299.8223823057896
    0.02890624999999999   -0.001814503335242933   0.0001121376766231519                       0       299.8254194194147
            0.029296875   -0.001787282294277104   0.0001113509759483497                       0       299.8284565330412
    0.02968750000000001   -0.001758828655813385   0.0001104173968821506                       0       299.8315396119423
            0.030078125   -0.001730066867975172    0.000109447098218101                       0       299.8346341821584
             0.03046875   -0.001701305080136983   0.0001084767995540525                       0       299.8377287523788
            0.030859375   -0.001671753003362114   0.0001073998672877275                       0       299.8408516096822
                0.03125   -0.001641674067296177   0.0001062518459532214                       0       299.8439933250504
            0.031640625   -0.001611595131230214   0.0001051038246187133                       0       299.8471350404139
             0.03203125   -0.001581070053397871   0.0001038866455564415                       0       299.8502918931516
            0.032421875   -0.001549875762915976   0.0001025657299025251                       0       299.8534714519533
    0.03281249999999999   -0.001518681472434082   0.0001012448142486087                       0       299.8566510107552
            0.033203125    -0.00148730028553564   9.989017815406379e-05                       0       299.8598364886901
             0.03359375   -0.001455171512971016   9.840066029700783e-05                       0       299.8630456431575
            0.033984375   -0.001423042740406392   9.691114243995189e-05                       0       299.8662547976248
               0.034375   -0.001390913967841767   9.542162458289592e-05                       0       299.8694639520922
    0.03476562499999999   -0.001358011540817172   9.376778337436291e-05                       0       299.8726955217812
             0.03515625   -0.001325109113792582   9.211394216583019e-05                       0       299.8759270914718
            0.035546875   -0.001292206686767979   9.046010095729649e-05                       0        299.879158661159
    0.03593750000000001   -0.001258798670841275    8.86786128953297e-05                       0       299.8824032620807
            0.036328125   -0.001225264257689048   8.686521312000462e-05                       0       299.8856511208109
             0.03671875   -0.001191729844536818   8.505181334467936e-05                       0       299.8888989795404
            0.037109375   -0.001157890295725505   8.314609679063321e-05                       0       299.8921535474407
    0.03750000000000001   -0.001123847323141469   8.117883571743987e-05                       0       299.8954125881213
            0.037890625   -0.001089804350557434   7.921157464424608e-05                       0       299.8986716288019
             0.03828125   -0.001055600419130671   7.718556982542669e-05                       0       299.9019334858053
            0.038671875    -0.00102115504943982   7.507144938816877e-05                       0       299.9051995672929
              0.0390625  -0.0009867096797489684   7.295732895091029e-05                       0       299.9084656487803
    0.03945312500000001   -0.000952201823050402   7.081555454263666e-05                       0       299.9117324899241
             0.03984375  -0.0009174440183209791   6.856316425030289e-05                       0       299.9150023696928
            0.040234375  -0.0008826862135915559   6.631077395796885e-05                       0       299.9182722494614
               0.040625  -0.0008479284088621386   6.405838366563476e-05                       0       299.9215421292322
            0.041015625  -0.0008129331057873698   6.167808561417252e-05  -5.660694283498283e-28       299.9248133852113
    0.04140625000000001   -0.000777937802712608   5.929778756271018e-05  -1.132138856699685e-27       299.9280846411931
            0.041796875  -0.0007429424996378439   5.691748951124796e-05  -1.698208285049518e-27       299.9313558971734
              0.0421875  -0.0007078061700566099   5.444464025401141e-05  -1.801305922336176e-27       299.9346269039263
            0.042578125  -0.0006726345838487597   5.194865319533141e-05  -1.788660611857028e-27       299.9378978483724
             0.04296875  -0.0006374629976409094   4.945266613665154e-05  -1.776015301377868e-27       299.9411687928182
    0.04335937500000001  -0.0006022150041461149   4.689570186866887e-05  -1.479889172206545e-27       299.9444389232353
                0.04375  -0.0005669160724600372   4.429808612781818e-05  -9.947758305738686e-28       299.9477085109732
            0.044140625   -0.000531617140773937   4.170047038696512e-05  -5.096624889413004e-28       299.9509780986979
    0.04453125000000001  -0.0004962825697092359   3.906852058804521e-05    1.76837633209611e-28       299.9542469444971
            0.044921875  -0.0004608945395766181   3.638506970202334e-05   1.165417926137938e-27       299.9575146773981
    0.04531250000000001  -0.0004255065094439989   3.370161881600104e-05   2.153998219066268e-27       299.9607824102991
            0.045703125  -0.0003901065158510097   3.100446776966534e-05   2.890378264412661e-27       299.9640497624549
             0.04609375  -0.0003546586684165384   2.825251608207643e-05   2.617957319431315e-27       299.9673155916295
    0.04648437499999999  -0.0003192108209820674   2.550056439448676e-05   2.345536374449883e-27       299.9705814208042
    0.04687500000000001  -0.0002837629735475957   2.274861270689724e-05   2.073115429468475e-27       299.9738472499799
    0.04726562500000001  -0.0002482774736077168   1.994677084522838e-05   1.425266857759556e-27       299.9771114765716
             0.04765625  -0.0002127919736678405   1.714492898355959e-05   7.774182860506715e-28       299.9803757031646
            0.048046875  -0.0001773064737279635   1.434308712189053e-05   1.295697143417747e-28       299.9836399297574
    0.04843750000000001  -0.0001418044540647946   1.151698455087137e-05    -2.4651707591444e-29       299.9869033153558
            0.048828125  -0.0001062983044708019   8.684816802514878e-06  -5.546634208074875e-29       299.9901664907022
    0.04921875000000001  -7.079215487680837e-05    5.85264905415749e-06  -8.628097657005252e-29       299.9934296660499
            0.049609375   -3.52819401889034e-05   3.014377446047111e-06  -4.258288096342855e-29       299.9966926314904
                   0.05   2.309845616097191e-07   1.720365981006336e-07   5.079036804048127e-29       299.9999554569928
    0.05039062499999999   3.574390931212214e-05  -2.670304249845749e-06   1.441636170443889e-28       300.0032182824952
             0.05078125   7.125441253507554e-05  -5.508574252249052e-06   1.751641206408935e-28       300.0064812685581
    0.05117187500000001   0.0001067612834666883  -8.340737986336473e-06   1.126055061262908e-28       300.0097444954617
    0.05156249999999999      0.0001422681543983  -1.117290172042427e-05   5.004689161168463e-29       300.0130077223655
            0.051953125   0.0001777710379774641  -1.399900045197308e-05   -6.43612258437764e-30       300.0162711697222
    0.05234375000000001   0.0002132579721468275  -1.680083917336188e-05   -3.86167355062584e-29       300.0195354988936
            0.052734375   0.0002487449063161861  -1.960267789475034e-05  -7.079734842813758e-29       300.0227998280583
    0.05312500000000001   0.0002842318404855519  -2.240451661613936e-05   -1.02977961350018e-28       300.0260641572308
            0.053515625   0.0003196818182953355  -2.515647570068389e-05  -1.038331175674675e-28       300.0293301389249
             0.05390625   0.0003551317961051242  -2.790843478522955e-05   -1.04688273784887e-28       300.0325961206234
    0.05429687500000001   0.0003905817739149173  -3.066039386977542e-05  -1.055434300023074e-28       300.0358621023248
              0.0546875    0.000425984434985664   -3.33575721161147e-05  -7.928584593434816e-29       300.0391296456821
    0.05507812500000002   0.0004613752668716637  -3.604105515290353e-05  -4.625007679503879e-29       300.0423975794612
             0.05546875   0.0004967660987576491  -3.872453818969121e-05  -1.321430765572554e-29       300.0456655132336
            0.055859375   0.0005321038549624095  -4.135654605503764e-05  -6.219819116922223e-28       300.0489345876491
                0.05625   0.0005674062273796819  -4.395423713942289e-05  -1.658618431179266e-27       300.0522044224911
            0.056640625   0.0006027085997969545  -4.655192822380848e-05  -2.695254950666292e-27       300.0554742573331
    0.05703125000000001   0.0006379602737877755  -4.910899400307718e-05  -3.385509311657779e-27       300.0587446523109
    0.05742187500000001   0.0006731359001388997  -5.160512182466878e-05  -3.556190434905935e-27       300.0620158874838
              0.0578125   0.0007083115264900279   -5.41012496462614e-05  -3.726871558154029e-27       300.0652871226592
    0.05820312500000001   0.0007434520068516299  -5.657425784658777e-05  -3.621952928205522e-27       300.0685584282456
             0.05859375     0.00077845190325512  -5.895478756185111e-05  -2.414635285470377e-27       300.0718300154756
    0.05898437500000001   0.0008134517996586113  -6.133531727711477e-05  -1.207317642735138e-27       300.0751016027055
               0.059375   0.0008484516960621074  -6.371584699237867e-05  -8.004379983813512e-42       300.0783731899378
            0.059765625   0.0008832145949143665  -6.596858796199194e-05  -1.527884406354885e-27       300.0816434379171
             0.06015625   0.0009179774937666316  -6.822132893160558e-05  -3.055768812709757e-27       300.0849136858986
            0.060546875   0.0009527403926188967   -7.04740699012196e-05  -4.583653219064554e-27       300.0881839338802
    0.06093750000000001   0.0009872536975831176  -7.261631422779108e-05  -5.007077772083497e-27       300.0914511696274
    0.06132812500000001    0.001021704604075315  -7.473093439360078e-05  -5.154387361768472e-27       300.0947176523121
    0.06171875000000001    0.001056155510567519  -7.684555455941139e-05  -5.301696951453382e-27       300.0979841349987
    0.06210937499999999    0.001090365206302124   -7.88721672492384e-05  -4.355504389703506e-27        300.101246410378
                 0.0625    0.001124414094865011  -8.084010828841073e-05  -2.680310393663779e-27       300.1045058808892
    0.06289062500000001    0.001158462983427876  -8.280804932758176e-05  -1.005116397623813e-27       300.1077653513937
             0.06328125    0.001192308572413274  -8.471453054225911e-05                       0          300.1110203587
    0.06367187500000002    0.001225849212032424  -8.652882202019209e-05                       0       300.1142686711951
    0.06406250000000002    0.001259389851651584  -8.834311349812602e-05                       0       300.1175169836927
            0.064453125    0.001292804141372293  -9.012554179666121e-05                       0       300.1207620421815
    0.06484375000000001    0.001325713031499151  -9.178051737759949e-05                       0       300.1239940846218
    0.06523437499999998    0.001358621921626003  -9.343549295853708e-05                       0       300.1272261270613
               0.065625    0.001391530811752879  -9.509046853947648e-05                       0       300.1304581695049
    0.06601562500000002     0.00142366620487578  -9.658139289946287e-05                       0       300.1336678105533
             0.06640625    0.001455801597998678  -9.807231725944896e-05                       0       300.1368774516018
    0.06679687500000001    0.001487936991121584  -9.956324161943584e-05                       0       300.1400870926515
              0.0671875    0.001519324856658213  -0.0001009195235793019                       0       300.1432730640156
            0.067578125    0.001550525840298273  -0.0001022421449391373                       0       300.1464531179583
    0.06796875000000001    0.001581726823938334  -0.0001035647662989731                       0        300.149633171901
            0.068359375    0.001612258583859628  -0.0001047838448558712                       0       300.1527905217367
    0.06875000000000001    0.001642344194635079  -0.0001059338948774775                       0       300.1559327355011
            0.069140625     0.00167242980541053  -0.0001070839448990842                       0       300.1590749492654
             0.06953125    0.001701988510363967  -0.0001081630428881136                       0       300.1621983041821
    0.06992187499999999    0.001730756856584385  -0.0001091357128282769                       0       300.1652933708273
              0.0703125    0.001759525202804803  -0.0001101083827684404                       0       300.1683884374727
    0.07070312500000001    0.001787985355304548  -0.0001110444045508136                       0       300.1714720113933
    0.07109374999999998    0.001815212732921601  -0.0001118338337020252                       0       300.1745096144156
            0.071484375    0.001842440110538659  -0.0001126232628532369                       0        300.177547217438
    0.07187500000000002    0.001869667488155753   -0.000113412692004451                       0       300.1805848204662
            0.072265625    0.001895107488146101  -0.0001140115111159877                       0       300.1835537130534
    0.07265625000000001    0.001920547488136488  -0.0001146103302275267                       0       300.1865226056465
            0.073046875    0.001945987488126874  -0.0001152091493390657                       0       300.1894914982398
              0.0734375    0.001969781586780313  -0.0001156480955479738                       0       300.1923957750732
    0.07382812499999999    0.001993164210099515  -0.0001160470735312241                       0       300.1952838979669
             0.07421875    0.002016546833418731  -0.0001164460515144753                       0       300.1981720208621
    0.07460937500000001    0.002038518373849222  -0.0001167183503656349                       0       300.2010040544192
    0.07500000000000001    0.002059549192353923  -0.0001169061964620687                       0        300.203798695088
    0.07539062500000002    0.002080580010858626  -0.0001170940425585027                       0       300.2065933357569
    0.07578124999999999    0.002100542272721294  -0.0001171921002047856                       0       300.2093453181144
            0.076171875    0.002118901699620937  -0.0001171554751758433                       0       300.2120333130081
    0.07656250000000001    0.002137261126520545  -0.0001171188501468992                       0        300.214721307897
    0.07695312500000001    0.002155017219922809  -0.0001170343077268096                       0       300.2173852998038
    0.07734374999999999    0.002170359979335599  -0.0001167580957421331                       0       300.2199532797695
    0.07773437499999999    0.002185702738748409  -0.0001164818837574575                       0       300.2225212597377
    0.07812500000000001    0.002201045498161218  -0.0001162056717727823                       0       300.2250892397059
    0.07851562500000001    0.002213000407387356  -0.0001156735588223854                       0       300.2275239171768
    0.07890625000000001    0.002224955316613501  -0.0001151414458719887                       0       300.2299585946485
    0.07929687500000002     0.00223691022583968  -0.0001146093329215938                       0       300.2323932721247
    0.07968749999999999    0.002245837365016616  -0.0001138592257739807                       0       300.2347110032388
            0.080078125    0.002254007561681312  -0.0001130546200770664                       0       300.2369994977716
    0.08046875000000001    0.002262177758346007  -0.0001122500143801523                       0       300.2392879923042
    0.08085937500000001    0.002267824090174364  -0.0001112725609742288                       0       300.2414815083944
                0.08125    0.002271787845445161  -0.0001101798757622992                       0       300.2436117055228
    0.08164062499999999    0.002275751600715958  -0.0001090871905503694                       0       300.2457419026512
             0.08203125    0.002277854755694806  -0.0001078740991834033   6.084305660568296e-28       300.2478043955535
    0.08242187500000001    0.002277167010235729  -0.0001064803985838818   2.129506981198821e-27       300.2497653321165
    0.08281250000000001    0.002276479264776653  -0.0001050866979843604   3.650583396340788e-27       300.2517262686796
            0.083203125    0.002274768015907013  -0.0001036311345610525   4.835264177719851e-27       300.2536514715044
    0.08359374999999999    0.002268962753395114  -0.0001019281198425984    4.67436242404727e-27        300.255433739376
            0.083984375    0.002263157490883215  -0.0001002251051241443   4.513460670374695e-27       300.2572160072477
    0.08437500000000001    0.002257352228371335  -9.852209040569103e-05   4.352558916702154e-27       300.2589982751219
    0.08476562500000001    0.002245945759590716  -9.650837797861308e-05   2.992384255232659e-27       300.2605944344277
    0.08515624999999999     0.00223453929081012  -9.449466555153623e-05    1.63220959376337e-27        300.262190593736
    0.08554687500000002     0.00222313282202952  -9.248095312445909e-05   2.720349322938307e-28       300.2637867530441
              0.0859375    0.002206847662493875  -9.022510379888741e-05   8.125583795616585e-28       300.2652299790632
    0.08632812500000001    0.002189342830269412  -8.790872024868955e-05   1.828256354013774e-27       300.2666349717523
    0.08671875000000001    0.002171837998044974  -8.559233669849268e-05   2.843954328465917e-27       300.2680399644448
    0.08710937499999999    0.002150370804910727  -8.310638088924254e-05   3.143716387113845e-27       300.2693288945021
    0.08749999999999999    0.002126262037836606  -8.050737690728993e-05    2.96618783522571e-27       300.2705404494693
            0.087890625    0.002102153270762485  -7.790837292533737e-05   2.788659283337597e-27       300.2717520044365
    0.08828125000000001    0.002075199628625128  -7.521019776555765e-05   2.346874383179125e-27       300.2728865461258
    0.08867187500000001    0.002043978673892918  -7.236326583903733e-05   1.508704960615104e-27       300.2739055678984
              0.0890625    0.002012757719160721  -6.951633391251763e-05   6.705355380511827e-28       300.2749245896726
    0.08945312500000001    0.001980013367339016  -6.663018310812905e-05                       0       300.2759059938954
             0.08984375    0.001941175427159278   -6.35871567922651e-05                       0       300.2767369279109
    0.09023437500000001    0.001902337486979547  -6.054413047640135e-05                       0       300.2775678619277
    0.09062500000000001    0.001863499546799832  -5.750110416053818e-05                       0       300.2783987959469
            0.091015625    0.001816549438752234  -5.433322284120454e-05  -8.140578195867247e-28       300.2790499641085
    0.09140625000000002    0.001769599330704643  -5.116534152187107e-05  -1.628115639173524e-27       300.2797011322718
            0.091796875    0.001722649222657074  -4.799746020253846e-05  -2.442173458760211e-27       300.2803523004381
    0.09218750000000001    0.001668825497543716  -4.480378274809895e-05  -2.327871702882167e-27       300.2808696541492
    0.09257812500000001    0.001613283368163938   -4.16036562598835e-05  -1.981480053137953e-27        300.281353554251
             0.09296875    0.001557741238784162  -3.840352977166818e-05  -1.635088403393736e-27       300.2818374543528
    0.09335937500000002    0.001496768018788363  -3.525344650834502e-05  -1.215932041590535e-27        300.282231151025
                0.09375    0.001432174071715223  -3.213672539495054e-05  -7.482658717480308e-28       300.2825647120774
    0.09414062500000001    0.001367580124642087  -2.902000428155597e-05  -2.805997019054815e-28       300.2828982731319
    0.09453125000000001    0.001299190820779589  -2.599248118758647e-05                       0       300.2831803225041
            0.094921875    0.001225108481733089  -2.309875512275543e-05                       0       300.2833851043609
    0.09531250000000002    0.001151026142686594  -2.020502905792424e-05                       0       300.2835898862213
            0.095703125    0.001074963664262872  -1.738831194515404e-05                       0       300.2837741756356
    0.09609375000000001   0.0009909806283302696  -1.487963064062724e-05                       0       300.2838764952811
    0.09648437500000001   0.0009069975923976784   -1.23709493361006e-05                       0       300.2839788149304
               0.096875   0.0008230145564650869  -9.862268031573949e-06                       0       300.2840811345795
    0.09726562500000001   0.0007287412683762957  -7.949945313531942e-06                       0       300.2841120930796
             0.09765625   0.0006344679802875122   -6.03762259549005e-06                       0       300.2841430515821
    0.09804687500000001   0.0005401946921987252  -4.125299877448086e-06                       0       300.2841740100846
    0.09843750000000001   0.0004373912504246655   -2.87583538278593e-06  -1.525057000763066e-28       300.2841765009828
    0.09882812500000002   0.0003324552702292868   -1.79208544396871e-06  -3.431378251716961e-28       300.2841718749801
    0.09921875000000001   0.0002275192900339099  -7.083355051514957e-07  -5.337699502670809e-28       300.2841672489798
            0.099609375   0.0001159655612223477  -1.717722060154197e-07   -3.81264250190746e-28       300.2841653985761
    0.09999999999999999                       0                       0                       0       300.2841653985761
