#              distance                     U_x                     U_y                     U_z                       T
                      0   -2.02975479458407e-18   7.748790259208755e-21                       0       299.7148185849805
  0.0003906250000000001  -0.0001154251324333023   4.483557953935549e-07                       0       299.7148185849788
  0.0007812500000000004  -0.0002308502648666059   8.967115907871153e-07                       0       299.7148185849799
   0.001171875000000001  -0.0003462753972999091   1.345067386180673e-06                       0       299.7148185849805
   0.001562500000000001  -0.0004443787110595522   2.992158522232594e-06                       0       299.7148462503104
            0.001953125  -0.0005381515701507831   4.938933493449113e-06                       0       299.7148808319747
   0.002343750000000001  -0.0006319244292420141   6.885708464665638e-06                       0        299.714915413639
   0.002734375000000001  -0.0007256972883332449   8.832483435882158e-06                       0       299.7149499953034
   0.003125000000000001   -0.000819470147424476   1.077925840709868e-05                       0       299.7149845769677
            0.003515625  -0.0009132430065157069    1.27260333783152e-05                       0       299.7150191586321
             0.00390625  -0.0009989638856273771     1.5043918858915e-05                       0       299.7151241938732
            0.004296875   -0.001072606794769705    1.79184701035897e-05                       0       299.7153349094796
   0.004687500000000001   -0.001146249703912033   2.079302134826441e-05                       0        299.715545625086
   0.005078125000000001   -0.001219892613054361   2.366757259293913e-05                       0       299.7157563406923
   0.005468750000000001   -0.001293535522196689   2.654212383761382e-05                       0       299.7159670562987
   0.005859375000000001   -0.001367178431339017   2.941667508228854e-05                       0        299.716177771905
   0.006250000000000001   -0.001440821340481344   3.229122632696324e-05                       0       299.7163884875113
   0.006640625000000001   -0.001495992748446057   3.545741010217947e-05                       0       299.7168794155911
   0.007031250000000001    -0.00155116415641077   3.862359387739571e-05                       0       299.7173703436711
   0.007421875000000001   -0.001606335564375483   4.178977765261196e-05                       0        299.717861271751
   0.007812500000000002   -0.001661506972340196    4.49559614278282e-05                       0       299.7183521998309
            0.008203125   -0.001716678380304909   4.812214520304442e-05                       0       299.7188431279109
   0.008593750000000002   -0.001771849788269621   5.128832897826064e-05                       0       299.7193340559908
   0.008984375000000003   -0.001817045350948643   5.433955788605918e-05                       0       299.7200332349439
   0.009375000000000001   -0.001855590350103868    5.73141502155792e-05                       0       299.7208712478123
            0.009765625   -0.001894135349259095   6.028874254509922e-05                       0       299.7217092606807
             0.01015625   -0.001932680348414322   6.326333487461929e-05                       0       299.7225472735493
            0.010546875   -0.001971225347569548   6.623792720413928e-05                       0       299.7233852864177
              0.0109375   -0.002009770346724774    6.92125195336593e-05                       0        299.724223299286
            0.011328125   -0.002045386180374925   7.209631148211969e-05                       0       299.7251372939885
             0.01171875   -0.002069285352004774   7.461690190634159e-05                       0       299.7263552160272
            0.012109375   -0.002093184523634624   7.713749233056353e-05                       0       299.7275731380658
                 0.0125   -0.002117083695264472   7.965808275478545e-05                       0       299.7287910601045
            0.012890625   -0.002140982866894323   8.217867317900742e-05                       0       299.7300089821434
             0.01328125   -0.002164882038524172   8.469926360322933e-05                       0       299.7312269041821
            0.013671875   -0.002188781210154021   8.721985402745125e-05                       0       299.7324448262208
              0.0140625    -0.00220258388682853   8.927566538577255e-05                       0       299.7339695310648
            0.014453125   -0.002213862439764202   9.121528197761876e-05                       0       299.7355709316101
             0.01484375   -0.002225140992699875   9.315489856946493e-05                       0       299.7371723321555
            0.015234375   -0.002236419545635547   9.509451516131109e-05                       0       299.7387737327008
               0.015625   -0.002247698098571219   9.703413175315722e-05                       0       299.7403751332462
    0.01601562500000001   -0.002258976651506902   9.897374834500383e-05                       0       299.7419765337929
             0.01640625   -0.002265996936786489    0.000100670583891584                       0       299.7437233735042
            0.016796875   -0.002266629820581974   0.0001020032478702665                       0       299.7456883719681
              0.0171875   -0.002267262704377459   0.0001033359118489489                       0        299.747653370432
            0.017578125   -0.002267895588172944   0.0001046685758276314                       0        299.749618368896
    0.01796875000000001   -0.002268528471968429   0.0001060012398063139                       0       299.7515833673598
            0.018359375    -0.00226916135576393   0.0001073339037849971                       0       299.7535483658261
                0.01875   -0.002269794239559401   0.0001086665677636789                       0        299.755513364288
            0.019140625   -0.002261628895117851   0.0001094276923430939                       0         299.75780500118
             0.01953125   -0.002253463550676295   0.0001101888169225087                       0       299.7600966380712
    0.01992187500000001   -0.002245298206234743   0.0001109499415019237                       0       299.7623882749631
              0.0203125   -0.002237132861793198   0.0001117110660813389                       0       299.7646799118558
    0.02070312500000001   -0.002228967517351666    0.000112472190660755                       0       299.7669715487503
             0.02109375   -0.002220802172910098   0.0001132333152401692                       0       299.7692631856398
            0.021484375   -0.002208359924718006   0.0001136886139257111                       0       299.7717222497499
    0.02187500000000001   -0.002193066407358882    0.000113940028682004                       0       299.7742929320048
            0.022265625   -0.002177772889999766   0.0001141914434382974                       0       299.7768636142607
             0.02265625    -0.00216247937264065   0.0001144428581945908                       0       299.7794342965167
            0.023046875   -0.002147185855281534   0.0001146942729508841                       0       299.7820049787725
              0.0234375   -0.002131892337922418   0.0001149456877071773                       0       299.7845756610284
            0.023828125   -0.002115467081562231   0.0001151078143621865                       0       299.7871917042175
             0.02421875    -0.00209451486919776    0.000114912788612059                       0       299.7899891911393
            0.024609375   -0.002073562656833291   0.0001147177628619315                       0        299.792786678061
                  0.025   -0.002052610444468821   0.0001145227371118041                       0       299.7955841649828
            0.025390625    -0.00203165823210435   0.0001143277113616765                       0       299.7983816519044
    0.02578125000000001   -0.002010706019739882   0.0001141326856115491                       0       299.8011791388266
            0.026171875    -0.00198975380737543   0.0001139376598614227                       0        299.803976625751
              0.0265625   -0.001965287128074839   0.0001134262041233347                       0       299.8069140924509
            0.026953125   -0.001939941832040232   0.0001128356408882574                       0       299.8098865540975
             0.02734375    -0.00191459653600563   0.0001122450776531805                       0       299.8128590157448
    0.02773437500000001   -0.001889251239971029   0.0001116545144181037                       0       299.8158314773924
               0.028125   -0.001863905943936428   0.0001110639511830268                       0       299.8188039390397
            0.028515625   -0.001838560647901827   0.0001104733879479499                       0       299.8217764006871
             0.02890625   -0.001811886128714192   0.0001097384474547511                       0       299.8247998165708
            0.029296875   -0.001783217774797009   0.0001087869410743694                       0       299.8278996638089
              0.0296875   -0.001754549420879826   0.0001078354346939878                       0       299.8309995110469
            0.030078125   -0.001725881066962643   0.0001068839283136062                       0        299.834099358285
             0.03046875   -0.001697212713045462   0.0001059324219332245                       0       299.8371992055236
            0.030859375   -0.001668544359128275   0.0001049809155528427                       0        299.840299052761
                0.03125   -0.001639876005211096   0.0001040294091724613                       0       299.8433988999999
    0.03164062500000001   -0.001608772125746353   0.0001027384333960402                       0       299.8465852929193
    0.03203125000000001   -0.001577668246281615   0.0001014474576196195                       0       299.8497716858395
            0.032421875   -0.001546564366816878   0.0001001564818431987                       0       299.8529580787596
              0.0328125    -0.00151546048735214   9.886550606677789e-05                       0       299.8561444716799
            0.033203125   -0.001484356607887407   9.757453029035718e-05                       0        299.859330864601
             0.03359375   -0.001453252728422672   9.628355451393652e-05                       0       299.8625172575217
    0.03398437500000001   -0.001421118985288392    9.47981791228637e-05                       0       299.8657358893238
               0.034375   -0.001388298666374434   9.318320398869047e-05                       0       299.8689760137164
    0.03476562500000001   -0.001355478347460474   9.156822885451718e-05                       0       299.8722161381089
    0.03515625000000001   -0.001322658028546528   8.995325372034475e-05                       0       299.8754562625046
    0.03554687500000001    -0.00128983770963256   8.833827858617082e-05                       0       299.8786963868951
              0.0359375   -0.001257017390718597   8.672330345199773e-05                       0       299.8819365112867
            0.036328125   -0.001223966699800692    8.50470478571575e-05                       0       299.8851824750721
    0.03671874999999999   -0.001189994520867004   8.312567041964892e-05                       0       299.8884517964281
            0.037109375   -0.001156022341933315   8.120429298214055e-05                       0       299.8917211177842
    0.03750000000000001   -0.001122050162999626   7.928291554463219e-05                       0       299.8949904391404
            0.037890625   -0.001088077984065937   7.736153810712382e-05                       0       299.8982597604965
             0.03828125   -0.001054105805132249   7.544016066961543e-05                       0       299.9015290818526
            0.038671875   -0.001020133626198566    7.35187832321074e-05                       0       299.9047984032103
              0.0390625  -0.0009855797378162789   7.137361596467579e-05                       0       299.9080776702643
    0.03945312500000001  -0.0009508804220718479   6.917250123976377e-05                       0       299.9113594237446
             0.03984375  -0.0009161811063274187   6.697138651485184e-05                       0       299.9146411772251
    0.04023437500000001  -0.0008814817905829881    6.47702717899396e-05                       0       299.9179229307056
    0.04062500000000001  -0.0008467824748385571   6.256915706502779e-05                       0       299.9212046841857
            0.041015625  -0.0008120831590941313   6.036804234011606e-05                       0       299.9244864376676
    0.04140625000000001  -0.0007772137122750243   5.807108468541779e-05                       0       299.9277691563526
    0.04179687500000001  -0.0007420890688439167   5.563036263604104e-05                       0       299.9310533228498
              0.0421875  -0.0007069644254128014   5.318964058666401e-05                       0       299.9343374893435
    0.04257812499999999  -0.0006718397819816903   5.074891853728673e-05                       0        299.937621655839
             0.04296875  -0.0006367151385505781   4.830819648790972e-05                       0       299.9409058223345
    0.04335937500000001  -0.0006015904951194658   4.586747443853274e-05                       0         299.94418998883
    0.04375000000000001  -0.0005664658516883553   4.342675238915557e-05                       0       299.9474741553263
            0.044140625  -0.0005311154168494137   4.080131341254096e-05                       0       299.9507561301159
             0.04453125  -0.0004957649820104734   3.817587443592612e-05                       0       299.9540381049063
            0.044921875  -0.0004604145471715329   3.555043545931129e-05                       0       299.9573200796967
    0.04531250000000001  -0.0004250641123325916   3.292499648269639e-05                       0       299.9606020544871
            0.045703125  -0.0003897136774936509   3.029955750608153e-05                       0       299.9638840292774
             0.04609375  -0.0003543632426547101   2.767411852946667e-05                       0       299.9671660040678
            0.046484375  -0.0003189506867474495   2.497861014599386e-05                       0       299.9704462555045
               0.046875  -0.0002834967167946421   2.223638882461574e-05                       0       299.9737253580386
    0.04726562500000001  -0.0002480427468418341   1.949416750323756e-05                       0       299.9770044605727
             0.04765625  -0.0002125887768890267   1.675194618185942e-05                       0       299.9802835631067
            0.048046875  -0.0001771348069362194   1.400972486048127e-05                       0       299.9835626656408
              0.0484375   -0.000141680836983412   1.126750353910312e-05                       0       299.9868417681749
            0.048828125  -0.0001062209606381199   8.517288092144506e-06                       0       299.9901206335233
    0.04921875000000001  -7.073745872288811e-05   5.735096142863975e-06                       0       299.9933985501289
            0.049609375  -3.525395680765694e-05   2.952904193583499e-06                       0       299.9966764667346
    0.05000000000000001   2.295451075742473e-07   1.707122443030212e-07                       0       299.9999543833418
    0.05039062500000001   3.571304702280765e-05  -2.611479704977923e-06                       0       300.0032322999475
             0.05078125   7.119654893803853e-05  -5.393671654258668e-06                       0       300.0065102165514
    0.05117187500000001   0.0001066800508532713  -8.175863603539562e-06                       0       300.0097881331571
              0.0515625   0.0001421410953518414  -1.092608048227199e-05                       0       300.0130670810771
    0.05195312500000001   0.0001775965254962488  -1.366830359336752e-05                       0       300.0163462868273
    0.05234375000000001   0.0002130519556406537  -1.641052670446285e-05                       0       300.0196254925742
            0.052734375   0.0002485073857850588  -1.915274981555828e-05                       0       300.0229046983229
    0.05312500000000001    0.000283962815929468  -2.189497292665406e-05                       0       300.0261839040732
    0.05351562500000001   0.0003194182460738741   -2.46371960377496e-05                       0       300.0294631098217
             0.05390625   0.0003548328194176324  -2.733272215290677e-05                       0       300.0327435040578
    0.05429687500000001   0.0003901861075604214  -2.995820277415656e-05                       0       300.0360256810252
    0.05468750000000001   0.0004255393957032098  -3.258368339540631e-05                       0       300.0393078579926
    0.05507812500000001    0.000460892683845997  -3.520916401665594e-05                       0       300.0425900349583
             0.05546875   0.0004962459719887847  -3.783464463790559e-05                       0       300.0458722119257
            0.055859375   0.0005315992601315731  -4.046012525915528e-05                       0       300.0491543888931
                0.05625   0.0005669525482743614  -4.308560588040497e-05                       0       300.0524365658605
            0.056640625   0.0006020813081386642  -4.552648200684208e-05                       0       300.0557210250959
    0.05703125000000001   0.0006372100680029675  -4.796735813327923e-05                       0       300.0590054843314
    0.05742187500000001    0.000672338827867271  -5.040823425971639e-05                       0       300.0622899435669
    0.05781250000000002   0.0007074675877315794  -5.284911038615426e-05                       0       300.0655744028043
    0.05820312499999999   0.0007425963475958747   -5.52899865125907e-05                       0       300.0688588620376
             0.05859375   0.0007777251074601781  -5.773086263902797e-05                       0       300.0721433212731
    0.05898437500000001   0.0008125993170499069  -6.002810191623983e-05                       0       300.0754263796477
    0.05937500000000001    0.000847303826456586   -6.22295832939681e-05                       0        300.078708504115
            0.059765625   0.0008820083358632641  -6.443106467169628e-05                       0       300.0819906285823
    0.06015625000000001    0.000916712845269944  -6.663254604942491e-05                       0       300.0852727530499
    0.06054687500000001   0.0009514173546766218  -6.883402742715289e-05                       0       300.0885548775169
    0.06093750000000001   0.0009861218640833005   -7.10355088048809e-05                       0       300.0918370019843
            0.061328125    0.001020681114685922  -7.318110879525291e-05                       0       300.0951166525128
             0.06171875    0.001054659330072317  -7.510318323619839e-05                       0       300.0983864072859
    0.06210937499999999    0.001088637545458711  -7.702525767714383e-05                       0       300.1016561620592
                 0.0625    0.001122615760845112  -7.894733211808981e-05                       0        300.104925916834
    0.06289062500000002    0.001156593976231502  -8.086940655903503e-05                       0       300.1081956716056
    0.06328125000000001      0.0011905721916179    -8.2791480999981e-05                       0       300.1114654263798
    0.06367187500000002    0.001224550407004292  -8.471355544092623e-05                       0        300.114735181152
    0.06406250000000001    0.001257607586192643   -8.63908707825217e-05                       0       300.1179816133719
            0.064453125    0.001290434506331484  -8.800699634927965e-05                       0       300.1212222149534
    0.06484375000000001    0.001323261426470326  -8.962312191603766e-05                       0       300.1244628165349
            0.065234375    0.001356088346609167  -9.123924748279568e-05                       0       300.1277034181164
    0.06562500000000002     0.00138891526674801  -9.285537304955386e-05                       0       300.1309440196979
    0.06601562500000002    0.001421742186886858  -9.447149861631243e-05                       0       300.1341846212807
             0.06640625    0.001453882628598028  -9.595825161405325e-05                       0        300.137403739562
    0.06679687500000001     0.00148499335266771  -9.725094575826953e-05                       0       300.1405906328959
              0.0671875    0.001516104076737394  -9.854363990248611e-05                       0       300.1437775262304
    0.06757812500000002    0.001547214800807075  -9.983633404670237e-05                       0       300.1469644195639
    0.06796874999999999    0.001578325524876756  -0.0001011290281909184                       0       300.1501513128979
            0.068359375    0.001609436248946439  -0.0001024217223351347                       0        300.153338206232
    0.06875000000000001    0.001640546973016131  -0.0001037144164793517                       0       300.1565250995678
    0.06914062499999998    0.001669222044743839  -0.0001046683007394889                       0       300.1596254492674
             0.06953125    0.001697897116471559  -0.0001056221849996269                       0       300.1627257989689
    0.06992187500000001    0.001726572188199279  -0.0001065760692597648                       0       300.1658261486703
              0.0703125    0.001755247259927007  -0.0001075299535199033                       0       300.1689264983734
    0.07070312500000001    0.001783922331654716  -0.0001084838377800405                       0       300.1720268480732
             0.07109375    0.001812597403382434  -0.0001094377220401783                       0       300.1751271977746
    0.07148437500000002    0.001839278307172737  -0.0001101754691421101                       0       300.1781511051784
    0.07187500000000002    0.001864629765671426  -0.0001107691248052377                       0       300.1811240510503
            0.072265625    0.001889981224170114  -0.0001113627804683653                       0       300.1840969969223
    0.07265625000000001    0.001915332682668803   -0.000111956436131493                       0       300.1870699427941
    0.07304687499999998    0.001940684141167492  -0.0001125500917946206                       0        300.190042888666
              0.0734375    0.001966035599666182  -0.0001131437474577481                       0        300.193015834538
    0.07382812499999999    0.001990508231015361  -0.0001136584399102694                       0       300.1959537782632
             0.07421875    0.002011465553766504  -0.0001138572795203652                       0       300.1987517134017
    0.07460937500000001    0.002032422876517647  -0.0001140561191304612                       0       300.2015496485403
    0.07500000000000001    0.002053380199268801  -0.0001142549587405575                       0       300.2043475836805
            0.075390625    0.002074337522019933  -0.0001144537983506528                       0       300.2071455188174
    0.07578125000000001    0.002095294844771084  -0.0001146526379607491                       0        300.209943453957
            0.076171875    0.002116252167522242  -0.0001148514775708457                       0       300.2127413890977
    0.07656249999999999    0.002132681237350232  -0.0001146937020868215                       0       300.2153578407138
            0.076953125    0.002147978243947462  -0.0001144467728292687                       0       300.2179289214531
    0.07734374999999999    0.002163275250544692   -0.000114199843571716                       0       300.2205000021925
    0.07773437500000002    0.002178572257141925  -0.0001139529143141638                       0       300.2230710829321
               0.078125    0.002193869263739158  -0.0001137059850566114                       0       300.2256421636721
    0.07851562500000001    0.002209166270336383  -0.0001134590557990582                       0       300.2282132444107
    0.07890625000000001    0.002221611105693753  -0.0001130084667956268  -3.092456990321238e-27       300.2306726836904
    0.07929687499999999    0.002229777684191332  -0.0001122523881733769  -1.082359946612405e-26       300.2329646607808
    0.07968749999999999    0.002237944262688912  -0.0001114963095511267  -1.855474194192741e-26       300.2352566378712
            0.080078125    0.002246110841186492  -0.0001107402309288769  -2.628588441773105e-26       300.2375486149616
    0.08046875000000001    0.002254277419684072  -0.0001099841523066269  -3.401702689353442e-26        300.239840592052
    0.08085937500000002    0.002262443998181653  -0.0001092280736843769  -4.174816936933805e-26       300.2421325691425
    0.08124999999999999    0.002270610576679258   -0.000108471995062128  -4.947931184514171e-26       300.2444245462364
    0.08164062500000001    0.002269975995016464  -0.0001071447642887697   -4.82682412544229e-26       300.2463898237002
             0.08203125    0.002269341413353695  -0.0001058175335154125  -4.705717066370466e-26       300.2483551011675
    0.08242187500000001    0.002268706831690925  -0.0001044903027420553  -4.584610007298636e-26       300.2503203786347
    0.08281250000000001    0.002268072250028156  -0.0001031630719686981  -4.463502948226805e-26        300.252285656102
            0.083203125    0.002267437668365388   -0.000101835841195341  -4.342395889154984e-26       300.2542509335694
    0.08359375000000001    0.002266803086702629  -0.0001005086104219842  -4.221288830083175e-26        300.256216211038
            0.083984375    0.002259778934007577   -9.88173012720553e-05  -3.842584459346902e-26       300.2579632944528
    0.08437500000000001    0.002248495067291023  -9.688327320441269e-05  -3.292148547501005e-26       300.2595649151686
    0.08476562500000001    0.002237211200574467  -9.494924513677007e-05  -2.741712635655108e-26       300.2611665358844
             0.08515625    0.002225927333857911  -9.301521706912753e-05  -2.191276723809238e-26          300.2627681566
    0.08554687500000001     0.00221464346714136  -9.108118900148522e-05  -1.640840811963323e-26       300.2643697773163
              0.0859375    0.002203359600424809  -8.914716093384286e-05  -1.090404900117456e-26       300.2659713980326
    0.08632812500000001    0.002189550756735786   -8.70969123977145e-05  -6.477611757924224e-27       300.2674963125658
    0.08671875000000001    0.002165642005156866  -8.458178198764199e-05  -6.362862015509255e-27       300.2687144023653
    0.08710937499999999    0.002141733253577959  -8.206665157757015e-05  -6.248112273094307e-27       300.2699324921666
    0.08749999999999999    0.002117824501999051  -7.955152116749808e-05  -6.133362530679352e-27       300.2711505819677
    0.08789062499999999    0.002093915750420143   -7.70363907574262e-05  -6.018612788264304e-27       300.2723686717689
    0.08828124999999999    0.002070006998841235  -7.452126034735418e-05  -5.903863045849355e-27       300.2735867615701
    0.08867187500000001    0.002046098247262326  -7.200612993728207e-05  -5.789113303434403e-27       300.2748048513713
    0.08906249999999999    0.002010468954823715  -6.912743555215141e-05  -4.440937659751602e-27       300.2757189787893
    0.08945312499999999    0.001971909527170174  -6.615785017325589e-05  -2.784405540751707e-27       300.2765571156115
    0.08984374999999999    0.001933350099516635  -6.318826479436045e-05  -1.127873421751871e-27       300.2773952524337
    0.09023437500000001    0.001894790671863094  -6.021867941546487e-05   5.286586972484579e-28       300.2782333892561
    0.09062500000000001    0.001856231244209555  -5.724909403656936e-05   2.185190816248388e-27       300.2790715260783
            0.091015625    0.001817671816556016  -5.427950865767396e-05   3.841722935248259e-27       300.2799096629006
    0.09140625000000001    0.001772459685482394  -5.123296800885751e-05   4.771006277646428e-27       300.2806089516741
            0.091796875    0.001717268499278648  -4.807099445515971e-05   4.609416455141733e-27       300.2810999683746
    0.09218750000000001    0.001662077313074901  -4.490902090146183e-05   4.447826632637034e-27       300.2815909850751
    0.09257812500000001    0.001606886126871153  -4.174704734776395e-05   4.286236810132239e-27       300.2820820017756
    0.09296874999999999    0.001551694940667408  -3.858507379406623e-05   4.124646987627557e-27       300.2825730184761
    0.09335937500000001    0.001496503754463658  -3.542310024036818e-05   3.963057165122858e-27       300.2830640351767
    0.09374999999999999    0.001441312568259913  -3.226112668667047e-05   3.801467342618176e-27       300.2835550518772
    0.09414062500000001    0.001367644089919089  -2.938968772853469e-05   3.207488070334072e-27       300.2837658267443
    0.09453125000000001    0.001293975611578267    -2.6518248770399e-05   2.613508798049989e-27       300.2839766016114
            0.094921875    0.001220307133237448  -2.364680981226343e-05   2.019529525765928e-27       300.2841873764784
    0.09531250000000001    0.001146638654896626  -2.077537085412775e-05   1.425550253481802e-27       300.2843981513455
            0.095703125    0.001072970176555809  -1.790393189599222e-05   8.315709811977269e-28       300.2846089262135
    0.09609375000000002    0.000999301698214986  -1.503249293785646e-05   2.375917089136091e-28       300.2848197010811
    0.09648437500000001   0.0009135514890491007  -1.271665927052488e-05                       0       300.2849247788649
               0.096875   0.0008197467926665132  -1.077122913039603e-05                       0       300.2849593919287
    0.09726562500000002   0.0007259420962839189  -8.825798990267034e-06                       0       300.2849940049924
             0.09765625   0.0006321373999013339  -6.880368850138237e-06                       0       300.2850286180563
    0.09804687500000001   0.0005383327035187407  -4.934938710009262e-06                       0         300.28506323112
    0.09843750000000001   0.0004445280071361491  -2.989508569880297e-06                       0       300.2850978441852
            0.098828125   0.0003463914844031946  -1.343591679166194e-06                       0        300.285125534635
    0.09921875000000001   0.0002309276562687937  -8.957277861107856e-07                       0       300.2851255346349
            0.099609375   0.0001154638281343969  -4.478638930553929e-07                       0        300.285125534635
                    0.1                       0                       0                       0       300.2851255346349
