#              distance                     U_x                     U_y                     U_z                       T
  6.939740885162004e-18                       0                       0                       0        299.666740903267
  0.0003906250000000001  -0.0004230993596600489  -1.363561503854109e-06                       0       299.6667423884536
  0.0007812500000000002  -0.0008338689704048845   -5.21509641029014e-06                       0       299.6667498143836
            0.001171875    -0.00123580576569943  -1.043112967458716e-05                       0       299.6667671084233
              0.0015625   -0.001631854017360436  -1.655682851079138e-05                       0       299.6667909811993
            0.001953125   -0.002013868636370907  -2.362861322224265e-05                       0       299.6668399046587
             0.00234375   -0.002390520147078559  -3.058089442800645e-05                       0       299.6669021082719
            0.002734375   -0.002759126995331982   -3.73539203752392e-05                       0       299.6669842321159
               0.003125   -0.003117378934269558  -4.308661697125914e-05                       0       299.6670990436532
            0.003515625   -0.003470502764211078   -4.81297750850321e-05                       0       299.6672316252101
   0.003906250000000001   -0.003813469067484304  -5.145510862103071e-05                       0       299.6674025991587
            0.004296875   -0.004148813349781838  -5.308851625607195e-05                       0        299.667606308932
              0.0046875   -0.004479076284762452  -5.359397329047785e-05                       0       299.6678318426041
            0.005078125   -0.004796361848878797  -5.078849055357155e-05   -3.00167651072503e-29       299.6681179163625
   0.005468750000000001   -0.005108242365945159   -4.65353031695557e-05  -4.938827862990256e-29        299.668430354736
   0.005859374999999999   -0.005412015312436542  -4.011055881487557e-05  -5.279191477559963e-29       299.6687823400318
                0.00625   -0.005704360745964931  -3.068745312160041e-05  -2.673632100238593e-29       299.6691908553269
            0.006640625   -0.005990798786473948  -1.977382921483383e-05                       0       299.6696284613083
             0.00703125   -0.006265034767868787  -5.896493792695304e-06                       0       299.6701259000528
   0.007421875000000001   -0.006529451604490432   1.008168660614307e-05                       0       299.6706703222503
              0.0078125   -0.006787322344596249   2.746043032278179e-05                       0       299.6712460667329
   0.008203125000000002   -0.007027630483694597   4.799360751140861e-05                       0        299.671903039241
   0.008593750000000001   -0.007260426215592966   6.960015897693102e-05                       0       299.6725934488561
   0.008984374999999999   -0.007481953336691417   9.281677185779766e-05                       0       299.6733340141335
   0.009375000000000001   -0.007687514949711995   0.0001177221648986659                       0       299.6741429397621
            0.009765625   -0.007884879159802587   0.0001433420777409219                       0       299.6749863290389
             0.01015625   -0.008065419266251241    0.000170131289628722                       0       299.6758992125628
            0.010546875   -0.008232791059006418    0.000197377139503329                       0       299.6768648532421
              0.0109375   -0.008391383975965944   0.0002249274147024751                       0       299.6778656653585
            0.011328125   -0.008527313548632797   0.0002525128516599715                       0       299.6789552099834
             0.01171875   -0.008653985387315211   0.0002798219199160715                       0       299.6800805118366
            0.012109375   -0.008766770625020962    0.000306716435120079                       0       299.6812594495315
                 0.0125   -0.008860862054125822   0.0003324961039961463                       0        299.682510414103
            0.012890625   -0.008945615874332607   0.0003575867901015728                       0       299.6837975416524
             0.01328125   -0.009011713067549929   0.0003810363914524336                       0       299.6851572943042
            0.013671875   -0.009064007434515658   0.0004028985529244593                       0       299.6865721030999
              0.0140625   -0.009107099917313123   0.0004237024211439069                       0       299.6880236159736
            0.014453125   -0.009127763352598087   0.0004413449596648468                       0       299.6895682104756
             0.01484375   -0.009139781729136128   0.0004575529919980441                       0       299.6911507389484
            0.015234375   -0.009138832517554801   0.0004716092650496777                       0       299.6927901684103
               0.015625   -0.009121418056019443   0.0004825357422259298                       0       299.6945072603327
    0.01601562500000001   -0.009096013833705143   0.0004918528655210386                       0       299.6962637335334
             0.01640625   -0.009055115818229089    0.000497862369166937                       0       299.6981000693869
            0.016796875   -0.009003415004461066   0.0005013208144737405                       0       299.6999982387464
              0.0171875   -0.008944512325165061   0.0005030785542211499                       0       299.7019376304432
            0.017578125   -0.008869079114696653   0.0005005705146034775                       0       299.7039837017685
             0.01796875   -0.008787653268123053   0.0004963899845965833                       0       299.7060739999627
            0.018359375   -0.008697238467391668   0.0004897007190058553                       0       299.7082306384602
                0.01875   -0.008596109140323605   0.0004798072730063516                       0       299.7104789076831
            0.019140625   -0.008489941602432591   0.0004683633899764969                       0       299.7127737593653
             0.01953125    -0.00837433574758655   0.0004539219392340126                       0       299.7151633101643
    0.01992187500000001   -0.008252594971850644   0.0004374301427866076                       0       299.7176259571609
              0.0203125   -0.008126764248854926   0.0004195714492025938                       0       299.7201373349594
    0.02070312500000001   -0.007992234638571891   0.0003986846677863369                       0       299.7227733520683
             0.02109375   -0.007854808965494467   0.0003767609766387996   1.294563582896729e-28       299.7254599923491
            0.021484375   -0.007713039198225143   0.0003532819208943237   4.530972540133265e-28       299.7282225673757
               0.021875   -0.007566578085864943   0.0003281045204073118   2.589127165793736e-28       299.7310870250996
            0.022265625   -0.007418027754060111     0.00030217590585162  -1.152211108435176e-28        299.734002320764
             0.02265625   -0.007265811889567693    0.000274940779763757  -6.913266650610966e-28       299.7370190854962
            0.023046875   -0.007111555955801693   0.0002470243114374233   -7.38533220615287e-28       299.7401107732688
              0.0234375   -0.006955939975853344   0.0002186536149521113  -4.331404437274956e-28       299.7432524097372
    0.02382812500000001   -0.006798002164494117   0.0001896407597024879   -1.62427666397634e-28       299.7465154350181
             0.02421875   -0.006639525551470259   0.0001605623738426349                       0       299.7498250148724
            0.024609375   -0.006480240735949383   0.0001313856920674316                       0       299.7532044265847
                  0.025   -0.006320577439708134   0.0001024408029972544  -3.410003259837679e-27        299.756671784766
            0.025390625   -0.006160880373097421    7.36959142588093e-05  -6.734695553028871e-27        299.760181561963
             0.02578125   -0.006001426705729226   4.551923414226165e-05  -6.308140719796265e-27       299.7637730687534
            0.026171875   -0.005842567434480233   1.799713025855838e-05  -5.896592951351848e-27       299.7674205325756
              0.0265625   -0.005684104427310775  -9.088589469916535e-06  -5.495049892766031e-27       299.7711053010886
            0.026953125   -0.005527233887506755  -3.474768312500941e-05  -5.120383765250317e-27       299.7748735331809
             0.02734375   -0.005371209864220215  -5.972133743633499e-05  -3.671688066555598e-27         299.77867097608
            0.027734375   -0.005216455615709797  -8.366683273200909e-05  -6.119480110926011e-28       299.7825122351844
               0.028125   -0.005063756328245119   -0.000106052553080681                       0       299.7864032736593
            0.028515625   -0.004912161975827709  -0.0001276214826101178                       0       299.7903170220643
             0.02890625   -0.004762932402554355  -0.0001474830238096269                       0       299.7942718308586
            0.029296875   -0.004615673192782879   -0.000165983958400873                       0       299.7982509913797
    0.02968750000000001   -0.004469727558679459  -0.0001835778219199496   1.676454966534664e-42       299.8022463863948
            0.030078125   -0.004327339825902062   -0.000198819979529981   1.250207621228795e-28       299.8062720175504
             0.03046875   -0.004186465140613183  -0.0002131065580965764   1.964211526138309e-28       299.8103058373779
            0.030859375   -0.004047860026556983  -0.0002259597680980137   1.873909856562378e-28       299.8143519402055
                0.03125   -0.003912424773500906    -0.00023690671706513   9.279247613230138e-29       299.8184072037648
            0.031640625   -0.003778602142841361  -0.0002469096227161748                       0       299.8224654158448
             0.03203125   -0.003648060140768704  -0.0002550426161373065                       0       299.8265262613431
            0.032421875   -0.003520038949440195  -0.0002618213213360668                       0       299.8305847502505
    0.03281249999999999   -0.003393698298607858  -0.0002676971677199188                       0        299.834641668104
            0.033203125   -0.003271624686930826  -0.0002714261069122367                       0       299.8386884193732
    0.03359375000000001   -0.003151271313475052  -0.0002743503894719979                       0       299.8427290035926
            0.033984375    -0.00303349829735106  -0.0002760676870829148                       0        299.846760337228
               0.034375   -0.002919168926054113  -0.0002762999021651329                       0       299.8507759092199
            0.034765625   -0.002806556725029634  -0.0002758236536113277                       0       299.8547829279548
             0.03515625   -0.002697369560267974  -0.0002739986330421271                       0       299.8587714953052
    0.03554687499999999   -0.002590722234913718  -0.0002712704775608285                       0       299.8627447228058
              0.0359375   -0.002485768135831081  -0.0002679402321381339                       0       299.8667077237433
            0.036328125   -0.002384976060992848  -0.0002632913610009981                       0       299.8706434411343
    0.03671875000000001    -0.00228581208638347  -0.0002581903529045617                       0       299.8745678391078
    0.03710937500000001   -0.002189090262117385  -0.0002524111393691762                       0       299.8784752579567
    0.03750000000000001   -0.002095536242328887   -0.000245876579820252                       0       299.8823597181759
    0.03789062500000001    -0.00200354067042637  -0.0002390004735472915                       0       299.8862327247134
             0.03828125   -0.001914611085590056  -0.0002315135263917061                       0       299.8900828751297
            0.038671875   -0.001827895687007459   -0.000223671722755525                       0       299.8939162259797
              0.0390625   -0.001742656412594042  -0.0002155933481322844                       0       299.8977383771257
    0.03945312500000001   -0.001660952172737845  -0.0002070846205978576                       0       299.9015334618167
    0.03984375000000001   -0.001580595281133052  -0.0001984629218881463                       0       299.9053182078641
            0.040234375   -0.001502259411905336  -0.0001896717664155042                       0       299.9090874459409
    0.04062500000000001   -0.001426477093301892    -0.00018076115687022                       0       299.9128371578061
            0.041015625   -0.001351934612811515  -0.0001718142310934898                       0       299.9165774260264
    0.04140625000000001   -0.001279797934149444  -0.0001628414944636571                       0       299.9202994459451
            0.041796875   -0.001209350683311028  -0.0001539094967026643                       0       299.9240088015993
              0.0421875   -0.001140029717688393  -0.0001450046581875661                       0       299.9277097144138
            0.042578125   -0.001073327350336827  -0.0001362505347662421                       0       299.9313912844634
             0.04296875   -0.001007591805560669  -0.0001275828486960246    1.82340506722429e-30       299.9350658327124
            0.043359375  -0.0009433064946476042  -0.0001190448186524648   6.381917735286707e-30       299.9387298482554
                0.04375  -0.0008807908654743026  -0.0001107182043938388   4.166763076770757e-30       299.9423812460178
            0.044140625  -0.0008191185795409841   -0.000102503600607083    9.09917649047864e-31       299.9460266855551
             0.04453125  -0.0007590499848278257  -9.452562292287229e-05   2.599764711569372e-31        299.949660909973
            0.044921875  -0.0007000585909125422  -8.673451072509543e-05                       0       299.9532877476894
    0.04531250000000001  -0.0006417853308625122  -7.906797551827476e-05                       0       299.9569096609414
            0.045703125  -0.0005850969444775292  -7.171374206329838e-05                       0       299.9605209143105
             0.04609375  -0.0005289580432398789  -6.447935881176053e-05                       0       299.9641285394204
            0.046484375  -0.0004736433697232152  -5.742475086537877e-05                       0       299.9677307221367
               0.046875  -0.0004192584676286384  -5.059003303926891e-05                       0       299.9713268692294
    0.04726562500000001  -0.0003652961344682389  -4.385821138214017e-05                       0       299.9749202916887
             0.04765625  -0.0003120943056225686  -3.731808428067703e-05                       0       299.9785088513051
            0.048046875  -0.0002593359468593117   -3.08953332304843e-05                       0       299.9820946110852
              0.0484375  -0.0002068732348176672  -2.455083288113898e-05                       0       299.9856785043112
            0.048828125  -0.0001549382695141833  -1.835105960461942e-05                       0       299.9892590985884
             0.04921875  -0.0001031299151809794  -1.218681908210366e-05                       0       299.9928389068746
            0.049609375  -5.151147730319171e-05    -6.0758776905932e-06                       0        299.996417536169
                   0.05   2.262317351603248e-08   1.112080452568624e-08                       0       299.9999956445159
    0.05039062500000001   5.155676917486762e-05   6.098130193296427e-06  -4.147032616205653e-30       300.0035737535617
             0.05078125   0.0001031754346758709   1.220912605306579e-05  -2.488219569723328e-29       300.0071523863509
    0.05117187500000001   0.0001549841541312737   1.837345751186957e-05  -4.453240548388132e-29        300.010732199986
    0.05156250000000001   0.0002069195762229462   2.457334603669672e-05  -6.345931307427491e-29       300.0143128008619
    0.05195312500000001   0.0002593829719795093   3.091801394598265e-05  -2.379724240285164e-29       300.0178967038653
             0.05234375   0.0003121421041903892   3.734095159041392e-05                       0       300.0214824747263
            0.052734375   0.0003653448410827678   4.388129383756592e-05                       0       300.0250710473922
    0.05312500000000001   0.0004193082591827313   5.061336340640193e-05  -7.977586933510817e-29       300.0286644855715
            0.053515625   0.0004736943338807652   5.744834385113724e-05  -1.615203204981619e-28       300.0322606497153
    0.05390625000000001   0.0005290103537635282   6.450324047779005e-05  -1.713632296379487e-28       300.0358628522134
    0.05429687500000001   0.0005851507289408261   7.173792596919574e-05  -1.095627458086571e-28       300.0394704991593
              0.0546875   0.0006418406743145231   7.909247070377515e-05                       0       300.0430817757604
    0.05507812500000001   0.0007001157007800978   8.675932828647748e-05                       0        300.046703715762
             0.05546875   0.0007591089417870731   9.455076211901248e-05                       0       300.0503305816623
            0.055859375   0.0008191795046061709   0.0001025290603262992                       0       300.0539648364172
                0.05625   0.0008808539150480469   0.0001107439717162408                       0        300.057610309214
            0.056640625   0.0009433717456258603   0.0001190708840119299                       0       300.0612617416904
    0.05703125000000001    0.001007659409124819   0.0001276091867479758                       0       300.0649257949098
            0.057421875    0.001073397415830724   0.0001362771165241537                       0       300.0686003830739
              0.0578125    0.001140102318007942   0.0001450314643270881                       0       300.0722819945379
    0.05820312500000001    0.001209425993896323   0.0001539364613425861                       0       300.0759829525047
    0.05859375000000001    0.001279876022500558   0.0001628685839167223  -9.569914702336271e-30        300.079692354817
    0.05898437500000002    0.001352015580178579   0.0001718413948288166  -3.349470145817744e-29        300.083414423648
    0.05937500000000001    0.001426561069570489   0.0001807883123889719   -4.28571795700448e-29       300.0871547437581
            0.059765625     0.00150234646084015   0.0001896988686173036  -4.150536278940012e-29       300.0909045089657
             0.06015625    0.001580685527907127   0.0001984898728703046  -1.185867508268558e-29       300.0946738033213
            0.060546875    0.001661045708131836   0.0002071113353130187   1.261794609799133e-29       300.0984586077786
    0.06093750000000001    0.001742753297128406   0.0002156197698822132    3.36478562613151e-29       300.1022537523104
            0.061328125    0.001827996067775321   0.0002236976905796815   1.758897070395641e-28       300.1060759666859
             0.06171875     0.00191471502022436   0.0002315389683935007   2.862595563432204e-28       300.1099093820598
            0.062109375     0.00200364824537657   0.0002390252818818445   3.488214034349886e-28       300.1137595989279
                 0.0625    0.002095647571600007    0.000245900596257582   1.806668864266598e-28       300.1176326742769
    0.06289062500000001    0.002189205402729716   0.0002524342813955111                       0       300.1215172044367
             0.06328125    0.002285931152413176   0.0002582124486948032                       0       300.1254246953452
    0.06367187499999999    0.002385099139177075   0.0002633122723193954                       0       300.1293491667624
    0.06406250000000002    0.002485895283994684   0.0002679598668275293                       0       300.1332849585277
            0.064453125    0.002590853601640247   0.0002712885913485999                       0        300.137248035676
    0.06484375000000001    0.002697505207478491   0.0002740151235014441                       0       300.1412213399585
    0.06523437500000001    0.002806696745605578   0.0002758383671019306                       0       300.1452099849217
               0.065625    0.002919313450635108   0.0002763126263529151                       0       300.1492170819469
    0.06601562499999999    0.003033647393413637   0.0002760783144920869                       0       300.1532327324502
             0.06640625    0.003151425120285766   0.0002743587025335122                       0       300.1572641448072
    0.06679687500000001    0.003271783316736355   0.0002714319404177958                       0       300.1613048075196
    0.06718749999999998    0.003393861826239403   0.0002677004115306646                       0       300.1653516371503
            0.067578125    0.003520207576999752    0.000261821700219942                       0       300.1694086323108
    0.06796875000000001    0.003648233955799337    0.000255040021577378                       0       300.1734671978663
            0.068359375    0.003778781276657465   0.0002469038919370283                       0       300.1775281189873
    0.06875000000000001    0.003912609415636681   0.0002368976394763589                       0       300.1815864048058
    0.06914062500000001    0.004048050275540326   0.0002259472408876238                       0       300.1856417410099
             0.06953125    0.004186661201021047   0.0002130903806069664                       0       300.1896879140918
    0.06992187500000002    0.004327541862471565   0.0001988000114515594                       0       300.1937218020138
              0.0703125    0.004469935681235255   0.0001835539697129897                       0       300.1977474998293
    0.07070312500000001    0.004615887693918212   0.0001659560098751345                       0       300.2017429573695
             0.07109375     0.00476315340580666    0.000147450904643269                       0       300.2057221786008
    0.07148437499999999    0.004912389666503435   0.0001275850813203879                       0       300.2096770453734
    0.07187499999999999    0.005063990964125372   0.0001060117458705461                       0       300.2135908478405
            0.072265625    0.005216697327553926   8.362156481705062e-05                       0        300.217481938382
    0.07265625000000001    0.005371458917283339   5.967151347588008e-05                       0       300.2213232454965
    0.07304687500000001    0.005527490483178743   3.469325549297675e-05                       0       300.2251207333234
              0.0734375    0.005684368699851599   9.029526415587125e-06                       0       300.2288890082984
    0.07382812500000001    0.005842839717122664  -1.806086448991013e-05                       0       300.2325738146224
             0.07421875    0.006001707127724954  -4.558763508782611e-05                       0       300.2362213143353
    0.07460937500000001    0.006161169128323912  -7.376897522437539e-05                       0       300.2398128541212
    0.07500000000000001    0.006320874771553265  -0.0001025184754181282                       0       300.2433226607408
    0.07539062500000002    0.006480546760377964   -0.000131467941375873                       0       300.2467900466581
    0.07578125000000002    0.006639840488953023  -0.0001606491103323528                       0        300.250169482906
            0.076171875    0.006798326156885702  -0.0001897318846217225                       0       300.2534790852392
    0.07656250000000002    0.006956273117723728  -0.0002187490624663577                       0       300.2567421316401
    0.07695312500000001    0.007111898433351999  -0.0002471238643883873                       0       300.2598837864145
    0.07734374999999999    0.007266163752659644  -0.0002750443305908456                       0       300.2629754916468
    0.07773437499999999    0.007418389077486152  -0.0003022832932139489                       0       300.2659922725562
               0.078125    0.007566948911072718  -0.0003282154892206597                       0       300.2689075832214
    0.07851562500000001    0.007713419529173943  -0.0003533963341692038                       0       300.2717720554663
    0.07890625000000001    0.007855198776575558  -0.0003768785415015568                       0       300.2745346443469
    0.07929687499999999    0.007992633854076309  -0.0003988051383957481                       0       300.2772212982873
    0.07968750000000001    0.008127172818310423  -0.0004196946616645299                       0       300.2798573289563
            0.080078125    0.008253012665489336  -0.0004375556481370009                       0       300.2823687204938
    0.08046875000000001    0.008374762428782991  -0.0004540495442583132                       0       300.2848313814657
    0.08085937500000001    0.008490377066248611  -0.0004684928048528771                       0       300.2872209465845
    0.08125000000000002    0.008596553018667845  -0.0004799380886848754                       0        300.289515813272
    0.08164062500000002    0.008697690551499207  -0.0004898327265784947                       0       300.2917640978502
             0.08203125    0.008788113091028383  -0.0004965227574813463                       0       300.2939207525264
    0.08242187500000001    0.008869546250144371  -0.0005007037238210949                       0       300.2960110675403
    0.08281250000000001    0.008944986488984893  -0.0005032119804521081                       0       300.2980571561125
    0.08320312499999999    0.009003895358493677  -0.0005014539015838655                       0       300.2999965660852
    0.08359375000000001    0.009055601976622763  -0.0004979948945912918                       0       300.3018947540834
            0.083984375     0.00909650521768229  -0.0004919844954122233                       0         300.30373110912
    0.08437500000000001    0.009121913795632203  -0.0004826660374644278                       0       300.3054876020806
    0.08476562500000001    0.009139332154503061   -0.000471738009166937                       0        300.307204714005
             0.08515625    0.009140284300167327  -0.0004576797582394102                       0         300.30884416386
    0.08554687500000001    0.009128268070532757  -0.0004414694420377613  -3.637140516854564e-28       300.3104267128696
    0.08593750000000001    0.009107606257365833  -0.0004238244156533723  -9.699041378270559e-28       300.3119713279892
    0.08632812500000001    0.009064513988081805   -0.000403017580953445  -9.626890659131504e-28       300.3134228614299
    0.08671875000000001    0.009012219238023818    -0.00038115227718113  -4.839343428408129e-28       300.3148376906551
    0.08710937500000002    0.008946120766804721  -0.0003576992698002259   7.021298569679018e-28       300.3161974635516
    0.08750000000000002    0.008861364421876444  -0.0003326048631378797   9.261624381651423e-28       300.3174846108868
    0.08789062499999999    0.008767269834925304  -0.0003068213270683679   7.988594069763848e-28       300.3187355949278
    0.08828125000000001    0.008654480153595004   -0.000279922672651744   2.282455448500332e-28       300.3199145514596
    0.08867187500000002    0.008527802889513882  -0.0002526092966281112                       0       300.3210398715306
    0.08906249999999999    0.008391867236932332  -0.0002250194395331461  -8.616704561971994e-44       300.3221294339642
    0.08945312499999999    0.008233266595722363   -0.000197464527365211   -4.96719199418319e-28       300.3231302627003
             0.08984375    0.008065886426465824  -0.0001702139809538417  -7.823353670776873e-28       300.3240959194727
    0.09023437499999999    0.007885336965139446  -0.0001434199831773292  -7.512969871026568e-28       300.3250088182995
    0.09062500000000001    0.007687962124159041  -0.0001177952216114752  -3.725446555542393e-28        300.325852221766
    0.09101562499999999     0.00748238925365096  -9.288496270349783e-05  -7.967933162611601e-29       300.3266611610019
    0.09140624999999999    0.007260849644687813  -6.966347821638508e-05  -4.780759897567944e-28       300.3274017387436
            0.091796875    0.007028040548552414  -4.805209332102038e-05  -6.167270952300676e-28       300.3280921599483
    0.09218750000000002    0.006787718460968562  -2.751410815348452e-05  -5.822144989320418e-28       300.3287491434506
    0.09257812500000001    0.006529832407659774  -1.013068872756901e-05  -2.183304370995125e-28       300.3293248975013
    0.09296875000000002    0.006265399756795288   5.852088489738482e-06                       0       300.3298693287105
    0.09335937500000001    0.005991147209597051   1.973390239413282e-05                       0       300.3303667756474
                0.09375    0.005704691701562973   3.065179910295478e-05                       0       300.3308043887885
    0.09414062500000001     0.00541232837674566   4.007906404665534e-05                       0       300.3312129107321
    0.09453125000000001    0.005108536745631892   4.650771912543766e-05                       0       300.3315649017082
    0.09492187500000002    0.004796637034108561    5.07646030900041e-05                       0       300.3318773451193
    0.09531249999999999    0.004479331935645117   5.357363964508846e-05                       0       300.3321634234601
            0.095703125     0.00414904876123178   5.307134129517629e-05                       0       300.3323889607415
    0.09609375000000001    0.003813684014882392   5.144092235662358e-05                       0       300.3325926737873
            0.096484375     0.00347069691062897    4.81183225351099e-05                       0       300.3327636504796
    0.09687499999999999     0.00311755194145671   4.307754101514853e-05                       0       300.3328962341926
    0.09726562500000001    0.002759278720269987   3.734703982898951e-05                       0       300.3330110476116
             0.09765625    0.002390650355944342   3.057584167648931e-05                       0       300.3330931728346
    0.09804687500000001    0.002013977225327958   2.362510985728154e-05                       0       300.3331553775131
    0.09843750000000001    0.001631940917184503   1.655468892693644e-05                       0       300.3332043018418
    0.09882812499999999      0.0012358709083615   1.042988407163411e-05                       0       300.3332281750432
    0.09921875000000002   0.0008339123649906259   5.214558829294611e-06                       0         300.33324546942
            0.099609375   0.0004231210197979347   1.363453006399691e-06                       0       300.3332528955165
                    0.1                       0                       0                       0       300.3332543807371
