/*--------------------------------*- C++ -*----------------------------------*\
  =========                 |
  \\      /  F ield         | OpenFOAM: The Open Source CFD Toolbox
   \\    /   O peration     | Website:  https://openfoam.org
    \\  /    A nd           | Version:  13
     \\/     M anipulation  |
\*---------------------------------------------------------------------------*/
FoamFile
{
    format      ascii;
    class       volScalarField;
    location    "2.92057390164";
    object      T;
}
// * * * * * * * * * * * * * * * * * * * * * * * * * * * * * * * * * * * * * //

dimensions      [0 0 0 1 0 0 0];

internalField   nonuniform List<scalar> 
2143
(
300.00000897332495
300.00000673186611
300.00000502996107
300.00000374270184
300.00000277282606
300.00000204491715
300.00000150074248
300.0000010955265
300.00000079498369
300.00000057296927
300.00000040962692
300.00000028993526
300.00000020257187
300.00000013902962
300.00000009293115
300.0000000594984
300.00000003514242
300.00000001714483
300.00000000340941
299.99999999226378
299.99999998229708
299.99999997222062
299.99999996073996
299.99999994642883
299.99999992759524
299.99999990212916
299.99999986732138
299.99999981963981
299.99999975444911
299.99999966565605
299.99999954526021
299.99999938278404
299.99999916455351
299.9999988727912
299.99999848447874
299.99999796993546
299.99999729104974
299.9999963990885
299.99999523199511
299.99999371107191
299.99999173692271
299.9999891845128
299.99998589717859
299.99998167939287
299.99997628806261
299.99996942210242
299.99996070998986
299.99994969496868
299.99993581752017
299.99991839467447
299.99989659567979
299.9998694134888
299.9998356314598
300.00000957536554
300.00000719517925
300.00000538510346
300.00000401386387
300.00000297907098
300.00000220119961
300.00000161874067
300.00000118431865
300.00000086159525
300.00000062281282
300.00000044685441
300.00000031771822
300.00000022332381
300.00000015458164
300.00000010467011
300.00000006847569
300.00000004215974
300.00000002282246
300.00000000824099
299.99999999666181
299.99999998663191
299.9999999768558
299.99999996606624
299.99999995289909
299.99999993576392
299.99999991269885
299.99999988120032
299.99999983801337
299.99999977886921
299.9999996981532
299.99999958848292
299.99999944017304
299.99999924055737
299.99999897313245
299.9999986164803
299.99999814291874
299.9999975168169
299.99999669250309
299.99999561167607
299.99999420021823
299.99999236428619
299.99998998553826
299.99998691533085
299.9999829676911
299.99997791084218
299.99997145702463
299.99996325031947
299.99995285213708
299.99993972399301
299.99992320713875
299.99990249856563
299.99987662283888
299.99984439915897
299.99980440297924
299.99975492143886
299.99969390179541
300.00001021408315
300.00000768757843
300.00000576319383
300.00000430303817
300.00000319938135
300.00000236840822
300.00000174518135
300.00000127959851
300.00000093316368
300.00000067642031
300.00000048692021
300.000000347624
300.00000024564719
300.00000017128048
300.00000011722818
300.00000007801731
300.00000004954012
300.00000002869945
300.00000001313265
300.00000000099391
299.99999999077818
299.99999998117374
299.99999997093033
299.99999995873372
299.99999994307882
299.99999992213174
299.99999989356968
299.99999985438444
299.99999980063603
299.99999972714119
299.99999962707659
299.99999949147553
299.9999993085886
299.99999906307426
299.99999873497825
299.9999982984512
299.99999772014417
299.99999695720976
299.99999595482296
299.99999464311935
299.99999293343035
299.99999071367404
299.99998784273612
299.99998414364842
299.99997939534273
299.99997332272278
299.99996558476084
299.99995576028255
299.9999433310594
299.99992766177741
299.99990797639759
299.99988333036509
299.99985257806304
299.99981433483902
299.9997669328643
299.99970837001155
300.00001089188379
300.00000821103362
300.0000061658352
300.0000046115216
300.00000343480002
300.00000254737711
300.00000188072818
300.00000138189171
300.00000101010374
300.00000073411775
300.00000053008011
300.00000037985347
300.00000026969997
300.00000018925112
300.00000013070542
300.00000008820473
300.00000005735143
300.0000000348341
300.00000001813646
300.00000000530883
299.99999999478473
299.99999998522793
299.99999997539732
299.99999996401806
299.99999994965509
299.9999999305831
299.99999990463726
299.99999986902924
299.99999982011508
299.99999975310186
299.99999966167434
299.99999953752069
299.99999936972898
299.9999991440219
299.99999884178953
299.99999843887042
299.99999790402296
299.99999719701623
299.99999626625498
299.9999950458398
299.99999345194209
299.99999137835516
299.99998869105667
299.99998522159166
299.99998075905467
299.9999750404146
299.99996773888927
299.99995845003332
299.99994667515892
299.99993180165632
299.99991307973096
299.99988959501115
299.99986023642197
299.99982365865407
299.99977823848559
299.99972202414483
300.00001161140585
300.00000876770747
300.00000659478923
300.0000049407405
300.00000368647522
300.00000273902543
300.00000202611324
300.00000149177845
300.00000109287322
300.00000079626534
300.00000057661691
300.00000041462829
300.00000029565643
300.00000020863149
300.00000014521203
300.00000009912736
300.00000006566779
300.00000004128935
300.000000023307
300.00000000965497
299.99999999869561
299.99999998906196
299.99999997951761
299.99999996882059
299.99999995558881
299.9999999381846
299.99999991457963
299.99999988218144
299.9999998376137
299.99999977643841
299.99999969280418
299.99999957899809
299.99999942487636
299.99999921714004
299.99999893841823
299.99999856610947
299.9999980709253
299.99999741506662
299.99999654994946
299.99999541338229
299.99999392607759
299.99999198735901
299.99998946990297
299.99998621332412
299.99998201638499
299.99997662757517
299.9999697337667
299.99996094661151
299.99994978629843
299.99993566223992
299.99991785020029
299.99989546532356
299.9998674304527
299.99983243906934
299.99978891211225
299.99973494786173
300.000012375555
300.00000935998406
300.00000705199983
300.00000529227015
300.00000395567616
300.00000294437018
300.00000218214711
300.00000160990157
300.00000118197977
300.00000086326236
300.00000062684387
300.00000045219434
300.00000032370968
300.00000022957403
300.0000001608696
300.00000011088389
300.00000007457106
300.00000004813461
300.00000002870399
300.00000001408284
300.0000000025517
299.9999999927079
299.99999998332333
299.99999997319276
299.99999996096079
299.99999994505106
299.99999992355049
299.99999989404228
299.99999985339383
299.99999979749214
299.99999972091064
299.99999961648649
299.99999947478244
299.99999928340213
299.99999902611995
299.99999868178071
299.99999822291153
299.99999761398027
299.9999968092182
299.99999574991091
299.99999436104235
299.99999254715505
299.9999901872676
299.99998712866028
299.99998317931153
299.99997809873133
299.99997158690041
299.99996327098108
299.99995268941899
299.999939273005
299.99992232241073
299.99990098165318
299.99987420688217
299.99984072981738
299.99979901509346
299.999747210701
300.00001318754545
300.00000999050275
300.00000753962092
300.00000566785781
300.00000424381182
300.00000316454111
300.00000234973066
300.000001736976
300.00000127798808
300.0000009355532
300.00000068110978
300.00000049282477
300.00000035407419
300.00000025224784
300.00000017781315
300.00000012358402
300.00000008415287
300.00000005544888
300.00000003439652
300.00000001865101
300.00000000639511
299.99999999618359
299.99999998681511
299.99999997716651
299.99999996584251
299.99999995128849
299.99999993168899
299.99999990478932
299.99999986768256
299.99999981655515
299.99999974637154
299.9999996504755
299.99999952008176
299.99999934362836
299.99999910595159
299.99999878724032
299.99999836171366
299.99999779595788
299.99999704684262
299.99999605892179
299.99999476120593
299.99999306317289
299.99999084985745
299.99998797583504
299.99998425788345
299.99997946607033
299.99997331297749
299.99996544072883
299.99995540544285
299.99994265867883
299.99992652539117
299.99990617784778
299.99988060490494
299.99984857596547
299.99980859887904
299.99975887097054
300.00001405094963
300.00001066219971
300.00000806005056
300.00000606945014
300.00000455245316
300.00000340079868
300.00000252986985
300.00000187380039
300.00000138152916
300.0000010136344
300.00000073980402
300.00000053682453
300.00000038698869
300.00000027684098
300.00000019619222
300.0000001373495
300.00000009451588
300.00000006332306
300.00000004046876
300.0000000234362
300.00000001028172
299.99999999949102
299.99999998992007
299.99999998075356
299.99999997031
299.99999995700676
299.99999993912911
299.99999991458424
299.99999988067964
299.99999983387994
299.99999976951057
299.99999968138269
299.99999956131387
299.99999939851523
299.99999917880967
299.99999888363783
299.99999848879901
299.99999796286335
299.99999726517814
299.99999634337485
299.99999513026751
299.99999354000875
299.99999146334966
299.99998876181883
299.99998526060682
299.99998073990798
299.99997492442992
299.99996747074158
299.99995795208093
299.99994584019311
299.99993048371454
299.99991108255847
299.9998866576953
299.9998560156539
299.99981770700225
299.99976997799297
300.00001496975898
300.00001137835761
300.00000861597175
300.00000649922669
300.00000488336019
300.00000365455617
300.00000272369311
300.0000020212708
300.00000149331134
300.00000109806325
300.00000080336349
300.0000005845352
300.00000042272035
300.00000030356284
300.00000021617274
300.00000015231478
300.00000010577395
300.00000007186094
300.0000000470252
300.00000002855103
300.00000001431931
300.00000000264424
299.99999999233995
299.99999998397283
299.99999997448271
299.99999996233959
299.99999994600768
299.99999992357715
299.9999998925623
299.99999984968605
299.99999979060658
299.9999997095664
299.99999959894075
299.9999994486584
299.99999924546023
299.99999897195494
299.99999860542039
299.99999811628777
299.99999746623484
299.99999660579641
299.99999547138395
299.99999398158519
299.99999203258977
299.99998949256121
299.9999861947428
299.99998192905116
299.99997643187231
299.99996937373089
299.99996034445707
299.99994883542308
299.99993421836581
299.99991572025226
299.99989239358086
299.99986308144599
299.99982637662202
299.99978057385465
300.00001594845702
300.00001214266621
300.0000092104022
300.00000695964047
300.00000523851514
300.00000392740583
300.00000293247246
300.0000021803981
300.00000161413351
300.00000118946826
300.00000087228057
300.00000063634133
300.00000046156879
300.00000033264723
300.00000023793842
300.00000016862663
300.00000011804963
300.00000008117485
300.00000005418786
300.00000003416096
300.00000001876043
300.0000000058937
299.99999999292254
299.99999998707494
299.99999997861818
299.99999996746357
299.99999995246452
299.99999993190482
299.99999990348601
299.9999998641639
299.99999980990037
299.99999973533522
299.99999963336006
299.99999949457015
299.99999930656196
299.99999905303588
299.99999871265493
299.99999825759897
299.99999765174113
299.99999684835859
299.99999578727022
299.99999439127606
299.99999256174596
299.99999017318129
299.9999870665398
299.99998304107993
299.99997784444218
299.99997116064117
299.99996259559452
299.99995165976281
299.99993774741836
299.99992011200152
299.99989783695742
299.99986980138101
299.99983463972723
299.99979069477246
300.00001699210975
300.00001295929718
300.00000984675557
300.00000745346784
300.00000562016265
300.00000422115198
300.00000315764976
300.00000235232818
300.00000174490174
300.00000128856215
300.00000094711328
300.00000069267799
300.00000050387212
300.00000036435648
300.00000026169278
300.00000018644414
300.00000013146979
300.00000009137261
300.00000006206739
300.00000004044108
300.00000002408689
300.00000001112016
300.00000000023027
299.99999999193994
299.99999998320237
299.99999997255935
299.99999995861515
299.99999993967941
299.99999991358141
299.99999987747589
299.99999982759908
299.99999975895588
299.99999966491572
299.99999953669379
299.999999362685
299.99999912761109
299.99999881143481
299.99999838798101
299.99999782319344
299.99999707294239
299.99999608027781
299.9999947720043
299.99999305443038
299.99999080811648
299.99998788141602
299.99998408256874
299.99997917006687
299.9999728409698
299.99996471679708
299.99995432657613
299.99994108656381
299.99992427610289
299.99990300900674
299.99987619980152
299.99984252408228
299.99980037216892
300.0000181064778
300.0000138329961
300.00001052891707
300.00000798387026
300.00000603085971
300.0000045378506
300.00000340086893
300.00000253836805
300.00000188664939
300.00000139615781
300.00000102849776
300.00000075404063
300.00000055001453
300.00000039898697
300.0000002876634
300.00000020594075
300.00000014616415
300.00000010254524
300.00000007070855
300.00000004733943
300.00000002991703
300.00000001653035
300.00000000579246
299.99999999678658
299.99999998785876
299.9999999775722
299.99999996449458
299.99999994697453
299.99999992295193
299.99999988975861
299.99999984388069
299.99999978065898
299.9999996939062
299.9999995754149
299.99999941432537
299.99999919631654
299.99999890257197
299.99999850846535
299.99999798189549
299.99999728118735
299.999996352457
299.99999512631956
299.99999351379523
299.99999140124049
299.99998864410293
299.99998505926123
299.99998041567449
299.99997442301952
299.99996671794952
299.99995684755231
299.9999442495303
299.99992822856541
299.99990792826299
299.99988229800584
299.99985005397474
299.99980963352118
300.00001929815585
300.00001476919772
300.00001126133782
300.00000855447098
300.00000647353801
300.00000487985989
300.00000366401588
300.00000274001735
300.00000204056249
300.00000151318801
300.00000111716395
300.00000082099729
300.00000060043561
300.00000043687697
300.00000031610841
300.00000022731052
300.00000016227403
300.0000001147863
300.00000008015246
300.00000005482406
300.0000000361137
300.0000000219793
300.00000001085516
300.00000000146144
299.99999999243749
299.99999998245084
299.99999997011446
299.99999995384155
299.99999993168052
299.99999990112735
299.99999985889821
299.99999980064496
299.99999972059209
299.99999961107011
299.99999946191701
299.99999925970894
299.99999898677726
299.9999986199557
299.9999981289904
299.99999747453148
299.9999966056069
299.99999545646011
299.9999939426088
299.999991955957
299.99998935876005
299.99998597620896
299.99998158736099
299.99997591409908
299.99996860775667
299.99995923298854
299.99994724841451
299.99993198349847
299.99991261106288
299.99988811476709
299.99985725080944
299.99981850303772
300.00002057474791
300.00001577417055
300.0000120491531
300.00000916945129
300.00000695158184
300.0000052499027
300.00000394926855
300.0000029590085
300.00000220801115
300.0000016407306
300.00000121395487
300.00000089420394
300.00000065564291
300.0000004784165
300.00000034732506
300.00000025077696
300.00000017996314
300.00000012820897
300.00000009046732
300.00000006292396
300.00000004269009
300.0000000275615
300.00000001582004
300.00000000604666
299.99999999692864
299.9999999871892
299.99999997549361
299.99999996032528
299.99999993983818
299.99999991168153
299.99999987278494
299.99999981908911
299.99999974520159
299.9999996439555
299.99999950584157
299.99999931827819
299.99999906467684
299.99999872324832
299.9999982654856
299.99999765424286
299.99999684131518
299.99999576440217
299.99999434331698
299.99999247527512
299.99999002906674
299.99998683788289
299.99998269052463
299.99997732068408
299.99997039393463
299.99996149201672
299.99995009394769
299.99993555342252
299.99991707190605
299.99989366674845
299.99986413358403
299.99982700219908
300.00002194509011
300.00001685519987
300.00001289833239
300.00000983367272
300.00000746892636
300.00000565114584
300.00000425916051
300.00000319735659
300.00000239058943
300.00000178003921
300.00000131985132
300.00000097442364
300.00000071622668
300.00000052405943
300.00000038165962
300.00000027660172
300.00000019942638
300.00000014295523
300.00000010175421
300.00000007171332
300.00000004971753
300.00000003338693
300.00000002086483
300.00000001063648
300.0000000013718
299.99999999181227
299.99999998066266
299.99999996647097
299.9999999474893
299.99999992150924
299.9999998856585
299.99999983614595
299.9999997679364
299.99999967433234
299.99999954643624
299.99999937245758
299.99999913682473
299.99999881904836
299.99999839227399
299.99999782144619
299.99999706099061
299.99999605190061
299.99999471809292
299.99999296187008
299.99999065829644
299.99998764826319
299.9999837299743
299.99997864854663
299.99997208336521
299.99996363278512
299.99995279571004
299.99993894951922
299.99992132374541
299.99989896883807
299.99987071927285
299.99983515019517
300.00002341953359
300.00001802082102
300.00001381587032
300.00001055283201
300.00000803018344
300.00000608730056
300.00000459666097
300.0000034574237
300.00000259016548
300.00000193258347
300.00000143600283
300.00000106255067
300.00000078287883
300.000000574338
300.00000041951921
300.00000030509409
300.00000022089682
300.00000015919994
300.00000011414517
300.00000008129672
300.00000005729078
300.00000003955819
300.00000002610199
300.00000001531384
300.00000000582099
299.99999999636026
299.99999998566108
299.99999997232572
299.99999995469489
299.99999993069071
299.99999989762409
299.99999985195313
299.99999978897557
299.99999970243283
299.99999958400076
299.99999942263224
299.99999920371374
299.99999890798324
299.99999851015059
299.99999797714349
299.99999726588931
299.99999632052135
299.99999506887758
299.99999341813304
299.99999124937705
299.99998841091281
299.99998471001777
299.99997990286067
299.99997368222131
299.99996566260739
299.99995536230506
299.99994218183502
299.99992537822334
299.99990403442115
299.99987702313865
299.99984296427954
300.00002501030934
300.00001928111971
300.00001481003164
300.0000113336605
300.00000864080238
300.00000656275199
300.00000496527792
300.00000374199982
300.00000280894585
300.00000210009858
300.00000156376672
300.00000115964087
300.00000085641636
300.00000062988119
300.00000046138547
300.00000033662099
300.00000024465322
300.00000017715479
300.00000012780265
300.00000009180309
300.00000006551903
300.00000004617539
300.00000003162415
300.00000002015423
300.00000001033459
300.00000000088073
299.99999999053364
299.99999997793844
299.99999996151371
299.9999999393001
299.99999990877723
299.99999986663437
299.9999998084794
299.99999972846439
299.99999961880263
299.99999946914613
299.99999926578403
299.9999989906139
299.99999861982661
299.99999812223189
299.99999745713689
299.99999657166865
299.99999539741259
299.99999384621174
299.99999180494063
299.99998912903715
299.99998563453369
299.99998108828891
299.99997519606967
299.99996758808379
299.99995780150198
299.99994525944754
299.99992924586445
299.99990887560278
299.99988305898756
299.99985046006049
300.00002673199833
300.00002064811883
300.00001589066812
300.00001218418112
300.00000930727714
300.00000708272512
300.0000053691906
300.00000405440835
300.00000304955819
300.00000228465063
300.00000170475835
300.00000126695073
300.00000093781148
300.00000069143738
300.00000050783183
300.00000037162027
300.00000027102885
300.00000019707375
300.00000014292158
300.0000001033851
300.00000007452616
300.00000005334272
300.00000003752012
300.00000002523132
300.00000001497267
300.00000000542491
299.99999999532804
299.99999998335886
299.99999996800273
299.99999994740688
299.99999991920538
299.99999988030163
299.99999982659233
299.99999975261329
299.99999965108196
299.99999951230774
299.9999993234307
299.99999906744398
299.99999872194098
299.99999825751809
299.99999763574624
299.99999680660727
299.99999570526836
299.99999424804417
299.99999232736445
299.99998980553397
299.99998650703168
299.99998220905366
299.999976629956
299.99996941520141
299.99996012035365
299.99994819060288
299.99993293623521
299.99991350339104
299.99988883937931
299.99985765173983
300.00002860214352
300.00002213628193
300.00001706963002
300.00001311404287
300.0000100374163
300.00000765350109
300.00000581342147
300.00000439864198
300.00000331515827
300.00000248871976
300.00000186091637
300.00000138598722
300.00000102822969
300.00000075990363
300.00000055954558
300.00000041061645
300.00000030042315
300.00000021926093
300.00000015973467
300.00000011622262
300.00000008445369
300.00000006117409
300.00000004388306
300.00000003062132
300.00000001979834
300.00000001004696
300.00000000009408
299.9999999886374
299.99999997421759
299.99999995507665
299.9999999289895
299.99999989305724
299.99999984344521
299.99999977504774
299.99999968105521
299.99999955239502
299.99999937700966
299.99999913892742
299.99999881707026
299.99999838373037
299.99999780263272
299.99999702648125
299.99999599386649
299.99999462538659
299.99999281880497
299.99999044303468
299.99998733070174
299.99998326899663
299.99997798847505
299.99997114941715
299.99996232529401
299.99995098282949
299.99993645807575
299.99991792784965
299.99989437580172
299.99986455231203
300.00003064204822
300.00002376317082
300.00001836130309
300.00001413495647
300.00001084069442
300.00000828269867
300.00000630406043
300.00000477953961
300.00000360956892
300.00000271530894
300.00000203458643
300.00000151857307
300.00000112907969
300.00000083636343
300.00000061735636
300.00000045424224
300.00000033331725
300.00000024408195
300.00000017852017
300.00000013052858
300.00000009546619
300.00000006979843
300.00000005081529
300.00000003640656
300.00000002487917
300.00000001480441
300.00000000488416
299.99999999382521
299.99999998021292
299.99999996237204
299.99999993820518
299.99999990499532
299.99999985915736
299.99999979592053
299.99999970891844
299.99999958965964
299.99999942684298
299.99999920547521
299.99999890573639
299.99999850152875
299.99999795862658
299.99999723232941
299.99999626449932
299.9999949798372
299.99999328122652
299.99999104393862
299.9999881084558
299.99998427162831
299.99997927583007
299.9999727957279
299.99996442221988
299.99995364303368
299.9999398194106
299.99992215822505
299.99989967881652
299.99987117372984
300.00003287782334
300.00002555030756
300.00001978331392
300.00001526126715
300.0000117287135
300.00000897964389
300.00000684855854
300.00000520301899
300.00000393746251
300.00000296808594
300.00000222863184
300.00000166693093
300.00000124207816
300.00000092213577
300.00000068227303
300.00000050326616
300.00000037029474
300.00000027197888
300.00000019961288
300.00000014655734
300.00000010775796
300.00000007936518
300.0000000584331
300.00000004267895
300.00000003028947
300.00000001975957
300.00000000975314
299.99999999897477
299.99999998604284
299.99999996935327
299.99999994692342
299.99999991620302
299.99999987383836
299.99999981537098
299.99999973484989
299.99999962432997
299.99999947322311
299.99999926746045
299.99999898841384
299.99999861151366
299.99999810448378
299.99999742509857
299.99999651834588
299.99999531285573
299.99999371642559
299.99999161044252
299.99998884296281
299.99998522016983
299.9999804958818
299.99997435872865
299.99996641655974
299.99995617757958
299.99994302764128
299.99992620305352
299.99990475818197
299.99987752704413
300.00003534176545
300.00002752430908
300.00002135745734
300.00001651070761
300.00001271581061
300.00000975585607
300.00000745611459
300.00000567638159
300.0000043046
300.00000325157009
300.00000244657741
300.00000183379501
300.00000136933443
300.00000101883978
300.0000007555322
300.0000005586287
300.00000041206823
300.00000030349025
300.00000022341919
300.00000016461541
300.00000012156084
300.00000009005089
300.00000006687185
300.00000004954376
300.00000003611274
300.00000002498092
300.00000001476025
300.00000000414053
299.99999999176168
299.99999997607898
299.99999995521165
299.99999992676169
299.99999988758918
299.99999983352683
299.99999975901244
299.99999965661448
299.99999951641661
299.99999932522343
299.99999906553541
299.99999871423319
299.99999824089514
299.99999760565464
299.99999675648587
299.99999562578046
299.99999412605081
299.99999214456494
299.99998953667819
299.99998611758826
299.99998165219108
299.99997584266214
299.99996831333181
299.99995859235696
299.99994608962504
299.99993007025165
299.99990962295641
299.99988362252185
300.00003807417357
300.00002971838535
300.00002311092231
300.00001790539346
300.00001381985965
300.00001062569021
300.00000813818588
300.00000620871577
300.00000471814735
300.00000357137799
300.00000269280002
300.00000202255683
300.00000151346222
300.00000112847897
300.00000083866234
300.00000062149041
300.00000045951521
300.00000033927728
300.00000025043613
300.00000018507626
300.00000013715538
300.00000010206679
300.00000007629188
300.00000005712366
300.0000000424447
300.00000003054538
300.00000001996995
300.00000000938019
299.99999999742499
299.99999998260699
299.9999999631346
299.99999993674777
299.99999990050367
299.99999985050573
299.99999978155557
299.9999996867038
299.99999955666721
299.99999937907523
299.9999991374969
299.99999881018914
299.99999836849372
299.99999777479229
299.9999969799112
299.99999591984232
299.99999451162074
299.99999264816745
299.99999019186936
299.99998696662709
299.99998274805438
299.99997725146125
299.99997011719347
299.99996089283883
299.99994901174182
299.99993376719334
299.99991428158648
299.99988946974628
300.00004112575078
300.00003217431981
300.00002507791271
300.00001947314018
300.00001506333422
300.0000116071875
300.00000890916374
300.00000681143007
300.00000518709317
300.00000393454894
300.00000297278007
300.00000223745832
300.00000167772652
300.00000125355308
300.00000093356715
300.00000069329406
300.00000051372433
300.00000038015833
300.00000028127693
300.00000020839815
300.00000015488411
300.0000001156692
300.00000008688551
300.00000006556439
300.00000004939727
300.00000003654088
300.00000002545426
300.00000001475581
300.00000000309041
299.99999998899523
299.99999997075514
299.99999994623391
299.99999991266958
299.99999986641666
299.99999980261686
299.9999997147732
299.99999959419858
299.99999942930134
299.99999920466178
299.99999889984247
299.9999984878616
299.99999793324298
299.99999718953592
299.99999619617722
299.9999948745384
299.9999931229724
299.99999081063714
299.99998776983148
299.9999837865343
299.99997858878487
299.99997183248365
299.99996308413091
299.99995179995085
299.99993730077534
299.99991874198219
299.99989507770277
300.00004456078108
300.00003494509195
300.00002730179614
300.00002124920974
300.00001647471618
300.00001272320321
300.00000978727047
300.00000749896077
300.00000572280294
300.00000434997611
300.00000329343413
300.00000248384742
300.00000186623856
300.00000139720504
300.0000010426366
300.00000077584792
300.0000005760574
300.00000042715436
300.0000003167043
300.0000002351494
300.00000017516953
300.00000013117221
300.0000000988868
300.00000007504127
300.00000005710319
300.00000004307003
300.00000003129486
300.00000002033585
300.00000000881903
299.99999999530286
299.99999997813529
299.99999995528987
299.99999992416951
299.99999988136119
299.99999982232367
299.99999974098421
299.99999962921657
299.99999947616431
299.9999992673645
299.99999898361773
299.99999859953556
299.99999808168189
299.99999738620505
299.99999645583659
299.99999521610431
299.99999357057857
299.99999139493423
299.99998852957071
299.99998477048587
299.9999798580489
299.99997346325904
299.99996517101363
299.99995445984024
299.999940677474
299.99992301158181
299.99990045485208
300.00004846133288
300.00003809835181
300.0000298379523
300.00002327862762
300.00001809036587
300.00001400290489
300.00001079574986
300.00000828971133
300.0000063397548
300.00000482897815
300.0000036635567
300.00000276851625
300.00000208421335
300.00000156341605
300.00000116889328
300.00000087143474
300.00000064822973
300.00000048154862
300.00000035767414
300.00000026603965
300.00000019853718
300.00000014896443
300.00000011258334
300.00000008576779
300.00000006572236
300.0000000502543
300.00000003758646
300.00000002619714
300.00000001467703
300.00000000159139
299.99999998533713
299.99999996398327
299.99999993508192
299.99999989543437
299.99999984079426
299.99999976548617
299.99999966191132
299.99999951990651
299.99999932591373
299.99999906190715
299.99999870401194
299.9999982207342
299.99999757070191
299.99999669979638
299.99999553752747
299.99999399247423
299.99999194658125
299.99998924805732
299.99998570257918
299.99998106245289
299.99997501332535
299.9999671579788
299.99995699666857
299.9999439033935
299.99992709740701
299.99990560919389
300.00005293282044
300.00004172102143
300.00003275754955
300.00002561925766
300.00001995700563
300.00001548376196
300.00001196444947
300.00000920730042
300.00000705651701
300.00000538605957
300.00000409440656
300.00000310015042
300.00000233831122
300.00000175726348
300.00000131618611
300.00000098295612
300.00000073241745
300.00000054496519
300.00000040539328
300.00000030196196
300.00000022564586
300.00000016953089
300.00000012833181
300.00000009800692
300.00000007544941
300.00000005823949
300.00000004444047
300.00000003242781
300.00000002073784
300.00000000792613
299.99999999242391
299.99999997238075
299.99999994548227
299.99999990872584
299.99999985813906
299.99999978841788
299.9999996924588
299.9999995607522
299.99999938059517
299.99999913507384
299.99999880175068
299.99999835098004
299.99999774375431
299.999996928965
299.99999583993468
299.99999439004881
299.99999246728061
299.99998992736323
299.99998658531905
299.99998220500316
299.99997648626436
299.99996904926098
299.99995941540169
299.99994698430783
299.99993100611107
299.999910548321
300.0000581113527
300.00004592538443
300.00003615254889
300.00002834587917
300.00002213501494
300.00001721418784
300.00001333192171
300.00001028222033
300.00000789704626
300.00000603991901
300.00000460048471
300.00000348992484
300.00000263709074
300.000001985263
300.00000148944628
300.00000111412328
300.00000083139861
300.00000061947276
300.00000046139485
300.00000034404775
300.00000025732737
300.00000019348136
300.0000001465786
300.00000011208516
300.00000008652421
300.00000006720296
300.00000005199024
300.00000003913067
300.00000002708418
300.0000000143782
299.99999999946158
299.99999998054915
299.99999995544363
299.99999992132103
299.99999987446193
299.99999980990873
299.99999972102262
299.99999959890937
299.99999943167381
299.99999920345488
299.99999889317928
299.99999847295908
299.99999790604051
299.99999714418993
299.99999612437915
299.99999476460306
299.99999295862841
299.99999056943449
299.99998742106169
299.9999832885328
299.99997788545727
299.99997084886456
299.99996172074424
299.99994992569714
299.99993474402044
299.99991527946679
300.00006417342831
300.0000508571319
300.00004014232337
300.00003155558755
300.00002470279918
300.00001925704441
300.00001494821225
300.00001155403783
300.00000889241119
300.00000681478878
300.00000520056693
300.00000395229353
300.00000299160882
300.00000225582056
300.00000169502619
300.00000126970889
300.00000094873883
300.00000070772109
300.00000052763801
300.00000039373884
300.00000029463843
300.00000022158741
300.00000016788573
300.00000012841161
300.00000009924474
300.00000007736304
300.00000006039721
300.00000004642777
300.00000003381166
300.00000002102649
300.00000000652045
299.99999998855657
299.99999996503817
299.99999993330181
299.99999988986082
299.99999983007979
299.99999974775517
299.99999963457145
299.99999947939602
299.99999926736388
299.99999897869566
299.99999858717462
299.99999805819374
299.9999973462638
299.99999639184733
299.99999511735729
299.99999342212487
299.99999117610338
299.99998821202985
299.99998431571902
299.99997921410517
299.99997256058782
299.99996391716672
299.99995273277915
299.99993831717046
299.99991980954587
300.00007134869634
300.00005670597
300.00004488239853
300.00003537493222
300.00002776256912
300.0000216942824
300.00001687855445
300.00001307431052
300.00001008307623
300.00000774220877
300.00000591907127
300.00000450603579
300.00000341621484
300.00000257983129
300.00000194114727
300.00000145587961
300.00000108903691
300.00000081312078
300.00000060663865
300.00000045288203
300.00000033892849
300.00000025483132
300.00000019296573
300.00000014750213
300.00000011398441
300.00000008899065
300.00000006985965
300.00000005446628
300.00000004103248
300.0000000279606
300.00000001367692
299.999999996474
299.99999997433798
299.99999994474763
299.99999990442888
299.99999984904497
299.99999977279884
299.99999966791898
299.99999952399128
299.99999932709306
299.99999905867128
299.9999986940968
299.9999982008066
299.99999753592965
299.99999664326549
299.99999544945933
299.9999938591838
299.99999174909948
299.99998896032537
299.99998528909822
299.99998047524656
299.9999741880431
299.99996600892968
299.99995541053664
299.99994173133683
299.99992414518982
300.00007993670187
300.00006371956528
300.00005057595996
300.00003996932867
300.00003144797034
300.00002463307101
300.00001920825207
300.00001491044395
300.00001152192266
300.00000886337364
300.0000067878666
300.00000517563899
300.00000392959919
300.00000297146852
300.00000223848969
300.00000168063383
300.00000125824721
300.00000094007879
300.00000070164089
300.0000005238528
300.00000039192844
300.00000029446886
300.00000022272633
300.00000017001094
300.00000013121394
300.00000010242479
300.00000008062273
300.0000000634256
300.00000004888074
300.00000003528436
300.00000002101615
300.000000004377
299.9999999834165
299.99999995573677
299.99999991825575
299.99999986691193
299.9999997962874
299.99999969912045
299.99999956567405
299.99999938291546
299.9999991334534
299.99999879416589
299.99999833443474
299.99999771388519
299.99999687950498
299.9999957619911
299.99999427113971
299.99999229005886
299.99998966794044
299.99998621107926
299.99998167177301
299.9999757346751
299.99996800010416
299.99995796374094
299.99994499206258
299.99992829277767
300.00009032878137
300.00007222181495
300.00005748895677
300.0000455554275
300.00003593412134
300.00002821387159
300.00002204911505
300.00001715077701
300.00001327823276
300.00001023222779
300.00000784865728
300.00000599312062
300.00000455617538
300.00000344922398
300.00000260096857
300.0000019543769
300.00000146410258
300.00000109430823
300.00000081684118
300.00000060971689
300.00000045586671
300.00000034211189
300.00000025832844
300.00000019677123
300.00000015153006
300.00000011809254
300.00000009299276
300.00000007352685
300.00000005751855
300.00000004312017
300.00000002863499
300.00000001234775
299.99999999235024
299.99999996634727
299.99999993142808
299.99999988378323
299.99999981834674
299.9999997283341
299.99999960464493
299.99999943508647
299.99999920336705
299.99999888779456
299.99999845959996
299.99999788078691
299.99999710138729
299.99999605597424
299.99999465925566
299.99999280053282
299.99999033676755
299.99998708395498
299.9999828064424
299.99997720377615
299.99996989458975
299.99996039697288
299.99994810468161
299.99993225846271
300.00010303657058
300.00008263668519
300.00006596984304
300.00005241730884
300.00004145077298
300.00003262103235
300.00002554791178
300.00001991126436
300.00001544292678
300.00001191953407
300.00000915611747
300.00000700042295
300.00000532789437
300.0000040372712
300.00000304675166
300.00000229067399
300.00000171666818
300.00000128323131
300.00000095768081
300.00000071444072
300.0000005336189
300.0000003998349
300.00000030126171
300.00000022884842
300.00000017569226
300.0000001365342
300.00000010735437
300.00000008504497
300.00000006714453
300.00000005161468
300.00000003664593
300.00000002047801
300.00000000122037
299.99999997665861
299.99999994403112
299.9999998997572
299.99999983909601
299.99999975570853
299.99999964109202
299.99999948384561
299.99999926871732
299.99999897537054
299.99999857679319
299.99999803725359
299.9999973096879
299.99999633237525
299.99999502472889
299.99999328199465
299.9999909686079
299.99998790991214
299.99998388189067
299.99997859850009
299.99997169613039
299.99996271464045
299.99995107433915
299.99993604819559
300.00011872893884
300.00009551916645
300.00007647526485
300.00006092758883
300.00004829948426
300.00003809663173
300.00002989742245
300.00002334422129
300.00001813541849
300.00001401820055
300.00001078199404
300.00000825254671
300.00000628661758
300.00000476724841
300.00000359958733
300.00000270723285
300.00000202906193
300.00000151650499
300.00000113122559
300.00000084316412
300.00000062890297
300.00000047031284
300.00000035344129
300.0000002676075
300.00000020466962
300.00000015843614
300.00000012419292
300.00000009832399
300.00000007800418
300.00000006094564
300.00000004518159
300.00000002887185
300.00000001011517
299.99999998675298
299.99999995614957
299.99999991492899
299.99999985864866
299.99999978138391
299.99999967519199
299.99999952941755
299.99999932979063
299.99999905725855
299.999998686477
299.9999981838692
299.9999975051403
299.99999659210999
299.99999536869592
299.9999937358462
299.99999156517885
299.99998869104047
299.99998490064229
299.99997992187394
299.99997340832783
299.99996492099456
299.99995390600941
299.99993966774406
300.00013827957127
300.00011159525064
300.00008960330541
300.00007157478683
300.0000568759263
300.00004495847872
300.00003535082561
300.00002764971259
300.00002151254728
300.00001665022234
300.00001282045332
300.00000982163272
300.0000074872068
300.00000568057794
300.00000429053199
300.00000322717904
300.00000241838967
300.00000180670077
300.00000134665697
300.00000100255215
300.00000074652928
300.00000055699843
300.00000041733244
300.0000003148001
300.00000023970159
300.00000018467199
300.00000014412313
300.00000011379626
300.00000009040269
300.00000007133087
300.00000005440097
300.00000003765012
300.00000001913259
299.99999999671746
299.99999996786931
299.99999992939155
299.99999987711323
299.99999980549296
299.99999970711144
299.99999957201379
299.99999938685647
299.99999913380185
299.99999878908761
299.99999832118561
299.99999768843907
299.99999683604773
299.99999569223797
299.99999416342348
299.99999212812077
299.99998942934002
299.99998586511896
299.99998117680838
299.99997503465363
299.99996702014255
299.99995660451077
299.99994312271031
300.00016282787732
300.00013181324158
300.00010613625278
300.00008499860161
300.00006769868094
300.00005362338436
300.00004224031687
300.00003309030359
300.00002578015318
300.00001997567841
300.00001539500988
300.00001180225087
300.00000900152554
300.00000683146754
300.00000516018201
300.00000388070293
300.00000290695056
300.00000217018032
300.00000161590327
300.00000120124719
300.00000089272191
300.00000066434853
300.00000049610907
300.000000372675
300.00000028237389
300.0000002163556
300.00000016792472
300.00000013200685
300.00000010472183
300.00000008303948
300.0000000644967
300.00000004695517
300.00000002838368
300.00000000664613
299.99999997927864
299.99999994323719
299.99999989459445
299.99999982816189
299.9999997370075
299.99999961183323
299.99999944016866
299.99999920532423
299.9999988850372
299.99999844972518
299.9999978602429
299.99999706501421
299.99999599638431
299.99999456600142
299.99999265900232
299.99999012672811
299.99998677764751
299.99998236610656
299.99997657845927
299.99996901605959
299.99995917451901
299.99994641854551
300.0001938563945
300.00015740914847
300.00012709524316
300.00010203508009
300.00008144618045
300.00006463705739
300.00005100105483
300.00004001004737
300.00003120798345
300.00002420432236
300.00001866745379
300.0000143182113
300.00001092358974
300.00000829077106
300.00000626154321
300.00000470717447
300.0000035237826
300.00000262821635
300.00000195444608
300.00000145044459
300.00000107552711
300.00000079811178
300.00000059385508
300.00000044411792
300.00000033471531
300.00000025490675
300.00000019658773
300.00000015364429
300.00000012144011
300.0000000964053
300.00000007570424
300.00000005695694
300.00000003799681
300.0000000166429
299.99999999047049
299.99999995655855
299.99999991119449
299.99999984951143
299.99999976502897
299.99999964906385
299.99999948996646
299.99999927213122
299.99999897471514
299.99999856998249
299.99999802117679
299.99999727979514
299.99999628211623
299.99999494479817
299.99999315932598
299.9999907850451
299.99998764046649
299.99998349247204
299.99997804298505
299.99997091259888
299.99996162057846
299.99994956056258
300.00000176462265
300.00000130532959
300.00000096569141
300.00000071581746
300.00000053282685
300.00000039931837
300.0000003021342
300.0000002313684
300.00000017957831
300.00000014115847
300.00000011184409
300.00000008831307
300.00000006786053
300.0000000481221
300.00000002682475
300.00000000154444
299.99999996945036
299.99999992701379
299.99999986965742
299.99999979131729
299.999999683883
299.99999953647563
299.99999933451141
299.99999905848989
299.99999868242645
299.99999817183459
299.99999748113834
299.99999655037027
299.99999530097898
299.999993630532
299.99999140605939
299.99998845573231
299.99998455851522
299.99997943136759
299.99997271350026
299.99996394711161
299.99995255394634
300.00000216245888
300.00000159549967
300.00000117659903
300.00000086872211
300.00000064353026
300.00000047948913
300.00000036033731
300.00000027385857
300.00000021090625
300.00000016463139
300.00000012987408
300.00000010268064
300.00000007991514
300.00000005893793
300.00000003732549
300.00000001260935
299.99999998201122
299.9999999421525
299.99999988871235
299.99999981600729
299.99999971645889
299.99999957990957
299.99999939273755
299.9999991367103
299.9999987875018
299.99999831278092
299.99999766975657
299.99999680204081
299.99999563565922
299.99999407400247
299.99999199147214
299.99998922552425
299.99998556675945
299.99998074664671
299.9999744223972
299.99996615842696
299.99995540376261
)
;

boundaryField
{
    hotWall
    {
        type            fixedValue;
        value           nonuniform List<scalar> 0();
    }
    coldWall
    {
        type            fixedValue;
        value           nonuniform List<scalar> 0();
    }
    bottomWall
    {
        type            zeroGradient;
    }
    topWall
    {
        type            zeroGradient;
    }
    front
    {
        type            empty;
    }
    back
    {
        type            empty;
    }
    procBoundary9to2
    {
        type            processor;
        value           nonuniform List<scalar> 
35
(
299.99961889196288
299.99963625085928
299.9996526768245
299.99966826400288
299.99968309063536
299.99969722231026
299.999710714488
299.99972361446987
299.9997359629391
299.99974779517328
299.99975914200377
299.99977003057961
299.99978048497968
299.99979052670653
299.99980017508801
299.99980944760591
299.99981836016678
299.99982692732698
299.99983516248057
299.99984307801719
299.99985068545595
299.99985799555856
299.9998650184267
299.99987176358508
299.99987824005285
299.99988445640537
299.9998904208278
299.99989614116095
299.99990162494163
299.99990687943711
299.99991191167533
299.99991672847057
299.99992133644628
299.99992574205356
299.99992995158817
)
;
    }
    procBoundary9to4
    {
        type            processor;
        value           nonuniform List<scalar> 
68
(
300.0000998625033
300.00011248566392
300.00012789142994
300.00014687910942
300.00017049101422
300.0002000839898
300.00023742002264
300.00023328835397
300.00018998936986
300.00015380954119
300.00012377401833
300.00009900374499
300.00007871223187
300.00006220173969
300.00004885875359
300.00003814875771
300.00002961040946
300.00002284926984
300.00001753127691
300.0000133761522
300.0000101509201
300.00000766369197
300.00000575783764
300.00000430662999
300.00000320841701
300.00000238234378
299.9999339712038
300.00000238234378
299.99993780692409
300.00000292551948
300.0000026679707
300.00000196319701
300.00000144301657
300.00000106116386
300.00000078225639
300.00000057943151
300.00000043243199
300.00000032607045
300.00000024901044
300.00000019280498
300.00000015114159
300.00000011924868
300.00000009342494
300.00000007065762
300.00000004830065
300.00000002378636
299.99999999434556
299.99999995671203
299.99999990678606
299.99999983922817
299.99999974695089
299.99999962047019
299.99999944706752
299.99999920970657
299.99999888563053
299.9999984445526
299.99999784632928
299.99999703798261
299.99999594990743
299.99999449106451
299.99999254292072
299.99998995184859
299.9999865196458
299.99998199177048
299.99997604282328
299.99996825872597
299.99994146465178
299.9999581149653
)
;
    }
    procBoundary9to7
    {
        type            processor;
        value           nonuniform List<scalar> 
26
(
300.00001531886613
300.00001630077878
300.000017342229
300.00001844753604
300.00001962152169
300.00002086959938
300.0000221978824
300.00002361331906
300.00002512386084
300.00002673867397
300.00002846840778
300.00003032553656
300.00003232479946
300.00003448376816
300.00003682358533
300.000039369928
300.00004215427026
300.00004521554411
300.00004860232735
300.00005237573345
300.00005661322888
300.00006141367879
300.00006690401261
300.00007324801726
300.00008065791883
300.00008940959594
)
;
    }
    procBoundary9to8
    {
        type            processor;
        value           nonuniform List<scalar> 4(300.00001191407438 300.00001269326503 300.00001351846777 300.00001439260205);
    }
    procBoundary9to10
    {
        type            processor;
        value           nonuniform List<scalar> 
57
(
300.00000840575865
300.00000629583735
300.0000046963022
300.00000348836892
300.00000257969594
300.0000018988012
300.00000139058295
300.00000101274412
300.00000073295223
300.0000005265934
300.00000037500524
300.00000026409259
300.00000018324749
300.00000012451028
300.00000008191967
300.00000005101032
300.00000002842461
300.00000001161072
299.99999999858613
299.99999998774854
299.9999999777188
299.99999996720442
299.99999995487201
299.99999993921904
299.99999991843401
299.99999989023672
299.99999985168427
299.99999979893266
299.9999997269361
299.99999962906827
299.99999949664198
299.9999993183024
299.99999907926207
299.99999876033996
299.9999983367594
299.99999777665005
299.99999703919048
299.99999607231405
299.99999480988845
299.99999316826216
299.99999104205483
299.99998829904615
299.99998477399618
299.99998026120267
299.99997450557299
299.99996719195383
299.99995793242709
299.99994625123833
299.99993156698076
299.99991317160749
299.99989020579272
299.99986163010186
299.99982619136932
299.99979378460171
299.99979378460171
299.99974211462188
299.99967851795725
)
;
    }
}


// ************************************************************************* //
