/*--------------------------------*- C++ -*----------------------------------*\
  =========                 |
  \\      /  F ield         | OpenFOAM: The Open Source CFD Toolbox
   \\    /   O peration     | Website:  https://openfoam.org
    \\  /    A nd           | Version:  13
     \\/     M anipulation  |
\*---------------------------------------------------------------------------*/
FoamFile
{
    format      ascii;
    class       volScalarField;
    location    "4.693077723592";
    object      p_rgh;
}
// * * * * * * * * * * * * * * * * * * * * * * * * * * * * * * * * * * * * * //

dimensions      [1 -1 -2 0 0 0 0];

internalField   nonuniform List<scalar> 
2134
(
-4.7242781030045149e-05
-5.0497066778137173e-05
-5.3733165170722364e-05
-5.6936693593608767e-05
-6.0093339088325685e-05
-6.3188763015705312e-05
-5.773980014052206e-05
-6.1396565180565712e-05
-6.5038738219586273e-05
-6.8650750164565301e-05
-7.2216969535482796e-05
-7.5721600324965115e-05
-6.9753160320898844e-05
-7.3887281968120801e-05
-7.8011913535142141e-05
-8.211015960662601e-05
-8.616490541624378e-05
-9.0158706511093037e-05
-8.3463446984633386e-05
-8.815961938902925e-05
-9.2853232968126249e-05
-9.7525921648547396e-05
-0.00010215891638904388
-0.00010673292507599338
-9.90517611057053e-05
-0.0001044045115869823
-0.00010976380078913651
-0.00011510964685827631
-0.00012042145366244449
-0.0001256778791580629
-7.0954136412022302e-05
-7.616050308889986e-05
-8.1560059181003629e-05
-8.7127186926684033e-05
-9.283834587938627e-05
-9.8671470756113241e-05
-0.00010460545578785073
-0.00011061971366870564
-0.00011669379930747003
-0.00012280709037565933
-0.00012893851815480169
-0.000135066343485957
-0.0001411679737831201
-0.00014721981802335815
-7.8826496132703355e-05
-8.4502796148379033e-05
-9.0423866401872336e-05
-9.6560712967699917e-05
-0.0001028871106650673
-0.00010937885915671757
-0.00011601314372131511
-0.00012276798595820484
-0.00012962177225216189
-0.0001365528499688238
-0.00014353918314278662
-0.00015055806099571555
-0.00015758585395953353
-0.00016459781310295532
-0.00017156790987475089
7.3803098906289434e-05
7.9158955329144083e-05
8.418380722068155e-05
8.8907322873514662e-05
-9.3115515410657898e-05
-9.9573025954151185e-05
-0.00010630184274230323
-0.00011327239087720315
-0.00012045784606666539
-0.00012783334754645152
-0.00013537531951830184
-0.000143060886082765
-0.00015086736720878994
-0.00015877184546004712
-0.0001667507949748804
-0.00017477976585986914
-0.00018283311852337604
-0.00019088380375025549
-0.00019890318541935094
-0.00020686090376269558
-0.00021472477790524357
-0.00022246074714711377
-0.00023003285111334635
-0.00023740324933803908
-0.00024453228127819951
-0.00025137856801016588
-0.00025789915703945893
-0.00026404971172456685
-0.00026978474668109084
-0.00027505791016284547
-0.00027982231490705653
-0.00028403092067090502
-0.00028763695984250259
-0.00029059441621761861
-0.00029285854835700385
-0.0002943864575529853
-0.00029513769849704249
-0.00029507492970337731
7.4074998343026002e-05
7.9924388128479879e-05
8.5372057543666943e-05
9.0455044275742239e-05
-0.00010891210157332387
-0.0001162441948396391
-0.00012387763031254588
-0.00013178226221132085
-0.00013993067213806674
-0.00014829733671550401
-0.00015685790771586002
-0.00016558858940473865
-0.00017446560032957428
-0.00018346470896235225
-0.00019256083445236486
-0.00020172770541274123
-0.0002109375710860526
-0.00022016096058979844
-0.00022936648707408744
-0.00023852069466798409
-0.00024758794701335918
-0.00025653035693804172
-0.00026530775751176658
-0.00027387771525943432
-0.00028219558672858304
-0.00029021461995345837
-0.00029788610256945068
-0.00030515955843916383
-0.0003119829946459397
-0.00031830320034067008
-0.00032406609923080117
-0.00032921715835804421
-0.0003337018544478593
-0.00033746620515219652
-0.00034045729706951716
-0.0003426239605713189
-0.00034391744002118443
-0.00034429212065292017
7.4003025252069685e-05
8.0436624649382377e-05
8.6382907808196387e-05
9.1887952370324838e-05
-0.00012627340798825713
-0.00013457539874934485
-0.00014321231623125061
-0.00015215344465761791
-0.00016137076918427677
-0.00017083809652740541
-0.00018053029225645868
-0.00019042261915914205
-0.00020049016359575242
-0.00021070733891857967
-0.00022104745693216855
-0.0002314823600426864
-0.0002419821082571332
-0.00025251471655202829
-0.00026304593933135207
-0.00027353909980854446
-0.00028395496307044202
-0.00029425165240635218
-0.00030438460922661511
-0.00031430659742087729
-0.00032396775355490417
-0.00033331568462341177
-0.00034229561538689184
-0.00035085058750772166
-0.0003589217127503776
-0.00036644848229463117
-0.00037336913410826878
-0.00037962108024411161
-0.00038514140146729054
-0.00038986744656685431
-0.00039373731492488322
-0.00039669067100614079
-0.00039866944616539845
-0.00039961864114729641
-0.00039948718845007138
-0.00039822886453570386
-0.00039580324424519359
-0.00039217668678859739
-0.00038732333928929801
-0.0003812261404456624
-0.000373877802896063
-0.00036528174871736221
-0.00035545296811597489
-0.00034441876719664094
-0.00033221936676918579
-0.00031890831119804391
-0.00030455264452816378
-0.00028923281124309223
-0.00027304224156248381
-0.00025608658680819209
-0.00023848257948169335
-0.00022035650572071243
-0.00020184229456354289
-0.00018307924869469383
-0.00016420946403531239
-0.00014537500944938913
-0.00012671496072328827
-0.00010836240338026531
-9.044153381336776e-05
-7.3064975971230431e-05
-5.6331435448902075e-05
-4.032398648262695e-05
-2.5108651678628437e-05
-1.0733842015728706e-05
2.769657484053379e-06
1.5388067420758784e-05
2.7123427652289789e-05
3.799194810081112e-05
4.8022017252216246e-05
5.7252003631057044e-05
6.572798846761355e-05
7.3501559466875849e-05
8.0627778420740937e-05
8.7163412347569168e-05
9.3165492133579365e-05
-0.00014523353494742534
-0.00015460054521677829
-0.00016433954419719501
-0.0001744192323889246
-0.00018481098387423725
-0.00019548791876976922
-0.00020642409669308315
-0.00021759381532664556
-0.00022897100066666002
-0.00024052867767540686
-0.00025223851198990702
-0.00026407041503821174
-0.00027599220648338022
-0.0002879693292753288
-0.00029996461387644865
-0.00031193808935010305
-0.00032384683996527754
-0.00033564490684531744
-0.00034728323493661578
-0.00035870966618070188
-0.00036986898030618126
-0.00038070298509316163
-0.00039115065831074901
-0.00040114834378558105
-0.00041063000420377772
-0.00041952753305798208
-0.00042777112810633676
-0.00043528972905633966
-0.00044201151785921132
-0.00044786462204566299
-0.00045277744944476268
-0.00045667972333309382
-0.00045950315377064411
-0.00046118231701696588
-0.00046165559927942008
-0.00046086620711192531
-0.00045876323937179322
-0.00045530281194591554
-0.00045044922292579307
-0.00044417614182982356
-0.00043646780176705201
-0.00042732016821221181
-0.00041674205238012509
-0.0004047561313560771
-0.00039139983120113061
-0.00037672602405639064
-0.00036080348602376348
-0.00034371706022453933
-0.00032556746951295561
-0.00030647072696077189
-0.00028655710012849534
-0.0002659695979849232
-0.0002448619675643975
-0.00022339621077603345
-0.00020173965969785766
-0.00018006168001851423
-0.00015853010478383215
-0.00013730752979011491
-0.00011654762397427795
-9.6391609446076022e-05
-7.6965025596768797e-05
-5.837546283917303e-05
-4.071010979159357e-05
-2.4034895011312381e-05
-8.3940087557348131e-06
6.1896550573773389e-06
1.9713298462200646e-05
3.2192369198376508e-05
4.3658202882092739e-05
5.4155327248163679e-05
6.3738608123349412e-05
7.2470410874214862e-05
8.0417932141196329e-05
8.7650828249195793e-05
9.4239233005453368e-05
-0.00016579923047763779
-0.00017632368673973706
-0.00018726046243666751
-0.00019857763995152726
-0.00021024594984594505
-0.00022223779460588331
-0.00023452639795905973
-0.00024708506351271009
-0.00025988652892947696
-0.00027290240399515227
-0.00028610268287532372
-0.00029945532258241663
-0.00031292588122811726
-0.00032647721112291173
-0.00034006920297668215
-0.00035365857868606236
-0.00036719873115952079
-0.00038063961051675987
-0.0003939276567746495
-0.00040700577978016557
-0.00041981338771978732
-0.00043228646600065103
-0.00044435770877975688
-0.00045595670574180363
-0.00046701018695776444
-0.00047744232863134741
-0.00048717512302773948
-0.00049612882007333148
-0.00050422244451398782
-0.00051137432770510664
-0.00051750288431567752
-0.00052252724720765209
-0.00052636814998749089
-0.00052894884215156843
-0.00053019609293702302
-0.00053004128445945781
-0.00052842158899828835
-0.00052528122411418029
-0.00052057277593999993
-0.0005142585766169962
-0.00050631211642392126
-0.00049671946498575938
-0.00048548066892249177
-0.00047261108571261166
-0.00045814260526539562
-0.00044212470290816555
-0.00042462526027234451
-0.00040573108473740567
-0.0003855480546328572
-0.00036420081781163782
-0.00034183197638962872
-0.00031860070175864636
-0.00029468074217167749
-0.00027025781066802309
-0.00024552637361929808
-0.00022068589990681566
-0.00019593667455094572
-0.00017147531555708327
-0.00014749016065096658
-0.00012415675275955426
-0.00010163370336609176
-8.0059056281786171e-05
-5.9547338186194907e-05
-4.018763452949946e-05
-2.2042596820170263e-05
-5.1485209300200419e-06
1.048356999969247e-05
2.4865945461302381e-05
3.8031455496798132e-05
5.0030294859427111e-05
6.0926472776178516e-05
7.079421750580849e-05
7.9714525749336403e-05
8.7772033206099016e-05
9.5052339601056326e-05
-0.00018794608577570637
-0.00019971490333132395
-0.00021193928143593721
-0.00022458662307748553
-0.00023762695925971133
-0.00025103192427085915
-0.00026477386129430405
-0.00027882504179101299
-0.00029315698445150066
-0.00030773986171620644
-0.00032254198374901739
-0.00033752935150354403
-0.00035266527211396038
-0.00036791003126982505
-0.00038322061852606932
-0.00039855050266713276
-0.00041384945524316493
-0.00042906342132120756
-0.00044413443721108884
-0.00045900059562868319
-0.00047359605937884658
-0.00048785112510326241
-0.00050169233926810361
-0.00051504266895969391
-0.00052782173039972327
-0.00053994607814765287
-0.00055132955890351595
-0.00056188373983537135
-0.00057151841533311081
-0.00058014206425964639
-0.00058766278284979776
-0.00059398876546317108
-0.00059902925857515516
-0.00060269549972807369
-0.0006049017617213155
-0.00060556650675387105
-0.00060461364880297764
-0.00060197392187904891
-0.00059758634860073454
-0.00059139979887464671
-0.0005833746226314
-0.00057348433351217293
-0.000561717312058635
-0.00054807848818678616
-0.00053259095072254431
-0.00051529742223164012
-0.00049626152654276578
-0.00047556876593234169
-0.00045332711689823117
-0.00042966714933987982
-0.00040474157465038524
-0.00037872413599788476
-0.00035180777030927859
-0.00032420199707014366
-0.000296129525196496
-0.00026782211763698048
-0.00023951580391594774
-0.00021144556941516811
-0.00018383975699181901
-0.00015691440296160448
-0.00013086783949357297
-0.00010587573440959446
-8.2087015435192528e-05
-5.962079303209455e-05
-3.8564512800691002e-05
-1.897342275113201e-05
-8.7134737021029278e-07
1.5747327926084616e-05
3.0914644121181776e-05
4.4685275558068127e-05
5.7132243426915792e-05
6.8342433307508625e-05
7.8412197973006174e-05
8.7443288315638965e-05
9.5539301993583292e-05
-0.0002116155285531434
-0.0002247070656815754
-0.00023829980340633289
-0.00025236037133999416
-0.00026685801587951095
-0.00028176352807433044
-0.00029704830684168466
-0.00031268354061918469
-0.00032863949285597569
-0.00034488487893623868
-0.00036138632397732549
-0.00037810789275577298
-0.00039501068452237688
-0.00041205248691187875
-0.00042918748449746356
-0.00044636601857666821
-0.00046353439590030878
-0.00048063474485239452
-0.00049760491838306796
-0.00051437844355013609
-0.00053088451846028026
-0.00054704805746956693
-0.00056278978669075134
-0.00057802639200566094
-0.00059267072228031737
-0.00060663205075640382
-0.00061981639894516253
-0.00063212693239673165
-0.00064346443318691316
-0.00065372778389706553
-0.00066281472156320465
-0.00067062245700895895
-0.00067704854042262492
-0.00068199180243361712
-0.00068535341220421324
-0.00068703806309426002
-0.00068695529097618688
-0.0006850209285043492
-0.00068115869535757671
-0.00067530191980578504
-0.00066739538083919686
-0.00065739725232808399
-0.0006452811210316046
-0.00063103804247602953
-0.00061467857828923292
-0.00059623475188300189
-0.00057576184318654223
-0.0005533399265476147
-0.00052907504276988816
-0.00050309988627505835
-0.00047557388272085282
-0.00044668253407405869
-0.00041663591984889665
-0.00038566626593419589
-0.00035402452947928836
-0.00032197600793894987
-0.00028979502868744118
-0.00025775879760884081
-0.00022614086846227738
-0.00019520403039504695
-0.00016519351176785978
-0.00013633049822260341
-0.00010880646115483714
-8.2778651576338185e-05
-5.8367021540371048e-05
-3.5652751221580192e-05
-1.4678441024865874e-05
4.5500988082352369e-06
2.206064798095743e-05
3.7910250091993469e-05
5.2180111502150705e-05
6.4970104512898806e-05
7.6393245710719781e-05
8.6570479491192891e-05
9.562603273200902e-05
-0.00023671293574938974
-0.00025119382800546246
-0.00026622330229744928
-0.00028176708343994223
-0.00029779351478252279
-0.00031427244063238441
-0.00033117422929852423
-0.0003484689194597682
-0.00036612547488046901
-0.00038411113464721739
-0.00040239084787838971
-0.00042092678374958939
-0.0004396779090517484
-0.0004585996269229701
-0.00047764347180595198
-0.00049675685654745124
-0.0005158828687700926
-0.00053496011437970527
-0.00055392260677602438
-0.00057269970084947326
-0.00059121607194234161
-0.00060939173974940857
-0.00062714213893491936
-0.00064437823784833166
-0.00066100670749143155
-0.00067693014358990707
-0.00069204734632284984
-0.00070625366710133218
-0.00071944145700852979
-0.000731500445715345
-0.00074231845200753758
-0.00075178198721274913
-0.00075977704848438003
-0.00076619002146762535
-0.00077090871403607414
-0.00077382353531627588
-0.00077482883154024256
-0.00077382438872517216
-0.00077071710930064338
-0.00076542286534161583
-0.00075786852507336031
-0.00074799414178835816
-0.0007357552781711924
-0.00072112544878868111
-0.00070409860902222968
-0.00068469163869722409
-0.00066294673476977701
-0.00063893360733297596
-0.00061275135392082323
-0.00058452986977404649
-0.00055443063798753928
-0.00052264673650737113
-0.0004894019026874287
-0.00045494851238370789
-0.00041956435885041101
-0.00038354819881574517
-0.00034721410477258231
-0.00031088456530643029
-0.00027488284954915271
-0.00023952462760571766
-0.00020510944288450688
-0.00017191240312952944
-0.00014017660578440289
-0.00011010677494017095
-8.1864513685170383e-05
-5.5565472348929014e-05
-3.1278588242829834e-05
-9.0273884951265006e-06
1.1206815015653965e-05
2.9480151437121349e-05
4.5880254835443107e-05
6.0519640558505355e-05
7.3528875124918988e-05
8.5049981591069093e-05
9.5230447944488625e-05
-0.00026310719129815554
-0.00027902920131143597
-0.00029554813165224067
-0.0003126286306417115
-0.0003302379841672157
-0.00034834495553572557
-0.00036691877146491684
-0.00038592823653716307
-0.00040534096075662445
-0.00042512268689385186
-0.00044523670613068746
-0.00046564335237861838
-0.00048629956685463781
-0.00050715852586960932
-0.00052816932634204528
-0.00054927672403357844
-0.00057042092101489952
-0.000591537399263501
-0.00061255679824112001
-0.00063340483469434398
-0.00065400226265291015
-0.00067426487445175281
-0.00069410354281660943
-0.00071342430441924192
-0.00073212848644483533
-0.00075011287896257757
-0.00076726995392020802
-0.00078348813132166181
-0.00079865228418809554
-0.00081264376027887679
-0.00082534127406027095
-0.00083662132002864092
-0.00084635888959628234
-0.00085442829818878124
-0.00086070415102579235
-0.00086506247028634675
-0.00086738200138688061
-0.00086754571622480131
-0.00086544252897138743
-0.00086096923601830077
-0.00085403268633580591
-0.00084455218804517539
-0.00083246209812485998
-0.00081771466354066142
-0.00080028295611549475
-0.00078016391555197121
-0.00075738139444659659
-0.00073198909585038411
-0.00070407326711966378
-0.00067375498684371594
-0.00064119185805074032
-0.00060657890305291715
-0.00057014844700200369
-0.00053216878387125856
-0.00049294144541427751
-0.00045279695106092407
-0.0004120889897300939
-0.00037118705680154446
-0.00033046777141203969
-0.00029030514265870585
-0.00025106022931326119
-0.00021307073582320043
-0.00017664115854772571
-0.00014203410728882797
-0.00010946337973242125
-7.9089253573978656e-05
-5.1016292748988267e-05
-2.5293759701630045e-05
-1.9185100062745958e-06
1.9159953416174264e-05
3.8032747290186333e-05
5.4823776271963749e-05
6.968141558459896e-05
8.2770290570636544e-05
9.4263653352855055e-05
-0.0003080290414989458
-0.00032607141561098708
-0.00034472248527912
-0.00036394828855322234
-0.00038371634288137307
-0.00040399459801202696
-0.00042475052273622014
-0.00044595030988694355
-0.00046755818521397678
-0.00048953580883487953
-0.00051184175887727652
-0.00053443108811501998
-0.00055725494597153068
-0.00058026025935015494
-0.00060338946670173094
-0.00062658030079867162
-0.00064976561598221517
-0.00067287325706741796
-0.0006958259678160239
-0.00071854133075555766
-0.00074093174527762359
-0.00076290443857996955
-0.00078436150941910111
-0.00080520000526711829
-0.00082531203667755458
-0.00084458493661806967
-0.00086290147330963911
-0.00088013991400936412
-0.00089617475997816874
-0.00091087671082707301
-0.00092411331172839468
-0.00093574952013736269
-0.00094564840313065884
-0.00095367198566157602
-0.00095968227537931603
-0.00096354248503305155
-0.0009651184792067788
-0.00096428047081232259
-0.00096090498973623779
-0.00095487714132918948
-0.00094609316562812792
-0.00093446329168398801
-0.00091991489011585437
-0.0009023958699014154
-0.00088187828049019845
-0.00085836203832701202
-0.00083187866776858498
-0.00080249491307228245
-0.00077031604277653302
-0.00073548863261603927
-0.00069820258141046207
-0.00065869209160217691
-0.00061723533809364753
-0.00057415256293836712
-0.00052980237652505875
-0.00048457612064058613
-0.00043889025629982874
-0.00039317689355128929
-0.00034787273534963816
-0.00030340688865169698
-0.00026018815537573768
-0.00021859254162734002
-0.00017895178365698672
-0.00014154367284534668
-0.00010658485785482162
-7.4226616862368332e-05
-4.4553846262867716e-05
-1.7587234867987912e-05
6.7116785492537936e-06
2.8433096112725411e-05
4.7709891722337945e-05
6.4707648453737093e-05
7.9614557701936038e-05
9.2631849938537859e-05
-0.00033797475129292674
-0.00035755313497595227
-0.00037778623870114237
-0.00039863862967681567
-0.00042007638730269916
-0.00044206602765938701
-0.00046457356751047408
-0.00048756371256328474
-0.00051099915204557724
-0.000534839951788136
-0.00055904303290221443
-0.00058356172599739167
-0.00060834539321774964
-0.00063333910936487774
-0.00065848339711300032
-0.0006837140096878461
-0.0007089617565254016
-0.00073415236683430269
-0.00075920638792024682
-0.00078403910916648699
-0.00080856051452375406
-0.00083267526167290693
-0.00085628268357115182
-0.00087927680761990565
-0.0009015464028505714
-0.00092297505921397035
-0.00094344128438927292
-0.00096281859878326987
-0.00098097582559083358
-0.0009977772426014869
-0.0010130829381908028
-0.0010267492328169729
-0.0010386292182449825
-0.0010485734455227848
-0.0010564307924494927
-0.0010620495427532961
-0.0010652787122811351
-0.0010659696579943842
-0.001063978004288754
-0.0010591659177350103
-0.0010514047551283389
-0.0010405780999303118
-0.0010265851921331291
-0.001009344731073942
-0.00098879901486847131
-0.00096491834950787256
-0.00093770562496666376
-0.00090720091590048451
-0.00087348591986327552
-0.00083668799853368946
-0.00079698354052897187
-0.0007546003235771731
-0.00070981852605211818
-0.00066297003204150305
-0.00061443569962685415
-0.00056464032750952876
-0.00051404516663483492
-0.0004631379860679703
-0.00041242089721176342
-0.00036239637128670279
-0.0003135521064721129
-0.000266345598424902
-0.00022118939728585306
-0.00017843807077995015
-0.00013837781714903276
-0.00010121948224971539
-6.7095449989911497e-05
-3.6060529843795761e-05
-8.0966065739788064e-06
1.6879505016246387e-05
3.9005801064093433e-05
5.8463363781106129e-05
7.546413288593268e-05
9.0239055788474509e-05
-0.0003686194402045868
-0.00038972285538744334
-0.00041152495683110716
-0.00043398859230331572
-0.00045707819042490759
-0.00048075866217274114
-0.00050499444731668709
-0.00052974869305193672
-0.00055498253814534511
-0.00058065450352659564
-0.00060671997263298742
-0.00063313074915863192
-0.00065983468289611139
-0.00068677535966362216
-0.00071389184057297865
-0.00074111844998869033
-0.00076838460648405058
-0.00079561467961911461
-0.00082272788332386814
-0.00084963818996527257
-0.00087625425386827376
-0.00090247935920553183
-0.00092821137558023506
-0.00095334271838732644
-0.00097776032278405669
-0.0010013456391658176
-0.0010239745989928692
-0.0010455176539646012
-0.0010658398106910424
-0.0010848007156298619
-0.0011022548049145024
-0.0011180515339101692
-0.0011320357161056867
-0.0011440480031818135
-0.0011539255422936289
-0.0011615028512260591
-0.0011666129557376557
-0.0011690888358477079
-0.0011687652286209273
-0.0011654808336147068
-0.0011590809628579167
-0.0011494206694082675
-0.0011363683768922802
-0.0011198100135153093
-0.0010996536319299584
-0.001075834465892069
-0.0010483203364050296
-0.0010171172742757023
-0.00098227517273641904
-0.00094389322421764999
-0.00090212483241838056
-0.00085718162956433918
-0.00080933617687653048
-0.00075892289411285459
-0.00070633676415973615
-0.0006520294036165004
-0.00059650219269519091
-0.00054029632454047978
-0.00048397985951488455
-0.00042813214835427804
-0.00037332628436384237
-0.00032011052811941406
-0.00026898986956322857
-0.00022040900941019582
-0.0001747380205507956
-0.00013226177711158236
-9.3173925596880686e-05
-5.7575757034289711e-05
-2.5479878793572283e-05
3.1818536610707623e-06
2.8547040128531645e-05
5.080919690322347e-05
7.0203179228354819e-05
8.699070807799876e-05
-0.00042228925871995215
-0.00044562152273362683
-0.00046965436888860528
-0.00049435035204630656
-0.00051967260417123734
-0.00054558386037283232
-0.00057204564507184704
-0.0005990175446843654
-0.00062645660208731442
-0.00065431680562374247
-0.00068254865612790293
-0.00071109879644452444
-0.00073990972563159688
-0.00076891953924884237
-0.00079806173023986193
-0.00082726502383258065
-0.00085645324122378776
-0.0008855451860893147
-0.00091445454262752753
-0.00094308978346025938
-0.00097135408308484359
-0.00099914522475381745
-0.0010263555011142715
-0.0010528716155808037
-0.001078574579387779
-0.0011033395665975751
-0.0011270358151516321
-0.0011495265050462077
-0.0011706686730832817
-0.0011903131629490446
-0.0012083046374883636
-0.0012244816830573539
-0.0012386770402602991
-0.0012507180021299642
-0.0012604270269544636
-0.0012676226185387529
-0.0012721205315242765
-0.0012737353627081281
-0.0012722825905709021
-0.0012675811236566718
-0.00125945641316618
-0.0012477441752006034
-0.0012322947520288642
-0.0012129781193195191
-0.0011896895154974107
-0.0011623556293564291
-0.0011309412319180383
-0.0010954560777450741
-0.0010559618300682418
-0.0010125786850683385
-0.00096549128774766528
-0.00091495345269774738
-0.00086129113879327638
-0.00080490309260469902
-0.00074625858859122781
-0.00068589177272061481
-0.00062439227496372831
-0.00056239199921321204
-0.00050054832122083657
-0.00043952429862009892
-0.00037996688113853841
-0.00032248444646700003
-0.00026762521657627743
-0.00021585817689899353
-0.00016755799416672665
-0.00012299510717502161
-8.2331684182631822e-05
-4.5623568079599895e-05
-1.282775148699481e-05
1.6185575478405084e-05
4.1617713933272328e-05
6.3724357419875477e-05
8.2798161040394713e-05
-0.00045495253207600869
-0.00047974999555192195
-0.00050528316262140195
-0.00053151249411277635
-0.00055839918686801011
-0.00058590414077415106
-0.0006139872183075904
-0.00064260646988091379
-0.00067171755131819851
-0.00070127322275135694
-0.00073122292992739758
-0.00076151245526420079
-0.00079208363454256537
-0.00082287412262933412
-0.0008538172047750631
-0.0008848416402935527
-0.00091587153090227989
-0.00094682620557763478
-0.00097762010766127855
-0.0010081626848646311
-0.0010383582696031088
-0.0010681059393729479
-0.0010972993635813236
-0.0011258266251857039
-0.0011535699967292876
-0.0011804057311009346
-0.0012062037812915112
-0.0012308275344541377
-0.00125413354019755
-0.0012759712507004269
-0.0012961827987746735
-0.0013146028438975671
-0.0013310585224836889
-0.001345369546680922
-0.001357348503822279
-0.0013668014165633654
-0.0013735286311070012
-0.0013773261073160882
-0.0013779871891680263
-0.0013753049360112203
-0.0013690750934550616
-0.0013590997761451246
-0.0013451919218773808
-0.0013271805560403068
-0.0013049168756146378
-0.00127828112142795
-0.0012471901543098444
-0.0012116055841723437
-0.0011715422202482428
-0.0011270765164885042
-0.0010783545815452973
-0.0010255992145605311
-0.00096911532725888904
-0.00090929303631064962
-0.00084660767923064794
-0.00078161604690028005
-0.00071494825908934891
-0.0006472949526694626
-0.00057938980702839239
-0.00051198787781224107
-0.00044584070461951955
-0.00038166963407064983
-0.00032013917588524083
-0.00026183240729398812
-0.00020723040125893467
-0.00015669735538446382
-0.00011047256774913744
-6.8669716327843805e-05
-3.1283156343280511e-05
1.7997298227419008e-06
3.0781612468110295e-05
5.5935497433802407e-05
7.7584032725513144e-05
-0.00048741954149641211
-0.00051359187537069193
-0.00054053061722131356
-0.00056819393953437547
-0.00059654093074866716
-0.00062553061607102179
-0.00065512114659923551
-0.00068526908553209959
-0.00071592882256461582
-0.00074705208852838222
-0.0007785875534881536
-0.00081048049787038482
-0.00084267254550033114
-0.00087510144889512667
-0.00090770091489770762
-0.00094040045968182156
-0.00097312528295188396
-0.0010057961507859217
-0.0010383292762543878
-0.0010706361889583444
-0.0011026235849071239
-0.0011341931509506675
-0.0011652413460915907
-0.001195659134723813
-0.0012253317110079731
-0.001254138123140666
-0.0012819508913942028
-0.0013086355832092815
-0.0013340503497609225
-0.0013580454549400602
-0.0013804628145764153
-0.0014011355735587896
-0.0014198877577620945
-0.0014365340463068877
-0.0014508797191046961
-0.0014627208446536207
-0.0014718447832713589
-0.0014780310908055407
-0.0014810529165096963
-0.0014806789953944026
-0.0014766763385449368
-0.0014688137233286229
-0.0014568660772450814
-0.0014406198326969465
-0.0014198793031037142
-0.001394474091362482
-0.0013642674876549058
-0.0013291657428727303
-0.0012891280149753461
-0.0012441766777216122
-0.0011944075560004887
-0.0011399995143631981
-0.0010812226854948045
-0.0010184445004231253
-0.00095213259655790709
-0.00088285366444433566
-0.00081126738244254883
-0.0007381148093911059
-0.00066420097432234458
-0.00059037191031216616
-0.00051748698643229538
-0.0004463880240009812
-0.00037786724101489033
-0.00031263644302329202
-0.00025129997626386095
-0.00019433372727133393
-0.00014207190010227089
-9.4702500815703716e-05
-5.227153426800202e-05
-1.469502098463665e-05
1.8222787754743496e-05
4.6767080300446713e-05
7.1288277302256189e-05
-0.00057508092934381518
-0.0006040550785013526
-0.00063373433393996894
-0.00066407578050582954
-0.00069503588616744096
-0.00072656980967586633
-0.0007586308297264213
-0.00079116987619345025
-0.00082413514702730356
-0.00085747179934677297
-0.00089112170282191518
-0.00092502324255235979
-0.00095911115965303234
-0.00099331641737847331
-0.0010275660809629093
-0.001061783199232337
-0.001095886676984863
-0.0011297911262816459
-0.0011634066871229799
-0.0011966388094771102
-0.0012293879850471317
-0.0012615494135721534
-0.0012930126195589431
-0.0013236609908315708
-0.0013533712716472907
-0.0013820129827580661
-0.0014094477860343453
-0.0014355288123418693
-0.0014600999688745284
-0.001482995251431871
-0.0015040380963381921
-0.0015230408161324299
-0.0015398041738780021
-0.0015541171629782048
-0.0015657570723253355
-0.0015744899301470487
-0.0015800714331018449
-0.0015822484793065676
-0.0015807614332820135
-0.0015753472558959966
-0.0015657436309023328
-0.0015516942094277854
-0.0015329550720470828
-0.0015093024722409049
-0.0014805418721826717
-0.0014465182090665281
-0.0014071272351510917
-0.0013623276551239121
-0.0013121536402393079
-0.0012567271325774636
-0.0011962691729951536
-0.0011311093087963112
-0.0010616919877301527
-0.00098857875950384452
-0.00091244512811852925
-0.00083407107135197872
-0.00075432460054446876
-0.00067413828295021557
-0.00059447936018936387
-0.00051631489529356393
-0.00044057415097690475
-0.00036811100207057772
-0.00029966947939491002
-0.00023585543520455364
-0.00017711678758137306
-0.0001237339054777649
-7.5820578376872887e-05
-3.3334863118491104e-05
3.9018940499932442e-06
3.6180250885252517e-05
6.3874775416799637e-05
-0.00060866915005571562
-0.00063881095856007069
-0.00066967468444069172
-0.0007012154744469207
-0.00073338818103364594
-0.00076614668803510035
-0.00079944335642213404
-0.00083322857303800354
-0.00086745038695046806
-0.0009020542200047874
-0.00093698263843301592
-0.00097217517174193516
-0.0010075681660856989
-0.0010430946589991383
-0.0010786842625655625
-0.0011142630421659846
-0.0011497533784493345
-0.0011850738004110628
-0.0012201387780852117
-0.0012548584644921906
-0.0012891383779283694
-0.0013228790128833588
-0.0013559753648657617
-0.0013883163941230726
-0.0014197843993781901
-0.0014502543071199941
-0.0014795928855247972
-0.0015076578927503297
-0.0015342971739686186
-0.0015593477289397902
-0.0015826347802326704
-0.0016039708819772659
-0.0016231551206087171
-0.0016399724725405633
-0.0016541933991549313
-0.0016655737765115138
-0.0016738552752838358
-0.0016787663246160471
-0.001680023810382218
-0.0016773356717368862
-0.0016704045674064275
-0.001658932781811333
-0.0016426285275778884
-0.0016212137716698468
-0.0015944336635103766
-0.0015620675714321883
-0.001523941634856649
-0.0014799426106971215
-0.0014300326313069554
-0.0013742642985374171
-0.0013127953192838043
-0.0012459016560434416
-0.0011739879465147009
-0.0010975937782279439
-0.0010173943394820644
-0.00093419406559262081
-0.00084891221289282984
-0.00076255985350376159
-0.00067620858075366703
-0.00059095218037926735
-0.00050786352884758183
-0.00042794985423611582
-0.00035211005157578682
-0.0002810978318926404
-0.00021549403064362603
-0.00015569044500981984
-0.00010188625904850665
-5.4096678416695602e-05
-1.2172081917344411e-05
2.4174982578519412e-05
5.5338149174943873e-05
-0.00067225615979027604
-0.00070414213208932878
-0.00073671611579801657
-0.00076993146968401299
-0.00080374097873632186
-0.00083809631616948565
-0.00087294760908040862
-0.00090824309207212552
-0.00094392883412379057
-0.00097994852451584462
-0.0010162433035147661
-0.0010527516239425376
-0.0010894091298366672
-0.0011261485384793542
-0.0011628995123378995
-0.0011995885074900308
-0.0012361385869611417
-0.0012724691859038937
-0.0013084958167594691
-0.0013441297072313394
-0.0013792773562625019
-0.0014138400028153035
-0.0014477130075132567
-0.0014807851364648352
-0.0015129377469836102
-0.0015440438781728883
-0.0015739672520135313
-0.0016025611951414754
-0.0016296674973920811
-0.0016551152306712208
-0.0016787195610177843
-0.0017002805983490474
-0.001719582342697378
-0.0017363918028551223
-0.0017504583835757637
-0.0017615136601474889
-0.0017692716838157185
-0.0017734299866552839
-0.0017736714778746967
-0.0017696674424591637
-0.0017610818637711577
-0.0017475772899244091
-0.0017288224448371158
-0.0017045017438365026
-0.0016743268056886426
-0.0016380499531709993
-0.0015954795583816728
-0.0015464969130586054
-0.0014910740866259334
-0.0014292919776614876
-0.0013613574781119293
-0.0012876183766203616
-0.0012085743671061599
-0.0011248823595951755
-0.0010373542853260177
-0.00094694582405937188
-0.00085473501678144409
-0.0007618905793499764
-0.00066963085123082373
-0.0005791755684758813
-0.00049169384000343614
-0.00040825259210124613
-0.00032977010786229544
-0.00025697898870309053
-0.00019040189963116089
-0.00013034197217130336
-7.6887992059962456e-05
-2.9932809989404421e-05
1.079792737011711e-05
4.5710428864680538e-05
-0.00070429000982457236
-0.0007370278381127666
-0.00077046176237664202
-0.00080454382433575451
-0.00083922592954048666
-0.00087445932369639853
-0.00091019417207664885
-0.00094637922585521996
-0.00098296155988344459
-0.0010198863669255774
-0.0010570967935143384
-0.0010945338028942727
-0.0011321360508289389
-0.0011698397601497764
-0.0012075785804664208
-0.001245283418217125
-0.001282882228123015
-0.001320299749021507
-0.0013574571790572509
-0.0013942717719341428
-0.0014306563508188841
-0.0014665187306186415
-0.0015017610408965343
-0.00153627894551754
-0.0015699607544352285
-0.0016026864264237157
-0.0016343264642434635
-0.0016647407069237603
-0.0016937770283260809
-0.0017212699572164041
-0.0017470392421840405
-0.0017708883956077798
-0.0017926032649032511
-0.0018119506973302388
-0.0018286773868832942
-0.0018425090185812786
-0.0018531498562282831
-0.0018602829534891327
-0.0018635712027517408
-0.0018626594687078813
-0.0018571780795197672
-0.0018467479625952851
-0.0018309877082666331
-0.0018095228164154097
-0.0017819973219164629
-0.0017480878980887593
-0.0017075203975747864
-0.0016600886017486981
-0.0016056747092591001
-0.0015442708009902604
-0.0014760001787179813
-0.001401137106815745
-0.0013201231278285694
-0.0012335778350830845
-0.0011423018535356847
-0.0010472699030862832
-0.00094961228791448616
-0.0008505840232100111
-0.00075152205673883305
-0.00065379254562813202
-0.00055873168643136263
-0.00046758487607610077
-0.0003814497033905638
-0.00030122821379583256
-0.00022759298451606526
-0.000160969915085865
-0.00010153857034224309
-4.9248799503660358e-05
-3.8505786089194097e-06
3.5067135138936386e-05
-0.00073494089517116192
-0.00076835891552226923
-0.00080247961615933215
-0.00083725394567179406
-0.00087263318261261778
-0.00090856842178449796
-0.00094501016193070629
-0.00098190797820390933
-0.001019210263429227
-0.0010568640226012917
-0.0010948147053446231
-0.0011330060616868299
-0.0011713800064142772
-0.001209876478312784
-0.0012484332843294122
-0.0012869858987881039
-0.0013254672325571765
-0.0013638073467286244
-0.0014019330899790151
-0.0014397676661853152
-0.0014772301160499897
-0.0015142347061075857
-0.0015506902172987486
-0.0015864991278297319
-0.0016215566843808338
-0.0016557498572989495
-0.0016889561768203424
-0.0017210424491128121
-0.0017518633536584742
-0.0017812599276248882
-0.0018090579491196364
-0.0018350662403074165
-0.0018590749241849795
-0.0018808536863489725
-0.0019001501162905078
-0.0019166882321846276
-0.0019301673291939212
-0.0019402613332200837
-0.0019466188884114713
-0.0019488644542342477
-0.0019466007321178875
-0.0019394127760454802
-0.0019268741584809706
-0.0019085555538411582
-0.0018840360575451604
-0.0018529174708677037
-0.0018148416424672025
-0.0017695107598270472
-0.0017167102222953533
-0.0016563333989224255
-0.0015884071814816405
-0.0015131167997327428
-0.0014308279054955765
-0.001342103515756556
-0.0012477131258795736
-0.0011486312816480371
-0.0010460232592787852
-0.00094121634015909396
-0.00083565650237479806
-0.00073085208672271737
-0.00062830789910078648
-0.00052945494047247123
-0.00043558212451068107
-0.00034777662674195271
-0.00026687874967618112
-0.0001934554619811852
-0.0001277943848637603
-6.9917418134256726e-05
-1.9610913121597181e-05
2.3532301838564459e-05
-0.00076438826851927123
-0.00079832069082984628
-0.00083296243531561854
-0.00086826361327228753
-0.00090417514316868037
-0.00094064824054103
-0.00097763400657071902
-0.0010150830984448607
-0.0010529454650456452
-0.0010911701320737207
-0.0011297050212364915
-0.0011684967897226839
-0.0012074906728658022
-0.0012466303177965355
-0.0012858576237223724
-0.0013251124559472784
-0.0013643324538678422
-0.0014034526764622078
-0.001442405222935978
-0.0014811187760070238
-0.0015195180628580572
-0.0015575232276446524
-0.001595049108341656
-0.001632004411476844
-0.0016682907778392596
-0.0017038017321601849
-0.001738421509727222
-0.0017720237529472386
-0.0018044700715117621
-0.0018356084617083901
-0.0018652715841092637
-0.0018932749054108421
-0.0019194147206189733
-0.0019434660875248071
-0.001965180727855152
-0.0019842849798851086
-0.0020004779268859223
-0.002013429874645914
-0.0020227814086603555
-0.0020281433248954999
-0.0020290977925090286
-0.0020252011656232416
-0.0020159889046612008
-0.002000983085004611
-0.0019797029495225295
-0.0019516788902063772
-0.00191647011174859
-0.0018736860273509265
-0.0018230111569202674
-0.0017642329350763084
-0.0016972713907747233
-0.0016222091410094256
-0.0015393195762611462
-0.0014490905632394829
-0.0013522405483317762
-0.0012497237497818101
-0.0011427213367671421
-0.0010326162523481956
-0.00092095071517055995
-0.00080936737426577925
-0.00069953736539775824
-0.00059308074066588166
-0.00049148644019169144
-0.00039603970176364551
-0.00030776428923226783
-0.00022738516816758132
-0.00015531457494700069
-9.1661346736604722e-05
-3.6260515896528312e-05
1.1281958558869821e-05
-0.00079298083673774982
-0.00082727472059446162
-0.00086228624349561514
-0.00089796494322328855
-0.00093426163339824014
-0.00097112788902230696
-0.0010085156271568464
-0.0010463767657175954
-0.0010846629434697131
-0.0011233252852379562
-0.001162314198091343
-0.0012015791850183265
-0.0012410686584147482
-0.0012807297482734473
-0.0013205080477126444
-0.0013603474359705991
-0.0014001897144635498
-0.0014399742871166645
-0.001479637752164202
-0.0015191134275926133
-0.0015583308039418004
-0.0015972149176656011
-0.001635685638569103
-0.0016736568646649767
-0.0017110356167141776
-0.0017477210234523139
-0.0017836031868775609
-0.0018185619153253743
-0.0018524653105309831
-0.0018851681942295374
-0.0019165103605881073
-0.0019463146440982515
-0.0019743847996205616
-0.0020005032038034518
-0.0020244284070439224
-0.0020458925944570601
-0.0020645990550775418
-0.0020802198120914608
-0.0020923936335588158
-0.0021007247214261874
-0.0021047824623513555
-0.0021041027097996644
-0.00209819114230275
-0.0020865292939261522
-0.0020685838642524631
-0.0020438198701387173
-0.0020117180851434054
-0.0019717970118812746
-0.0019236393378477229
-0.0018669224295315516
-0.0018014519204307151
-0.0017271968516205873
-0.0016443241516765534
-0.0015532295495017912
-0.0014545613966979042
-0.0013492334849882675
-0.0012384229679884154
-0.0011235501282045274
-0.0010062381004238524
-0.00088825276596173357
-0.00077142566520699166
-0.00065756552235496672
-0.00054836627266076994
-0.00044532075338151806
-0.00034964905389919858
-0.00026224882395985377
-0.00018367189496953595
-0.00011412797522948376
-5.3512675599234982e-05
-1.4543769842268415e-06
-0.00082124938537031609
-0.00085577099300290424
-0.00089102175021733257
-0.00092695086165418719
-0.00096350924729568911
-0.0010006490146725468
-0.0010383230217517682
-0.0010764845144513729
-0.0011150868203570509
-0.0011540830840397944
-0.0011934260320067712
-0.0012330677478139215
-0.0012729594496994727
-0.0013130512472711857
-0.0013532918952824699
-0.0013936285076991291
-0.0014340062233800781
-0.001474367838918667
-0.0015146533854001768
-0.0015547996479253674
-0.0015947396235997068
-0.0016344019130834651
-0.0016737100403258023
-0.0017125816941009394
-0.0017509278832241778
-0.0017886519948903412
-0.0018256487427021951
-0.001861802987531482
-0.0018969884108226906
-0.0019310660167149087
-0.0019638824369796128
-0.0019952680124834554
-0.0020250346278358313
-0.0020529732839894856
-0.0020788514092997369
-0.0021024099354405184
-0.0021233602038237954
-0.0021413808233868696
-0.0021561146738081306
-0.0021671663393129938
-0.0021741003645331654
-0.0021764408385148699
-0.0021736729245504689
-0.0021652470460293686
-0.0021505864920472475
-0.0021290991995524945
-0.0021001943800730647
-0.0020633044703939961
-0.0020179125837659633
-0.0019635852122490199
-0.0019000093771351716
-0.0018270327468321668
-0.0017447044586365917
-0.0016533135409379568
-0.0015534210313410939
-0.0014458812814732241
-0.0013318477467827009
-0.0012127590204629338
-0.0010903021826521807
-0.00096635275791096442
-0.00084289354216166999
-0.00072191784387913289
-0.00060532563701317678
-0.00049482302957957569
-0.00039183574056453167
-0.00029744572633380627
-0.00021235694113556078
-0.00013689210340238987
-7.101814444757573e-05
-1.4394578118820019e-05
-0.00084991278717958798
-0.00088455286437043583
-0.00091993804750748203
-0.00095601738857173943
-0.00099274204511575815
-0.0010300647296075346
-0.0010679392438665228
-0.0011063200863795962
-0.0011451621102059062
-0.001184420224518505
-0.0012240491064197804
-0.0012640029400482549
-0.0013042351471094255
-0.0013446981124340459
-0.0013853428830877359
-0.0014261188491679025
-0.0014669733886015668
-0.001507851476012912
-0.0015486952507784545
-0.0015894435410512401
-0.0016300313408046923
-0.0016703892366715257
-0.0017104427803656588
-0.001750111800868817
-0.0017893096481121906
-0.0018279423566153769
-0.0018659077134520379
-0.0019030942101444417
-0.0019393798526362513
-0.001974630797911076
-0.0020086997804577835
-0.0020414242877131194
-0.0020726244419453734
-0.0021021005489490758
-0.0021296302838321301
-0.0021549655045688594
-0.0021778287187808778
-0.0021979092826668939
-0.0022148594868531906
-0.0022282907844175816
-0.0022377705406296583
-0.0022428198267984514
-0.0022429129307852528
-0.0022374793964183761
-0.0022259095096568413
-0.002207564192926031
-0.0021817902219922356
-0.002147941516115992
-0.0021054069515049133
-0.0020536446970468845
-0.0019922224636073184
-0.0019208622962422867
-0.001839487638763097
-0.0017482694066563119
-0.0016476668101783295
-0.0015384578370996604
-0.0014217538719768137
-0.0012989931829570855
-0.0011719092142947294
-0.0010424719175058711
-0.00091280362589773708
-0.0007850747981465987
-0.00066138860618238939
-0.00054366596228679921
-0.00043354342054057062
-0.00033229507118685852
-0.00024078623432873688
-0.00015946213690758368
-8.836983421311961e-05
-2.7207438378125066e-05
-0.00087987597580175799
-0.00091455354308051429
-0.00094999744139553498
-0.0009861566522949125
-0.0010229825857228196
-0.0010604284972316621
-0.0010984489830917451
-0.0011369995502813006
-0.0011760362313388629
-0.0012155152575063853
-0.001255392663029972
-0.0012956240483358488
-0.0013361642276938002
-0.0013769669101188825
-0.001417984368264229
-0.0014591670840251667
-0.001500463370499916
-0.001541818968964107
-0.0015831766184008435
-0.0016244755961455064
-0.0016656512284651964
-0.0017066343692238081
-0.0017473508435257568
-0.0017877208510675481
-0.0018276583210038095
-0.0018670702061286404
-0.0019058556993344345
-0.0019439053493068331
-0.0019811000456176563
-0.0020173098357524647
-0.0020523925285529814
-0.0020861920308565332
-0.0021185363578237232
-0.0021492352544695186
-0.0021780773689841805
-0.0022048269314038
-0.002229219918800384
-0.0022509597362324386
-0.0022697125169656809
-0.0022851022507210362
-0.0022967060869847574
-0.0023040503288927041
-0.0023066078219277199
-0.0023037976324088395
-0.0022949880764037037
-0.0022795042660767387
-0.0022566413503152731
-0.00222568450361205
-0.0021859364322636757
-0.0021367526997072483
-0.0020775845138811134
-0.002008027770004786
-0.0019278761181550487
-0.0018371746689440258
-0.0017362697534163288
-0.0016258490809620428
-0.0015069659479728585
-0.001381041169592527
-0.001249837471122952
-0.0011154034015792523
-0.00097998737384966074
-0.00084592678392226054
-0.00071552153230240115
-0.00059090466282759181
-0.00047392430742488305
-0.00036605012570011837
-0.00026831401851287658
-0.00018128978127514962
-0.00010511068998746429
-3.9518999889085561e-05
-0.00091221904247821368
-0.00094688333809001555
-0.00098234070857996006
-0.0010185400124745323
-0.0010554327776582499
-0.0010929725806226899
-0.0011311144868294144
-0.0011698145856472281
-0.0012090295647113893
-0.0012487162530395311
-0.0012888313420105412
-0.0013293309352301183
-0.0013701702174733245
-0.0014113030946391308
-0.0014526818225319138
-0.0014942566264218001
-0.001535975309357651
-0.0015777828480936849
-0.0016196209763129435
-0.0016614277555626244
-0.001703137134084464
-0.0017446784928442159
-0.0017859761763775956
-0.0018269490036976279
-0.0018675097510639019
-0.0019075645941520137
-0.0019470124916457878
-0.0019857444857322489
-0.0020236428870906049
-0.0020605803029177311
-0.0020964184562267912
-0.0021310067337960382
-0.002164180389316349
-0.0021957583193606481
-0.0022255403253555249
-0.0022533037787844305
-0.0022787996250938987
-0.0023017477010479044
-0.0023218314086343962
-0.0023386918935984482
-0.0023519220237422115
-0.0023610606517823814
-0.0023655878726055223
-0.0023649222275458621
-0.0023584210395310393
-0.0023453852428045609
-0.002325070152238685
-0.0022967035525619196
-0.0022595122351660619
-0.0022127576395450095
-0.0021557805524124083
-0.0020880538794499272
-0.0020092413492395832
-0.0019192586794874479
-0.0018183323236745338
-0.0017070495920870751
-0.0015863929773052877
-0.0014577512797758377
-0.0013229010229504003
-0.0011839539713060069
-0.0010432703470415435
-0.00090334220003114932
-0.00076665648688287831
-0.00063555161763102482
-0.00051208339481161437
-0.0003979156521360718
-0.00094817710647680407
-0.00098280740432893452
-0.0010182626045608589
-0.0010544912230074917
-0.0010914445928584084
-0.0011290762369619489
-0.0011673411496054176
-0.0012061953806688252
-0.0012455955099845816
-0.0012854982104262343
-0.0013258598021681058
-0.0013666358378012478
-0.0014077807088294313
-0.0014492472486622905
-0.0014909863359377686
-0.0015329464996376831
-0.0015750735252839166
-0.001617310062777087
-0.0016595952373006104
-0.0017018642649304096
-0.0017440480740085619
-0.0017860729322130965
-0.0018278600773546944
-0.0018693253472660113
-0.0019103788006029009
-0.0019509243159371412
-0.0019908591508638065
-0.0020300734360824148
-0.002068449571034213
-0.0021058614776922704
-0.0021421736572233108
-0.0021772399806374927
-0.0022109021296873735
-0.002242987589509774
-0.0022733070822829483
-0.002301651325524021
-0.0023277870057130212
-0.002351451885760995
-0.0023723490233388067
-0.0023901401768628124
-0.0024044386260320297
-0.0024148018390748793
-0.0024207246757445211
-0.0024216341082346558
-0.0024168867413857488
-0.0024057706743430794
-0.0023875134115880149
-0.0023612975413805689
-0.0023262856974309736
-0.0022816558614192723
-0.0022266473249718858
-0.0021606166050731038
-0.0020831013144087828
-0.0019938884740909641
-0.0018930821163535051
-0.0017811634361786365
-0.0016590355032226386
-0.0015280440444870578
-0.0013899665163110157
-0.001246963984914714
-0.0011014943361070358
-0.00095619068746645387
-0.00081371470560162053
-0.0006765995600924318
-0.00054710013762368428
-0.00042706794497003939
-0.0010237142742176
-0.0010591780190670923
-0.0010954501532174478
-0.0011324812836942548
-0.0011702244256018544
-0.0012086336363662652
-0.0012476641806355223
-0.0012872716591582091
-0.0013274115363094419
-0.0013680386753585029
-0.001409106888016407
-0.0014505684992969887
-0.0014923739257069898
-0.0015344712658964912
-0.0015768059044351964
-0.0016193201299562906
-0.0016619527697045125
-0.0017046388428745909
-0.0017473092349103356
-0.0017898903941238457
-0.0018323040506275509
-0.0018744669554642489
-0.0019162906351702553
-0.0019576811534622479
-0.0019985388674455293
-0.0020387581604173785
-0.0020782271266473183
-0.0021168271752917034
-0.0021544325101144376
-0.0021909094288511013
-0.0022261153702523135
-0.0022598976184540469
-0.0022920915540643057
-0.0023225183214444314
-0.0023509817660245912
-0.0023772644903437288
-0.0024011228920668322
-0.0024222810928241291
-0.0024404237570082293
-0.0024551879474584435
-0.0024661543796812473
-0.0024728387192453631
-0.0024746839061286492
-0.0024710548562185872
-0.0024612372354759354
-0.0024444422618286662
-0.0024198195891547846
-0.0023864801934341058
-0.0023435307526883972
-0.0022901202513494708
-0.002225498434470573
-0.0021490843046467313
-0.0020605411460467094
-0.0019598526788242743
-0.0018473930818997107
-0.0017239820820346564
-0.0015909155349613892
-0.0014499624429961115
-0.0013033216250086074
-0.0011535354643342347
-0.0010033639941753087
-0.00085562912474761719
-0.00071304466539015652
-0.00057805141390464829
-0.00045267682286177975
-0.00107107597782112
-0.0011065796789845759
-0.0011429281072148226
-0.0011800705870206834
-0.0012179582151622
-0.0012565439047128495
-0.0012957810138696281
-0.0013356230717997074
-0.0013760232129159684
-0.001416933653528271
-0.0014583052072367876
-0.0015000868276646006
-0.0015422251758358185
-0.0015846642119730348
-0.0016273448131167466
-0.0016702044188414121
-0.001713176707738175
-0.0017561913072041749
-0.001799173538581974
-0.0018420441986384238
-0.0018847193767799622
-0.0019271103053688
-0.0019691232378563658
-0.0020106593463787873
-0.0020516146265727908
-0.0020918797926440004
-0.0021313401396980259
-0.0021698753424776356
-0.002207359149306243
-0.0022436589165161437
-0.0022786349111889462
-0.0023121392884636262
-0.0023440146243721028
-0.002374091857869875
-0.0024021874701488774
-0.0024280997118708591
-0.0024516036891427074
-0.0024724451501458612
-0.0024903328919607956
-0.0025049298482548049
-0.0025158431370384542
-0.0025226136504405486
-0.0025247061478070282
-0.0025215012428940328
-0.0025122911055355641
-0.002496281056094932
-0.0024725994295761197
-0.0024403180345483086
-0.0023984851497733896
-0.0023461722331980807
-0.0022825343409141694
-0.0022068826820593789
-0.0021187658257061145
-0.0020180539421281512
-0.0019050183080211878
-0.0017803964676457217
-0.0016454324010096116
-0.0015018813877878511
-0.0013519715076866
-0.0011983181393061613
-0.0010437941279993691
-0.00089136553359662324
-0.00074390950838627249
-0.00060403516999760871
-0.00047392897686373506
-0.0011264009430893957
-0.0011619886498061248
-0.0011984557662788108
-0.0012357493393565272
-0.0012738182668708814
-0.0013126126603798232
-0.0013520830411803306
-0.0013921797725767147
-0.001432852483133033
-0.0014740495251707451
-0.0015157174738833776
-0.0015578006636168768
-0.0016002407600567042
-0.0016429763691421303
-0.0016859426845986089
-0.0017290711765731086
-0.0017722893237419872
-0.0018155203909338688
-0.0018586832534138922
-0.0019016922677866509
-0.001944457187834582
-0.001986883121757856
-0.0020288705250910634
-0.0020703152210453588
-0.0021111084370459385
-0.0021511368423895549
-0.0021902825668864714
-0.0022284231731713729
-0.0022654315453865329
-0.0023011756429105854
-0.0023355180489052735
-0.0023683152189652233
-0.0023994163050090871
-0.0024286613953837326
-0.0024558789770646448
-0.0024808823964243506
-0.0025034650812204877
-0.0025233943024083479
-0.0025404033181057775
-0.0025541818735807225
-0.002564365249214033
-0.002570522364899823
-0.0025721438622525548
-0.0025686315721805066
-0.0025592912848926277
-0.0025433311951877846
-0.0025198686980971684
-0.0024879482503941341
-0.0024465726905633302
-0.0023947496481336343
-0.0023315534350401238
-0.0022562011053313775
-0.0021681392555497666
-0.0020671357445321767
-0.0019533680645271558
-0.0018274979605145513
-0.0016907205961690477
-0.0015447767428472176
-0.0013919187259135183
-0.0012348255137014103
-0.0010764691170417724
-0.0009199423763115263
-0.00076826559054638541
-0.00062419438467707861
-0.00049005219437147198
)
;

boundaryField
{
    hotWall
    {
        type            fixedFluxPressure;
        gradient        nonuniform List<scalar> 0();
        value           nonuniform List<scalar> 0();
    }
    coldWall
    {
        type            fixedFluxPressure;
        gradient        nonuniform List<scalar> 0();
        value           nonuniform List<scalar> 0();
    }
    bottomWall
    {
        type            fixedFluxPressure;
        gradient        nonuniform List<scalar> 0();
        value           nonuniform List<scalar> 0();
    }
    topWall
    {
        type            fixedFluxPressure;
        gradient        nonuniform List<scalar> 0();
        value           nonuniform List<scalar> 0();
    }
    front
    {
        type            empty;
    }
    back
    {
        type            empty;
    }
    procBoundary4to1
    {
        type            processor;
        value           nonuniform List<scalar> 
15
(
9.3359339495750345e-05
9.5210225567534925e-05
9.6997338842400217e-05
9.8690237494551347e-05
0.00010025222326222983
0.00010163987566333626
0.00010280277942431878
0.00010368352987232571
0.00010421811033757248
0.00010433674012954668
0.00010396528888022444
0.00010302734111917452
0.00010144697151742628
9.9152255427773417e-05
9.6079490763793983e-05
)
;
    }
    procBoundary4to2
    {
        type            processor;
        value           nonuniform List<scalar> 4(7.3259388387529777e-05 7.819710083690119e-05 8.2862114983892085e-05 8.727816366896243e-05);
    }
    procBoundary4to3
    {
        type            processor;
        value           nonuniform List<scalar> 
30
(
-0.00022281879737979729
-0.00024782141725826452
-0.00029063200320946815
-0.00029063200320946815
-0.00031908926579082879
-0.00034825470655427634
-0.00039969671189933696
-0.00039969671189933696
-0.00043093215388781121
-0.00046205748852745648
-0.0005194215673704404
-0.00054685499979022093
-0.00054685499979022093
-0.00057929462318172687
-0.0006411049236249172
-0.0006411049236249172
-0.00067229674247418951
-0.00070227556849071244
-0.00073121649062933764
-0.00075945695756173123
-0.0007875100749963023
-0.00081607152477521983
-0.00084601886894086797
-0.00087840235132855254
-0.00091442677751664252
-0.00098911115551853987
-0.00098911115551853987
-0.0010364705599164984
-0.0010917483214924234
-0.0011911809772725702
)
;
    }
    procBoundary4to5
    {
        type            processor;
        value           nonuniform List<scalar> 
84
(
9.2178047310625196e-05
8.7415691026251387e-05
8.1784159134047995e-05
7.5304692157419659e-05
6.8033169950296814e-05
6.0064457337634288e-05
5.1535548188513755e-05
4.2627109905123946e-05
3.3563075762955544e-05
2.4608009490375336e-05
-0.00029424744398677375
-0.0002017830557931278
-0.00012074467298246791
1.6062070907203645e-05
-5.0921684494806697e-05
-0.00029424744398677375
-0.00031786466387740721
-0.0003384352915435888
-0.00035524264444674198
-0.0012268990126462858
-0.0012635259236680036
-0.0013010055672135767
-0.0013392834052522403
-0.0013783058018512707
-0.0014180192897370358
-0.0014583699170824225
-0.0014993026515065398
-0.0015407608318197404
-0.0015826856668778467
-0.0016250157816314126
-0.0016676868106150504
-0.0017106310399641056
-0.0017537770996590989
-0.0017970497077619573
-0.0018403694680708199
-0.0018836527218853967
-0.0019268114535045111
-0.0019697532478659963
-0.0020123812973367444
-0.0020545944532482448
-0.0020962873163169449
-0.0021373503585513831
-0.0021776700673899487
-0.0022171291002054732
-0.0022556064333093093
-0.0022929774832485396
-0.0023291141683949475
-0.0023638848642571994
-0.0023971541853860072
-0.0024287824991863064
-0.0024586250421713982
-0.0024865304683690179
-0.0025123386158655689
-0.002535877237098908
-0.0025569574119160342
-0.0025753673643301596
-0.0025908644541577227
-0.0026031652358905703
-0.002611933692201745
-0.0026167680751877512
-0.0026171872282251762
-0.0026126177963695005
-0.0026023843150091482
-0.0025857047140895166
-0.0025616941793574935
-0.0025293804472518687
-0.0024877333542351159
-0.0024357107166105897
-0.0023723213277797896
-0.0022967040258321109
-0.0022082194684573272
-0.0021065485975490426
-0.0019917890352957515
-0.001864538229611529
-0.0017259506327085949
-0.0015777562501942937
-0.0014222302027594536
-0.0012621078548538847
-0.0011004473257281294
-0.00094044974013788056
-0.00078525561401452846
-0.0006377412343946783
-0.00036760722635273906
-0.00050034011232233595
)
;
    }
    procBoundary4to7
    {
        type            processor;
        value           nonuniform List<scalar> 
29
(
-3.8086815303013525e-05
-4.1004025039100841e-05
-4.3900662140769145e-05
-4.6763398087671252e-05
-4.9579083291279975e-05
-5.233465739926126e-05
-4.3984882722748532e-05
-5.4084081109434591e-05
-6.5626366226283862e-05
-7.878283238601773e-05
-5.8832309197869018e-05
-6.3411770586378798e-05
-6.8164982486374395e-05
-7.3066943062284929e-05
-7.8094770366876276e-05
-8.3227134810954088e-05
-8.8443774850631662e-05
-9.3725084212274335e-05
-9.3725084212274335e-05
-6.596935738381001e-05
-6.596935738381001e-05
-7.3427595538184576e-05
-8.6962550323193983e-05
-0.00010191518690774226
-0.00011834077529502265
-0.00013627355390841635
-0.00015572278041628028
-0.00017666922828447895
-0.00019906240637561332
)
;
    }
    procBoundary4to9
    {
        type            processor;
        value           nonuniform List<scalar> 
68
(
-6.6208530477234663e-05
-7.9148606591890387e-05
-9.4073707283141646e-05
-0.00011122804352217691
-0.00013085673720107441
-0.00015319717756178108
-0.00017846871404506959
-0.00017846871404506959
-0.00018527130850455741
-0.00019194524021513512
-0.00019845850732993722
-0.00020477758274575116
-0.00021086747486448728
-0.00021669182648685072
-0.00022221305292967455
-0.00022739252047006804
-0.00023219076620624939
-0.00023656776033807513
-0.00024048321027617684
-0.00024389690283583006
-0.00024676909756684884
-0.00024906096745707837
-0.00025073504874838969
-0.00025175575903651094
-0.00025208993104619174
-0.00025170737289945502
6.8087006887846915e-05
-0.00029416458827860717
6.778715394205895e-05
-0.0003437062991558231
-0.0003437062991558231
-0.00034212299021791373
-0.00033951075906896882
-0.00033584456806542062
-0.00033110662279831613
-0.00032528720034090283
-0.0003183854390334562
-0.00031041006604036204
-0.00030138003580064014
-0.00029132504973708462
-0.00028028592538961212
-0.00026831478194141518
-0.00025547500916960178
-0.00024184098877556306
-0.00022749754101524872
-0.00021253907614847821
-0.00019706843951660671
-0.0001811954511416003
-0.00016503515540456086
-0.00014870581296837465
-0.00013232668476761148
-0.00011601567536416117
-9.9886918557497777e-05
-8.4048400643643403e-05
-6.8599723927854293e-05
-5.3630104755186174e-05
-3.9216699412512517e-05
-2.5423386734866537e-05
-1.2299968764157248e-05
1.1810737674389639e-07
1.1809519846345752e-05
2.2766388746182308e-05
3.2993180618201467e-05
4.2505291169417706e-05
5.1327404788675179e-05
5.9491736485634628e-05
6.703626103861008e-05
6.703626103861008e-05
)
;
    }
}


// ************************************************************************* //
