/*--------------------------------*- C++ -*----------------------------------*\
  =========                 |
  \\      /  F ield         | OpenFOAM: The Open Source CFD Toolbox
   \\    /   O peration     | Website:  https://openfoam.org
    \\  /    A nd           | Version:  13
     \\/     M anipulation  |
\*---------------------------------------------------------------------------*/
FoamFile
{
    format      ascii;
    class       volScalarField;
    location    "1";
    object      gh;
}
// * * * * * * * * * * * * * * * * * * * * * * * * * * * * * * * * * * * * * //

dimensions      [0 2 -2 0 0 0 0];

internalField   nonuniform List<scalar> 
1600
(
-0.0176056338028169
-0.0176056338028169
-0.0176056338028169
-0.0176056338028169
-0.0176056338028169
-0.0176056338028169
-0.0176056338028169
-0.01760563380281691
-0.0176056338028169
-0.0176056338028169
-0.0176056338028169
-0.0176056338028169
-0.0176056338028169
-0.0176056338028169
-0.01760563380281688
-0.01760563380281692
-0.0176056338028169
-0.01760563380281687
-0.01760563380281692
-0.0176056338028169
-0.0176056338028169
-0.0176056338028169
-0.01760563380281691
-0.0176056338028169
-0.0176056338028169
-0.0176056338028169
-0.0176056338028169
-0.01760563380281692
-0.01760563380281688
-0.01760563380281688
-0.01760563380281691
-0.0176056338028169
-0.01760563380281688
-0.01760563380281691
-0.0176056338028169
-0.0176056338028169
-0.0176056338028169
-0.0176056338028169
-0.0176056338028169
-0.01760563380281688
-0.05281690140845071
-0.0528169014084507
-0.05281690140845069
-0.05281690140845071
-0.0528169014084507
-0.05281690140845073
-0.0528169014084507
-0.0528169014084507
-0.05281690140845072
-0.0528169014084507
-0.0528169014084507
-0.0528169014084507
-0.05281690140845071
-0.0528169014084507
-0.05281690140845072
-0.0528169014084507
-0.05281690140845072
-0.05281690140845073
-0.05281690140845065
-0.05281690140845073
-0.05281690140845069
-0.05281690140845073
-0.05281690140845068
-0.05281690140845073
-0.0528169014084507
-0.0528169014084507
-0.05281690140845071
-0.05281690140845068
-0.05281690140845071
-0.05281690140845074
-0.05281690140845068
-0.05281690140845072
-0.05281690140845073
-0.05281690140845069
-0.05281690140845074
-0.05281690140845069
-0.0528169014084507
-0.05281690140845066
-0.05281690140845077
-0.05281690140845069
-0.0880281690140845
-0.08802816901408451
-0.08802816901408449
-0.0880281690140845
-0.08802816901408451
-0.08802816901408449
-0.08802816901408449
-0.08802816901408449
-0.08802816901408449
-0.08802816901408453
-0.08802816901408449
-0.0880281690140845
-0.08802816901408449
-0.0880281690140845
-0.08802816901408453
-0.0880281690140845
-0.08802816901408454
-0.0880281690140845
-0.08802816901408449
-0.08802816901408449
-0.08802816901408454
-0.08802816901408449
-0.08802816901408453
-0.08802816901408447
-0.0880281690140845
-0.08802816901408453
-0.0880281690140845
-0.08802816901408453
-0.08802816901408449
-0.0880281690140845
-0.0880281690140845
-0.08802816901408449
-0.0880281690140845
-0.0880281690140845
-0.08802816901408449
-0.0880281690140845
-0.0880281690140845
-0.08802816901408449
-0.08802816901408449
-0.08802816901408449
-0.1232394366197183
-0.1232394366197183
-0.1232394366197183
-0.1232394366197184
-0.1232394366197183
-0.1232394366197183
-0.1232394366197183
-0.1232394366197183
-0.1232394366197183
-0.1232394366197183
-0.1232394366197183
-0.1232394366197183
-0.1232394366197183
-0.1232394366197183
-0.1232394366197183
-0.1232394366197183
-0.1232394366197183
-0.1232394366197183
-0.1232394366197183
-0.1232394366197183
-0.1232394366197183
-0.1232394366197183
-0.1232394366197183
-0.1232394366197183
-0.1232394366197183
-0.1232394366197183
-0.1232394366197183
-0.1232394366197183
-0.1232394366197183
-0.1232394366197183
-0.1232394366197183
-0.1232394366197183
-0.1232394366197183
-0.1232394366197183
-0.1232394366197183
-0.1232394366197183
-0.1232394366197183
-0.1232394366197183
-0.1232394366197182
-0.1232394366197183
-0.1584507042253521
-0.1584507042253521
-0.1584507042253521
-0.1584507042253521
-0.1584507042253521
-0.1584507042253521
-0.1584507042253521
-0.1584507042253521
-0.1584507042253521
-0.1584507042253521
-0.1584507042253521
-0.1584507042253521
-0.1584507042253521
-0.1584507042253521
-0.1584507042253521
-0.1584507042253521
-0.1584507042253521
-0.1584507042253521
-0.1584507042253521
-0.1584507042253521
-0.158450704225352
-0.1584507042253521
-0.1584507042253522
-0.1584507042253521
-0.1584507042253521
-0.1584507042253521
-0.1584507042253521
-0.1584507042253521
-0.1584507042253521
-0.1584507042253521
-0.1584507042253521
-0.1584507042253521
-0.1584507042253521
-0.158450704225352
-0.1584507042253521
-0.1584507042253521
-0.1584507042253522
-0.1584507042253521
-0.1584507042253521
-0.1584507042253521
-0.1936619718309859
-0.1936619718309859
-0.1936619718309859
-0.1936619718309859
-0.1936619718309859
-0.1936619718309859
-0.1936619718309859
-0.1936619718309858
-0.1936619718309859
-0.1936619718309858
-0.1936619718309859
-0.1936619718309859
-0.1936619718309859
-0.1936619718309859
-0.1936619718309859
-0.1936619718309858
-0.1936619718309859
-0.1936619718309859
-0.1936619718309859
-0.1936619718309859
-0.1936619718309859
-0.1936619718309859
-0.1936619718309859
-0.1936619718309859
-0.1936619718309859
-0.1936619718309859
-0.1936619718309859
-0.1936619718309859
-0.1936619718309859
-0.1936619718309859
-0.1936619718309858
-0.1936619718309859
-0.1936619718309859
-0.1936619718309859
-0.1936619718309859
-0.1936619718309859
-0.1936619718309859
-0.1936619718309859
-0.1936619718309859
-0.1936619718309859
-0.2288732394366197
-0.2288732394366197
-0.2288732394366197
-0.2288732394366197
-0.2288732394366197
-0.2288732394366197
-0.2288732394366197
-0.2288732394366197
-0.2288732394366197
-0.2288732394366197
-0.2288732394366196
-0.2288732394366197
-0.2288732394366197
-0.2288732394366197
-0.2288732394366197
-0.2288732394366197
-0.2288732394366197
-0.2288732394366197
-0.2288732394366197
-0.2288732394366197
-0.2288732394366197
-0.2288732394366197
-0.2288732394366197
-0.2288732394366197
-0.2288732394366197
-0.2288732394366197
-0.2288732394366197
-0.2288732394366197
-0.2288732394366197
-0.2288732394366197
-0.2288732394366197
-0.2288732394366197
-0.2288732394366197
-0.2288732394366197
-0.2288732394366197
-0.2288732394366197
-0.2288732394366197
-0.2288732394366197
-0.2288732394366197
-0.2288732394366197
-0.2640845070422535
-0.2640845070422534
-0.2640845070422536
-0.2640845070422534
-0.2640845070422536
-0.2640845070422536
-0.2640845070422535
-0.2640845070422536
-0.2640845070422536
-0.2640845070422536
-0.2640845070422535
-0.2640845070422534
-0.2640845070422536
-0.2640845070422535
-0.2640845070422535
-0.2640845070422535
-0.2640845070422534
-0.2640845070422535
-0.2640845070422535
-0.2640845070422536
-0.2640845070422536
-0.2640845070422536
-0.2640845070422535
-0.2640845070422535
-0.2640845070422535
-0.2640845070422535
-0.2640845070422535
-0.2640845070422535
-0.2640845070422535
-0.2640845070422535
-0.2640845070422536
-0.2640845070422534
-0.2640845070422536
-0.2640845070422534
-0.2640845070422535
-0.2640845070422535
-0.2640845070422535
-0.2640845070422535
-0.2640845070422536
-0.2640845070422534
-0.2992957746478873
-0.2992957746478873
-0.2992957746478873
-0.2992957746478873
-0.2992957746478874
-0.2992957746478874
-0.2992957746478874
-0.2992957746478873
-0.2992957746478874
-0.2992957746478873
-0.2992957746478873
-0.2992957746478874
-0.2992957746478873
-0.2992957746478873
-0.2992957746478874
-0.2992957746478873
-0.2992957746478873
-0.2992957746478873
-0.2992957746478873
-0.2992957746478872
-0.2992957746478872
-0.2992957746478874
-0.2992957746478873
-0.2992957746478873
-0.2992957746478873
-0.2992957746478873
-0.2992957746478873
-0.2992957746478873
-0.2992957746478873
-0.2992957746478873
-0.2992957746478873
-0.2992957746478873
-0.2992957746478873
-0.2992957746478873
-0.2992957746478874
-0.2992957746478872
-0.2992957746478874
-0.2992957746478873
-0.2992957746478873
-0.2992957746478874
-0.3345070422535212
-0.3345070422535212
-0.3345070422535212
-0.3345070422535211
-0.3345070422535212
-0.3345070422535212
-0.3345070422535211
-0.3345070422535212
-0.3345070422535212
-0.3345070422535212
-0.3345070422535211
-0.3345070422535211
-0.3345070422535211
-0.3345070422535211
-0.3345070422535211
-0.3345070422535212
-0.3345070422535212
-0.3345070422535212
-0.3345070422535211
-0.3345070422535211
-0.3345070422535212
-0.3345070422535212
-0.3345070422535212
-0.3345070422535212
-0.3345070422535211
-0.3345070422535212
-0.3345070422535211
-0.3345070422535211
-0.3345070422535211
-0.3345070422535212
-0.3345070422535211
-0.3345070422535212
-0.3345070422535212
-0.3345070422535212
-0.3345070422535212
-0.3345070422535212
-0.3345070422535211
-0.3345070422535211
-0.3345070422535211
-0.3345070422535211
-0.369718309859155
-0.3697183098591549
-0.3697183098591549
-0.369718309859155
-0.369718309859155
-0.369718309859155
-0.369718309859155
-0.3697183098591549
-0.369718309859155
-0.3697183098591549
-0.3697183098591549
-0.369718309859155
-0.3697183098591549
-0.3697183098591551
-0.369718309859155
-0.369718309859155
-0.369718309859155
-0.369718309859155
-0.369718309859155
-0.3697183098591548
-0.369718309859155
-0.369718309859155
-0.3697183098591549
-0.369718309859155
-0.3697183098591549
-0.3697183098591549
-0.369718309859155
-0.369718309859155
-0.369718309859155
-0.369718309859155
-0.369718309859155
-0.369718309859155
-0.369718309859155
-0.3697183098591549
-0.3697183098591549
-0.369718309859155
-0.369718309859155
-0.3697183098591549
-0.3697183098591551
-0.3697183098591549
-0.4049295774647888
-0.4049295774647887
-0.4049295774647887
-0.4049295774647888
-0.4049295774647887
-0.4049295774647887
-0.4049295774647887
-0.4049295774647887
-0.4049295774647887
-0.4049295774647887
-0.4049295774647887
-0.4049295774647887
-0.4049295774647887
-0.4049295774647887
-0.4049295774647887
-0.4049295774647887
-0.4049295774647887
-0.4049295774647887
-0.4049295774647887
-0.4049295774647888
-0.4049295774647887
-0.4049295774647887
-0.4049295774647887
-0.4049295774647887
-0.4049295774647887
-0.4049295774647888
-0.4049295774647887
-0.4049295774647887
-0.4049295774647887
-0.4049295774647887
-0.4049295774647887
-0.4049295774647887
-0.4049295774647887
-0.4049295774647887
-0.4049295774647887
-0.4049295774647887
-0.4049295774647887
-0.4049295774647886
-0.4049295774647887
-0.4049295774647887
-0.4401408450704224
-0.4401408450704224
-0.4401408450704223
-0.4401408450704226
-0.4401408450704224
-0.4401408450704225
-0.4401408450704224
-0.4401408450704224
-0.4401408450704224
-0.4401408450704225
-0.4401408450704224
-0.4401408450704224
-0.4401408450704225
-0.4401408450704225
-0.4401408450704226
-0.4401408450704224
-0.4401408450704224
-0.4401408450704224
-0.4401408450704224
-0.4401408450704225
-0.4401408450704224
-0.4401408450704224
-0.4401408450704225
-0.4401408450704225
-0.4401408450704223
-0.4401408450704224
-0.4401408450704225
-0.4401408450704224
-0.4401408450704224
-0.4401408450704225
-0.4401408450704224
-0.4401408450704225
-0.4401408450704224
-0.4401408450704224
-0.4401408450704225
-0.4401408450704224
-0.4401408450704225
-0.4401408450704223
-0.4401408450704225
-0.4401408450704223
-0.4753521126760563
-0.4753521126760563
-0.4753521126760563
-0.4753521126760563
-0.4753521126760563
-0.4753521126760565
-0.4753521126760563
-0.4753521126760563
-0.4753521126760563
-0.4753521126760563
-0.4753521126760563
-0.4753521126760563
-0.4753521126760563
-0.4753521126760563
-0.4753521126760563
-0.4753521126760564
-0.4753521126760563
-0.4753521126760564
-0.4753521126760563
-0.4753521126760563
-0.4753521126760563
-0.4753521126760563
-0.4753521126760563
-0.4753521126760561
-0.4753521126760563
-0.4753521126760563
-0.4753521126760563
-0.4753521126760563
-0.4753521126760563
-0.4753521126760563
-0.4753521126760563
-0.4753521126760564
-0.4753521126760563
-0.4753521126760563
-0.4753521126760563
-0.4753521126760564
-0.4753521126760563
-0.4753521126760564
-0.4753521126760563
-0.4753521126760563
-0.5105633802816901
-0.5105633802816901
-0.5105633802816901
-0.5105633802816902
-0.5105633802816902
-0.5105633802816901
-0.51056338028169
-0.5105633802816902
-0.5105633802816902
-0.5105633802816901
-0.5105633802816902
-0.5105633802816901
-0.51056338028169
-0.5105633802816901
-0.5105633802816902
-0.5105633802816902
-0.5105633802816901
-0.5105633802816901
-0.5105633802816901
-0.5105633802816901
-0.5105633802816901
-0.5105633802816901
-0.5105633802816901
-0.51056338028169
-0.51056338028169
-0.5105633802816901
-0.5105633802816903
-0.5105633802816902
-0.5105633802816902
-0.5105633802816901
-0.5105633802816903
-0.5105633802816901
-0.51056338028169
-0.5105633802816901
-0.5105633802816901
-0.5105633802816901
-0.5105633802816901
-0.51056338028169
-0.5105633802816901
-0.5105633802816902
-0.5457746478873241
-0.5457746478873239
-0.545774647887324
-0.5457746478873242
-0.545774647887324
-0.5457746478873241
-0.5457746478873239
-0.545774647887324
-0.5457746478873239
-0.5457746478873239
-0.5457746478873242
-0.545774647887324
-0.5457746478873238
-0.5457746478873241
-0.5457746478873239
-0.5457746478873241
-0.545774647887324
-0.545774647887324
-0.5457746478873241
-0.545774647887324
-0.5457746478873241
-0.545774647887324
-0.5457746478873241
-0.5457746478873239
-0.5457746478873239
-0.5457746478873239
-0.545774647887324
-0.5457746478873241
-0.5457746478873242
-0.545774647887324
-0.5457746478873239
-0.545774647887324
-0.5457746478873238
-0.545774647887324
-0.5457746478873241
-0.545774647887324
-0.5457746478873241
-0.545774647887324
-0.5457746478873238
-0.5457746478873241
-0.5809859154929579
-0.5809859154929577
-0.5809859154929577
-0.5809859154929576
-0.5809859154929576
-0.5809859154929579
-0.5809859154929577
-0.5809859154929577
-0.5809859154929577
-0.5809859154929577
-0.5809859154929577
-0.5809859154929577
-0.5809859154929577
-0.5809859154929579
-0.5809859154929579
-0.5809859154929575
-0.5809859154929577
-0.5809859154929576
-0.5809859154929577
-0.5809859154929577
-0.5809859154929579
-0.5809859154929577
-0.5809859154929577
-0.5809859154929577
-0.5809859154929576
-0.5809859154929577
-0.5809859154929577
-0.5809859154929577
-0.5809859154929576
-0.5809859154929579
-0.5809859154929579
-0.5809859154929576
-0.5809859154929577
-0.5809859154929577
-0.5809859154929577
-0.5809859154929576
-0.5809859154929576
-0.5809859154929576
-0.580985915492958
-0.5809859154929576
-0.6161971830985916
-0.6161971830985916
-0.6161971830985915
-0.6161971830985916
-0.6161971830985916
-0.6161971830985915
-0.6161971830985914
-0.6161971830985915
-0.6161971830985916
-0.6161971830985916
-0.6161971830985916
-0.6161971830985917
-0.6161971830985915
-0.6161971830985916
-0.6161971830985916
-0.6161971830985915
-0.6161971830985916
-0.6161971830985915
-0.6161971830985916
-0.6161971830985916
-0.6161971830985916
-0.6161971830985916
-0.6161971830985916
-0.6161971830985916
-0.6161971830985915
-0.6161971830985916
-0.6161971830985915
-0.6161971830985916
-0.6161971830985915
-0.6161971830985916
-0.6161971830985916
-0.6161971830985916
-0.6161971830985916
-0.6161971830985915
-0.6161971830985916
-0.6161971830985916
-0.6161971830985916
-0.6161971830985916
-0.6161971830985916
-0.6161971830985917
-0.6514084507042254
-0.6514084507042255
-0.6514084507042254
-0.6514084507042254
-0.6514084507042255
-0.6514084507042255
-0.6514084507042252
-0.6514084507042254
-0.6514084507042253
-0.6514084507042253
-0.6514084507042253
-0.6514084507042254
-0.6514084507042252
-0.6514084507042253
-0.6514084507042254
-0.6514084507042255
-0.6514084507042255
-0.6514084507042254
-0.6514084507042254
-0.6514084507042254
-0.6514084507042253
-0.6514084507042254
-0.6514084507042252
-0.6514084507042253
-0.6514084507042254
-0.6514084507042255
-0.6514084507042253
-0.6514084507042254
-0.6514084507042254
-0.6514084507042254
-0.6514084507042253
-0.6514084507042254
-0.6514084507042256
-0.6514084507042255
-0.6514084507042255
-0.6514084507042254
-0.6514084507042253
-0.6514084507042256
-0.6514084507042253
-0.6514084507042254
-0.6866197183098591
-0.6866197183098591
-0.6866197183098591
-0.6866197183098592
-0.6866197183098592
-0.6866197183098591
-0.686619718309859
-0.6866197183098592
-0.686619718309859
-0.6866197183098591
-0.6866197183098592
-0.6866197183098591
-0.6866197183098589
-0.6866197183098591
-0.6866197183098591
-0.6866197183098591
-0.686619718309859
-0.6866197183098594
-0.6866197183098591
-0.6866197183098592
-0.6866197183098589
-0.6866197183098591
-0.6866197183098589
-0.6866197183098591
-0.686619718309859
-0.6866197183098591
-0.686619718309859
-0.6866197183098591
-0.6866197183098591
-0.6866197183098592
-0.686619718309859
-0.6866197183098591
-0.6866197183098594
-0.6866197183098591
-0.6866197183098591
-0.686619718309859
-0.6866197183098591
-0.686619718309859
-0.6866197183098591
-0.6866197183098591
-0.7218309859154929
-0.7218309859154929
-0.7218309859154929
-0.7218309859154931
-0.7218309859154931
-0.7218309859154931
-0.7218309859154927
-0.7218309859154931
-0.7218309859154931
-0.7218309859154929
-0.721830985915493
-0.721830985915493
-0.7218309859154929
-0.721830985915493
-0.721830985915493
-0.7218309859154929
-0.7218309859154929
-0.7218309859154931
-0.7218309859154931
-0.7218309859154927
-0.721830985915493
-0.7218309859154931
-0.7218309859154931
-0.7218309859154929
-0.721830985915493
-0.7218309859154928
-0.721830985915493
-0.721830985915493
-0.721830985915493
-0.7218309859154929
-0.721830985915493
-0.7218309859154931
-0.7218309859154929
-0.7218309859154928
-0.7218309859154927
-0.721830985915493
-0.7218309859154927
-0.721830985915493
-0.721830985915493
-0.721830985915493
-0.7570422535211268
-0.757042253521127
-0.7570422535211268
-0.7570422535211269
-0.7570422535211269
-0.7570422535211269
-0.7570422535211266
-0.7570422535211268
-0.7570422535211268
-0.7570422535211266
-0.7570422535211266
-0.7570422535211268
-0.7570422535211266
-0.757042253521127
-0.7570422535211268
-0.7570422535211266
-0.7570422535211266
-0.757042253521127
-0.7570422535211269
-0.7570422535211266
-0.7570422535211269
-0.7570422535211268
-0.7570422535211268
-0.7570422535211268
-0.7570422535211268
-0.7570422535211268
-0.7570422535211266
-0.7570422535211268
-0.7570422535211266
-0.757042253521127
-0.7570422535211268
-0.7570422535211268
-0.7570422535211266
-0.7570422535211266
-0.7570422535211266
-0.7570422535211269
-0.7570422535211268
-0.7570422535211266
-0.7570422535211269
-0.7570422535211269
-0.7922535211267604
-0.7922535211267604
-0.7922535211267604
-0.7922535211267603
-0.7922535211267604
-0.7922535211267606
-0.7922535211267605
-0.7922535211267607
-0.7922535211267605
-0.7922535211267606
-0.7922535211267605
-0.7922535211267606
-0.7922535211267604
-0.7922535211267604
-0.7922535211267605
-0.7922535211267604
-0.7922535211267604
-0.7922535211267604
-0.7922535211267605
-0.7922535211267605
-0.7922535211267604
-0.7922535211267608
-0.7922535211267605
-0.7922535211267608
-0.7922535211267605
-0.7922535211267607
-0.7922535211267604
-0.7922535211267604
-0.7922535211267606
-0.7922535211267605
-0.7922535211267603
-0.7922535211267605
-0.7922535211267605
-0.7922535211267606
-0.7922535211267605
-0.7922535211267606
-0.7922535211267606
-0.7922535211267603
-0.7922535211267604
-0.7922535211267605
-0.8274647887323942
-0.8274647887323942
-0.8274647887323943
-0.8274647887323944
-0.8274647887323944
-0.8274647887323944
-0.8274647887323942
-0.8274647887323942
-0.8274647887323942
-0.8274647887323944
-0.8274647887323944
-0.8274647887323942
-0.8274647887323943
-0.8274647887323944
-0.8274647887323944
-0.8274647887323943
-0.8274647887323942
-0.8274647887323945
-0.8274647887323942
-0.8274647887323942
-0.8274647887323942
-0.8274647887323943
-0.8274647887323943
-0.8274647887323942
-0.8274647887323945
-0.8274647887323945
-0.8274647887323942
-0.827464788732394
-0.8274647887323943
-0.8274647887323944
-0.8274647887323944
-0.8274647887323945
-0.8274647887323942
-0.8274647887323942
-0.8274647887323944
-0.8274647887323943
-0.8274647887323943
-0.8274647887323943
-0.8274647887323943
-0.8274647887323943
-0.8626760563380279
-0.8626760563380279
-0.8626760563380281
-0.8626760563380282
-0.8626760563380279
-0.8626760563380279
-0.8626760563380281
-0.8626760563380279
-0.8626760563380282
-0.8626760563380279
-0.8626760563380284
-0.862676056338028
-0.8626760563380279
-0.8626760563380279
-0.862676056338028
-0.8626760563380281
-0.862676056338028
-0.8626760563380279
-0.8626760563380279
-0.8626760563380281
-0.862676056338028
-0.8626760563380281
-0.8626760563380282
-0.8626760563380282
-0.8626760563380279
-0.8626760563380281
-0.8626760563380279
-0.8626760563380282
-0.8626760563380279
-0.862676056338028
-0.862676056338028
-0.8626760563380279
-0.8626760563380282
-0.8626760563380278
-0.862676056338028
-0.8626760563380278
-0.862676056338028
-0.862676056338028
-0.8626760563380281
-0.862676056338028
-0.8978873239436619
-0.8978873239436621
-0.8978873239436621
-0.8978873239436618
-0.8978873239436619
-0.8978873239436618
-0.8978873239436618
-0.8978873239436619
-0.8978873239436618
-0.8978873239436619
-0.8978873239436621
-0.8978873239436619
-0.8978873239436619
-0.8978873239436619
-0.8978873239436621
-0.8978873239436621
-0.8978873239436618
-0.8978873239436618
-0.8978873239436621
-0.8978873239436619
-0.8978873239436619
-0.8978873239436621
-0.8978873239436619
-0.8978873239436618
-0.8978873239436618
-0.8978873239436621
-0.8978873239436618
-0.8978873239436619
-0.8978873239436618
-0.8978873239436619
-0.8978873239436618
-0.8978873239436618
-0.8978873239436619
-0.8978873239436618
-0.8978873239436618
-0.8978873239436618
-0.8978873239436619
-0.8978873239436619
-0.8978873239436619
-0.8978873239436618
-0.9330985915492958
-0.9330985915492958
-0.9330985915492955
-0.9330985915492955
-0.9330985915492955
-0.9330985915492955
-0.9330985915492958
-0.9330985915492955
-0.9330985915492955
-0.9330985915492958
-0.9330985915492958
-0.9330985915492958
-0.933098591549296
-0.9330985915492955
-0.9330985915492955
-0.9330985915492958
-0.9330985915492955
-0.9330985915492955
-0.933098591549296
-0.9330985915492958
-0.9330985915492958
-0.9330985915492958
-0.9330985915492958
-0.933098591549296
-0.933098591549296
-0.9330985915492955
-0.9330985915492958
-0.9330985915492955
-0.9330985915492958
-0.9330985915492958
-0.9330985915492955
-0.9330985915492958
-0.9330985915492958
-0.9330985915492958
-0.9330985915492955
-0.9330985915492955
-0.9330985915492955
-0.9330985915492955
-0.9330985915492958
-0.933098591549296
-0.9683098591549296
-0.9683098591549296
-0.9683098591549294
-0.9683098591549296
-0.9683098591549296
-0.9683098591549292
-0.9683098591549296
-0.9683098591549292
-0.9683098591549296
-0.9683098591549294
-0.9683098591549292
-0.9683098591549296
-0.9683098591549296
-0.9683098591549296
-0.9683098591549294
-0.9683098591549296
-0.9683098591549296
-0.9683098591549296
-0.9683098591549294
-0.9683098591549294
-0.9683098591549296
-0.9683098591549294
-0.9683098591549294
-0.9683098591549296
-0.9683098591549294
-0.9683098591549294
-0.9683098591549294
-0.9683098591549296
-0.9683098591549294
-0.9683098591549294
-0.9683098591549294
-0.9683098591549294
-0.9683098591549297
-0.9683098591549294
-0.9683098591549296
-0.9683098591549294
-0.9683098591549296
-0.9683098591549294
-0.9683098591549296
-0.9683098591549296
-1.003521126760563
-1.003521126760563
-1.003521126760563
-1.003521126760563
-1.003521126760563
-1.003521126760563
-1.003521126760563
-1.003521126760564
-1.003521126760563
-1.003521126760563
-1.003521126760563
-1.003521126760563
-1.003521126760563
-1.003521126760563
-1.003521126760563
-1.003521126760563
-1.003521126760563
-1.003521126760563
-1.003521126760563
-1.003521126760563
-1.003521126760563
-1.003521126760563
-1.003521126760563
-1.003521126760563
-1.003521126760563
-1.003521126760563
-1.003521126760563
-1.003521126760563
-1.003521126760563
-1.003521126760563
-1.003521126760563
-1.003521126760563
-1.003521126760563
-1.003521126760563
-1.003521126760563
-1.003521126760563
-1.003521126760563
-1.003521126760563
-1.003521126760563
-1.003521126760563
-1.038732394366197
-1.038732394366197
-1.038732394366197
-1.038732394366197
-1.038732394366197
-1.038732394366197
-1.038732394366197
-1.038732394366197
-1.038732394366197
-1.038732394366197
-1.038732394366197
-1.038732394366197
-1.038732394366197
-1.038732394366197
-1.038732394366197
-1.038732394366197
-1.038732394366197
-1.038732394366197
-1.038732394366197
-1.038732394366197
-1.038732394366197
-1.038732394366197
-1.038732394366197
-1.038732394366197
-1.038732394366197
-1.038732394366197
-1.038732394366197
-1.038732394366197
-1.038732394366197
-1.038732394366197
-1.038732394366197
-1.038732394366197
-1.038732394366197
-1.038732394366197
-1.038732394366197
-1.038732394366197
-1.038732394366197
-1.038732394366197
-1.038732394366197
-1.038732394366197
-1.073943661971831
-1.073943661971831
-1.073943661971831
-1.073943661971831
-1.073943661971831
-1.073943661971831
-1.073943661971831
-1.073943661971831
-1.073943661971831
-1.073943661971831
-1.073943661971831
-1.073943661971831
-1.073943661971831
-1.073943661971831
-1.073943661971831
-1.073943661971831
-1.073943661971831
-1.073943661971831
-1.073943661971831
-1.073943661971831
-1.073943661971831
-1.073943661971831
-1.073943661971831
-1.073943661971831
-1.073943661971831
-1.073943661971831
-1.073943661971831
-1.073943661971831
-1.073943661971831
-1.073943661971831
-1.073943661971831
-1.073943661971831
-1.073943661971831
-1.073943661971831
-1.073943661971831
-1.073943661971831
-1.073943661971831
-1.073943661971831
-1.073943661971831
-1.073943661971831
-1.109154929577465
-1.109154929577465
-1.109154929577465
-1.109154929577465
-1.109154929577465
-1.109154929577465
-1.109154929577465
-1.109154929577465
-1.109154929577465
-1.109154929577465
-1.109154929577465
-1.109154929577465
-1.109154929577465
-1.109154929577465
-1.109154929577465
-1.109154929577465
-1.109154929577465
-1.109154929577465
-1.109154929577465
-1.109154929577465
-1.109154929577465
-1.109154929577465
-1.109154929577465
-1.109154929577465
-1.109154929577465
-1.109154929577465
-1.109154929577465
-1.109154929577465
-1.109154929577465
-1.109154929577465
-1.109154929577465
-1.109154929577465
-1.109154929577465
-1.109154929577465
-1.109154929577465
-1.109154929577465
-1.109154929577465
-1.109154929577465
-1.109154929577465
-1.109154929577465
-1.144366197183099
-1.144366197183099
-1.144366197183099
-1.144366197183099
-1.144366197183099
-1.144366197183099
-1.144366197183098
-1.144366197183099
-1.144366197183099
-1.144366197183099
-1.144366197183099
-1.144366197183099
-1.144366197183099
-1.144366197183099
-1.144366197183099
-1.144366197183099
-1.144366197183099
-1.144366197183099
-1.144366197183099
-1.144366197183099
-1.144366197183099
-1.144366197183098
-1.144366197183099
-1.144366197183098
-1.144366197183098
-1.144366197183099
-1.144366197183098
-1.144366197183099
-1.144366197183099
-1.144366197183099
-1.144366197183099
-1.144366197183098
-1.144366197183099
-1.144366197183099
-1.144366197183098
-1.144366197183099
-1.144366197183099
-1.144366197183099
-1.144366197183099
-1.144366197183099
-1.179577464788732
-1.179577464788732
-1.179577464788732
-1.179577464788732
-1.179577464788732
-1.179577464788732
-1.179577464788732
-1.179577464788732
-1.179577464788732
-1.179577464788732
-1.179577464788732
-1.179577464788732
-1.179577464788732
-1.179577464788732
-1.179577464788732
-1.179577464788732
-1.179577464788732
-1.179577464788732
-1.179577464788732
-1.179577464788732
-1.179577464788732
-1.179577464788732
-1.179577464788732
-1.179577464788732
-1.179577464788732
-1.179577464788732
-1.179577464788732
-1.179577464788732
-1.179577464788732
-1.179577464788732
-1.179577464788732
-1.179577464788732
-1.179577464788732
-1.179577464788732
-1.179577464788732
-1.179577464788732
-1.179577464788732
-1.179577464788732
-1.179577464788732
-1.179577464788732
-1.214788732394366
-1.214788732394366
-1.214788732394366
-1.214788732394366
-1.214788732394366
-1.214788732394366
-1.214788732394366
-1.214788732394366
-1.214788732394366
-1.214788732394366
-1.214788732394366
-1.214788732394366
-1.214788732394366
-1.214788732394366
-1.214788732394366
-1.214788732394366
-1.214788732394366
-1.214788732394366
-1.214788732394366
-1.214788732394366
-1.214788732394366
-1.214788732394366
-1.214788732394366
-1.214788732394366
-1.214788732394366
-1.214788732394366
-1.214788732394366
-1.214788732394366
-1.214788732394366
-1.214788732394366
-1.214788732394366
-1.214788732394366
-1.214788732394366
-1.214788732394366
-1.214788732394366
-1.214788732394366
-1.214788732394366
-1.214788732394366
-1.214788732394366
-1.214788732394366
-1.25
-1.25
-1.25
-1.25
-1.25
-1.25
-1.25
-1.25
-1.25
-1.25
-1.25
-1.25
-1.25
-1.25
-1.25
-1.25
-1.25
-1.25
-1.25
-1.25
-1.25
-1.25
-1.25
-1.25
-1.25
-1.25
-1.25
-1.25
-1.25
-1.25
-1.25
-1.25
-1.25
-1.25
-1.25
-1.25
-1.25
-1.25
-1.25
-1.25
-1.285211267605634
-1.285211267605634
-1.285211267605634
-1.285211267605634
-1.285211267605634
-1.285211267605634
-1.285211267605634
-1.285211267605634
-1.285211267605634
-1.285211267605634
-1.285211267605634
-1.285211267605634
-1.285211267605634
-1.285211267605634
-1.285211267605634
-1.285211267605634
-1.285211267605634
-1.285211267605634
-1.285211267605634
-1.285211267605634
-1.285211267605634
-1.285211267605634
-1.285211267605634
-1.285211267605634
-1.285211267605634
-1.285211267605634
-1.285211267605634
-1.285211267605634
-1.285211267605634
-1.285211267605634
-1.285211267605634
-1.285211267605634
-1.285211267605634
-1.285211267605634
-1.285211267605634
-1.285211267605634
-1.285211267605634
-1.285211267605634
-1.285211267605634
-1.285211267605634
-1.320422535211268
-1.320422535211268
-1.320422535211268
-1.320422535211268
-1.320422535211268
-1.320422535211268
-1.320422535211268
-1.320422535211268
-1.320422535211268
-1.320422535211268
-1.320422535211267
-1.320422535211268
-1.320422535211268
-1.320422535211268
-1.320422535211268
-1.320422535211268
-1.320422535211268
-1.320422535211268
-1.320422535211268
-1.320422535211268
-1.320422535211268
-1.320422535211268
-1.320422535211267
-1.320422535211268
-1.320422535211268
-1.320422535211267
-1.320422535211268
-1.320422535211267
-1.320422535211268
-1.320422535211267
-1.320422535211267
-1.320422535211268
-1.320422535211268
-1.320422535211268
-1.320422535211268
-1.320422535211267
-1.320422535211268
-1.320422535211268
-1.320422535211268
-1.320422535211268
-1.355633802816901
-1.355633802816901
-1.355633802816901
-1.355633802816901
-1.355633802816901
-1.355633802816901
-1.355633802816901
-1.355633802816901
-1.355633802816901
-1.355633802816901
-1.355633802816901
-1.355633802816901
-1.355633802816901
-1.355633802816901
-1.355633802816901
-1.355633802816901
-1.355633802816901
-1.355633802816901
-1.355633802816901
-1.355633802816901
-1.355633802816901
-1.355633802816901
-1.355633802816901
-1.355633802816901
-1.355633802816901
-1.355633802816901
-1.355633802816901
-1.355633802816901
-1.355633802816901
-1.355633802816901
-1.355633802816901
-1.355633802816901
-1.355633802816901
-1.355633802816901
-1.355633802816901
-1.355633802816901
-1.355633802816901
-1.355633802816901
-1.355633802816901
-1.355633802816901
-1.390845070422535
-1.390845070422535
-1.390845070422535
-1.390845070422535
-1.390845070422535
-1.390845070422535
-1.390845070422535
-1.390845070422535
-1.390845070422535
-1.390845070422535
-1.390845070422535
-1.390845070422535
-1.390845070422535
-1.390845070422535
-1.390845070422535
-1.390845070422535
-1.390845070422535
-1.390845070422535
-1.390845070422535
-1.390845070422535
-1.390845070422535
-1.390845070422535
-1.390845070422535
-1.390845070422535
-1.390845070422535
-1.390845070422535
-1.390845070422535
-1.390845070422535
-1.390845070422535
-1.390845070422535
-1.390845070422535
-1.390845070422535
-1.390845070422535
-1.390845070422535
-1.390845070422535
-1.390845070422535
-1.390845070422535
-1.390845070422535
-1.390845070422535
-1.390845070422535
)
;

boundaryField
{
    hotWall
    {
        type            calculated;
        value           nonuniform List<scalar> 
40
(
-0.0176056338028169
-0.05281690140845071
-0.08802816901408451
-0.1232394366197183
-0.1584507042253521
-0.1936619718309859
-0.2288732394366197
-0.2640845070422535
-0.2992957746478873
-0.3345070422535211
-0.3697183098591549
-0.4049295774647888
-0.4401408450704225
-0.4753521126760563
-0.51056338028169
-0.5457746478873241
-0.5809859154929579
-0.6161971830985916
-0.6514084507042255
-0.686619718309859
-0.721830985915493
-0.7570422535211268
-0.7922535211267606
-0.8274647887323943
-0.862676056338028
-0.8978873239436619
-0.9330985915492958
-0.9683098591549296
-1.003521126760563
-1.038732394366197
-1.073943661971831
-1.109154929577465
-1.144366197183099
-1.179577464788732
-1.214788732394366
-1.25
-1.285211267605634
-1.320422535211268
-1.355633802816901
-1.390845070422535
)
;
    }
    coldWall
    {
        type            calculated;
        value           nonuniform List<scalar> 
40
(
-0.0176056338028169
-0.05281690140845071
-0.08802816901408451
-0.1232394366197183
-0.1584507042253521
-0.1936619718309859
-0.2288732394366197
-0.2640845070422535
-0.2992957746478873
-0.3345070422535211
-0.3697183098591549
-0.4049295774647887
-0.4401408450704224
-0.4753521126760563
-0.5105633802816902
-0.5457746478873241
-0.5809859154929577
-0.6161971830985916
-0.6514084507042255
-0.6866197183098592
-0.7218309859154931
-0.7570422535211268
-0.7922535211267603
-0.8274647887323943
-0.862676056338028
-0.8978873239436619
-0.9330985915492958
-0.9683098591549297
-1.003521126760563
-1.038732394366197
-1.073943661971831
-1.109154929577465
-1.144366197183099
-1.179577464788732
-1.214788732394366
-1.25
-1.285211267605634
-1.320422535211268
-1.355633802816901
-1.390845070422535
)
;
    }
    bottomWall
    {
        type            calculated;
        value           uniform 0;
    }
    topWall
    {
        type            calculated;
        value           nonuniform List<scalar> 
40
(
-1.408450704225352
-1.408450704225352
-1.408450704225352
-1.408450704225352
-1.408450704225352
-1.408450704225352
-1.408450704225352
-1.408450704225352
-1.408450704225352
-1.408450704225352
-1.408450704225352
-1.408450704225352
-1.408450704225352
-1.408450704225352
-1.408450704225352
-1.408450704225352
-1.408450704225352
-1.408450704225352
-1.408450704225352
-1.408450704225352
-1.408450704225352
-1.408450704225352
-1.408450704225352
-1.408450704225352
-1.408450704225352
-1.408450704225352
-1.408450704225352
-1.408450704225352
-1.408450704225352
-1.408450704225352
-1.408450704225352
-1.408450704225352
-1.408450704225352
-1.408450704225352
-1.408450704225352
-1.408450704225352
-1.408450704225352
-1.408450704225352
-1.408450704225352
-1.408450704225352
)
;
    }
    front
    {
        type            empty;
    }
    back
    {
        type            empty;
    }
}


// ************************************************************************* //
