/*--------------------------------*- C++ -*----------------------------------*\
  =========                 |
  \\      /  F ield         | OpenFOAM: The Open Source CFD Toolbox
   \\    /   O peration     | Website:  https://openfoam.org
    \\  /    A nd           | Version:  13
     \\/     M anipulation  |
\*---------------------------------------------------------------------------*/
FoamFile
{
    format      ascii;
    class       volScalarField;
    location    "2400";
    object      p_rgh;
}
// * * * * * * * * * * * * * * * * * * * * * * * * * * * * * * * * * * * * * //

dimensions      [1 -1 -2 0 0 0 0];

internalField   nonuniform List<scalar> 
1600
(
1.498798887461252e-06
1.650116394699502e-06
2.119661564361561e-06
2.868824965055847e-06
3.778995728162795e-06
4.762353713453235e-06
5.752174774561349e-06
6.703361545154737e-06
7.590035216490368e-06
8.401385300703769e-06
9.137418905632714e-06
9.80520134151124e-06
1.041583357249824e-05
1.098222621022185e-05
1.151759784367341e-05
1.203455542364469e-05
1.254459377935443e-05
1.305786291128732e-05
1.35830795181886e-05
1.412749152444742e-05
1.469683444857248e-05
1.529524371602694e-05
1.59251075486045e-05
1.658686219884905e-05
1.727874660048782e-05
1.799654804831999e-05
1.873338444222702e-05
1.947958087255455e-05
2.022270657331676e-05
2.094783918888252e-05
2.163811322229701e-05
2.227558582104141e-05
2.284241638100911e-05
2.332231309713995e-05
2.370216145225706e-05
2.397376238892205e-05
2.413579519711588e-05
2.419605257563625e-05
2.417193114649525e-05
2.410945737812203e-05
1.509014838321485e-06
1.807106710127463e-06
2.361561459400081e-06
3.146596931061002e-06
4.051782705397824e-06
5.006354570939643e-06
5.957660635991501e-06
6.86978839383632e-06
7.721975096334085e-06
8.505620783831681e-06
9.221065930074155e-06
9.874629173484563e-06
1.0476143669062e-05
1.103709032954902e-05
1.156930453474206e-05
1.208415937457202e-05
1.259210047953076e-05
1.310241073066337e-05
1.362310285801282e-05
1.416086308289834e-05
1.472099318136531e-05
1.530731912879576e-05
1.592205173751622e-05
1.656559948309652e-05
1.723634733008926e-05
1.793042873517527e-05
1.864153125195192e-05
1.936078833671987e-05
2.007681889336333e-05
2.077597852658556e-05
2.144287853406244e-05
2.206120705419024e-05
2.261485067114554e-05
2.30892665619463e-05
2.347299859400303e-05
2.375921713777014e-05
2.394730574637164e-05
2.404382808588217e-05
2.405732075243502e-05
2.402230910440769e-05
1.167375007848811e-06
1.675243273133733e-06
2.384441245918266e-06
3.272940653469219e-06
4.234261007871524e-06
5.210574311145689e-06
6.161084181001483e-06
7.059269140675114e-06
7.891137551111595e-06
8.652558868537255e-06
9.346529547451577e-06
9.980696685307569e-06
1.056531130225722e-05
1.111169361396634e-05
1.16311890522099e-05
1.213452813756295e-05
1.263147909972264e-05
1.313068665086762e-05
1.363960920725782e-05
1.416448961453288e-05
1.471031542054196e-05
1.528074210727824e-05
1.587796682461767e-05
1.650255240857464e-05
1.715321327853859e-05
1.782658723706133e-05
1.851703048867497e-05
1.921648648915989e-05
1.991449033224751e-05
2.059837570025656e-05
2.125374632235949e-05
2.18652536956215e-05
2.241768454381724e-05
2.289730351430653e-05
2.329331411748481e-05
2.359925602969018e-05
2.381430877091247e-05
2.394329960870417e-05
2.398612378518042e-05
2.397154400401899e-05
4.518974097090825e-07
1.213898031407867e-06
2.133313383412211e-06
3.18496897735307e-06
4.262973970983077e-06
5.315535427376342e-06
6.309547865869008e-06
7.226443465382075e-06
8.059468282266312e-06
8.810511730966682e-06
9.487215249841476e-06
1.010055232124666e-05
1.066295910506858e-05
1.118703174207396e-05
1.16847221834973e-05
1.216691618925614e-05
1.26432678446916e-05
1.312218067772597e-05
1.36108512728865e-05
1.411531703765884e-05
1.464047085650027e-05
1.51900211034607e-05
1.576638729358066e-05
1.637053165953813e-05
1.700173715356333e-05
1.765735422105663e-05
1.833255266825247e-05
1.902013028815909e-05
1.971044427374366e-05
2.039154072972233e-05
2.104955607898049e-05
2.166944538208507e-05
2.223605124608867e-05
2.273545833844559e-05
2.315647307217359e-05
2.349200284942985e-05
2.374029326443568e-05
2.390453841896638e-05
2.397927462717378e-05
2.39928973880265e-05
-5.811291871538818e-07
4.695050663115023e-07
1.638806720084811e-06
2.894342420530224e-06
4.130650492834503e-06
5.29841307287711e-06
6.369403335824273e-06
7.331499266334e-06
8.184865851675709e-06
8.937935867109028e-06
9.603983145125257e-06
1.019845785339106e-05
1.073709846919157e-05
1.12347568428711e-05
1.170479577357003e-05
1.215888862603648e-05
1.260706161564532e-05
1.305785230603061e-05
1.351849549870507e-05
1.399507996694961e-05
1.449264296314497e-05
1.501518493086591e-05
1.556559712464323e-05
1.614550302320279e-05
1.675502325318372e-05
1.739248515612093e-05
1.805411297678079e-05
1.873375234808473e-05
1.942270090198149e-05
2.01097309016151e-05
2.07813930269451e-05
2.142267465187744e-05
2.201804352362284e-05
2.255283124770469e-05
2.30147881478471e-05
2.339556088601057e-05
2.369205382691177e-05
2.390605111637106e-05
2.402914642186181e-05
2.40906142323742e-05
-1.887640942317836e-06
-5.282018011252148e-07
9.148345495116725e-07
2.400595860306296e-06
3.823926462588118e-06
5.135522022509188e-06
6.309711879898477e-06
7.339203360473913e-06
8.230292094225944e-06
8.997861676403229e-06
9.661191652792873e-06
1.024082803193524e-05
1.075651211276176e-05
1.122603043078655e-05
1.166476168164698e-05
1.208568067092642e-05
1.249961256320331e-05
1.291558428156307e-05
1.334117267122949e-05
1.378279037939237e-05
1.424587805536063e-05
1.473498789759927e-05
1.525375299537333e-05
1.580474361108044e-05
1.638921907952678e-05
1.70067948913626e-05
1.765506008220345e-05
1.832920003772428e-05
1.902170202961822e-05
1.972224050267424e-05
2.041784882104777e-05
2.109347402646192e-05
2.173297112427334e-05
2.232051307525533e-05
2.284225693828665e-05
2.328801114779302e-05
2.365286512727041e-05
2.393707264137613e-05
2.413041598032313e-05
2.42630048131486e-05
-3.42427001419585e-06
-1.748023593473562e-06
-1.985591065227683e-08
1.710759073231667e-06
3.338890333251105e-06
4.813630620262337e-06
6.110074964674411e-06
7.224260046566669e-06
8.167620475861667e-06
8.961017033901875e-06
9.629672472162083e-06
1.019943755027387e-05
1.069441259004939e-05
1.113573181682518e-05
1.154120329633839e-05
1.192548812393818e-05
1.230055644063448e-05
1.267623326902649e-05
1.30607169221247e-05
1.346100486936145e-05
1.38831951012046e-05
1.43326492882037e-05
1.48140131294686e-05
1.533109468512593e-05
1.588660759658326e-05
1.648179610632687e-05
1.711597458479079e-05
1.778603619698812e-05
1.84860116792522e-05
1.920678544983709e-05
1.993609450228242e-05
2.065893440990838e-05
2.135846349232825e-05
2.20174164340691e-05
2.261989299880427e-05
2.315327314220295e-05
2.361021151156793e-05
2.398892146700267e-05
2.427743941848034e-05
2.450605426936482e-05
-5.149934697828063e-06
-3.157944142913077e-06
-1.142707523760689e-06
8.380088303022445e-07
2.679595677390259e-06
4.328640890247412e-06
5.759745027529768e-06
6.970999471155963e-06
7.977938289322183e-06
8.806700681468599e-06
9.488086892182094e-06
1.005315283259856e-05
1.053044151397911e-05
1.094462783923498e-05
1.131619620763889e-05
1.166175881556648e-05
1.199469314065879e-05
1.232587341705797e-05
1.266435816949377e-05
1.3017959761055e-05
1.33936615124325e-05
1.379786874489422e-05
1.42364892710729e-05
1.471484300731752e-05
1.523740477751124e-05
1.580739292459485e-05
1.642623165416945e-05
1.70929382714053e-05
1.780351679920331e-05
1.855047307775555e-05
1.932259541959607e-05
2.010515662022755e-05
2.088067162814383e-05
2.163027095679957e-05
2.233559707909348e-05
2.298099392885541e-05
2.355592914432643e-05
2.405576648223821e-05
2.446617161765655e-05
2.48167347333526e-05
-7.026792353801932e-06
-4.726838484809165e-06
-2.42970599403375e-06
-2.009134953977667e-07
1.855522005807995e-06
3.683320984317694e-06
5.255785710287022e-06
6.57204015581483e-06
7.650718300749445e-06
8.522423249711892e-06
9.222969248384612e-06
9.788298542696993e-06
1.025127758589217e-05
1.064014558097478e-05
1.097817773955356e-05
1.128410231599334e-05
1.157289191286558e-05
1.185666399732977e-05
1.21455295420482e-05
1.244830457442311e-05
1.27730460442771e-05
1.312739730173718e-05
1.35187380351129e-05
1.395413639697342e-05
1.444010334126653e-05
1.498215555084269e-05
1.558420721214824e-05
1.624783452670967e-05
1.697149067876692e-05
1.774979042856001e-05
1.857302524577832e-05
1.942709840931393e-05
2.029406541010929e-05
2.115340236603339e-05
2.198396916263688e-05
2.276647235762923e-05
2.348635772025195e-05
2.413514802007261e-05
2.469515494243973e-05
2.519435923750105e-05
-9.020111464993065e-06
-6.425014848031657e-06
-3.856495973612283e-06
-1.38720104396125e-06
8.798359605831487e-07
2.885486705629624e-06
4.601316355967184e-06
6.026700097350113e-06
7.182457618734381e-06
8.102798710469392e-06
8.82786825958841e-06
9.398026790389291e-06
9.850199040943225e-06
1.02160861718466e-05
1.052176729543546e-05
1.078817250206807e-05
1.103199489982823e-05
1.126673750087844e-05
1.150370952581028e-05
1.175287406459285e-05
1.202350290416295e-05
1.232462170879953e-05
1.266523896291205e-05
1.305435367281229e-05
1.350073661068318e-05
1.40124832507603e-05
1.459634787493666e-05
1.525689112449026e-05
1.599550965621608e-05
1.680946577047933e-05
1.769109092891371e-05
1.86273861815189e-05
1.960026204299852e-05
2.058761695052151e-05
2.156530090006991e-05
2.250982634845718e-05
2.340176071529976e-05
2.422771518973064e-05
2.496553375664824e-05
2.564069655167355e-05
-1.1098017928304e-05
-8.224434917749804e-06
-5.39906732194697e-06
-2.701047680806945e-06
-2.319758060168489e-07
1.946440340752757e-06
3.803865311890377e-06
5.339355282631794e-06
6.575106955460488e-06
7.548085097290727e-06
8.302018721907115e-06
8.88112228370214e-06
9.326011513852443e-06
9.671654796136879e-06
9.94687125608441e-06
1.01748163492447e-05
1.037397773549417e-05
1.055934114059913e-05
1.074351648209377e-05
1.093771224771846e-05
1.115250709699434e-05
1.139839879844266e-05
1.168612177673797e-05
1.202672486898656e-05
1.243139781357424e-05
1.291103456566596e-05
1.347552906180281e-05
1.413281947678367e-05
1.488773445241177e-05
1.574075093488168e-05
1.66868443977451e-05
1.771468531390117e-05
1.880648550178497e-05
1.993878317177372e-05
2.108431629827698e-05
2.221493251645745e-05
2.330549916380083e-05
2.433664072847538e-05
2.528061925888733e-05
2.615953085602972e-05
-1.323129389938945e-05
-1.009884812532629e-05
-7.034239552911072e-06
-4.122453357464025e-06
-1.463196198473505e-06
8.796615025242481e-07
2.873916057128976e-06
4.517910610341785e-06
5.834522220356353e-06
6.862656780816697e-06
7.648859515557403e-06
8.240578084678358e-06
8.68168256927694e-06
9.010146030309134e-06
9.25740420178944e-06
9.448811272321975e-06
9.604680528766862e-06
9.741538338317602e-06
9.873358694948105e-06
1.001265187128915e-05
1.017134832422635e-05
1.036145403770927e-05
1.05954658569328e-05
1.088653453831111e-05
1.124835704736668e-05
1.169477465721867e-05
1.223905581399249e-05
1.289285894855138e-05
1.366490685036563e-05
1.455946567472702e-05
1.557480771034399e-05
1.670193678211846e-05
1.792394191050819e-05
1.921636964033169e-05
2.054889287610669e-05
2.188834612101776e-05
2.320315463932545e-05
2.446692417439192e-05
2.564527967266485e-05
2.675602426946637e-05
-1.539324638241807e-05
-1.202388810994184e-05
-8.740009544882469e-06
-5.631826692801584e-06
-2.79672567069094e-06
-3.002506864213832e-07
1.823689266127883e-06
3.572472877917373e-06
4.969072615926242e-06
6.053581684776947e-06
6.874603496227607e-06
7.482172238728789e-06
7.922930882446138e-06
8.237544387595581e-06
8.45989391632076e-06
8.617463348545615e-06
8.732385213530281e-06
8.822749791410427e-06
8.903923940970754e-06
8.989738908713174e-06
9.093479786078772e-06
9.228648177864213e-06
9.409483481033216e-06
9.651226382369e-06
9.970098748391064e-06
1.03829639087197e-05
1.090662731782211e-05
1.155674755283878e-05
1.234636047263722e-05
1.328408360836622e-05
1.437216754183677e-05
1.560468908445704e-05
1.696631120397871e-05
1.843211112870765e-05
1.996890853385689e-05
2.153832620409771e-05
2.31017179329123e-05
2.462471018875615e-05
2.606531350956268e-05
2.743607183284992e-05
-1.755963965756672e-05
-1.397715689931157e-05
-1.04958124738568e-05
-7.210439941269716e-06
-4.215735090554726e-06
-1.578410100702097e-06
6.661630265698197e-07
2.514260021534152e-06
3.988471758227876e-06
5.129400328949879e-06
5.986983147492788e-06
6.613192112781266e-06
7.056935747660694e-06
7.361220809551513e-06
7.562162813271353e-06
7.689268570605822e-06
7.766449322431971e-06
7.8133512044252e-06
7.846732359776368e-06
7.881732526782531e-06
7.932959021529864e-06
8.015355586037585e-06
8.144836095319732e-06
8.338662633868175e-06
8.615534795841185e-06
8.995341209508553e-06
9.498512608430978e-06
1.014491736752298e-05
1.095226674084719e-05
1.193406075284952e-05
1.309721654021034e-05
1.443967765374247e-05
1.59484819110047e-05
1.759890612066402e-05
1.935529848596302e-05
2.117403772545128e-05
2.300891172019515e-05
2.481669646373541e-05
2.654689002123275e-05
2.820573467632524e-05
-1.970867172245418e-05
-1.593830263960355e-05
-1.228272272868751e-05
-8.840772864841525e-06
-5.704160845593528e-06
-2.940280769300022e-06
-5.856849952222717e-07
1.354748189171491e-06
2.902853185543108e-06
4.099148277949548e-06
4.994233101346127e-06
5.641385640578691e-06
6.091262318327203e-06
6.388834627302034e-06
6.572207345311082e-06
6.672768803936404e-06
6.716136300713189e-06
6.72347485575805e-06
6.712905714395486e-06
6.700838566159744e-06
6.703142843255618e-06
6.736119274879422e-06
6.817250243122848e-06
6.965704637675561e-06
7.202557197374703e-06
7.550660495123026e-06
8.034087306820766e-06
8.677052199156718e-06
9.502237683826325e-06
1.052850944718723e-05
1.176812352116398e-05
1.322371248558453e-05
1.488557007814339e-05
1.672997086072005e-05
1.871933679802105e-05
2.08049418410673e-05
2.293266213206237e-05
2.504965457300914e-05
2.709608480484361e-05
2.907077255711501e-05
-2.18209727502719e-05
-1.788908640379209e-05
-1.408360615319869e-05
-1.050676768376306e-05
-7.247070623707333e-06
-4.372148239530461e-06
-1.919439418613352e-06
1.050379898146849e-07
1.722081597650224e-06
2.971625032003498e-06
3.904325079816359e-06
4.574167614982116e-06
5.033042751196044e-06
5.327492164954734e-06
5.497336203803626e-06
5.575671334441311e-06
5.589717696330737e-06
5.562095174784441e-06
5.512236518886808e-06
5.457761872575471e-06
5.415722208871564e-06
5.403667664479044e-06
5.440516059754687e-06
5.547194029859083e-06
5.747004737592346e-06
6.065648242961174e-06
6.530790595784416e-06
7.171056307480481e-06
8.014322179667171e-06
9.085240499806961e-06
1.040204073787977e-05
1.197286789598617e-05
1.379220376015576e-05
1.583822250586789e-05
1.807211165167428e-05
2.044034619175526e-05
2.288069930612392e-05
2.533005419020267e-05
2.771850560277307e-05
3.003626506343606e-05
-2.38796072617007e-05
-1.981343101829134e-05
-1.588322793210504e-05
-1.21940093922725e-05
-8.830922404281476e-06
-5.861453202586144e-06
-3.323643506445108e-06
-1.224589939805579e-06
4.552732192929094e-07
1.754888122900198e-06
2.724440869640247e-06
3.418074274313946e-06
3.888414247665961e-06
4.183170236058438e-06
4.343581851327464e-06
4.404251529668069e-06
4.393870207354803e-06
4.336423157320051e-06
4.252582117406709e-06
4.161101339060099e-06
4.080118365649011e-06
4.028310822757944e-06
4.025881674038992e-06
4.095342881373526e-06
4.262046627738971e-06
4.554379428693845e-06
5.003494267728036e-06
5.642420191708599e-06
6.504375567125995e-06
7.620147146271847e-06
9.014515281846497e-06
1.070193516105849e-05
1.268202858409434e-05
1.49358439159666e-05
1.742414748019447e-05
2.008907328299786e-05
2.286025367088707e-05
2.566376715721456e-05
2.841898976665265e-05
3.110630063954208e-05
-2.587006668997517e-05
-2.16974454308206e-05
-1.766831745700911e-05
-1.38898410145262e-05
-1.044373444577556e-05
-7.397012340218673e-06
-4.788060391919218e-06
-2.624963697775835e-06
-8.895093891996137e-07
4.55938773862941e-07
1.460652373020883e-06
2.178438971449186e-06
2.662190929645392e-06
2.960385397204692e-06
3.115369430660362e-06
3.163024703606984e-06
3.133354352204902e-06
3.051595595776891e-06
2.939567479013883e-06
2.817067956503249e-06
2.703216124068651e-06
2.61768699147154e-06
2.581809100409508e-06
2.619493445133576e-06
2.757939551579674e-06
3.028025131608603e-06
3.464235053837506e-06
4.103933898960112e-06
4.985753363254235e-06
6.146882484062454e-06
7.619157431923664e-06
9.42409191251994e-06
1.156738922443568e-05
1.403398624142356e-05
1.678513261930305e-05
1.975921000061567e-05
2.287781734271144e-05
2.605582771869592e-05
2.920135389962151e-05
3.228371427730669e-05
-2.77802434825934e-05
-2.352941959746573e-05
-1.942759017212147e-05
-1.558341996824749e-05
-1.207517940461445e-05
-8.969146518380943e-06
-6.303825591970379e-06
-4.088184641623546e-06
-2.305422880213048e-06
-9.194373161534954e-07
1.177722085929705e-07
8.592534214368669e-07
1.35773559892569e-06
1.66207649393116e-06
1.815411487516733e-06
1.854655557879271e-06
1.810941880111892e-06
1.710623729029845e-06
1.576557624971117e-06
1.429482141626404e-06
1.289385257207829e-06
1.176804934813252e-06
1.114032017023276e-06
1.126183613686639e-06
1.242091292031277e-06
1.494903839997501e-06
1.922243205711473e-06
2.565683835667847e-06
3.469269928516191e-06
4.676777414903719e-06
6.227519754288372e-06
8.150748619041982e-06
1.045915272178863e-05
1.314257962309098e-05
1.616372617533823e-05
1.945791497096939e-05
2.293895054984585e-05
2.651023222902786e-05
3.006818139923914e-05
3.356986090018696e-05
-2.960038118679125e-05
-2.529978611445042e-05
-2.115172544843173e-05
-1.72657185930745e-05
-1.371661065732179e-05
-1.056972998179239e-05
-7.863510094011886e-06
-5.607692114130798e-06
-3.786897668856412e-06
-2.366705670171788e-06
-1.300658439479731e-06
-5.368194440750311e-07
-2.300267679480003e-08
2.89666425452491e-07
4.447940017230935e-07
4.800694803000279e-07
4.275539944686412e-07
3.145601259044448e-07
1.648542890529408e-07
-9.33170558603706e-18
-1.592656503252172e-07
-2.916788635665429e-07
-3.741503143221131e-07
-3.805513751337465e-07
-2.806406812506298e-07
-3.923531713606313e-08
3.84197712355159e-07
1.03526803710073e-06
1.963363857989732e-06
3.218949469889086e-06
4.849146907461423e-06
6.891541647814218e-06
9.36665156594626e-06
1.227023638305785e-05
1.556743262264727e-05
1.919127437190274e-05
2.304812452958794e-05
2.702977022851185e-05
3.102064023324322e-05
3.49644177120984e-05
-3.132299704423851e-05
-2.700104540290383e-05
-2.283329831132185e-05
-1.892946854138363e-05
-1.536102320808815e-05
-1.219216631314474e-05
-9.461103665258225e-06
-7.178242090099704e-06
-5.329599048679449e-06
-3.882516009453078e-06
-2.792267919561963e-06
-2.008305797401309e-06
-1.479310953492013e-06
-1.156723517193495e-06
-9.967739946167554e-07
-9.612636718945592e-07
-1.017421427243011e-06
-1.137151315697263e-06
-1.295922396988896e-06
-1.471475368349231e-06
-1.64245178670097e-06
-1.787001966434291e-06
-1.88140124367032e-06
-1.89870275410864e-06
-1.807479560870619e-06
-1.570761641159143e-06
-1.145354284183485e-06
-4.818284437575827e-07
4.744181358211291e-07
1.780558906742071e-06
3.491762251313939e-06
5.654449138074208e-06
8.297732183883695e-06
1.142423989029566e-05
1.50025421853688e-05
1.896420629093567e-05
2.320860082586072e-05
2.761588561184038e-05
3.205832861636283e-05
3.646521318440367e-05
-3.294277471539416e-05
-2.862765109184975e-05
-2.446666108214873e-05
-2.056904489238379e-05
-1.700294522980187e-05
-1.383128791616814e-05
-1.109191653285674e-05
-8.795799967005363e-06
-6.930297647511031e-06
-5.464537953786313e-06
-4.355646047436868e-06
-3.554664322952551e-06
-3.011406309272778e-06
-2.67791968671317e-06
-2.510561656868102e-06
-2.470889614116865e-06
-2.525652362255462e-06
-2.646164098589716e-06
-2.807292769021128e-06
-2.986227328665254e-06
-3.161125450200002e-06
-3.309695548281327e-06
-3.407740082997787e-06
-3.427684146861708e-06
-3.337137598440906e-06
-3.097594515150253e-06
-2.663463647502545e-06
-1.981745392187375e-06
-9.928078935720248e-07
3.671754716094824e-07
2.161562561320545e-06
4.446009803437351e-06
7.25889770358052e-06
1.061061552297101e-05
1.447413873248916e-05
1.878041786588367e-05
2.342235115969466e-05
2.826857045794593e-05
3.317914939906711e-05
3.806808264704327e-05
-3.445642521645244e-05
-3.017585148432839e-05
-2.604776869953188e-05
-2.218028154614872e-05
-1.863824946379372e-05
-1.548316607692826e-05
-1.275238494171049e-05
-1.045733247008438e-05
-8.586634779265593e-06
-7.111186517681942e-06
-5.990019030220949e-06
-5.175904147780654e-06
-4.619994946253619e-06
-4.275198375938345e-06
-4.098266530958269e-06
-4.05077400809366e-06
-4.099228155753137e-06
-4.214562957179776e-06
-4.371226964601109e-06
-4.546017726652876e-06
-4.716757995950003e-06
-4.860863693729829e-06
-4.953826427807269e-06
-4.967628878619964e-06
-4.869134658241593e-06
-4.618551681168586e-06
-4.168165835164147e-06
-3.461680846674247e-06
-2.434666983323299e-06
-1.016772746345522e-06
8.635974671313311e-07
3.271627652242811e-06
6.255534890165173e-06
9.834280142404403e-06
1.398617670252422e-05
1.864241961445054e-05
2.369002279210484e-05
2.898629521744186e-05
3.437921510050801e-05
3.976675114486304e-05
-3.586251429549513e-05
-3.164348194470797e-05
-2.757393896816514e-05
-2.37602050336001e-05
-2.026386688094896e-05
-1.714480899849815e-05
-1.443975340813807e-05
-1.216046810179083e-05
-1.029675042373854e-05
-8.821205219327364e-06
-7.694776797031765e-06
-6.872049378450923e-06
-6.30567186148422e-06
-5.949623305975715e-06
-5.761296319702114e-06
-5.702537477924531e-06
-5.739858077806687e-06
-5.844036640458868e-06
-5.989302390218872e-06
-6.152238912121159e-06
-6.310495529593009e-06
-6.44135106793969e-06
-6.520147326117559e-06
-6.51860344701501e-06
-6.403044170543191e-06
-6.13263335100842e-06
-5.657808470740429e-06
-4.91926721933291e-06
-3.848053698612387e-06
-2.367487813277715e-06
-3.977832905108898e-07
2.135949370022062e-06
5.29221647172353e-06
9.099266009768153e-06
1.354162712180501e-05
1.855159975613939e-05
2.401095309815581e-05
2.976597831603602e-05
3.565278525413188e-05
4.155274396908e-05
-3.716125447400376e-05
-3.30297022075237e-05
-2.90435369904952e-05
-2.530667030375777e-05
-2.187737940120263e-05
-1.881371717144867e-05
-1.615159580607035e-05
-1.390298232973658e-05
-1.205872625983768e-05
-1.059305807183506e-05
-9.468805394001264e-06
-8.642406378490771e-06
-8.06812215008865e-06
-7.701185116753686e-06
-7.499855068309119e-06
-7.426500090193072e-06
-7.447887383524276e-06
-7.534879257275719e-06
-7.661703494624611e-06
-7.804923856091299e-06
-7.942189672476834e-06
-8.050802861220988e-06
-8.106113166700074e-06
-8.079744478468197e-06
-7.937674860412911e-06
-7.638251285626002e-06
-7.130329588196813e-06
-6.351900185836432e-06
-5.22978560303626e-06
-3.681237818176216e-06
-1.618424077639648e-06
1.043306474103805e-06
4.373073073025839e-06
8.409015957493624e-06
1.314269210715378e-05
1.850835983110113e-05
2.438323541710339e-05
3.060299684148158e-05
3.69922367193727e-05
4.34153245186541e-05
-3.835425982922924e-05
-3.433467271745962e-05
-3.045557296481637e-05
-2.681788128041573e-05
-2.347646659664454e-05
-2.048726217747401e-05
-1.788513261403166e-05
-1.568205742383021e-05
-1.386978879232076e-05
-1.242407393356577e-05
-1.130956982321641e-05
-1.048458413840359e-05
-9.905081563963973e-06
-9.527709132914355e-06
-9.311809179763928e-06
-9.220519588362293e-06
-9.2211232225381e-06
-9.284819375330497e-06
-9.386068445348442e-06
-9.501622826460022e-06
-9.609314209852109e-06
-9.686628765832061e-06
-9.709073802332377e-06
-9.648329541009862e-06
-9.470196912315422e-06
-9.13240958047359e-06
-8.582491474161166e-06
-7.756023819905754e-06
-6.575938429086678e-06
-4.953742126244054e-06
-2.793800876526917e-06
-1.779405994451798e-09
3.502233506584362e-06
7.766749276592949e-06
1.279108816996451e-05
1.851231253833599e-05
2.480383708389213e-05
3.149123854098259e-05
3.838806624178675e-05
4.534145800257059e-05
-3.944426113523262e-05
-3.555916617585856e-05
-3.180920651182594e-05
-2.829178421182578e-05
-2.505818741792701e-05
-2.216186186126168e-05
-1.963630915651152e-05
-1.749327504769557e-05
-1.57252266465778e-05
-1.430929690388998e-05
-1.321190459946135e-05
-1.239323225268058e-05
-1.181103088776966e-05
-1.142351767705621e-05
-1.119133169890975e-05
-1.107863335184895e-05
-1.105349039436306e-05
-1.108770478361068e-05
-1.115621606726002e-05
-1.123618285125369e-05
-1.130580422693001e-05
-1.13429057239899e-05
-1.132328593261461e-05
-1.121880777547128e-05
-1.09952326941178e-05
-1.060985126482902e-05
-1.000907859406947e-05
-9.126375704024788e-06
-7.881135397666782e-06
-6.179503909129779e-06
-3.918398875327665e-06
-9.940246655868792e-07
2.684336655911339e-06
7.175901171745986e-06
1.248840069476901e-05
1.856254342990542e-05
2.526877010562379e-05
3.242319409791444e-05
3.982892287835939e-05
4.731579778538368e-05
-4.043477808311213e-05
-3.67041156883186e-05
-3.310316132634814e-05
-2.972533718079159e-05
-2.661809780252717e-05
-2.383194906990063e-05
-2.139862833125944e-05
-1.93293325549988e-05
-1.761701278673176e-05
-1.624003656284305e-05
-1.516651247249651e-05
-1.435850693761531e-05
-1.37756470471097e-05
-1.337788359869864e-05
-1.312737520121866e-05
-1.298956672571097e-05
-1.293358952001803e-05
-1.293212232207026e-05
-1.296083582484368e-05
-1.299751262013063e-05
-1.302089695668978e-05
-1.300929237397041e-05
-1.293889609073275e-05
-1.278184452081575e-05
-1.250395523006656e-05
-1.206220288838724e-05
-1.140208147492044e-05
-1.045520494175027e-05
-9.137796464134822e-06
-7.351090577091959e-06
-4.985027516361001e-06
-1.926740982879626e-06
1.925119806228155e-06
6.640640458370912e-06
1.223651348924205e-05
1.865793889307813e-05
2.577331471150517e-05
3.339008733679567e-05
4.130166571590383e-05
4.932068853120964e-05
-4.132974421407688e-05
-3.777011041610437e-05
-3.433507349320629e-05
-3.11136883129133e-05
-2.814924399513226e-05
-2.54887800811437e-05
-2.316178995795935e-05
-2.117854152380955e-05
-1.953219761742926e-05
-1.820219300337535e-05
-1.715825703846991e-05
-1.636436314869578e-05
-1.578212220509859e-05
-1.537339929036435e-05
-1.510210920260237e-05
-1.49352527979396e-05
-1.484330851053996e-05
-1.480010557325723e-05
-1.478229149671707e-05
-1.476847742715899e-05
-1.473810942616919e-05
-1.467007791591659e-05
-1.454104749147794e-05
-1.432347244641011e-05
-1.398327075235721e-05
-1.347717762576292e-05
-1.274991241553133e-05
-1.173149604606386e-05
-1.03353697569671e-05
-8.458376017519267e-06
-5.984080760316987e-06
-2.791125152951264e-06
1.232082877511956e-06
6.166466780586625e-06
1.203811538859068e-05
1.879758167614858e-05
2.631229470630735e-05
3.438203891235778e-05
4.279143912211802e-05
5.133617629794403e-05
-4.213308012039857e-05
-3.875686409182756e-05
-3.550082570622948e-05
-3.244933898190318e-05
-2.964113105857937e-05
-2.711920484066372e-05
-2.491028065838584e-05
-2.302327287936443e-05
-2.145125604108762e-05
-2.017455657231825e-05
-1.916446406478021e-05
-1.838690046164127e-05
-1.780558897437446e-05
-1.738450692628608e-05
-1.708957203947985e-05
-1.688961393196407e-05
-1.675673388907213e-05
-1.666616913516044e-05
-1.659576564561607e-05
-1.652513641265731e-05
-1.643454779919228e-05
-1.630354122084935e-05
-1.610926658418107e-05
-1.582448491719824e-05
-1.541520149472182e-05
-1.4837934650702e-05
-1.40367339943095e-05
-1.294026485205181e-05
-1.145959863678659e-05
-9.487787359570045e-06
-6.902776275889759e-06
-3.575507432332586e-06
6.152095690981517e-07
5.760874528856903e-06
1.18972759770331e-05
1.898120865840671e-05
2.688039897113362e-05
3.538825491489703e-05
4.428175291504206e-05
5.334001005837185e-05
-4.28482142056165e-05
-3.966270093153491e-05
-3.659395481687072e-05
-3.372142123178674e-05
-3.10788389634006e-05
-2.870461500140932e-05
-2.662217211867585e-05
-2.483864421330029e-05
-2.334671587249293e-05
-2.212743444669583e-05
-2.115360091528697e-05
-2.039314201350359e-05
-1.981203400806073e-05
-1.93765687723741e-05
-1.905490692478714e-05
-1.881796063716667e-05
-1.863969930429147e-05
-1.849698541149118e-05
-1.836903730523767e-05
-1.823658995392683e-05
-1.808079163436196e-05
-1.788183957510942e-05
-1.761732635895983e-05
-1.726024823816814e-05
-1.677662714824317e-05
-1.612273717207538e-05
-1.524202876738354e-05
-1.406204253827807e-05
-1.249192934685239e-05
-1.04216506895293e-05
-7.724457285106697e-06
-4.264630624111892e-06
8.768583561911145e-08
5.434037336310851e-06
1.182005725318513e-05
1.920970795747439e-05
2.747253174711622e-05
3.639722352844154e-05
4.575454736697673e-05
5.530761173142407e-05
-4.347756277537366e-05
-4.04841260221107e-05
-3.760525387005496e-05
-3.491526664002949e-05
-3.244252440279539e-05
-3.02203708954675e-05
-2.826848924895406e-05
-2.659186396674596e-05
-2.518252460917184e-05
-2.402209042989058e-05
-2.308483623585317e-05
-2.234075137409337e-05
-2.17581959062593e-05
-2.13059548993896e-05
-2.095463349354154e-05
-2.067742800127423e-05
-2.04503575793558e-05
-2.025205570718713e-05
-2.006321129096969e-05
-1.986572493315815e-05
-1.964161395175278e-05
-1.937166568691545e-05
-1.903380762200533e-05
-1.86011412991127e-05
-1.803958497941207e-05
-1.73051038852078e-05
-1.634060174605326e-05
-1.507273685665027e-05
-1.340924501539057e-05
-1.123781574675755e-05
-8.42812756173517e-06
-4.839115989454353e-06
-3.335206971535255e-07
5.199400989840746e-06
1.181507546026498e-05
1.948559416626274e-05
2.808414887162331e-05
3.739688679930196e-05
4.719021160967453e-05
5.721198329256355e-05
-4.402200977491453e-05
-4.121557123345452e-05
-3.852271038500759e-05
-3.60124652054257e-05
-3.370757276052746e-05
-3.163604201415969e-05
-2.98135503188386e-05
-2.82426928272851e-05
-2.691465896945424e-05
-2.581152934195345e-05
-2.490902035248639e-05
-2.417922004678455e-05
-2.359295801849152e-05
-2.312162578098331e-05
-2.273839206977484e-05
-2.241884337474916e-05
-2.214112672699433e-05
-2.188568614668242e-05
-2.163467551531543e-05
-2.137110763148836e-05
-2.107776875163717e-05
-2.073589535186612e-05
-2.032357993120417e-05
-1.981385121317397e-05
-1.91723702098179e-05
-1.835471252596535e-05
-1.730329305619901e-05
-1.594416554641376e-05
-1.418423450037925e-05
-1.19098746913018e-05
-8.988531796075845e-06
-5.275413870200284e-06
-6.274915304214616e-07
5.073951998890079e-06
1.189382713026491e-05
1.981332475002409e-05
2.871148607001598e-05
3.837472432293592e-05
4.856750701243921e-05
5.902351235568452e-05
-4.448048032546948e-05
-4.184943102222762e-05
-3.933191685800952e-05
-3.6991583437761e-05
-3.484561595402198e-05
-3.291673040663857e-05
-3.121660126563174e-05
-2.974538924793524e-05
-2.849337545681151e-05
-2.744303922073638e-05
-2.657149743299535e-05
-2.585291873280404e-05
-2.526059866422783e-05
-2.476853316200572e-05
-2.435244104487246e-05
-2.399026344865331e-05
-2.366221067513244e-05
-2.335043994504636e-05
-2.303843922332648e-05
-2.271017063691644e-05
-2.23489985388757e-05
-2.193639699009895e-05
-2.145040361639033e-05
-2.08637664980799e-05
-2.01417259245192e-05
-1.923939712483257e-05
-1.809879571866119e-05
-1.664570711481243e-05
-1.478688396207166e-05
-1.240849345648812e-05
-9.377314050514205e-06
-5.546765727259817e-06
-7.700960108172626e-07
5.077716785874664e-06
1.207040772656602e-05
2.019917207554396e-05
2.935147963033995e-05
3.931762133030247e-05
4.986331494979364e-05
6.07096339433885e-05
-4.484978857426583e-05
-4.237652065334582e-05
-4.001704170088724e-05
-3.782960752049693e-05
-3.582647879985335e-05
-3.402554790788025e-05
-3.243482731469672e-05
-3.105223257010707e-05
-2.986719977186604e-05
-2.886258506758861e-05
-2.801682999020693e-05
-2.730607183668134e-05
-2.670593183024539e-05
-2.619284415261878e-05
-2.574488658517032e-05
-2.534214047386166e-05
-2.496664459015003e-05
-2.460201819870363e-05
-2.423282038736888e-05
-2.384369268362705e-05
-2.341830612329766e-05
-2.293810677600141e-05
-2.238082898255265e-05
-2.171872743901131e-05
-2.091647444008614e-05
-1.992868880121715e-05
-1.869712799978214e-05
-1.714771502003344e-05
-1.518782526795703e-05
-1.27046631416089e-05
-9.56611356444846e-06
-5.626059824888686e-06
-7.365071292353032e-07
5.231677145289247e-06
1.235990641466646e-05
2.065006884227071e-05
3.000095132802463e-05
4.021124451982055e-05
5.105205444593552e-05
6.22342969471211e-05
-4.512508801714523e-05
-4.27871399802929e-05
-4.05624107913139e-05
-3.850407064352586e-05
-3.662094581813113e-05
-3.492708538492604e-05
-3.342753446379538e-05
-3.211837643135373e-05
-3.098837255214492e-05
-3.002074049253845e-05
-2.919509501320723e-05
-2.848929225742883e-05
-2.788095950776245e-05
-2.73486022242963e-05
-2.68722613966664e-05
-2.643374983911589e-05
-2.601652635700852e-05
-2.560527480577132e-05
-2.518524697472649e-05
-2.474141024365558e-05
-2.425741831854725e-05
-2.37143999886294e-05
-2.308953988403141e-05
-2.235441005177777e-05
-2.14730071999782e-05
-2.039946739784504e-05
-1.90754847495598e-05
-1.74275797472568e-05
-1.536458309899439e-05
-1.277605997290613e-05
-9.532911214962506e-06
-5.49198181658613e-06
-5.069282221662819e-07
5.552710840384664e-06
1.277421912312642e-05
2.117039431911994e-05
3.065432058102948e-05
4.103850807606736e-05
5.210462584392203e-05
6.355728677863548e-05
-4.530155981946356e-05
-4.307311635790866e-05
-4.095489479688366e-05
-3.899595690018879e-05
-3.720435452897138e-05
-3.55917925048611e-05
-3.416132850094224e-05
-3.290776953183258e-05
-3.18194026073079e-05
-3.08797309742805e-05
-3.00692594540658e-05
-2.936713217106989e-05
-2.875245541782657e-05
-2.820522658083278e-05
-2.770685445253176e-05
-2.724030043345805e-05
-2.678989405246801e-05
-2.634088205471451e-05
-2.587876286256779e-05
-2.538844274863219e-05
-2.485323101924466e-05
-2.42536722426934e-05
-2.356619666721373e-05
-2.276155819424028e-05
-2.180302687748824e-05
-2.064431770128617e-05
-1.92272831874928e-05
-1.747949663264186e-05
-1.531203739998403e-05
-1.261809573008734e-05
-9.273461789685427e-06
-5.140506849727152e-06
-7.770461909735142e-08
6.043390895569504e-06
1.33133034014021e-05
2.17551177989323e-05
3.129882297595275e-05
4.177673624986776e-05
5.298702776759212e-05
6.463413154513116e-05
-4.537799719080145e-05
-4.323059588742642e-05
-4.118624575058589e-05
-3.929218801140782e-05
-3.755963952249115e-05
-3.5999801471858e-05
-3.461479658262531e-05
-3.33986683730079e-05
-3.233931115510496e-05
-3.142026351959184e-05
-3.062242682918762e-05
-2.992557733247986e-05
-2.930955515368088e-05
-2.87550772561229e-05
-2.824416981460313e-05
-2.776024973315024e-05
-2.728790400966895e-05
-2.681242025302331e-05
-2.631911547980811e-05
-2.579249758264945e-05
-2.521527831030622e-05
-2.456724113917562e-05
-2.382395431774141e-05
-2.29553109512625e-05
-2.192387772255149e-05
-2.06830479073591e-05
-1.917503369659389e-05
-1.732881539332912e-05
-1.505831663438267e-05
-1.226132540682706e-05
-8.820049034233568e-06
-4.604646831421843e-06
5.185242006056974e-07
6.67225716390274e-06
1.394687802972557e-05
2.23739413348036e-05
3.190190627614556e-05
4.238877094177411e-05
5.365517956336555e-05
6.541576019094845e-05
-4.53605508218661e-05
-4.32578977680129e-05
-4.124540728647158e-05
-3.937489197337008e-05
-3.766537879250327e-05
-3.612909445667104e-05
-3.476776859314262e-05
-3.357465623880519e-05
-3.253681320311019e-05
-3.16370595900009e-05
-3.08557379516462e-05
-3.017220261788006e-05
-2.956596675695478e-05
-2.901747275093919e-05
-2.850848774808767e-05
-2.802215474416546e-05
-2.754274635183713e-05
-2.705517319249879e-05
-2.654429415911568e-05
-2.599406520801799e-05
-2.538655024270727e-05
-2.470080482486721e-05
-2.391163312382328e-05
-2.298821286754806e-05
-2.189258506099657e-05
-2.057801988074988e-05
-1.898730599206835e-05
-1.705108122230945e-05
-1.468644722462852e-05
-1.179631068597043e-05
-8.270179414479986e-06
-3.987484093161518e-06
1.175225159343324e-06
7.331924632937569e-06
1.456921497263656e-05
2.292459709281888e-05
3.236582478300979e-05
4.278293072927044e-05
5.402612034875978e-05
6.583357760192226e-05
-4.528818153608463e-05
-4.318619714179419e-05
-4.116082232797615e-05
-3.927502956270236e-05
-3.755683046655805e-05
-3.601989704660926e-05
-3.466544526914222e-05
-3.34855153731901e-05
-3.246564716367634e-05
-3.158706543707135e-05
-3.0828560540649e-05
-3.016804669552077e-05
-2.958374972694443e-05
-2.905499793651802e-05
-2.856262080168224e-05
-2.808898793458528e-05
-2.761773826882363e-05
-2.713325534713319e-05
-2.661994095333151e-05
-2.606132959666792e-05
-2.543907400933811e-05
-2.473181982591342e-05
-2.391397838468201e-05
-2.29544023480151e-05
-2.181497233313325e-05
-2.044911826685676e-05
-1.880033375853307e-05
-1.680080615871519e-05
-1.437039319806537e-05
-1.141634240396845e-05
-7.834372239396985e-06
-3.511976956679784e-06
1.665031881894645e-06
7.801902004306505e-06
1.49802230621329e-05
2.324080620524959e-05
3.256784252549343e-05
4.28816316300614e-05
5.406280008354031e-05
6.588416690126598e-05
)
;

boundaryField
{
    hotWall
    {
        type            fixedFluxPressure;
        gradient        nonuniform List<scalar> 
40
(
-6.033878934681655e-05
-0.0001828383824483428
-0.0003085401602018943
-0.0004365929785406642
-0.0005652904462429019
-0.0006927431749637686
-0.0008171674285734143
-0.0009369860612536704
-0.001050848043977544
-0.00115761677851135
-0.001256349014972662
-0.001346272959101523
-0.001426768397430181
-0.001497349401308738
-0.001557649449801682
-0.001607408701728511
-0.001646463226029897
-0.001674736103272255
-0.001692230405206114
-0.001699024172945409
-0.001695267700282906
-0.001681183737491117
-0.001657071680400249
-0.001623317348815349
-0.001580410430701562
-0.001528971778707517
-0.001469792073335668
-0.001403881446499492
-0.001332526165933101
-0.001257343508347794
-0.001180320296243361
-0.001103815895910408
-0.001030509072735908
-0.0009632722256465535
-0.0009049672522668633
-0.0008581734811885516
-0.0008248763883100199
-0.0008061630317644456
-0.0008019896306602427
-0.0008111232700440294
)
;
        value           nonuniform List<scalar> 
40
(
1.423375400777731e-06
1.280466860261057e-06
7.816998075964429e-07
-9.384381346674772e-08
-1.287742244957509e-06
-2.753569911022546e-06
-4.445729299912618e-06
-6.321167274395151e-06
-8.340352408773861e-06
-1.046713243813225e-05
-1.266845419701983e-05
-1.491413509826635e-05
-1.71767068792058e-05
-1.943132640920264e-05
-2.165573353470628e-05
-2.383023362743255e-05
-2.593768629423807e-05
-2.796348681906549e-05
-2.989553148910104e-05
-3.172416140297301e-05
-3.344208166959215e-05
-3.504425438725806e-05
-3.652776481695275e-05
-3.789166098151432e-05
-3.913676751238071e-05
-4.026547455261363e-05
-4.128150122690221e-05
-4.218962989123649e-05
-4.299540192149325e-05
-4.370475950583331e-05
-4.43236145759207e-05
-4.485733264526167e-05
-4.531014611583442e-05
-4.568457060752767e-05
-4.598099763959941e-05
-4.619780486863092e-05
-4.633265530485108e-05
-4.6385700980507e-05
-4.636303786019141e-05
-4.630208562363967e-05
)
;
    }
    coldWall
    {
        type            fixedFluxPressure;
        gradient        nonuniform List<scalar> 
40
(
1.026515300680275e-05
3.123972223160338e-05
5.373344141622184e-05
7.908338189255981e-05
0.0001087654243796624
0.0001442512619835603
0.0001868840582020574
0.000237790749194561
0.0002978375000478357
0.0003676254343128079
0.0004475166457088101
0.0005376770183838992
0.0006381227938857599
0.0007487610906875068
0.0008694190306298117
0.0009998602229224229
0.001139790180142211
0.001288853564235653
0.001446626256432863
0.001612604609863262
0.001786193358617264
0.001966692858152577
0.002153285784608093
0.002345023149497755
0.002540809437670267
0.002739386774400883
0.002939318212291057
0.003138970500204758
0.003336497144489371
0.00352982344828972
0.003716637039624735
0.003894391173440916
0.004060335676659086
0.004211605186703382
0.004345422430438959
0.004459526504940694
0.004553029872548974
0.004628064035104552
0.004692785477429558
0.004766675384479084
)
;
        value           nonuniform List<scalar> 
40
(
2.412228881938053e-05
2.406135875719719e-05
2.403871080578927e-05
2.40917516153922e-05
2.422657101284878e-05
2.444331889062805e-05
2.473965934211739e-05
2.511397316984581e-05
2.556665611256084e-05
2.610022834456456e-05
2.671892666316574e-05
2.742812054244625e-05
2.823372532520713e-05
2.914168603968465e-05
3.015754634540227e-05
3.12860903420891e-05
3.253103836471985e-05
3.389478123260124e-05
3.537814372072807e-05
3.698017347442746e-05
3.869795488267523e-05
4.0526448719734e-05
4.245835837562313e-05
4.448402290595226e-05
4.659133631574193e-05
4.87656914705717e-05
5.098994555074746e-05
5.324440165646564e-05
5.550679772855575e-05
5.775228936873406e-05
5.995340803095498e-05
6.207997225936476e-05
6.40989319515085e-05
6.597414042676772e-05
6.766607498516998e-05
6.913169490981142e-05
7.032541888581738e-05
7.120084023482914e-05
7.169955944870927e-05
7.184251113186498e-05
)
;
    }
    bottomWall
    {
        type            fixedFluxPressure;
        gradient        uniform 0;
        value           nonuniform List<scalar> 
40
(
1.498798887461252e-06
1.650116394699502e-06
2.119661564361561e-06
2.868824965055847e-06
3.778995728162795e-06
4.762353713453235e-06
5.752174774561349e-06
6.703361545154737e-06
7.590035216490368e-06
8.401385300703769e-06
9.137418905632714e-06
9.80520134151124e-06
1.041583357249824e-05
1.098222621022185e-05
1.151759784367341e-05
1.203455542364469e-05
1.254459377935443e-05
1.305786291128732e-05
1.35830795181886e-05
1.412749152444742e-05
1.469683444857248e-05
1.529524371602694e-05
1.59251075486045e-05
1.658686219884905e-05
1.727874660048782e-05
1.799654804831999e-05
1.873338444222702e-05
1.947958087255455e-05
2.022270657331676e-05
2.094783918888252e-05
2.163811322229701e-05
2.227558582104141e-05
2.284241638100911e-05
2.332231309713995e-05
2.370216145225706e-05
2.397376238892205e-05
2.413579519711588e-05
2.419605257563625e-05
2.417193114649525e-05
2.410945737812203e-05
)
;
    }
    topWall
    {
        type            fixedFluxPressure;
        gradient        uniform 0;
        value           nonuniform List<scalar> 
40
(
-4.528818153608463e-05
-4.318619714179419e-05
-4.116082232797615e-05
-3.927502956270236e-05
-3.755683046655805e-05
-3.601989704660926e-05
-3.466544526914222e-05
-3.34855153731901e-05
-3.246564716367634e-05
-3.158706543707135e-05
-3.0828560540649e-05
-3.016804669552077e-05
-2.958374972694443e-05
-2.905499793651802e-05
-2.856262080168224e-05
-2.808898793458528e-05
-2.761773826882363e-05
-2.713325534713319e-05
-2.661994095333151e-05
-2.606132959666792e-05
-2.543907400933811e-05
-2.473181982591342e-05
-2.391397838468201e-05
-2.29544023480151e-05
-2.181497233313325e-05
-2.044911826685676e-05
-1.880033375853307e-05
-1.680080615871519e-05
-1.437039319806537e-05
-1.141634240396845e-05
-7.834372239396985e-06
-3.511976956679784e-06
1.665031881894645e-06
7.801902004306505e-06
1.49802230621329e-05
2.324080620524959e-05
3.256784252549343e-05
4.28816316300614e-05
5.406280008354031e-05
6.588416690126598e-05
)
;
    }
    front
    {
        type            empty;
    }
    back
    {
        type            empty;
    }
}


// ************************************************************************* //
