/*--------------------------------*- C++ -*----------------------------------*\
  =========                 |
  \\      /  F ield         | OpenFOAM: The Open Source CFD Toolbox
   \\    /   O peration     | Website:  https://openfoam.org
    \\  /    A nd           | Version:  13
     \\/     M anipulation  |
\*---------------------------------------------------------------------------*/
FoamFile
{
    format      ascii;
    class       volScalarField;
    location    "2.913037886007";
    object      rho_0;
}
// * * * * * * * * * * * * * * * * * * * * * * * * * * * * * * * * * * * * * //

dimensions      [1 -3 0 0 0 0 0];

internalField   nonuniform List<scalar> 
2142
(
1.0000154241521926
1.0000184226146809
1.0000219548157387
1.0000261113844726
1.0000309992209191
1.0000367446066942
1.0000434965457803
1.0000514299692469
1.0000607481553132
1.0000716833631216
1.0000844943083718
1.000099458833658
1.0001168601239969
1.0001369653117775
1.0001599965082275
1.0001860962583573
1.0002152919366138
1.000247466102554
1.0002823414117017
1.0003194883506275
1.0003583612588285
1.0003983631261151
1.0004389339439832
1.0004796532041611
1.0000004520855679
1.0000005710398683
1.0000007186638162
1.0000009011758675
1.0000011259777266
1.0000014018448484
1.0000017391420366
1.0000021500672733
1.0000026489276952
1.0000032524528264
1.0000039801519032
1.0000048547246254
1.0000059025382151
1.0000071541885369
1.0000086451695733
1.0000104166838879
1.0000125166367602
1.0000150008676048
1.0000179346820801
1.0000213947529593
1.0000254714503312
1.0000302716311416
1.0000359218490698
1.0000425718194712
1.000050397772011
1.000059605035573
1.000070428838272
1.0000831319232955
1.0000979972921853
1.0001153143723287
1.0001353573938803
1.0001583559641629
1.0001844598206349
1.0002137023234641
1.0002459698299657
1.0002809857460579
1.0003183177656496
1.0003574139769806
1.0003976684367055
1.0004385109424156
1.0004795113860527
1.0000002668696977
1.0000003400031972
1.000000431572015
1.0000005457818169
1.0000006876860108
1.0000008633313346
1.0000010799236623
1.0000013460162915
1.00000167172335
1.0000020689615057
1.0000025517239972
1.0000031363922048
1.0000038420917821
1.0000046911029365
1.0000057093381041
1.0000069269053027
1.0000083787821941
1.0000101056345323
1.0000121548230914
1.000014581654574
1.0000174509423523
1.0000208389481324
1.0000248357686718
1.0000295482013792
1.0000351030533166
1.0000416507304992
1.0000493687392167
1.0000584644374975
1.0000691760043983
1.0000817702007105
1.0000965351914586
1.000113766672625
1.0001337460269091
1.0001567104452449
1.0001828169765932
1.000212105108675
1.0002444651444329
1.0002796213717797
1.0003171387845311
1.0003564592559102
1.000396967881179
1.0004380841711455
1.0004793682624353
1.0000002539725736
1.0000003239715758
1.0000004117233914
1.000000521304752
1.0000006576202163
1.0000008265455809
1.0000010350914448
1.000001291589218
1.0000016059022618
1.0000019896654095
1.0000024565569701
1.0000030226085637
1.0000037065599843
1.0000045302689351
1.0000055191892452
1.0000067029363808
1.0000081159660166
1.0000097984003706
1.0000117970478088
1.0000141666730926
1.0000169715865459
1.0000202876262676
1.0000242046010768
1.0000288292318957
1.000034288559722
1.0000407336594312
1.0000483432905227
1.0000573268168491
1.0000679253482767
1.0000804096510667
1.0000950730561018
1.0001122175524704
1.0001321317292966
1.0001550604488689
1.0001811681921611
1.0002105007186999
1.0002429524276666
1.0002782486227444
1.0003159516910363
1.0003554973261919
1.0003962616320121
1.0004376537380699
1.0004792238703282
1.0000002415389155
1.0000003084917712
1.00000039252812
1.0000004975968932
1.0000006284548428
1.0000007908077255
1.0000009914715615
1.0000012385563017
1.000001541674628
1.0000019121792088
1.0000023634325981
1.000002911115256
1.000003573579062
1.0000043722564254
1.0000053321389679
1.0000064823451089
1.000007856803055
1.0000094950849201
1.0000114434388716
1.000013756078542
1.0000164968004011
1.0000197410062261
1.0000235782019486
1.0000281150144967
1.0000334786985225
1.0000398209748089
1.0000473218311441
1.0000561926120348
1.0000666773359088
1.0000790507601434
1.0000936113818137
1.0001106675061131
1.0001305149818909
1.000153406431197
1.0001795138894929
1.0002088895353141
1.0002414320178676
1.000276867792766
1.0003147567344663
1.0003545283911854
1.0003955498425645
1.0004372197400575
1.0004790782432276
1.0000002295585226
1.0000002935528589
1.0000003739747374
1.0000004746465092
1.0000006001782653
1.000000756106743
1.0000009490542212
1.000001186909776
1.0000014790356724
1.0000018365022747
1.0000022723557618
1.0000028019242484
1.0000034431698661
1.0000042170971652
1.0000051482321775
1.0000062651919841
1.0000076013720274
1.0000091957878943
1.0000110941198588
1.0000133500212618
1.0000160267638314
1.0000191993000964
1.0000229568177588
1.0000274058316216
1.000032673788809
1.0000389130318295
1.000046304750263
1.0000550622421986
1.00006543241024
1.0000776939863461
1.000092150632186
1.0001091169907674
1.0001288962237318
1.0001517488024254
1.0001778544418056
1.0002072718901551
1.0002399042041719
1.0002754791302029
1.0003135541247195
1.0003535526228424
1.0003948326438927
1.0004367822609597
1.0004789314104312
1.0000002180213519
1.0000002791440379
1.000000356051854
1.0000004524418733
1.0000005727787731
1.0000007224314098
1.0000009078292942
1.0000011366413688
1.0000014179799157
1.0000017626330466
1.000002183330148
1.0000026950460188
1.0000033153514307
1.0000040648207322
1.0000049675111971
1.0000060515344806
1.0000073497481385
1.000008900604946
1.0000107492096659
1.0000129486461813
1.0000155616504813
1.0000186627126606
1.0000223406864006
1.0000267019555595
1.0000318741375738
1.0000380101711868
1.0000452924196233
1.0000539361055187
1.0000641909891068
1.000076339758242
1.0000906912357761
1.0001075664231807
1.0001272758480853
1.0001500879223026
1.0001761901684407
1.0002056480594577
1.0002383692212464
1.0002740828326731
1.0003123440274224
1.0003525701575526
1.0003941101415772
1.000436341369628
1.0004787833963629
1.0000002069174898
1.0000002652545996
1.0000003387481187
1.0000004309712265
1.0000005462445303
1.00000068977026
1.0000008677862657
1.0000010877422496
1.0000013585011174
1.0000016905689664
1.0000020963581768
1.000002590489474
1.0000031901408786
1.0000039154544142
1.000004790015643
1.000005841426902
1.0000071020029069
1.0000086096274592
1.000010408822253
1.0000125520925192
1.0000151016273633
1.0000181314409531
1.0000217300366516
1.0000260036477933
1.0000310800389061
1.0000371127180867
1.0000442851923206
1.0000528145777274
1.0000629534634298
1.000074988472369
1.0000892335834703
1.0001060161764976
1.0001256541987782
1.0001484240959346
1.0001745213301916
1.0002040182590175
1.0002368272440834
1.0002726790419236
1.0003111265591673
1.0003515810920574
1.0003933824125912
1.0004358971179454
1.0004786342199015
1.0000001962371285
1.0000002518739015
1.0000003220521918
1.0000004102227469
1.0000005205635421
1.000000658111549
1.0000008289141953
1.0000010402029869
1.0000013005922284
1.0000016203064273
1.0000020114409436
1.0000024882618854
1.0000030675533482
1.000003769023126
1.0000046157823268
1.0000056349202673
1.0000068582040298
1.0000083229423888
1.0000100730664538
1.0000121604935528
1.0000146468545754
1.0000176056739167
1.0000211250877511
1.0000253111584758
1.0000302917733472
1.0000362209814448
1.0000432834018078
1.000051698010874
1.0000617201956796
1.0000736404913415
1.0000877780261672
1.0001044665774603
1.0001240315668729
1.000146757569923
1.000172848124945
1.0002023826394386
1.0002352783830248
1.000271267838885
1.0003099017828918
1.0003505854794601
1.0003926495022244
1.0004354495388887
1.0004784838937171
1.0000001859705461
1.000000238991346
1.0000003059527216
1.0000003901845249
1.0000004957236295
1.0000006274432265
1.0000007912016882
1.0000009940135162
1.0000012442453567
1.0000015518407357
1.0000019285781787
1.0000023883688427
1.0000029476019408
1.0000036255493501
1.0000044448451866
1.0000054320622316
1.0000066184152885
1.0000080406321499
1.0000097420458423
1.0000117739764554
1.0000141974851049
1.0000170855921584
1.0000205260490973
1.0000246247260542
1.000029509607413
1.0000353352532838
1.000042287361129
1.0000505867323501
1.0000604915186386
1.0000722961422861
1.0000863248728158
1.000102917903986
1.0001224081877271
1.0001450885288825
1.0001711706836798
1.0002007412817053
1.0002337226790756
1.0002698492389588
1.0003086697034349
1.0003495833253648
1.0003919114210911
1.000434998644635
1.0004783324236219
1.0000001761080908
1.0000002265963641
1.0000002904383272
1.0000003708445449
1.0000004717124096
1.0000005977529154
1.000000754636873
1.0000009491631181
1.0000011894517433
1.0000014851660857
1.0000018477682191
1.0000022908142239
1.0000028302976895
1.000003485053101
1.000004277235248
1.0000052328970399
1.0000063826964971
1.0000077627745556
1.0000094158586597
1.0000113926622072
1.0000137536647162
1.0000165713678117
1.0000199331200721
1.0000239445770414
1.0000287337932994
1.000034455808344
1.0000412973624015
1.0000494810442027
1.0000592677344897
1.0000709557156395
1.0000848743888526
1.0001013703831627
1.0001207842384883
1.0001434170923948
1.0001694890668862
1.000199094193138
1.0002321600995487
1.0002684231875865
1.0003074302633155
1.000348574584176
1.0003911681422468
1.0004345444247285
1.0004781798079392
1.0000001666401683
1.0000002146784022
1.0000002754975847
1.0000003521906722
1.0000004485172818
1.0000005690278986
1.0000007192073892
1.0000009056404033
1.0000011362017498
1.0000014202755467
1.0000017690079965
1.0000021956001841
1.0000027156495466
1.0000033475519132
1.0000041129806121
1.0000050374655172
1.0000061511034912
1.0000074894428057
1.0000090945977997
1.0000110166655802
1.0000133155319335
1.000016063164509
1.0000193464899985
1.0000232709259509
1.0000279645687782
1.0000335829039222
1.0000403136765699
1.0000483812227596
1.0000580491142628
1.0000696194643508
1.0000834267950787
1.0000998241897221
1.0001191598360786
1.000141743312452
1.000167803261458
1.00019744130379
1.0002305905341033
1.0002669895561462
1.0003061833387743
1.0003475591555973
1.0003904195984392
1.0004340868443242
1.0004780260368964
1.0000001575572339
1.0000002032269133
1.0000002611190191
1.0000003342106445
1.0000004261254194
1.0000005412551112
1.0000006849003797
1.0000008634333093
1.0000010844848539
1.0000013571610624
1.0000016922930379
1.0000021027271584
1.000002603664391
1.000003213060854
1.0000039521064732
1.0000048458050903
1.000005923688158
1.0000072207055275
1.0000087783508624
1.0000106460952018
1.000012883218115
1.0000155611374697
1.0000187663382409
1.0000226039754048
1.0000272021573036
1.0000327167799599
1.0000393365534506
1.0000472875185979
1.0000568358976742
1.0000682876035245
1.0000819822670266
1.0000982794450355
1.0001175350357323
1.0001400671714595
1.0001661131781299
1.0001957824633552
1.00022901379124
1.0002655481382414
1.0003049287361316
1.0003465368813704
1.0003896656795259
1.000433625842529
1.000477871092051
1.0000001488497849
1.0000001922313513
1.0000002472910987
1.0000003168920666
1.000000404523768
1.0000005144211406
1.0000006517024929
1.0000008225291035
1.0000010342896568
1.0000012958134599
1.0000016176174813
1.0000020121938835
1.0000024943470562
1.0000030815925587
1.0000037946351645
1.0000046579498489
1.0000057004985132
1.000006956626869
1.0000084672002696
1.000010281053699
1.0000124568476301
1.0000150654337139
1.0000181928344578
1.0000219439164246
1.0000264467683395
1.0000318576593994
1.0000383662220989
1.0000462001568882
1.0000556282934001
1.0000669603105583
1.0000805409348741
1.0000967362167037
1.0001159098301544
1.0001383885808732
1.0001644186495362
1.0001941174386568
1.0002274295953186
1.0002640986464408
1.0003036661885161
1.0003455075422982
1.0003889062300921
1.0004331613308599
1.0004777149457529
1.0000001405083589
1.0000001816811686
1.0000002340022347
1.0000003002224134
1.0000003836990476
1.0000004885122307
1.0000006195998905
1.0000007829143946
1.0000009856039005
1.0000012362224731
1.000001544974104
1.0000019239974347
1.0000023877003783
1.0000029531572914
1.0000036405862356
1.0000044739306408
1.0000054815788195
1.0000066972666506
1.0000081612234522
1.0000099216379299
1.0000120365381442
1.0000145761924075
1.0000176261390161
1.0000212909289243
1.0000256985979334
1.0000310057488344
1.000037402891524
1.0000451193381485
1.0000544264798288
1.0000656377258239
1.0000791028839664
1.000095194518809
1.0001142841493795
1.0001367073805485
1.0001627194289724
1.0001924459118061
1.0002258375841853
1.0002626407095427
1.0003023953530241
1.0003444708556033
1.0003881410473054
1.0004326931918412
1.0004775575606528
1.0000001325235319
1.0000001715658176
1.0000002212407837
1.0000002841890328
1.0000003636377608
1.0000004635142934
1.0000005885782635
1.0000007445751542
1.0000009384144932
1.000001178376777
1.0000014743543666
1.0000018381332803
1.0000022837252638
1.0000028277630311
1.0000034899765589
1.0000042937752067
1.000005266969757
1.0000064426805739
1.000007860493112
1.0000095679393071
1.000011622401016
1.0000140935453496
1.0000170664035828
1.0000206451824176
1.0000249578295515
1.0000301612394795
1.0000364467517882
1.0000440452394568
1.0000532306063423
1.0000643199539569
1.0000776681560193
1.0000936543129091
1.0001126578614197
1.0001350233389035
1.0001610151899598
1.0001907674791215
1.0002242373074917
1.0002611738704452
1.0003011158083812
1.000343426472676
1.0003873698790464
1.0004322212777692
1.0004773988892663
1.0000001248859214
1.0000001618747536
1.0000002089950537
1.0000002687791558
1.0000003443262042
1.0000004394129263
1.0000005586228533
1.0000007074967447
1.0000008927075461
1.0000011222640326
1.0000014057484703
1.0000017545953543
1.0000021824207801
1.000002705415584
1.0000033428204709
1.0000041175083554
1.0000050567086403
1.000006192920496
1.0000075650775613
1.0000092200442199
1.0000112145418201
1.0000136176176133
1.0000165137719055
1.0000200068369616
1.0000242246352047
1.0000293243084919
1.0000354979755308
1.0000429780161624
1.0000520407951878
1.000063007065823
1.000076236751082
1.0000921155098688
1.0001110307738021
1.000133336153997
1.0001593055267237
1.0001890816509196
1.0002226282258109
1.00025969758471
1.0002998270531813
1.0003423739772754
1.0003865924223665
1.0004317454096692
1.0004772388736016
1.0000001175861899
1.0000001525974425
1.0000001972533139
1.00000025397991
1.0000003257504881
1.0000004161934344
1.0000005297184829
1.0000006716639573
1.0000008484684215
1.0000010678709468
1.0000013391454303
1.0000016733761474
1.0000020837842691
1.0000025861187249
1.0000031991299481
1.0000039451521836
1.0000048508296926
1.0000059480347694
1.0000072750411484
1.0000088780345635
1.0000108130610024
1.0000131485283552
1.0000159683808045
1.0000193760443603
1.0000234991768915
1.0000284951206813
1.0000345567199589
1.0000419178041595
1.0000508571440039
1.0000616991012392
1.0000748086303564
1.0000905779726292
1.0001094026361124
1.0001316454556486
1.0001575899557051
1.0001873878522993
1.0002210097106643
1.0002582112199261
1.0002985285047916
1.0003413128842535
1.0003858083223174
1.0004312653764789
1.0004770774448608
1.0000001106150527
1.0000001437233696
1.0000001860038081
1.0000002397783365
1.0000003078965578
1.0000003938408613
1.0000005018495925
1.0000006370610584
1.0000008056817897
1.0000010151833441
1.0000012745331659
1.0000015944668177
1.0000019878114854
1.000002469874369
1.0000030589148203
1.0000037767263417
1.0000046493643797
1.0000057080686593
1.0000069904447768
1.0000085419883868
1.0000104180546843
1.0000126863918082
1.000015430361392
1.0000187529496507
1.0000227816083946
1.0000276738306499
1.0000336231293592
1.0000408647227819
1.0000496797290821
1.0000603960725467
1.0000733837199745
1.0000890415200394
1.0001077731436765
1.0001299508087382
1.0001558679182563
1.0001856854250584
1.0002193810455902
1.0002567140559881
1.0002972194990225
1.0003402426388812
1.0003850171712174
1.000430780934493
1.0004769145232291
1.0000001039632864
1.0000001352420536
1.000000175234772
1.0000002261614123
1.0000002907502226
1.000000372340023
1.000000475000286
1.0000006036718454
1.0000007643316997
1.0000009641862535
1.0000012118986072
1.0000015178573249
1.0000018944967608
1.0000023566827763
1.0000029221830269
1.000003612248354
1.0000044523418075
1.0000054730648413
1.0000067113465279
1.0000082119806668
1.0000100296156276
1.0000122313184785
1.0000148998405474
1.0000181376929074
1.0000220720774649
1.0000268605854103
1.0000326973381906
1.0000398188783914
1.0000485086094466
1.0000590979691324
1.0000719619158598
1.0000875059318857
1.0001061419425283
1.0001282517178458
1.0001541387846764
1.0001839736309017
1.0002177414284017
1.0002552052864209
1.0002958992906736
1.0003391626168652
1.0003842185084135
1.0004302918071082
1.0004767500177654
1.0000000976217409
1.0000001271430607
1.0000001649344525
1.000000213116077
1.0000002742971899
1.0000003516755527
1.0000004491543837
1.0000005714797147
1.0000007244016618
1.0000009148640119
1.0000011512278228
1.0000014435365869
1.0000018038332001
1.0000022465427956
1.0000027889409175
1.0000034517339942
1.0000042597891918
1.0000052430639887
1.0000064378023963
1.0000078880842298
1.0000096478343812
1.000011783416568
1.0000143769426735
1.0000175304113974
1.0000213707284433
1.0000260555275378
1.0000317794748264
1.0000387803687489
1.0000473438318593
1.0000578047630246
1.0000705430898067
1.0000859709552745
1.0001045086358422
1.0001265476334154
1.0001524018597807
1.0001822516561272
1.0002160899748083
1.000253684020904
1.0002945670550862
1.0003380721251589
1.0003834118206174
1.0004297976849152
1.0004765838264049
1.0000000915813541
1.0000001194160251
1.0000001550911335
1.0000002006292641
1.0000002585231045
1.0000003318319495
1.000000424295485
1.0000005404677388
1.0000006858747448
1.0000008672003831
1.0000010925061689
1.0000013714926648
1.0000017158129102
1.000002139452147
1.0000026591936075
1.0000032951977273
1.0000040717324128
1.0000050181054654
1.0000061698671547
1.0000075703708311
1.0000092728006287
1.000011342793651
1.0000138617917715
1.0000169312421301
1.0000206777053682
1.0000252587989216
1.0000308696660232
1.0000377492882602
1.0000461854368621
1.0000565164156998
1.0000691270969422
1.0000844363125525
1.0001028727920205
1.0001248379596523
1.0001506563902116
1.0001805186179946
1.0002144257235916
1.0002521492891685
1.0002932218908434
1.0003369704036797
1.000382596542897
1.0004292982261873
1.0004764158360981
1.0000000858331677
1.0000001120506692
1.0000001456931644
1.0000001886879382
1.0000002434135955
1.0000003127936381
1.0000004004070429
1.0000005106187577
1.0000006487336894
1.0000008211786986
1.0000010357184614
1.0000013017129765
1.0000016304272652
1.0000020354077543
1.0000025329453894
1.0000031426532248
1.0000038881966555
1.000004798228129
1.0000059075953618
1.0000072589124167
1.0000089046047635
1.0000109095586336
1.0000133545138696
1.0000163403248477
1.0000199931556328
1.0000244705451893
1.0000299680422122
1.0000367257342087
1.0000450334659912
1.0000552328862546
1.0000677137847485
1.0000829017109669
1.0001012339546698
1.0001231220643962
1.0001489015737439
1.000178773573021
1.0002127476435623
1.0002506000464637
1.0002918628237882
1.0003358566280676
1.0003817720604193
1.0004287930578248
1.0004762459230994
1.0000000803683478
1.0000001050368312
1.0000001367289924
1.000000177279136
1.0000002289543306
1.0000002945450355
1.0000003774724466
1.0000004819154851
1.0000006129610379
1.0000007767820189
1.0000009808491777
1.0000012341845463
1.0000015476672155
1.0000019344061279
1.0000024102002112
1.0000029941139612
1.0000037092071599
1.0000045834712683
1.0000056510425337
1.0000069537825889
1.0000085433397203
1.0000104838240365
1.0000128552398524
1.0000157578055175
1.0000193172342566
1.0000236909208902
1.0000290747437142
1.0000357098141026
1.000043887970316
1.000053954141126
1.0000663030038572
1.0000813668543047
1.000099591654722
1.0001213992912441
1.0001471365708614
1.0001770155274778
1.0002110546425551
1.0002490351808215
1.0002904888125501
1.0003347299136327
1.0003809377110546
1.0004282817768206
1.0004760739534306
1.0000022909622308
1.0000028495939064
1.0000035347900826
1.0000043738756839
1.0000054002664993
1.0000066550583029
1.0000081891030952
1.0000100657086362
1.0000123641087428
1.0000151838403823
1.0000186501088562
1.0000229200955337
1.0000281899279966
1.0000347016542817
1.0000427490204751
1.0000526801655643
1.0000648946208541
1.0000798314567807
1.0000979454250019
1.0001196689742453
1.0001453605189352
1.0001752434504083
1.0002093455787591
1.0002474535223811
1.000289098755796
1.000333589320666
1.0003800927889634
1.0004277639523231
1.0004758997835452
1.0000021752364545
1.0000027091083237
1.0000033649734978
1.0000041694849384
1.0000051553289664
1.0000063628218259
1.0000078419995944
1.0000096553405204
1.0000118812714964
1.0000146186006507
1.0000179919654
1.000022158260597
1.0000273137781139
1.0000337014099483
1.0000416167184116
1.0000514109770955
1.0000634885333668
1.0000782952594858
1.0000962948175809
1.0001179304555308
1.0001435725493772
1.000173456289535
1.0002076192747236
1.000245853855078
1.0002876915014636
1.0003324338613109
1.0003792365493129
1.0004272391283826
1.0004757232612194
1.0000020630294759
1.0000025726746899
1.0000031997885477
1.0000039703467984
1.0000049162973228
1.0000060771629946
1.0000075021438566
1.0000092528606053
1.0000114068953729
1.0000140622779039
1.0000173430148562
1.0000214056376269
1.0000264465124826
1.000032709276812
1.0000404912110301
1.0000501466412406
1.0000620846877508
1.0000767580497529
1.0000946394243158
1.0001161831063041
1.000141771808204
1.0001716529904847
1.0002058745344458
1.0002442349310516
1.0002862658582703
1.0003312625082312
1.0003783682142879
1.0004267068274826
1.0004755442267079
1.0000019543503229
1.0000024403137571
1.0000030392707664
1.0000037765148908
1.000004683246714
1.0000057981818107
1.0000071696636952
1.0000088584266809
1.0000109411689655
1.0000135150903207
1.0000167035008467
1.0000206624875814
1.0000255883961684
1.0000317255045639
1.0000393727060386
1.000048887289801
1.0000606830997325
1.00007521968385
1.0000929789010287
1.0001144263516824
1.0001399574805216
1.00016983251983
1.000204110164004
1.0002425954881853
1.0002848206098485
1.000330074205342
1.0003774869805917
1.0004261665549763
1.0004753625142009
1.000001849211436
1.0000023120507699
1.0000028834616048
1.000003588050608
1.0000044562624235
1.0000055259914198
1.0000068447038231
1.000008472218056
1.0000104843079749
1.000012977289823
1.0000160737084438
1.0000199291215754
1.0000247397538915
1.0000307504124251
1.0000382614902696
1.0000476331420627
1.0000592838784215
1.0000736801134764
1.0000913129958549
1.0001126596999588
1.000138128819519
1.0001679938925381
1.0002023249962901
1.0002409342712708
1.0002833545319105
1.0003288678809314
1.00037659202867
1.0004256178045634
1.0004751779536303
1.0000017476297896
1.0000021879168672
1.0000027324101801
1.0000034050252948
1.0000042354426095
1.0000052607215324
1.0000065274301217
1.0000080944408793
1.0000100365618256
1.0000124491702704
1.0000154539742616
1.0000192059132202
1.0000239009849736
1.0000297844070516
1.0000371579508218
1.0000463845293257
1.0000578872541726
1.0000721394166099
1.0000896415823779
1.0001108827769569
1.0001362851806734
1.0001661362045171
1.000200517920498
1.0002392500573856
1.0002818664129478
1.0003276424635563
1.0003756825339318
1.0004250600649798
1.0004749903728811
1.0000016496281832
1.0000020679506927
1.0000025861752844
1.0000032275227602
1.0000040209014394
1.0000050025223397
1.0000062180345317
1.0000077253342357
1.0000095982212438
1.0000119310768441
1.0000148446980159
1.0000184933127694
1.0000230725804991
1.0000288280031182
1.0000360625994116
1.000045141923227
1.0000564936108476
1.0000705978333468
1.0000879646982728
1.0001090953662655
1.0001344260619902
1.0001642586710953
1.0001986879171612
1.0002375416861873
1.0002803550790493
1.0003263969011826
1.0003747576803073
1.0004244928280994
1.0004747996004761
1.000001555236727
1.000001952200245
1.0000024448276961
1.0000030556421571
1.0000038127726889
1.0000047515690049
1.0000059167406545
1.0000073651771226
1.0000091696269273
1.0000114234167843
1.0000142463557593
1.0000177918633231
1.0000222551429885
1.0000278818469537
1.0000349761003884
1.0000439059683983
1.0000551035231231
1.0000690558074821
1.0000862825903052
1.000107297456283
1.0001325511512709
1.0001623606724279
1.0001968340996898
1.000235808095995
1.0002788194235808
1.0003251301841483
1.0003738166765563
1.0004239155987027
1.0004746054688165
1.0000014644945543
1.0000018407250124
1.0000023084528353
1.000002889501296
1.0000036112138708
1.0000045080668132
1.0000056238101693
1.0000070142964397
1.0000087511794695
1.0000109266716761
1.0000136595150231
1.0000171022193789
1.0000214494089459
1.0000269467436627
1.0000338993029401
1.0000426775200999
1.0000537177995972
1.0000675140347128
1.0000845957666982
1.0001054892951986
1.0001306603815969
1.00016044180705
1.0001949557635885
1.0002340483667223
1.0002772584426305
1.0003238413726703
1.0003728587758467
1.0004233279062191
1.0004744078180849
1.0000013774518046
1.0000017335984364
1.0000021771538314
1.000002729240461
1.0000034164109874
1.000004272257087
1.0000053395501982
1.0000066730761441
1.0000083433507219
1.0000104414115143
1.0000130848521525
1.000016425168077
1.0000206562746969
1.0000260236882461
1.0000328332781134
1.0000414576875734
1.0000523375325943
1.0000659735185173
1.0000829050580702
1.0001036714552443
1.0001287539964783
1.0001585019550572
1.0001930524447988
1.0002322617709938
1.0002756712773666
1.0003225296298031
1.0003718832992579
1.000422729318847
1.00047420650094
1.0000012941719252
1.0000016309107711
1.0000020510550731
1.0000025750268204
1.0000032285840121
1.0000040444240013
1.0000050643217731
1.0000063419677672
1.000007946696835
1.000009968310829
1.0000125231721737
1.0000157616535477
1.0000198768260189
1.0000251139013285
1.0000317793613815
1.0000402478840089
1.0000509641557267
1.0000644356349637
1.000081211688397
1.0001018449078609
1.000126832626439
1.0001565413527602
1.0001911239889822
1.0002304478351234
1.0002740572647555
1.0003211942610115
1.000370889664048
1.0004221194605494
1.0004740013881741
1.0000012147343633
1.0000015327724188
1.0000019303063412
1.000002427059552
1.0000030479932436
1.0000038249024652
1.0000047985496134
1.0000060215025317
1.0000075618732573
1.0000095081672145
1.0000119754316066
1.000015112804864
1.0000191123721696
1.0000242188702231
1.0000307392016494
1.0000390498841916
1.0000495995104985
1.0000629022079628
1.0000795173577606
1.0001000111117646
1.0001248973792212
1.0001545606810964
1.0001891706340122
1.0002286064120798
1.0002724159984948
1.0003198347618503
1.0003698774177696
1.0004214980315873
1.0004737923755518
1.0000011392377341
1.0000014393178445
1.0000018150876508
1.0000022855758273
1.0000028749467111
1.0000036140872839
1.0000045427334603
1.0000057123053727
1.0000071896520601
1.0000090619226956
1.0000114427647397
1.0000144799682165
1.0000183644850509
1.0000233403962246
1.0000297148177659
1.000037865891118
1.0000482459234932
1.0000613755968037
1.000077824339026
1.00009817211637
1.0001229499463142
1.0001525611706628
1.0001871931085589
1.0002267377691545
1.0002707474025534
1.0003184508756795
1.0003688462796376
1.0004208648334343
1.0004735793921109
1.0000010678035693
1.0000013507102035
1.0000017056149555
1.0000021508578505
1.0000027098088564
1.0000034124438704
1.0000042974612957
1.0000054151112434
1.0000068309420369
1.0000086306884677
1.0000109265140051
1.0000138647440677
1.0000176350444172
1.0000224806492195
1.0000287086638475
1.0000366986131521
1.0000469062960284
1.0000598587982099
1.000076135591085
1.0000963306835893
1.0001209927291761
1.0001505447269672
1.0001851927504064
1.0002248426938127
1.0002690518203954
1.0003170426639345
1.0003677961909845
1.0004202197991892
1.0004733624102986
1.0000010005807847
1.0000012671468388
1.0000016021469154
1.0000020232411837
1.0000025530107759
1.0000032205208487
1.0000040634248473
1.0000051307841866
1.0000064868121472
1.0000082157736789
1.000010428265246
1.0000132690302288
1.0000169262902461
1.0000216422309385
1.000027723705007
1.0000355513536288
1.0000455842085683
1.0000583555656501
1.0000744548918856
1.0000944904317419
1.0001190289893396
1.0001485140804243
1.0001831716491469
1.0002229226221862
1.0002673301238851
1.0003156105922164
1.0003667273771999
1.000419563030934
1.0004731414584276
1.0000009377510246
1.0000011888658509
1.0000015049929625
1.0000019031246474
1.0000024050623695
1.000003038964957
1.0000038414378714
1.0000048603397573
1.0000061585190017
1.0000078187190877
1.0000099498888571
1.000012695072013
1.0000162408836353
1.0000208282484833
1.0000267635054259
1.0000344281152278
1.0000442840426793
1.0000568705492425
1.0000727869952093
1.0000926560061869
1.0001170630276299
1.0001464729667862
1.0001811328191377
1.0002209797959347
1.000265583847028
1.0003141556364565
1.0003656404242782
1.0004188948459356
1.0004729166360822
1.0000008795350614
1.0000011161539535
1.0000014145229361
1.0000017909821257
1.0000022665667974
1.0000028685387445
1.0000036324578032
1.0000046049715012
1.0000058475392244
1.0000074413365783
1.000009493587968
1.0000121455208544
1.0000155819778773
1.0000200424000782
1.0000258323311029
1.0000333337219194
1.000043011123896
1.0000554094602903
1.0000711378160207
1.0000908332823462
1.0001151003989779
1.000144426345144
1.0001790804101851
1.0002190174547969
1.0002638153512045
1.0003126794146766
1.000364536374043
1.0004182158341595
1.0004726881333028
1.0000008262004381
1.0000010493558531
1.0000013311785767
1.0000016873766358
1.0000021382376849
1.0000027101415927
1.0000034376114277
1.0000043660822771
1.000005555607643
1.0000070857556813
1.0000090619550346
1.0000116235030143
1.0000149533016363
1.000019289075353
1.000024935270039
1.0000322739617933
1.0000417718895045
1.0000539792653089
1.0000695146502259
1.0000890296080376
1.0001131481708203
1.0001423806623917
1.0001770199653484
1.0002170400741386
1.0002620280304217
1.0003111843514523
1.0003634168433029
1.0004175269302868
1.000472456254615
1.0000007780705169
1.0000009888853585
1.0000012554871445
1.0000015929769994
1.0000020209195033
1.000002564834602
1.0000032582252327
1.0000041453212429
1.0000052847623129
1.0000067544783187
1.0000086580383105
1.0000111327001548
1.0000143592563782
1.0000185734727407
1.0000240783729906
1.0000312557545907
1.0000405740859049
1.000052588415232
1.0000679264357697
1.000087254093436
1.0001112152348257
1.0001403441751173
1.0001749587375948
1.0002150536592376
1.0002602265674354
1.0003096738841804
1.0003622841736823
1.0004168295043334
1.0004722214492732
1.0000007355350227
1.000000935238349
1.0000011880773394
1.0000015085773524
1.0000019156114417
1.0000024338697584
1.0000030958609947
1.0000039446272146
1.000005037397272
1.0000064504429067
1.0000082854196295
1.0000106774435529
1.0000138050302432
1.0000179017367099
1.0000232688181463
1.000030287348104
1.0000394270007431
1.0000512471162728
1.0000663840630937
1.000085517958456
1.00010931268359
1.0001383273422433
1.0001729060797429
1.0002130661109394
1.0002584172543756
1.0003081527226505
1.0003611416206668
1.0004161254760571
1.0004719843494556
1.0000006990620145
1.0000008890075389
1.0000011296974791
1.0000014351194833
1.0000018234948103
1.0000023187234917
1.0000029523568046
1.000003766278734
1.0000048163235464
1.0000061770985622
1.0000079483045177
1.0000102628233412
1.0000132967302076
1.0000172811172467
1.0000225151029012
1.0000293785475691
1.000038341735171
1.000049967649367
1.0000649007438149
1.0000838349486791
1.0001074542658577
1.0001363433042303
1.0001708739251407
1.0002110876805939
1.0002566083947559
1.000306627176244
1.0003599935925187
1.0004154174596172
1.0004717458185783
1.0000006692109249
1.0000008508986351
1.0000010812354843
1.0000013737175122
1.0000017459634603
1.0000022211340991
1.0000028298730201
1.0000036129503858
1.000004624838031
1.0000059384891906
1.000007651624649
1.0000098948131049
1.0000128415333081
1.0000167201529755
1.0000218272649197
1.0000285409813485
1.0000373315209865
1.0000487647448437
1.0000634924466691
1.0000822218317351
1.0001056569353293
1.000134408466967
1.0001688773795434
1.0002091315356814
1.0002548108072791
1.0003051055662029
1.000358845952062
1.0004147089463646
1.000471507012364
1.0000006466458253
1.0000008217468987
1.0000010437395266
1.0000013256835942
1.0000016846557251
1.0000021431413688
1.0000027309413186
1.0000034877733919
1.0000044667981798
1.0000057393453436
1.0000074011505735
1.0000095804079301
1.0000124478553447
1.0000162288768566
1.0000212171322449
1.0000277884038327
1.0000364120852407
1.0000476560171689
1.0000621784084929
1.0000806989855207
1.0001039415085342
1.0001325432099302
1.0001669354471361
1.0002072144607623
1.0002530384553512
1.0003035987435878
1.0003577063967199
1.0004140045350429
1.0004712694557738
1.0000006321473234
1.0000008025322029
1.0000010184370767
1.0000012925519894
1.0000016414847952
1.0000020871248423
1.0000026585127959
1.0000033943959392
1.0000043466974746
1.0000055851783836
1.0000072036088998
1.0000093277698614
1.0000121255309873
1.000015819038635
1.000020698597238
1.00002713703146
1.0000356020599668
1.0000466624599686
1.0000609817239576
1.0000792910864444
1.0001023334452239
1.0001307727375801
1.0001650719144739
1.0002053577204144
1.0002513092288903
1.0003021207361591
1.0003565849341678
1.0004133102198149
1.0004710351392867
1.000000626620372
1.0000007943893039
1.0000010067484082
1.0000012760967969
1.0000016186619618
1.0000020558341953
1.0000026159975468
1.0000033370345407
1.0000042697318055
1.0000054823659079
1.0000070667917578
1.0000091463675873
1.0000118859913238
1.0000155043296255
1.0000202878999702
1.0000266058981722
1.0000349234249182
1.0000458089919064
1.000059930008625
1.0000780278976873
1.000100863757956
1.00012912808802
1.0001633164132409
1.0002035881098705
1.0002496459054269
1.0003006895483457
1.0003554944716955
1.0004126337468358
1.0004708066380832
1.0000006310936973
1.0000007986080817
1.0000010102881971
1.000001278335686
1.0000016187035488
1.0000020524008275
1.0000026072828578
1.0000033205014165
1.0000042418394088
1.0000054382086145
1.000006999636208
1.0000090470855634
1.0000117424117887
1.0000153005808849
1.0000200038908305
1.0000262171996441
1.0000344019534162
1.0000451250257942
1.0000590561118552
1.0000769451402662
1.0000995700419564
1.0001276472997396
1.0001617056724719
1.0002019392119017
1.0002480773129274
1.0002993281355859
1.0003544515353167
1.000411985048608
1.0004705872571609
1.0000006467044418
1.0000008166158769
1.000001030845576
1.0000013015078766
1.0000016444073034
1.0000020803135345
1.0000026367095722
1.0000033501836765
1.0000042696859555
1.0000054609256255
1.0000070122357481
1.0000090422597097
1.0000117097826582
1.0000152258823243
1.0000198682159163
1.0000259965669529
1.0000340676006088
1.0000446450009817
1.0000583988230185
1.0000760853968917
1.0000984975850993
1.0001263767089503
1.0001602849467406
1.0002004528592365
1.0002466397023178
1.0002980655637836
1.0003534771269993
1.0004113767603036
1.0004703812036173
1.0000006746589856
1.0000008499307107
1.0000010703287869
1.0000013480093275
1.0000016987773876
1.0000021433328785
1.0000027089759127
1.0000034319374296
1.0000043605508684
1.0000055595364641
1.0000071157234556
1.0000091455699558
1.0000118048227706
1.0000153005338352
1.0000199053272321
1.0000259731637928
1.0000339547222563
1.0000444087639397
1.0000580034565079
1.0000754989394229
1.0000977004594895
1.0001253722949393
1.0001591095574984
1.0001991807602211
1.0002453783046252
1.000296938339561
1.0003525977102043
1.0004108248105825
1.0004701937832492
1.0000007161578868
1.0000009000703141
1.0000011306556367
1.0000014202617633
1.0000017848690301
1.0000022453085813
1.0000028289250333
1.0000035718435463
1.0000045220504521
1.0000057435524234
1.0000073219349974
1.0000093716818201
1.0000120456113499
1.0000155466852076
1.0000201421562704
1.0000261794284562
1.0000341019299379
1.0000444615911306
1.0000579221030486
1.0000752442678931
1.0000972423918024
1.0001247008893175
1.0001582463907677
1.0001981861634042
1.0002443489804509
1.0002959918451517
1.0003518462764098
1.0004103490557743
1.0004700316103419
1.0000007722699185
1.0000009683979931
1.0000012135658365
1.0000015204854573
1.0000019055151028
1.0000023898527659
1.000003001157568
1.0000037757523386
1.000004761608313
1.0000060223679761
1.0000076427190623
1.0000097354781854
1.0000124507495971
1.0000159874443715
1.0000206071965949
1.0000266501718269
1.0000345512609339
1.0000448535031963
1.000058213173926
1.0000753879756177
1.0000971970287733
1.0001244408842584
1.0001577750224642
1.0001975452827554
1.0002436197406088
1.0002952817113424
1.0003512633729572
1.0004099738812342
1.0004699028038198
1.0000008437380947
1.000001055883474
1.0000013203272957
1.0000016503401006
1.0000020628891269
1.0000025798111418
1.0000032293957108
1.0000040485243231
1.0000050855563589
1.0000064042064141
1.0000080887144596
1.0000102506592168
1.000013037782107
1.0000166451297694
1.0000213286114257
1.0000274205836377
1.0000353461499578
1.0000456372951851
1.0000589396081556
1.0000760032699756
1.0000976469087903
1.0001246817609999
1.0001577878364019
1.0001973479244537
1.0002432716773835
1.000294874773606
1.0003508978375266
1.000409728610594
1.0004698171140651
1.0000009307008786
1.0000011627568279
1.0000014513077924
1.000001810396411
1.0000022578558947
1.0000028164683805
1.0000035155156994
1.0000043928589979
1.0000054977265005
1.0000068944397016
1.0000086673638384
1.0000109274189803
1.000013820512675
1.0000175382140717
1.0000223308129021
1.0000285224813918
1.0000365274165151
1.0000468643733396
1.0000601647160194
1.0000771660229655
1.0000986799465843
1.0001255212265345
1.0001583879652804
1.0001976962538726
1.0002433984092616
1.0002948489096519
1.0003508067362696
1.0004096474125803
1.0004697858725415
1.0000010323166386
1.000001288039206
1.0000016053897214
1.0000019994078611
1.0000024890676096
1.0000030984298358
1.0000038581694213
1.0000048076034111
1.00000599738611
1.0000074930843987
1.0000093798991165
1.0000117688481058
1.0000148047556905
1.0000186763669148
1.000023628759843
1.0000299778605803
1.0000381261138553
1.0000485770143053
1.000061944042022
1.0000789465190807
1.0001003814259464
1.0001270578575738
1.0001596829661457
1.0001986997545846
1.0002441023539721
1.0002952904218989
1.0003510535480367
1.0004097681213557
1.000469821562501
1.000001146291861
1.0000014289492225
1.0000017792237843
1.0000022133733752
1.000002751788337
1.0000034201498922
1.0000042509464595
1.0000052854637451
1.0000065763997372
1.0000081912982761
1.0000102170425786
1.000012765696366
1.0000159820099823
1.0000200528918235
1.0000252190257679
1.0000317884982286
1.000040151635446
1.0000507950369644
1.0000643107983307
1.0000813940131505
1.0001028182246088
1.000129375702123
1.0001617705878765
1.0002004628814674
1.0002454847299003
1.0002962864687255
1.0003517028043085
1.0004101288910709
1.0004699366414209
1.000001268336927
1.0000015802128348
1.0000019663533466
1.0000024444258409
1.000003036482991
1.0000037701412121
1.0000046801032332
1.0000058101298175
1.0000072155961437
1.0000089668049263
1.0000111532691986
1.000013889217251
1.000017320597663
1.0000216338477033
1.0000270665852391
1.0000339201091997
1.0000425730134708
1.0000534941441883
1.0000672513385087
1.0000845097249937
1.0001060101007524
1.0001325150047928
1.0001647104177103
1.0002030592385955
1.000247623663129
1.0002979079337908
1.0003528078718211
1.0004107607187027
1.0004701409536518
1.0000013916101553
1.000001733351223
1.0000021563000419
1.0000026796552401
1.0000033272994919
1.0000041290138226
1.0000051220267556
1.0000063529931948
1.0000078805232102
1.0000097784105113
1.000012139742511
1.0000150821033946
1.0000187540972338
1.0000233433974259
1.0000290864301207
1.0000362795513209
1.000045291065732
1.0000565724958568
1.0000706659457996
1.0000882020755015
1.0001098802508712
1.0001364198069334
1.0001684711064207
1.0002064816403833
1.00025053037022
1.0003001743133169
1.0003543858007329
1.0004116723077556
1.00047043658323
1.0000015062613246
1.0000018760860669
1.0000023337845787
1.0000029000822499
1.000003600709974
1.0000044676683717
1.0000055408235904
1.0000068699212479
1.0000085171252435
1.0000105602104665
1.0000130965606215
1.0000162481391301
1.0000201676016325
1.0000250456827664
1.0000311198816811
1.0000386842299924
1.0000480994588443
1.0000598020568905
1.0000743093759878
1.0000922159936181
1.00011417408435
1.0001408484633605
1.0001728367589695
1.0002105502793681
1.0002540659683286
1.0003029854957945
1.0003563681576397
1.000412820968634
1.0004708081873861
1.0000015992444726
1.0000019920782128
1.0000024783572641
1.0000030801306159
1.0000038247517515
1.0000047461988721
1.0000058867295336
1.0000072989509214
1.0000090484028692
1.0000112167665629
1.0000139058245163
1.0000172423007445
1.0000213836928136
1.000026525149978
1.0000329073211811
1.0000408248418506
1.0000506346740532
1.0000627627635339
1.0000777063314656
1.0000960275449982
1.0001183324683376
1.0001452276927498
1.0001772477070685
1.0002147503001668
1.000257789206549
1.00030599362618
1.0003585077098156
1.0004140581956655
1.0004712054544564
1.0000016546228676
1.0000020612872798
1.0000025648100299
1.0000031880798725
1.0000039594925396
1.0000049143149063
1.0000060963893813
1.000007560257834
1.0000093737978313
1.000011621475775
1.0000144083277889
1.0000178647727327
1.0000221523301707
1.0000274702389966
1.0000340628175637
1.0000422271261307
1.0000523200235696
1.0000647629802759
1.0000800419648175
1.0000986983957747
1.0001213058086811
1.0001484260879507
1.000180540145605
1.0002179531825455
1.0002606844650668
1.0003083677042972
1.0003602056594147
1.0004150310219373
1.0004715125634149
)
;

boundaryField
{
    hotWall
    {
        type            calculated;
        value           nonuniform List<scalar> 0();
    }
    coldWall
    {
        type            calculated;
        value           uniform 1.0004999999999999;
    }
    bottomWall
    {
        type            calculated;
        value           nonuniform List<scalar> 0();
    }
    topWall
    {
        type            calculated;
        value           nonuniform List<scalar> 
29
(
1.0000016546228676
1.0000020612872798
1.0000025648100299
1.0000031880798725
1.0000039594925396
1.0000049143149063
1.0000060963893813
1.000007560257834
1.0000093737978313
1.000011621475775
1.0000144083277889
1.0000178647727327
1.0000221523301707
1.0000274702389966
1.0000340628175637
1.0000422271261307
1.0000523200235696
1.0000647629802759
1.0000800419648175
1.0000986983957747
1.0001213058086811
1.0001484260879507
1.000180540145605
1.0002179531825455
1.0002606844650668
1.0003083677042972
1.0003602056594147
1.0004150310219373
1.0004715125634149
)
;
    }
    front
    {
        type            empty;
    }
    back
    {
        type            empty;
    }
    procBoundary1to2
    {
        type            processor;
        value           nonuniform List<scalar> 
52
(
1.0000158513442339
1.0000189145443925
1.0000225189060239
1.0000267553031872
1.000031730663012
1.000037570977079
1.0000444245183058
1.0000524648985811
1.0000618933256973
1.0000729390738807
1.0000858568237485
1.0001009192657404
1.0001184033706385
1.0001385692290392
1.0001616315437525
1.0001877257854082
1.0002168734826089
1.00024895354265
1.0002836880002459
1.0003206502262256
1.0003593008478779
1.0003990517610033
1.0004393530589017
1.0004797936768877
1.0000004732757888
1.0000005970907881
1.0000007505652433
1.0000009400899783
1.0000011732629415
1.0000014590818511
1.0000018081619215
1.0000022329817326
1.0000027481610838
1.0000033707758114
1.0000041207162356
1.0000050210983129
1.0000060987400101
1.0000073847201256
1.0000089150431013
1.0000107314414193
1.0000128823568402
1.0000128823568402
1.0000002802406798
1.0000003565977198
1.0000003565977198
1.0000002086862232
1.0000001983521889
1.0000001884052756
1.0000001788361208
1.0000001696355403
1.0000001607945044
1.0000001523041142
)
;
    }
    procBoundary1to4
    {
        type            processor;
        value           nonuniform List<scalar> 
15
(
1.0000001441555846
1.0000001363402291
1.000000128849448
1.0000001216747201
1.0000001148075957
1.000000108239693
1.0000001019626965
1.0000000959683579
1.0000000902484978
1.000000084795011
1.0000000795998729
1.0000000746551476
1.0000000699529992
1.0000000654857037
1.0000000612456641
)
;
    }
    procBoundary1to5
    {
        type            processor;
        value           nonuniform List<scalar> 
53
(
1.0000000751782068
1.0000000983644934
1.0000001281872015
1.0000001663900171
1.0000002151310761
1.0000002770706287
1.0000003554751202
1.0000004543406273
1.0000005785392854
1.000000733993321
1.0000009278826874
1.0000011688942922
1.0000014675236453
1.0000018364438104
1.0000018364438104
1.0000017415178872
1.0000016496265809
1.0000015607699291
1.0000014749505695
1.0000013921746391
1.0000013124528098
1.0000012358014805
1.0000011622441534
1.0000010918130282
1.0000010245508568
1.0000009605131164
1.0000008997705689
1.0000008424123006
1.0000007885493469
1.0000007383190364
1.0000006918901954
1.0000006494693672
1.0000006113081663
1.0000005777118359
1.0000005490489348
1.0000005257618418
1.0000005083773709
1.0000004975161638
1.0000004938986358
1.000000498343963
1.000000511756939
1.0000005350954271
1.000000569308799
1.0000006152354648
1.0000006734461122
1.0000007440197096
1.0000008262434807
1.0000009182381766
1.0000010165286191
1.0000011156085777
1.0000012075884286
1.0000012820590061
1.0000013263448719
)
;
    }
}


// ************************************************************************* //
