#              distance                     U_x                     U_y                     U_z                       T
  6.938893903907203e-20  -4.632190902672661e-21  -1.086757401248995e-24  -7.242201757375625e-59       299.8673531173159
  0.0003906250000000002  -2.603967387704381e-05  -8.488524203106774e-09  -2.038498570991201e-43       299.8673531173159
  0.0007812500000000003  -5.100685560291159e-05  -4.132453521934552e-08  -2.853897999387661e-43       299.8673319340591
            0.001171875  -7.436529910201533e-05  -1.106817764552821e-07  -1.834648713892065e-43       299.8672789759166
              0.0015625  -9.772374260111911e-05  -1.800390176912186e-07  -8.153994283964726e-44       299.8672260177743
            0.001953125  -0.0001205780027570498  -2.621332854323788e-07                       0        299.867166993945
   0.002343750000000001  -0.0001414155295402881  -3.951756591944339e-07                       0       299.8670837073676
            0.002734375  -0.0001622530563235262  -5.282180329564853e-07                       0       299.8670004207902
   0.003125000000000001  -0.0001830905831067645  -6.612604067185442e-07                       0       299.8669171342132
   0.003515625000000001  -0.0002015638625074153  -8.492715327548304e-07                       0       299.8668240990429
             0.00390625  -0.0002200371419080662  -1.037282658791117e-06                       0        299.866731063873
   0.004296875000000001  -0.0002385104213087171  -1.225293784827404e-06                       0       299.8666380287028
   0.004687500000000001  -0.0002552115499500235   -1.45056915503583e-06   -3.33015931133018e-30       299.8665517151109
   0.005078125000000001  -0.0002714696409014939   -1.68516058628729e-06  -7.492858450493043e-30       299.8664670819134
   0.005468750000000001  -0.0002877277318529643  -1.919752017538761e-06  -1.165555758965571e-29       299.8663824487159
            0.005859375  -0.0003027424988052937  -2.178210452099409e-06  -1.365148481700083e-29        299.866312387578
                0.00625  -0.0003169283830915299  -2.452580222199513e-06  -1.420289743646769e-29       299.8662520411473
   0.006640625000000002  -0.0003311142673777681  -2.726949992299641e-06  -1.475431005593455e-29       299.8661916947183
   0.007031250000000001  -0.0003445259185147546  -3.014522604055995e-06  -1.319951292416289e-29       299.8661465760367
   0.007421875000000001  -0.0003567762199278541  -3.321899478296605e-06  -8.485401165533198e-30       299.8661242989676
   0.007812499999999999  -0.0003690265213409604  -3.629276352537258e-06  -3.771289406903585e-30       299.8661020219043
   0.008203124999999999  -0.0003809157461475639  -3.941929231059468e-06                       0       299.8660897269358
   0.008593750000000001  -0.0003913606645281353  -4.275686126707592e-06                       0       299.8661173603288
   0.008984375000000003  -0.0004018055829087103  -4.609443022355768e-06                       0       299.8661449937246
   0.009374999999999998  -0.0004122505012892856  -4.943199918003893e-06                       0       299.8661726271207
            0.009765625  -0.0004210138238800724  -5.296848043877938e-06                       0       299.8662602261734
             0.01015625  -0.0004297771464708594  -5.650496169751957e-06                       0       299.8663478252262
            0.010546875    -0.00043854046906165  -6.004144295626039e-06                       0       299.8664354242816
              0.0109375  -0.0004460524526805708  -6.368613064566395e-06                       0       299.8665777305665
            0.011328125  -0.0004532516015565238  -6.735786994273317e-06                       0       299.8667337136587
             0.01171875  -0.0004604507504324845  -7.102960923980356e-06                       0       299.8668896967558
            0.012109375  -0.0004667780783479938  -7.474507432997902e-06                       0       299.8670908641715
                 0.0125  -0.0004725241922898808  -7.848968994889307e-06                       0       299.8673221544739
            0.012890625  -0.0004782703062317694  -8.223430556780766e-06                       0       299.8675534447771
             0.01328125  -0.0004834771938087048  -8.598369664076993e-06                       0       299.8678170825777
            0.013671875  -0.0004878752418382029  -8.974025089480287e-06                       0       299.8681292416196
              0.0140625  -0.0004922732898677038  -9.349680514883629e-06                       0       299.8684414006632
            0.014453125  -0.0004964215128592696  -9.724390161484985e-06                       0       299.8687705985027
             0.01484375  -0.0004995704356990917  -1.009531669287812e-05                       0       299.8691679515243
            0.015234375  -0.0005027193585389158  -1.046624322427138e-05                       0       299.8695653045472
               0.015625  -0.0005058682813787378  -1.083716975566456e-05                       0       299.8699626575688
            0.016015625  -0.0005078611576194254  -1.119764937789555e-05                       0       299.8704484105881
             0.01640625  -0.0005098540338601154   -1.15581290001266e-05                       0       299.8709341636088
            0.016796875  -0.0005118469101008054  -1.191860862235763e-05                       0       299.8714199166295
              0.0171875  -0.0005129848725382339  -1.226635094783717e-05                       0       299.8719781462739
            0.017578125  -0.0005139091065248479   -1.26109089491289e-05                       0       299.8725544950747
    0.01796875000000001  -0.0005148333405114646  -1.295546695042072e-05                       0       299.8731308438772
            0.018359375  -0.0005151655512409232  -1.328735791513008e-05                       0        299.873762322133
                0.01875  -0.0005151030797989528  -1.361080418878475e-05                       0       299.8744305533634
            0.019140625  -0.0005150406083569822  -1.393425046243942e-05                       0       299.8750987845937
             0.01953125  -0.0005146141315652057  -1.424730672540438e-05                       0       299.8758039572276
            0.019921875  -0.0005136416467487205   -1.45447779723348e-05                       0       299.8765645419668
              0.0203125  -0.0005126691619322353  -1.484224921926524e-05                       0       299.8773251267061
            0.020703125  -0.0005115290110969567  -1.513362646444988e-05                       0       299.8781041305193
             0.02109375   -0.000509718196186505   -1.54006277026512e-05                       0       299.8789568106276
            0.021484375  -0.0005079073812760535  -1.566762894085255e-05                       0        299.879809490736
    0.02187500000000001  -0.0005060965663656041  -1.593463017905397e-05                       0       299.8806621708456
            0.022265625  -0.0005035143423892942   -1.61670742063138e-05                       0       299.8816060384704
             0.02265625  -0.0005009321184129818  -1.639951823357346e-05                       0       299.8825499060938
            0.023046875  -0.0004983498944366767  -1.663196226083342e-05                       0       299.8834937737214
              0.0234375  -0.0004952004737318974  -1.683384601553397e-05                       0       299.8845094037198
            0.023828125  -0.0004919092538450068  -1.702808970209494e-05                       0       299.8855429743152
             0.02421875  -0.0004886180339581162  -1.722233338865593e-05                       0       299.8865765449107
            0.024609375  -0.0004849363154907714  -1.739175676612637e-05   5.983070709718184e-29       299.8876627406778
    0.02499999999999999  -0.0004809942646364579  -1.754463327086968e-05   1.595485522591454e-28       299.8887840198929
            0.025390625  -0.0004770522137821473  -1.769750977561344e-05   2.592663974211188e-28       299.8899052991102
             0.02578125  -0.0004728715022259259  -1.783277416036733e-05   3.198329654219205e-28        299.891060684547
            0.026171875  -0.0004683327996168512  -1.794162036513718e-05   3.216726176809837e-28       299.8922672293213
              0.0265625  -0.0004637940970077765  -1.805046656990713e-05   3.235122699400506e-28       299.8934737740959
            0.026953125  -0.0004591461553423679  -1.815007926180705e-05    3.04672492263101e-28       299.8946968047575
             0.02734375  -0.0004540612574515965   -1.82127579022255e-05     2.0311499484206e-28       299.8959857789503
    0.02773437500000001  -0.0004489763595608292  -1.827543654264441e-05    1.01557497421031e-28       299.8972747531458
               0.028125  -0.0004438914616700628   -1.83381151830632e-05                       0       299.8985637273417
            0.028515625  -0.0004383073635981273  -1.835303131992589e-05                       0       299.8999319522234
    0.02890624999999999  -0.0004327232655261889  -1.836794745678846e-05                       0       299.9013001771029
            0.029296875  -0.0004271391674542522  -1.838286359365113e-05                       0       299.9026684019836
    0.02968750000000001   -0.000421190742471943  -1.835873611919278e-05                       0       299.9040972468504
            0.030078125  -0.0004151512357620356  -1.832484774190385e-05                       0       299.9055412467096
             0.03046875  -0.0004091117290521339  -1.829095936461542e-05                       0       299.9069852465733
            0.030859375  -0.0004028234814886276  -1.822749762333014e-05                       0       299.9084724724554
                0.03125  -0.0003963694066893976   -1.81443203060476e-05                       0       299.9099885156926
            0.031640625  -0.0003899153318901614  -1.806114298876492e-05                       0       299.9115045589251
             0.03203125  -0.0003833106840183323  -1.795827885544378e-05                       0       299.9130478392154
            0.032421875  -0.0003764801765376184  -1.782588449806534e-05                       0       299.9146319750959
    0.03281249999999999  -0.0003696496690569047   -1.76934901406869e-05                       0       299.9162161109763
            0.033203125  -0.0003627510086820291  -1.755137661090059e-05                       0       299.9178130379721
             0.03359375  -0.0003555797367305077  -1.737038639148156e-05                       0       299.9194611294294
            0.033984375  -0.0003484084647789863  -1.718939617206253e-05                       0       299.9211092208866
               0.034375  -0.0003412371928274647   -1.70084059526435e-05                       0       299.9227573123439
    0.03476562499999999  -0.0003337585865117962  -1.677997769620928e-05                       0       299.9244650649977
             0.03515625  -0.0003262799801961293   -1.65515494397752e-05                       0        299.926172817653
            0.035546875  -0.0003188013738804589  -1.632312118334095e-05                       0       299.9278805703049
    0.03593750000000001  -0.0003111020293264657  -1.605808371784186e-05                       0       299.9296325110073
            0.036328125  -0.0003033475002128924  -1.578389395007659e-05                       0       299.9313954987223
             0.03671875  -0.0002955929710993182  -1.550970418231127e-05                       0       299.9331584864365
            0.037109375  -0.0002876906498893221  -1.520936087772002e-05                       0       299.9349518938575
    0.03750000000000001  -0.0002796898006150445   -1.48915818819114e-05                       0       299.9367655810829
            0.037890625   -0.000271688951340767  -1.457380288610299e-05                       0       299.9385792683081
             0.03828125  -0.0002636007712791194  -1.423964438196816e-05                       0       299.9404113851055
            0.038671875  -0.0002553815950364171  -1.388091661534377e-05                       0        299.942271146261
              0.0390625  -0.0002471624187937147  -1.352218884871965e-05                       0       299.9441309074165
    0.03945312500000001    -0.00023890489179017  -1.315588668596694e-05                       0       299.9459989435735
             0.03984375  -0.0002304939617432568  -1.275928693869978e-05                       0       299.9479000797365
            0.040234375  -0.0002220830316963436  -1.236268719143274e-05                       0       299.9498012158996
               0.040625  -0.0002136721016494319    -1.1966087444166e-05                       0       299.9517023520647
            0.041015625  -0.0002050947505636263  -1.153509314240689e-05   -4.48095304483958e-29       299.9536401052193
    0.04140625000000001  -0.0001965173994778226  -1.110409884064818e-05  -8.961906089679383e-29       299.9555778583769
            0.041796875  -0.0001879400483920182  -1.067310453888927e-05    -1.3442859134519e-28       299.9575156115329
              0.0421875  -0.0001792489706265281  -1.021766573047002e-05  -1.258379642489608e-28       299.9594788142576
            0.042578125  -0.0001705294611911167  -9.756115795385661e-06  -1.038972977665745e-28       299.9614483793744
             0.04296875  -0.0001618099517557054  -9.294565860301256e-06  -8.195663128418762e-29       299.9634179444911
    0.04335937500000001  -0.0001530191598866433  -8.817177493941361e-06  -4.948342042808406e-29       299.9654036916417
                0.04375  -0.0001441808463951508  -8.329230173398238e-06  -9.988513322840822e-30       299.9674002268214
            0.044140625  -0.0001353425329036526  -7.841282852855067e-06   2.950639378239134e-29        299.969396761988
    0.04453125000000001  -0.0001264657376940998  -7.344549696444691e-06   7.917692798893789e-29       299.9714021370688
            0.044921875  -0.0001175312199074614  -6.834637786233506e-06   1.441109028474466e-28       299.9734207720113
    0.04531250000000001  -0.0001085967021208226  -6.324725876022451e-06   2.090448777059547e-28       299.9754394069536
            0.045703125  -9.964734192322507e-05   -5.81135312158618e-06   2.571680124799673e-28       299.9774614835314
             0.04609375  -9.063861208179208e-05  -5.284136990248713e-06   2.380477869159995e-28       299.9794973266515
    0.04648437499999999  -8.162988224035922e-05   -4.75692085891163e-06   2.189275613520239e-28       299.9815331697716
    0.04687500000000001  -7.262115239892617e-05  -4.229704727574442e-06   1.998073357880506e-28       299.9835690128928
    0.04726562500000001  -6.355973646791862e-05   -3.69002355424414e-06   1.373675433542828e-28        299.985617157223
             0.04765625  -5.449832053691175e-05  -3.150342380913943e-06   7.492775092051835e-29       299.9876653015544
            0.048046875  -4.543690460590471e-05  -2.610661207583834e-06   1.248795848675269e-29       299.9897134458858
    0.04843750000000001  -3.635029688373173e-05  -2.064982276379352e-06  -6.122617282065304e-30       299.9917674973434
            0.048828125  -2.725739121376705e-05  -1.517803905706137e-06  -1.377588888464688e-29       299.9938230255789
    0.04921875000000001  -1.816448554380221e-05  -9.706255350333117e-07   -2.14291604872282e-29        299.995878553816
            0.049609375  -9.065286071465067e-06  -4.219760745378076e-07  -2.048760434734421e-29       299.9979355584479
                   0.05   3.810926912036567e-08   1.276541125058005e-07  -1.381616304581631e-29       299.9999935473431
    0.05039062499999999   9.141504609705621e-06   6.772842995494167e-07  -7.144721744288589e-30       300.0020515362384
             0.05078125   1.824072177833615e-05   1.225866733620755e-06  -2.749124842950236e-30       300.0041085393269
    0.05117187500000001   2.733367168903414e-05   1.772877538234178e-06  -1.767294541896614e-30       300.0061640637055
    0.05156249999999999   3.642662159973182e-05   2.319888342847361e-06  -7.854642408429365e-31       300.0082195880842
            0.051953125   4.551328227017407e-05   2.865366250840583e-06   1.698298590574356e-30       300.0102736349166
    0.05234375000000001   5.457478597959229e-05     3.4047125723554e-06   1.018979154344417e-29       300.0123217715675
            0.052734375   6.363628968900932e-05   3.944058893870133e-06   1.868128449631383e-29       300.0143699082118
    0.05312500000000001   7.269779339842817e-05    4.48340521538497e-06   2.717277744918398e-29       300.0164180448637
            0.053515625   8.170665314834961e-05   5.010119773829419e-06   2.709654479152724e-29       300.0184538765365
             0.05390625   9.071551289827234e-05   5.536834332273601e-06   2.702031213387313e-29       300.0204897082136
    0.05429687500000001   9.972437264819619e-05   6.063548890717921e-06    2.69440794762193e-29       300.0225255398936
              0.0546875   0.0001086738947663872   6.576287380962541e-06   2.019662470851567e-29       300.0245476020983
    0.05507812500000002   0.0001176085824766487   7.085531854157438e-06   1.178136441330018e-29       300.0265662219419
             0.05546875   0.0001265432701869066   7.594776327352144e-06   3.366104118085808e-30       300.0285848417788
            0.055859375   0.0001354202576335922   8.090743225028651e-06  -3.718395408162955e-29       300.0305901996425
                0.05625   0.0001442587782378951   8.577858405692954e-06  -9.915721088434581e-29       300.0325867161883
            0.056640625    0.000153097298842198   9.064973586357099e-06  -1.611304676870611e-28       300.0345832327342
    0.05703125000000001   0.0001618883112834224    9.54146452435279e-06  -2.028945009988796e-28       300.0365689599174
    0.05742187500000001   0.0001706080614800237   1.000201909834564e-05  -2.143446990743518e-28       300.0385385030478
              0.0578125   0.0001793278116766262   1.046257367233822e-05  -2.257948971498203e-28       300.0405080461808
    0.05820312500000001   0.0001880191360812063    1.09169848398739e-05  -2.202703646345607e-28       300.0424712262913
             0.05859375   0.0001965967573176956   1.134682238158079e-05  -1.468469097563756e-28       300.0444089543119
    0.05898437500000001   0.0002051743785541851   1.177665992328756e-05  -7.342345487818471e-29       300.0463466823325
               0.059375   0.0002137519997906758   1.220649746499448e-05  -4.932557495431435e-43       300.0482844103553
            0.059765625     0.00022216322439923   1.260178124052474e-05  -9.415317233762879e-29       300.0501855184677
             0.06015625   0.0002305744490077855   1.299706501605512e-05  -1.883063446752567e-28       300.0520866265823
            0.060546875   0.0002389856736163411   1.339234879158533e-05    -2.8245951701288e-28       300.0539877346969
    0.06093750000000001   0.0002472435101527969   1.375720967806215e-05  -3.085652347469518e-28       300.0558557406989
    0.06132812500000001   0.0002554629996712247   1.411446484227555e-05  -3.176590888301355e-28       300.0577154711689
    0.06171875000000001    0.000263682489189654   1.447172000648884e-05  -3.267529429133152e-28       300.0595752016406
    0.06210937499999999   0.0002717709899096778   1.480431373451306e-05  -2.684422686941043e-28       300.0614072863614
                 0.0625   0.0002797721647641016   1.512046650507811e-05     -1.651952422733e-28       300.0632209405849
    0.06289062500000001   0.0002877733396185196   1.543661927564267e-05   -6.19482158524811e-29       300.0650345948018
             0.06328125   0.0002956759884859475   1.573527629476018e-05                       0       300.0668279684322
    0.06367187500000002   0.0003034308483728782   1.600768968670655e-05                       0       300.0685909211692
    0.06406250000000002   0.0003111857082598112   1.628010307865295e-05                       0       300.0703538739087
            0.064453125   0.0003188853830669745   1.654333493399124e-05                       0       300.0721057793222
    0.06484375000000001   0.0003263643175550477   1.676984064289591e-05                       0       300.0738134954187
    0.06523437499999998   0.0003338432520431196   1.699634635180064e-05                       0       300.0755212115143
               0.065625    0.000341322186531197   1.722285206070553e-05                       0        300.077228927614
    0.06601562500000002    0.000348493775604545   1.740177809326883e-05                       0       300.0788769813577
             0.06640625   0.0003556653646778924   1.758070412583224e-05                       0       300.0805250351015
    0.06679687500000001   0.0003628369537512417   1.775963015839558e-05                       0       300.0821730888465
              0.0671875   0.0003697359151539206   1.789957029999284e-05                       0        300.083769977574
            0.067578125   0.0003765667196389323   1.802976396884883e-05                       0       300.0853540750472
    0.06796875000000001    0.000383397524123944   1.815995763770466e-05                       0       300.0869381725204
            0.068359375   0.0003900024511492015   1.826054266129658e-05                       0       300.0884814142855
    0.06875000000000001   0.0003964567932012899   1.834138858804591e-05                       0       300.0899974189118
            0.069140625   0.0004029111352533782   1.842223451479505e-05                       0        300.091513423538
             0.06953125   0.0004091996341144656   1.848331519413023e-05                       0       300.0930006109453
    0.06992187499999999   0.0004152393681890515   1.851474800234446e-05                       0       300.0944445725243
              0.0703125   0.0004212791022636374   1.854618081055861e-05                       0       300.0958885341033
    0.07070312500000001   0.0004272277445209468   1.856782934309748e-05                       0        300.097317340862
    0.07109374999999998   0.0004328120195091495   1.855034077293533e-05                       0       300.0986855283393
            0.071484375   0.0004383962944973533   1.853285220277313e-05                       0       300.1000537158167
    0.07187500000000002   0.0004439805694855655   1.851536363261128e-05                       0          300.1014219033
            0.072265625   0.0004490655829560403   1.845000387219206e-05                       0       300.1027108415406
    0.07265625000000001   0.0004541505964265241   1.838464411177319e-05                       0       300.1039997797871
            0.073046875   0.0004592356098970077   1.831928435135426e-05                       0       300.1052887180335
              0.0734375   0.0004638836091902796   1.821691088491858e-05                       0       300.1065117143803
    0.07382812499999999   0.0004684223549392484   1.810528399197867e-05                       0       300.1077182252522
             0.07421875   0.0004729611006882202   1.799365709903882e-05                       0       300.1089247361258
    0.07460937500000001   0.0004771418052075751   1.785555837092612e-05                       0       300.1100800892491
    0.07500000000000001   0.0004810838155738584   1.769981175269828e-05                       0       300.1112013372094
    0.07539062500000002   0.0004850258259401421   1.754406513447041e-05                       0       300.1123225851699
    0.07578124999999999   0.0004887074660182107   1.737174037582109e-05                       0       300.1134087509819
            0.076171875   0.0004919985506639629   1.717454840653981e-05                       0       300.1144422935749
    0.07656250000000001   0.0004952896353097071   1.697735643725819e-05                       0       300.1154758361629
    0.07695312500000001   0.0004984388996431455    1.67725112587526e-05                       0        300.116491438927
    0.07734374999999999     0.00050102088272734   1.653705324335042e-05                       0       300.1174352823826
    0.07773437499999999   0.0005036028658115389   1.630159522794841e-05                       0       300.1183791258408
    0.07812500000000001   0.0005061848488957378    1.60661372125462e-05                       0       300.1193229692988
    0.07851562500000001   0.0005079953067721505   1.579607005243399e-05                       0       300.1201756296461
    0.07890625000000001   0.0005098057646485645   1.552600289232181e-05                       0       300.1210282899942
    0.07929687500000002   0.0005116162225249865   1.525593573220988e-05                       0       300.1218809503468
    0.07968749999999999   0.0005127559154991608   1.496146316618222e-05                       0        300.122659938339
            0.080078125   0.0005137279172477892   1.466088924867613e-05                       0       300.1234205082503
    0.08046875000000001   0.0005146999189964173   1.436031533116994e-05                       0       300.1241810781616
    0.08085937500000001    0.000515125831645041   1.404414437411279e-05                       0       300.1248862392102
                0.08125   0.0005151876848936616   1.371757539068835e-05                       0       300.1255544610171
    0.08164062499999999   0.0005152495381422821   1.339100640726399e-05                       0       300.1262226828241
             0.08203125   0.0005149166519347346   1.305599205701694e-05   3.517999047254709e-29       300.1268541539791
    0.08242187500000001   0.0005139916565429349   1.270830965653635e-05     1.2312996665391e-28       300.1274304991562
    0.08281250000000001   0.0005130666611511352   1.236062725605571e-05   2.110799428352716e-28       300.1280068443334
            0.083203125   0.0005119279072904492   1.200976421561673e-05   2.795186968615847e-28       300.1285650715741
    0.08359374999999999   0.0005099341195542173   1.164617861534431e-05   2.699125622677029e-28       300.1290508270689
            0.083984375   0.0005079403318179853   1.128259301507186e-05   2.603064276738214e-28       300.1295365825636
    0.08437500000000001   0.0005059465440817576    1.09190074147995e-05   2.507002930799419e-28       300.1300223380609
    0.08476562500000001   0.0005027965541766627   1.054501532220393e-05   1.723564514924559e-28       300.1304196998242
    0.08515624999999999   0.0004996465642715726   1.017102322960847e-05   9.401260990498181e-29       300.1308170615901
    0.08554687500000002   0.0004964965743664817   9.797031137012918e-06   1.566876831749327e-29       300.1312144233559
              0.0859375   0.0004923471567252103   9.419307469114167e-06   4.757443814533261e-29       300.1315436349751
    0.08632812500000001   0.0004879478821498808   9.040650907389332e-06   1.070424858270009e-28       300.1318558090499
    0.08671875000000001   0.0004835486075745568   8.661994345664594e-06   1.665105335086707e-28       300.1321679831279
    0.08710937499999999   0.0004783403964385585   8.284108446472577e-06   1.850229566998632e-28       300.1324316396355
    0.08749999999999999   0.0004725928942621101   7.906736322302325e-06   1.762316302307421e-28       300.1326629510958
            0.087890625   0.0004668453920856619   7.529364198132054e-06   1.674403037616223e-28       300.1328942625563
    0.08828125000000001   0.0004605166110907769    7.15495472400035e-06   1.418948193951309e-28       300.1330954534274
    0.08867187500000001   0.0004533159118682375   6.784989224926497e-06   9.121809818258128e-29       300.1332514634148
              0.0890625   0.0004461152126457009    6.41502372585266e-06   4.054137697003765e-29       300.1334074734036
    0.08945312500000001   0.0004386016465321886   6.047793349100532e-06                       0       300.1335498076005
             0.08984375   0.0004298366128547716   5.691503461635159e-06                       0       300.1336374386278
    0.09023437500000001   0.0004210715791773562   5.335213574169815e-06                       0       300.1337250696565
    0.09062500000000001   0.0004123065454999444   4.978923686704498e-06                       0       300.1338127006877
            0.091015625   0.0004018597583741504   4.642708167283527e-06  -8.595958432467517e-29       300.1338403701793
    0.09140625000000002   0.0003914129712483582   4.306492647862555e-06  -1.719191686493582e-28       300.1338680396726
            0.091796875    0.000380966184122571   3.970277128441653e-06  -2.578787529740294e-28       300.1338957091689
    0.09218750000000001   0.0003690749681078529   3.655340893317783e-06  -2.707272680924605e-28        300.133883452528
    0.09257812500000001   0.0003568226448709078   3.345724479268227e-06  -2.652980159093339e-28       300.1338612143572
             0.09296875   0.0003445703216339633   3.036108065218667e-06  -2.598687637262033e-28       300.1338389761864
    0.09335937500000002   0.0003311565602502994   2.746450601751193e-06  -2.093788635680236e-28       300.1337938970207
                0.09375   0.0003169685067688247    2.47009910533846e-06  -1.288485314264776e-28        300.133733590525
    0.09414062500000001   0.0003027804532873508   2.193747608925708e-06  -4.831819928492394e-29       300.1336732840313
    0.09453125000000001   0.0002877634606971676   1.933427231542779e-06                       0       300.1336032623454
            0.094921875   0.0002715030594439296   1.697153532704629e-06                       0       300.1335186678794
    0.09531250000000002   0.0002552426581906924   1.460879833866465e-06                       0       300.1334340734168
            0.095703125   0.0002385391922292481   1.233990772768184e-06                       0       300.1333477977546
    0.09609375000000001   0.0002200634674349802   1.044640262629343e-06                       0       300.1332547973091
    0.09648437500000001   0.0002015877426407147    8.55289752490509e-07                       0       300.1331617968675
               0.096875   0.0001831120178464493   6.659392423516793e-07                       0       300.1330687964256
    0.09726562500000001   0.0001622719152342163   5.319362592666605e-07                       0       300.1329855372032
             0.09765625   0.0001414318126219851   3.979332761816478e-07                       0       300.1329022779832
    0.09804687500000001   0.0001205917100097531   2.639302930966311e-07                       0       300.1328190187632
    0.09843750000000001   9.773477044871012e-05   1.813055585100874e-07   1.533631652098302e-29       300.1327600131526
    0.09882812500000002   7.437362165046425e-05   1.115253860481601e-07   3.450671217221243e-29        300.132707070944
    0.09921875000000001    5.10124728522188e-05   4.174521358623347e-08   5.367710782344136e-29       300.1326541287382
            0.099609375   2.604250833307497e-05   8.645715375916903e-09   3.834079130245549e-29       300.1326329518524
    0.09999999999999999                       0                       0                       0       300.1326329518523
