/*--------------------------------*- C++ -*----------------------------------*\
  =========                 |
  \\      /  F ield         | OpenFOAM: The Open Source CFD Toolbox
   \\    /   O peration     | Website:  https://openfoam.org
    \\  /    A nd           | Version:  13
     \\/     M anipulation  |
\*---------------------------------------------------------------------------*/
FoamFile
{
    format      ascii;
    class       volScalarField;
    location    "4.707987914239";
    object      p_rgh;
}
// * * * * * * * * * * * * * * * * * * * * * * * * * * * * * * * * * * * * * //

dimensions      [1 -1 -2 0 0 0 0];

internalField   nonuniform List<scalar> 
2143
(
2.7499373302639277e-05
2.5324057331314101e-05
2.3178303098563244e-05
2.1067860123974909e-05
1.8998346685789445e-05
1.6975234800956089e-05
1.5003833567788875e-05
1.3089271470449372e-05
1.1236478347120654e-05
9.450168179742313e-06
7.7348230720081721e-06
6.0946769089956643e-06
4.5337053312226861e-06
3.055609370201338e-06
1.6638083518007244e-06
3.6143252400176175e-07
-8.4868233066624338e-07
-1.9639981939082699e-06
-2.9822761795778631e-06
-3.9015761437982739e-06
-4.720254743327918e-06
-5.4369621378878125e-06
-6.0506375143759442e-06
-6.5605036618333218e-06
-6.966060763719553e-06
-7.2670794359781641e-06
-7.4635931412367826e-06
-7.5558902828571686e-06
-7.5445072736973817e-06
-7.4302145911100047e-06
-7.2140164327603258e-06
-6.8971339258685253e-06
-6.4809970542263831e-06
-5.9672341890677174e-06
-5.3576604785953654e-06
-4.65426541337683e-06
-3.8591993892299301e-06
-2.9747590873843766e-06
-2.0033714408736377e-06
-9.4757598331763943e-07
1.8999465728929696e-07
1.4066364100372273e-06
2.6995978360701425e-06
4.0661070223711234e-06
5.5034016716743944e-06
7.0087628771347702e-06
8.5795531619884762e-06
1.0213259428793815e-05
1.1907541622500154e-05
1.3660288057432213e-05
1.5469678570822925e-05
1.7334256846123546e-05
1.9253013638997518e-05
2.6960250223334836e-05
2.4878489213583941e-05
2.2826674266897475e-05
2.081023946086222e-05
1.8834480461280749e-05
1.6904544317351533e-05
1.5025417433575747e-05
1.3201912468094807e-05
1.1438654544400327e-05
9.7400672945381415e-06
8.1103589365448205e-06
6.5535075260247558e-06
5.0732657268398524e-06
3.6731238815299607e-06
2.3563198004248252e-06
1.1258278099347716e-06
-1.5646946107371171e-08
-1.0656721337864587e-06
-2.0220903542749948e-06
-2.8830198566044311e-06
-3.6468539319043572e-06
-4.3122591465099325e-06
-4.8781725004864094e-06
-5.3437977104562813e-06
-5.7086007780886174e-06
-5.9723046555751337e-06
-6.1348834056787505e-06
-6.196556213315726e-06
-6.1577787886655581e-06
-6.0192390392179608e-06
-5.7818469620289865e-06
-5.4467263892831426e-06
-5.0152058975419117e-06
-4.4888090015916898e-06
-3.8692433856754515e-06
-3.1583891749950117e-06
-2.3582860818775394e-06
-1.4711193075233455e-06
-4.992039628106154e-07
5.5503216709423007e-07
1.6890677577733501e-06
2.9003092407265646e-06
4.1861145778107557e-06
5.5438198291393488e-06
6.9707689512232626e-06
8.464347282777809e-06
1.00220192698244e-05
1.1641371108812614e-05
1.3320159071773113e-05
1.5056364487444525e-05
1.6848256473291937e-05
1.8694463843841023e-05
2.0594057826329343e-05
2.2546647663711877e-05
2.4552491635420662e-05
2.6612626615113955e-05
2.6350604812555666e-05
2.435698058753636e-05
2.2393924560914669e-05
2.0466600068651646e-05
1.8580022746660189e-05
1.6739054440074759e-05
1.4948395158341792e-05
1.321257371470323e-05
1.1535937627070633e-05
9.9226433656089609e-06
8.3766466079638047e-06
6.9016596680145183e-06
5.5012503653838622e-06
4.1786794936068495e-06
2.9370017196010012e-06
1.7790266242694406e-06
7.0731477663706874e-07
-2.7582517557196278e-07
-1.1683388294636773e-06
-1.9684272734656841e-06
-2.6745472744245699e-06
-3.2854104598609601e-06
-3.799981581769784e-06
-4.217475943947488e-06
-4.537356399275715e-06
-4.759329114519076e-06
-4.8833391629267835e-06
-4.9095658924046496e-06
-4.838415297371424e-06
-4.6705167501421622e-06
-4.4067139611075891e-06
-4.0480579940541052e-06
-3.5957991913536025e-06
-3.0513780244821253e-06
-2.4164150933740488e-06
-1.6927001401248196e-06
-8.8217987948105411e-07
1.3055500243431478e-08
9.907873481066287e-07
2.0486852621844318e-06
3.1843257453883149e-06
4.3952130511789271e-06
5.6788025151466338e-06
7.0325267285896624e-06
8.45382493786548e-06
9.9401761451089948e-06
1.1489136459001943e-05
1.3098381350552837e-05
1.4765753594183975e-05
1.6489317827996456e-05
1.8267422869894144e-05
2.0098773148206826e-05
2.1982510915373252e-05
2.3918311316268114e-05
2.5906492803072542e-05
2.7948146083647878e-05
2.5667469095156064e-05
2.3756331921770994e-05
2.1876571396355316e-05
2.0033121384875438e-05
1.8230757456224967e-05
1.6474094284939301e-05
1.4767580986208991e-05
1.3115494989716605e-05
1.1521934923195419e-05
9.990813028092105e-06
8.5258468450921184e-06
7.1305473451143383e-06
5.8082303879297101e-06
4.5619820344830387e-06
3.3946702116767526e-06
2.3089362488128546e-06
1.3071900828614147e-06
3.9160705790638477e-07
-4.3587445919462152e-07
-1.1735544900148393e-06
-1.8199719979221623e-06
-2.3739046530933851e-06
-2.8343677059773354e-06
-3.200612058422682e-06
-3.4721227520920938e-06
-3.6486150512058398e-06
-3.73003130097062e-06
-3.7165362912653775e-06
-3.608513401617662e-06
-3.4065586281342704e-06
-3.1114745928271479e-06
-2.7242641858434046e-06
-2.2461231539289381e-06
-1.6784317302531585e-06
-1.022745390315976e-06
-2.8078459303062552e-07
5.4557673245424735e-07
1.454324050709118e-06
2.4433166371594561e-06
3.5103037318225852e-06
4.6529426634406319e-06
5.8688191883925856e-06
7.1554703452612112e-06
8.5104101696927152e-06
9.9311586493862328e-06
1.1415274389577066e-05
1.2960391543500613e-05
1.4564261647798859e-05
1.6224801127230973e-05
1.7940145422314921e-05
1.9708710845187426e-05
2.1529265524650183e-05
2.3401011120374565e-05
2.5323677330592131e-05
2.7297631747715213e-05
2.9324008193023905e-05
2.4908405531208528e-05
2.3073971265831486e-05
2.1271869442973878e-05
1.9506842541051632e-05
1.7783463422701285e-05
1.6106135688891646e-05
1.4479091905242454e-05
1.2906390237655588e-05
1.1391909962492903e-05
9.9393462157030495e-06
8.5522043196036526e-06
7.2337940101861247e-06
5.9872264741007632e-06
4.8154047208417312e-06
3.7210210954401857e-06
2.7065538368301197e-06
1.7742626038523924e-06
9.2618631007345292e-07
1.6414087657054981e-07
-5.1028208343526601e-07
-1.0957159522494844e-06
-1.5910191739525092e-06
-1.9952742766128631e-06
-2.3077858748404735e-06
-2.5280818250619546e-06
-2.6559077933381847e-06
-2.6912254733654025e-06
-2.6342086019433921e-06
-2.4852403965946061e-06
-2.2449075469747235e-06
-1.9139955105757336e-06
-1.4934827218874268e-06
-9.8453379653716463e-07
-3.8849189499870436e-07
2.9312981959501577e-07
1.0586578250845793e-06
1.9062691221155301e-06
2.8340035182756539e-06
3.8397774650382401e-06
4.9213996745199235e-06
6.0765887095858004e-06
7.3029928258088071e-06
8.598212344593638e-06
9.9598248885151133e-06
1.1385413885125044e-05
1.2872600792540285e-05
1.4419081584337771e-05
1.6022668140104458e-05
1.7681335317751036e-05
1.939327461922892e-05
2.115695557527662e-05
2.297119620415407e-05
2.483524419977048e-05
2.6748870906744916e-05
2.8712480597427169e-05
3.0727238232435643e-05
2.4071253835687896e-05
2.2307672047216798e-05
2.0577496875361524e-05
1.8885314632905165e-05
1.723553037948969e-05
1.5632370791206362e-05
1.4079884842023825e-05
1.2581942796819176e-05
1.1142233975029729e-05
9.7642636447319666e-06
8.4513494019914798e-06
7.2066173645211146e-06
6.0329988842221304e-06
4.9332255312143536e-06
3.9098261335775012e-06
2.9651237364004055e-06
2.1012334121221701e-06
1.3200593223031413e-06
6.2329368765621728e-07
1.2415466935127416e-08
-5.1131016047923895e-07
-9.4683207743345395e-07
-1.2933122204758183e-06
-1.5501220774525762e-06
-1.7168490820309008e-06
-1.7932866833474088e-06
-1.7794341172584656e-06
-1.6754948278515505e-06
-1.4818723153730987e-06
-1.1991658992818929e-06
-8.2816624400191537e-07
-3.6985000584549946e-07
1.7462635879074249e-07
8.0393363641880748e-07
1.5165778520199192e-06
2.3109093787978696e-06
3.1851332991572144e-06
4.137321159596813e-06
5.1654243234805099e-06
6.2672890896622898e-06
7.4406738073397451e-06
8.683268258323505e-06
9.9927155733400013e-06
1.1366637029769991e-05
1.2802660122514853e-05
1.4298450346416653e-05
1.5851747267630012e-05
1.7460405467735876e-05
1.912244117945092e-05
2.0836085499009662e-05
2.2599845295204812e-05
2.4412573174262975e-05
2.6273548154476424e-05
2.8182569087581613e-05
3.0140063379620833e-05
3.2147214179306542e-05
2.3153905694912188e-05
2.1455304558526829e-05
1.9791281546943231e-05
1.8166299526107078e-05
1.6584628445128794e-05
1.5050350355764811e-05
1.3567362164182598e-05
1.2139376632694001e-05
1.0769922038939014e-05
9.4623408773832798e-06
8.2197879218830837e-06
7.0452279234225963e-06
5.9414332677685317e-06
4.9109810354813697e-06
3.9562507554321476e-06
3.0794222667061567e-06
2.2824739784327822e-06
1.5671809225528695e-06
9.3511450990030249e-07
3.8764069749400892e-07
-7.4079462878197572e-08
-4.4909056493216435e-07
-7.3664310297466296e-07
-9.3618677091752409e-07
-1.047379958108412e-06
-1.0700768948123986e-06
-1.0043310382898257e-06
-8.5039275413519357e-07
-6.087049590033644e-07
-2.7989958330105767e-07
1.3520663436866143e-07
6.3561711710475611e-07
1.2201612237362845e-06
1.8875008655512054e-06
2.6361381005614971e-06
3.4644238315025633e-06
4.3705677659847495e-06
5.3526497682744e-06
6.4086328066983174e-06
7.5363776726483223e-06
8.7336597151522876e-06
9.9981878250260586e-06
1.1327625962779969e-05
1.2719617575560623e-05
1.4171813274649928e-05
1.5681902239398963e-05
1.7247647868374355e-05
1.8866928341834871e-05
2.0537782813287093e-05
2.225846419071172e-05
2.4027499581409528e-05
2.5843759763805847e-05
2.7706539343135086e-05
2.9615649635180912e-05
3.1571526820110254e-05
3.3575358554653758e-05
2.2154093593016216e-05
2.0514606137580233e-05
1.8910950845760011e-05
1.7347497727222615e-05
1.5828412394014908e-05
1.4357662909634077e-05
1.2939024296591483e-05
1.157608120931234e-05
1.0272229180026e-05
9.0306748209807027e-06
7.8544352702613012e-06
6.7463371450897182e-06
5.7090152343985992e-06
4.7449108816497684e-06
3.856270553789843e-06
3.0451445005010546e-06
2.3133855938667314e-06
1.662648282651802e-06
1.0943880932942579e-06
6.0986157545040843e-07
2.1012659457353212e-07
-1.0396009766702641e-07
-3.3174592202436895e-07
-4.7276313680475552e-07
-5.2675392185859316e-07
-4.9364100955488845e-07
-3.7354554794504969e-07
-1.6678092026125402e-07
1.2615306467692856e-07
5.0457344466745892e-07
9.6761774824838994e-07
1.5142487023055592e-06
2.1432597730354868e-06
2.8532815299151917e-06
3.6427889984518575e-06
4.5101100932197986e-06
5.4534353156888034e-06
6.4708288491175503e-06
7.5602412187865881e-06
8.7195237448808718e-06
9.9464449927236261e-06
1.1238709461542977e-05
1.2593978829631497e-05
1.4009896050878291e-05
1.5484112725068574e-05
1.7014320169970143e-05
1.8598284725382611e-05
2.0233887947186154e-05
2.191917241259097e-05
2.3652394080366467e-05
2.5432082293058181e-05
2.7257108761499227e-05
2.9126767217087728e-05
3.1040865740959872e-05
3.2999834362887314e-05
3.5004851079938104e-05
2.1069180037283758e-05
1.9482955197695911e-05
1.7933889217749065e-05
1.6426288092996462e-05
1.4964242273856439e-05
1.3551635059913358e-05
1.2192148591232342e-05
1.0889267894699392e-05
9.6462834444236858e-06
8.4662925627260543e-06
7.3521999949699674e-06
6.3067178813553846e-06
5.3323653489232016e-06
4.4314678346264561e-06
3.6061563681160384e-06
2.858366882656143e-06
2.1898395941421203e-06
1.6021184730198001e-06
1.0965512291494168e-06
6.7429074224735281e-07
3.3629434471364515e-07
8.3307193576488074e-08
-8.4139608403363818e-08
-1.6554299897947826e-07
-1.6085898219641499e-07
-7.0066924180847877e-08
1.0664583368747665e-07
3.6888881231744259e-07
7.160889383453544e-07
1.1474949619066218e-06
1.6621800339663763e-06
2.2590461594165142e-06
2.9368296956162209e-06
3.6941076844613152e-06
4.5293051036912979e-06
5.4407032247466554e-06
6.4264492058645103e-06
7.4845670720279685e-06
8.6129702644311212e-06
9.8094759605620689e-06
1.1071821359683216e-05
1.2397682221506304e-05
1.37846939189117e-05
1.5230475335452485e-05
1.6732656008669622e-05
1.8288906941100998e-05
1.9896975640650633e-05
2.1554725989359247e-05
2.3260183707353675e-05
2.5011588332013402e-05
2.6807452789329748e-05
2.8646631921301575e-05
3.0528401622662885e-05
3.2452550631929836e-05
3.4419487546460998e-05
3.6430366251866802e-05
1.9895933386568108e-05
1.8357134170200395e-05
1.6856887265521619e-05
1.539946212125982e-05
1.3988901922157638e-05
1.2629033317702564e-05
1.1323473609088074e-05
1.0075635942309659e-05
8.8887328911855486e-06
7.7657788185519092e-06
6.7095913140740651e-06
5.7227919520552224e-06
4.8078065853699743e-06
3.9668653285032143e-06
3.2020024017845322e-06
2.5150559210724115e-06
1.90766767377663e-06
1.3812829126869514e-06
9.371508181818638e-07
5.7632728924937633e-07
2.996713704428026e-07
1.0778711699367866e-07
9.6484903418651871e-10
-1.9730019623142288e-08
4.4997581460690671e-08
1.9522122651563043e-07
4.3070774624928863e-07
7.5097919515968319e-07
1.1553749059830475e-06
1.6430591113485092e-06
2.2130225650808538e-06
2.8640869439339296e-06
3.5949105497170101e-06
4.4039947554654e-06
5.289691382206575e-06
6.2502111424366623e-06
7.2836333192140481e-06
8.3879168124848368e-06
9.5609127456142448e-06
1.080037879378208e-05
1.2103995501567954e-05
1.3469384771368493e-05
1.4894130881229689e-05
1.6375804290445823e-05
1.7911988655514364e-05
1.9500311498332468e-05
2.1138479027869258e-05
2.2824315769102537e-05
2.4555809737459557e-05
2.6331164069128562e-05
2.8148856195169971e-05
3.0007705920645763e-05
3.190695405966174e-05
3.3846353680153111e-05
3.5826276516498181e-05
3.7847837793855333e-05
1.8630276027983896e-05
1.7133066073274104e-05
1.5675866032124596e-05
1.4262935258084354e-05
1.2898296663584946e-05
1.1585747538072035e-05
1.0328867742789483e-05
9.13102576839299e-06
7.9953831257568572e-06
6.9248974038999856e-06
5.9223243295894448e-06
4.990219077482197e-06
4.1309370376797415e-06
3.3466342313092628e-06
2.639267507594683e-06
2.0105946504070291e-06
1.4621744480631626e-06
9.9536678200672568e-07
6.1133315091716331e-07
3.1103855760065813e-07
9.525122498356451e-08
-3.5474120757003651e-08
-8.0797708665405121e-08
-4.0407072309918922e-08
8.5552320127072631e-08
2.9691032526505312e-07
5.9328951557231642e-07
9.741108164612469e-07
1.438614080712134e-06
1.9858628152530132e-06
2.6147471925678791e-06
3.3239889033618304e-06
4.1121470873075359e-06
4.9776250550327577e-06
5.9186779720211063e-06
6.9334215799410816e-06
8.0198421685317592e-06
9.1758078817850204e-06
1.0399081564254857e-05
1.1687335303765374e-05
1.303816690699184e-05
1.4449118551580758e-05
1.591769786993416e-05
1.7441401824070949e-05
1.9017743707327338e-05
2.0644283760310196e-05
2.2318663874971078e-05
2.4038647052885199e-05
2.5802162346046225e-05
2.7607356175061634e-05
2.9452651143639823e-05
3.1336813685205822e-05
3.3259032190008262e-05
3.5219007695512917e-05
3.7217059683274131e-05
3.9254250254041665e-05
1.7266990055226882e-05
1.5805508773535775e-05
1.4385559420081451e-05
1.3011417079471276e-05
1.1687110830500969e-05
1.0416435465244776e-05
9.2029604551677981e-06
8.0500366716654186e-06
6.960801329499876e-06
5.9381815109910059e-06
4.9848966051385676e-06
4.1034599233813971e-06
3.2961797172630011e-06
2.5651597792271754e-06
1.9122997852110745e-06
1.3392955113633667e-06
8.4763899572857258e-07
4.3861873583600866e-07
1.1332006446199405e-07
-1.2737392194324865e-07
-2.8278143810471098e-07
-3.5242397732978805e-07
-3.3602863163684366e-07
-2.335071235597623e-07
-4.4980439813597024e-08
2.2924904883810268e-07
5.8868179141799148e-07
1.0326280615433173e-06
1.5602144074807589e-06
2.1703875821935204e-06
2.8619190618281175e-06
3.6334105415350583e-06
4.4833003415896884e-06
5.4098706353794191e-06
6.4112556448864195e-06
7.4854508740694474e-06
8.6303235801651856e-06
9.8436245764160163e-06
1.1123001511809272e-05
1.2466013834810033e-05
1.3870149637774603e-05
1.53328446068216e-05
1.6851503377106496e-05
1.8423523593114923e-05
2.004632303774385e-05
2.1717370301718924e-05
2.3434219465897546e-05
2.5194549465625437e-05
2.6996208842783657e-05
2.8837266817541296e-05
3.0716071748331447e-05
3.2631318362654232e-05
3.4582125373681186e-05
3.6568125593359395e-05
3.8589571089000254e-05
4.0647456659763436e-05
1.5799364769054272e-05
1.4367690180032742e-05
1.2979136871408535e-05
1.1638021268602959e-05
1.0348404922337944e-05
9.1141069431045874e-06
7.9387135313952535e-06
6.8255851428302126e-06
5.7778617489801424e-06
4.7984665899755945e-06
3.8901087505434555e-06
3.0552848290218722e-06
2.2962799577426412e-06
1.6151683495668146e-06
1.0138135550353855e-06
4.9386854908746546e-07
5.6775784474177675e-08
-2.962327354525477e-07
-5.6413524442670754e-07
-7.4611974799749172e-07
-8.4158337553649707e-07
-8.5013203945334684e-07
-7.7157960218768065e-07
-6.0594038401902187e-07
-3.5343777028788477e-07
-1.4491157197254193e-08
4.1028128005733643e-07
9.2006699393367521e-07
1.5138638085484401e-06
2.1904847633626008e-06
2.9485635553099798e-06
3.7865608389512065e-06
4.7027712753097991e-06
5.6953315846867994e-06
6.762229423060373e-06
7.9013133965901846e-06
9.110304312402191e-06
1.0386807699973024e-05
1.172832776900808e-05
1.3132283020658547e-05
1.459602364732266e-05
1.6116851015198055e-05
1.7692039430256362e-05
1.9318860561438479e-05
2.099461083201541e-05
2.2716642240015005e-05
2.4482397137946901e-05
2.6289447552083845e-05
2.8135539821910647e-05
3.0018645439842645e-05
3.1937019189385821e-05
3.3889265950248837e-05
3.5874417799067928e-05
3.7892023509500806e-05
3.9942253023320386e-05
4.202602015632061e-05
1.4218769488930396e-05
1.2810866733558827e-05
1.1447747503983891e-05
1.0133795411218616e-05
8.8731311180840886e-06
7.6696252998267497e-06
6.5269085386147795e-06
5.4483787089920658e-06
4.4372063229463106e-06
3.4963382645242382e-06
2.6285002404672415e-06
1.8361982536531522e-06
1.1217193532769052e-06
4.871318707721753e-07
-6.5714678964232012e-08
-5.351898617166671e-07
-9.1988264841992572e-07
-1.2186016674940517e-06
-1.4303753109996961e-06
-1.5544516065506518e-06
-1.5902978154634389e-06
-1.5375996491244732e-06
-1.3962599211755235e-06
-1.1663933381865808e-06
-8.4833283506900257e-07
-4.4261866555530533e-07
5.0002530363103996e-08
6.2858133544167395e-07
1.2919706183600625e-06
2.0388313792163494e-06
2.8676385613068825e-06
3.7766889650534616e-06
4.7641087582419165e-06
5.8278629608708981e-06
6.965764959243355e-06
8.1754877370030923e-06
9.4545761847979881e-06
1.0800460641148135e-05
1.2210471779839082e-05
1.3681857102997894e-05
1.5211799166524017e-05
1.6797435764172666e-05
1.8435882343571578e-05
2.0124256927440507e-05
2.1859707908804108e-05
2.3639445164254609e-05
2.5460774982249303e-05
2.7321139430295622e-05
2.921816091372487e-05
3.1149692807041184e-05
3.311387727851858e-05
3.5109211638612009e-05
3.7134624903316817e-05
3.9189566631502265e-05
4.1274110629897141e-05
4.3389076843798205e-05
1.2514134482580415e-05
1.1123786788963067e-05
9.7799660414837824e-06
8.4871496514996243e-06
7.2495449149749373e-06
6.0711023170790604e-06
4.9555255767644056e-06
3.9062790244963591e-06
2.9265927938737421e-06
2.019466263768023e-06
1.187670116889991e-06
4.3374733374819992e-07
-2.3998661739362355e-07
-8.3144414879495413e-07
-1.3387662844898147e-06
-1.7603235737036368e-06
-2.0947170446431555e-06
-2.3407790548812384e-06
-2.4975739547297102e-06
-2.5643984035906452e-06
-2.5407812108386119e-06
-2.4264827828277896e-06
-2.2214940642064527e-06
-1.9260332131428093e-06
-1.5405466602318439e-06
-1.0657028311735653e-06
-5.023889361434402e-07
1.482934859233557e-07
8.8503428849072999e-07
1.7063213294645451e-06
2.6104477967712593e-06
3.5955208519763555e-06
4.6594703487599915e-06
5.8000602872274751e-06
7.0148991899188748e-06
8.301452707013509e-06
9.6570574374374043e-06
1.1078935865615375e-05
1.256421244321565e-05
1.410993127141155e-05
1.5713075384197725e-05
1.737058792121073e-05
1.9079395364903835e-05
2.0836433147834405e-05
2.263867400489546e-05
2.4483159471367283e-05
2.6367035047729452e-05
2.8287589667111216e-05
3.0242300179027607e-05
3.2228881793658129e-05
3.4245345543484473e-05
3.6290064168518907e-05
3.8361848044436948e-05
4.0460033298871726e-05
4.2584584668082385e-05
4.47362164316863e-05
1.0671322556838952e-05
9.2920401513502776e-06
7.9611204826901399e-06
6.6831627773384589e-06
5.4624900346598538e-06
4.3031624749433133e-06
3.2089875254405978e-06
2.1835269314645886e-06
1.2301015325900505e-06
3.5179413303739848e-07
-4.4854913850476401e-07
-1.1683186347198568e-06
-1.8051418775903774e-06
-2.3568848669658935e-06
-2.8216537727990888e-06
-3.1977968246699243e-06
-3.4839062074520975e-06
-3.6788198266285797e-06
-3.7816228058896679e-06
-3.7916484459112195e-06
-3.7084783549992212e-06
-3.5319435128195487e-06
-3.2621216188797195e-06
-2.899336204220049e-06
-2.4441546678187889e-06
-1.897383812832619e-06
-1.2600655034707705e-06
-5.3347118207139834e-07
2.809048087746884e-07
1.1813529661398914e-06
2.165957345869386e-06
3.2326055683265202e-06
4.3790000845461666e-06
5.6026695874939477e-06
6.9009829466719295e-06
8.2711626692394212e-06
9.7103006223154867e-06
1.1215374966406546e-05
1.2783267681848873e-05
1.441078381114905e-05
1.6094672121536601e-05
1.7831647516361912e-05
1.9618415344899327e-05
2.1451697883300559e-05
2.3328263368929151e-05
2.5244957975041837e-05
2.7198741296743814e-05
2.9186725909605095e-05
3.1206221807186353e-05
3.3254786577259995e-05
3.5330282473679181e-05
3.7430941726304081e-05
3.9555441763189462e-05
4.1702992466482696e-05
4.3873438055954945e-05
4.6067376943659877e-05
8.6723742944541489e-06
7.297275399222296e-06
5.9724817203327956e-06
4.7027444849751491e-06
3.4925338247425162e-06
2.3460521628552892e-06
1.267243887047978e-06
2.5980194441138738e-07
-6.7282811109012446e-07
-1.5274461344680656e-06
-2.3010970685325642e-06
-2.9910719137702847e-06
-3.5949096694561187e-06
-4.1103999639318638e-06
-4.5355861060002283e-06
-4.8687683227789789e-06
-5.1085069958156846e-06
-5.2536257026800364e-06
-5.3032138154339741e-06
-5.2566284114203058e-06
-5.1134955579377079e-06
-4.8737115535301371e-06
-4.5374412446027606e-06
-4.1051171267231438e-06
-3.5774367424911359e-06
-2.9553584425317625e-06
-2.240096185706201e-06
-1.4331130078622147e-06
-5.3611310147915397e-07
4.489674323007305e-07
1.5199710917426534e-06
2.6745308231575397e-06
3.9100833007859602e-06
5.2238831994233977e-06
6.6130186982880546e-06
8.0744274379801599e-06
9.6049142596687277e-06
1.1201171522766142e-05
1.2859797675948782e-05
1.4577318564434708e-05
1.6350209990172844e-05
1.8174921708019315e-05
2.0047903016666518e-05
2.1965630317118328e-05
2.3924636943401542e-05
2.5921545731998611e-05
2.7953104819717069e-05
3.0016227298222655e-05
3.2108035524560037e-05
3.4225910963621795e-05
3.6367550735363461e-05
3.8531032208989423e-05
4.0714887353782877e-05
4.2918188977739156e-05
4.5140651452540361e-05
4.7382749272044313e-05
6.4946115553482323e-06
5.1162682105632406e-06
3.790296859472968e-06
2.521634031483165e-06
1.3149317809683382e-06
1.7457078859547656e-07
-8.9533055101400961e-07
-1.8909103545467198e-06
-2.808560262244398e-06
-3.6449247134408999e-06
-4.396902064379658e-06
-5.0616471365688985e-06
-5.6365748596170778e-06
-6.1193646779187842e-06
-6.5079654228543237e-06
-6.8006003804735904e-06
-6.9957723185649004e-06
-7.0922682398918989e-06
-7.0891634492582905e-06
-6.9858244568365093e-06
-6.7819136476933273e-06
-6.4773876814118373e-06
-6.0724995647167097e-06
-5.5677968653039631e-06
-4.9641189860330653e-06
-4.2625926995072156e-06
-3.4646260910169992e-06
-2.5719007965025665e-06
-1.586362519851849e-06
-5.1020987540519858e-07
6.5411838810405833e-07
1.9039577112127382e-06
3.2364335664904613e-06
4.648478706186665e-06
6.1368512173210679e-06
7.698156877937278e-06
9.3288606193759125e-06
1.1025321527068176e-05
1.2783806856641151e-05
1.4600517034225789e-05
1.6471610815489817e-05
1.8393231333152753e-05
2.0361533218032405e-05
2.237271138633825e-05
2.442303183294654e-05
2.6508864816341956e-05
2.8626720969857539e-05
3.0773290984398149e-05
3.2945489645145593e-05
3.514050518242222e-05
3.7355855079508844e-05
3.9589449727815213e-05
4.1839665676718911e-05
4.4105430583939393e-05
4.6386322528824929e-05
4.868268703784455e-05
4.1095870159189855e-06
2.7198271055172023e-06
1.3846512061820649e-06
1.0921870725151516e-07
-1.101597023080299e-06
-2.2431961077510899e-06
-3.3112439394234398e-06
-4.3016665919561167e-06
-5.2106492716555368e-06
-6.0346372895591636e-06
-6.7703390767152135e-06
-7.414730826458245e-06
-7.9650623580645746e-06
-8.4188638556220735e-06
-8.7739531327296028e-06
-9.0284431025659312e-06
-9.1807491662884705e-06
-9.229596145494029e-06
-9.174024437980584e-06
-9.0133946571634049e-06
-8.7473945851924514e-06
-8.3760382429798727e-06
-7.8996688076565022e-06
-7.3189574861563198e-06
-6.6349007436982157e-06
-5.84881539865977e-06
-4.9623315797038922e-06
-3.9773834639461062e-06
-2.8961978417904999e-06
-1.7212805353232489e-06
-4.5540077849769107e-07
8.9842631231747313e-07
2.3369590363976031e-06
3.8567499710174903e-06
5.4541681426018805e-06
7.1254226560165684e-06
8.8665860233605613e-06
1.0673620909188561e-05
1.2542406755282164e-05
1.4468764812514787e-05
1.6448485551830682e-05
1.8477357731831827e-05
2.0551197605836842e-05
2.2665879089101535e-05
2.4817365602245557e-05
2.7001743908148692e-05
2.9215260459808053e-05
3.1454360950059976e-05
3.3715733853974521e-05
3.5996358997582203e-05
3.8293562303467075e-05
4.0605078178263689e-05
4.2929121272527138e-05
4.5264469799261416e-05
4.7610563071085092e-05
4.99676166322344e-05
1.4818728281695466e-06
7.152844383237701e-08
-1.2818506019356263e-06
-2.5728388342366981e-06
-3.7962961048923537e-06
-4.947355912968702e-06
-6.0214184047235964e-06
-7.0141473679939846e-06
-7.9214705909754412e-06
-8.7395830307275316e-06
-9.4649522934375243e-06
-1.0094325957673534e-05
-1.0624740320095646e-05
-1.1053530126537858e-05
-1.1378338922574561e-05
-1.1597129652523351e-05
-1.1708195161156665e-05
-1.1710167896343661e-05
-1.1602027258320499e-05
-1.138311332294544e-05
-1.105312522304811e-05
-1.0612130633904936e-05
-1.0060566618607184e-05
-9.3992395217066705e-06
-8.6293223884869186e-06
-7.7523495704034294e-06
-6.7702085116944934e-06
-5.685128678083155e-06
-4.4996676658975299e-06
-3.2166945607322314e-06
-1.8393707152700801e-06
-3.7112812742584041e-07
1.1843543198474239e-06
2.8231764724013434e-06
4.5412440263113355e-06
6.3342965648889885e-06
8.1979371087557959e-06
1.0127663247872146e-05
1.2118895948651468e-05
1.4167011614736174e-05
1.6267371859072948e-05
1.8415354911916526e-05
2.0606387883955165e-05
2.28359787269298e-05
2.5099749182428881e-05
2.7393469235506415e-05
2.9713093558508656e-05
3.2054800636177319e-05
3.4415035476904578e-05
3.6790556955381681e-05
3.9178491008328665e-05
4.157639123640949e-05
4.3982308655233377e-05
4.6394872856192825e-05
4.8813387254583484e-05
5.123794184382616e-05
-1.4323106244154532e-06
-2.8737192954451746e-06
-4.2555853200179813e-06
-5.5721666121129165e-06
-6.8180028982849274e-06
-7.9879052178355192e-06
-9.0769505652803762e-06
-1.0080480928223408e-05
-1.0994106089662232e-05
-1.1813709602013219e-05
-1.2535457401661781e-05
-1.315580854662961e-05
-1.3671527611324471e-05
-1.4079698248458868e-05
-1.4377737489128883e-05
-1.4563410340515057e-05
-1.4634844402864445e-05
-1.4590543984865377e-05
-1.4429395293168544e-05
-1.4150695715981656e-05
-1.3754144062573495e-05
-1.3239855939428931e-05
-1.2608366746711881e-05
-1.1860632392784719e-05
-1.0998026931398325e-05
-1.0022336660862174e-05
-8.9357505516913237e-06
-7.740846972700449e-06
-6.4405767443716062e-06
-5.0382426570392417e-06
-3.5374756582893905e-06
-1.9422080151858722e-06
-2.5664380525261798e-07
1.514772828263708e-06
3.3673911961086129e-06
5.2963887222670392e-06
7.2968065141563588e-06
9.3635863015713929e-06
1.1491606817954818e-05
1.3675718099847723e-05
1.5910777862875174e-05
1.8191686808020337e-05
2.0513422518726754e-05
2.2871074364923285e-05
2.5259877824058495e-05
2.7675249401324725e-05
3.0112822898826197e-05
3.2568487731997168e-05
3.5038430252045579e-05
3.7519179223170733e-05
4.0007656778076516e-05
4.250123645816598e-05
4.4997810225630765e-05
4.7495866705441708e-05
4.9994583440394646e-05
5.249393659723501e-05
-4.6866138533926501e-06
-6.1712703740653554e-06
-7.5935827533013557e-06
-8.94743251246097e-06
-1.0226975915996337e-05
-1.142663504608899e-05
-1.2541094529460642e-05
-1.356530318483862e-05
-1.4494479899382591e-05
-1.5324123125709333e-05
-1.6050023431530252e-05
-1.6668278538067381e-05
-1.7175310309380209e-05
-1.7567883162781706e-05
-1.7843123383962574e-05
-1.7998538794675995e-05
-1.8032037837546535e-05
-1.7941947177648403e-05
-1.7727037442361448e-05
-1.7386520625338209e-05
-1.6920080047662374e-05
-1.6327873325437237e-05
-1.5610539190230534e-05
-1.4769200247700775e-05
-1.3805461228069855e-05
-1.2721402636442014e-05
-1.1519569651375402e-05
-1.0202956197485105e-05
-8.7749842530795425e-06
-7.2394785526092361e-06
-5.6006369752376624e-06
-3.8629970491697944e-06
-2.0313990520699502e-06
-1.1094634716422559e-07
1.8930364215770554e-06
3.9750465356080307e-06
6.1294470928171567e-06
8.3505112376250806e-06
1.0632466467230977e-05
1.2969536762913692e-05
1.535598292103182e-05
1.7786143905721224e-05
2.0254474564683841e-05
2.2755582576391694e-05
2.5284264694819805e-05
2.7835542156056964e-05
3.0404696368272964e-05
3.2987305834567816e-05
3.5579285326993728e-05
3.8176928577478407e-05
4.077695598066158e-05
4.3376569024216085e-05
4.5973513476566694e-05
4.85661536619021e-05
5.1153560732529727e-05
5.3735618399701014e-05
-8.3461986977249209e-06
-9.8884689582000663e-06
-1.13653413011832e-05
-1.2770249608026012e-05
-1.4096890940177713e-05
-1.533921860841867e-05
-1.6491441529153176e-05
-1.7548029102652351e-05
-1.8503720913123782e-05
-1.9353540602371261e-05
-2.0092813315544686e-05
-2.0717186091207299e-05
-2.1222650617824865e-05
-2.1605567733209393e-05
-2.1862693072319921e-05
-2.1991203261416237e-05
-2.1988721554659785e-05
-2.185334120169731e-05
-2.1583654907789434e-05
-2.1178766971378087e-05
-2.06383172079179e-05
-1.9962493563706405e-05
-1.9152041724922517e-05
-1.8208269944805349e-05
-1.7133048331882245e-05
-1.5928802234499182e-05
-1.4598499485648082e-05
-1.3145631370588197e-05
-1.1574187382322727e-05
-9.8886239674307712e-06
-8.0938276417790875e-06
-6.1950730323590731e-06
-4.1979765374031608e-06
-2.1084464270481373e-06
6.7369686600483454e-08
2.3231390527473546e-06
4.6523986473348622e-06
7.0486097841513009e-06
9.5052115545075153e-06
1.2015672641557295e-05
1.4573541118461021e-05
1.7172488195408633e-05
1.9806352989413171e-05
2.2469184399724522e-05
2.5155276724629548e-05
2.7859206476889055e-05
3.0575867086472953e-05
3.3300503588710435e-05
3.6028748581976945e-05
3.8756660878895018e-05
4.1480768543118573e-05
4.4198118237305051e-05
4.6906333064039796e-05
4.9603681440280227e-05
5.228915997860791e-05
5.4962593962606705e-05
-1.2489455127796175e-05
-1.4106462293286392e-05
-1.5654739937224071e-05
-1.7127189131115592e-05
-1.8516956864763931e-05
-1.9817431594020681e-05
-2.1022245818719621e-05
-2.2125284927382739e-05
-2.3120701579737745e-05
-2.4002934960729048e-05
-2.4766734242821968e-05
-2.540718561558886e-05
-2.5919742188562331e-05
-2.6300256112908603e-05
-2.6545012171712318e-05
-2.6650762095419673e-05
-2.6614758938836597e-05
-2.6434785372291691e-05
-2.6109196750266856e-05
-2.5636936793596299e-05
-2.5017568024545553e-05
-2.4251290930221183e-05
-2.3338958201722621e-05
-2.2282082774085415e-05
-2.1082838893183996e-05
-1.9744055626198728e-05
-1.8269202454445607e-05
-1.6662366727965267e-05
-1.4928223019088933e-05
-1.3071994597643484e-05
-1.109940752648084e-05
-9.0166380618409793e-06
-6.8302543022673779e-06
-4.547153169190386e-06
-2.1744939913966977e-06
2.8036997298693406e-07
2.8099606873948359e-06
5.4067437796739146e-06
8.0631948983060212e-06
1.0771863082090494e-05
1.3525430397635146e-05
1.6316771181111125e-05
1.9138985322567548e-05
2.1985466774594546e-05
2.484992758934066e-05
2.7726438631057814e-05
3.0609463072275096e-05
3.3493887749189379e-05
3.6375054453427766e-05
3.9248792837944339e-05
4.2111456875361698e-05
4.4959967082095768e-05
4.7791860953947915e-05
5.0605354395744129e-05
5.3399417290716577e-05
5.6173866961863755e-05
-1.7209727404469077e-05
-1.8922030169073023e-05
-2.0561974284939027e-05
-2.2121826270388651e-05
-2.3594074115721699e-05
-2.497142581693102e-05
-2.6246815848080573e-05
-2.7413418792078876e-05
-2.8464669392583187e-05
-2.9394288340622626e-05
-3.0196313088755592e-05
-3.0865133006322695e-05
-3.1395528096571606e-05
-3.1782710530770276e-05
-3.2022368116454012e-05
-3.2110708477067563e-05
-3.2044502769867995e-05
-3.1821135252516854e-05
-3.1438631234538509e-05
-3.0895707517826371e-05
-3.0191800531681972e-05
-2.9327094237221995e-05
-2.8302541053047675e-05
-2.711987470469087e-05
-2.5781614207944416e-05
-2.4291058232096294e-05
-2.2652269294047439e-05
-2.0870047431720215e-05
-1.8949893314292744e-05
-1.689796104950149e-05
-1.4721001232356675e-05
-1.2426295142185669e-05
-1.0021581250954455e-05
-7.5149754992753757e-06
-4.9148870236933907e-06
-2.2299311521464596e-06
5.3115840279459597e-07
3.3596162438407604e-06
6.2467289926602571e-06
9.1839144631028433e-06
1.2162794990964987e-05
1.5175264587734531e-05
1.8213546301026274e-05
2.1270241416852947e-05
2.4338378998258304e-05
2.7411446911597701e-05
3.0483425057353613e-05
3.3548812577281549e-05
3.6602652628966005e-05
3.9640557287595743e-05
4.2658734872779921e-05
4.5654022293945153e-05
4.862392525954733e-05
5.1566669463590982e-05
5.4481266217170123e-05
5.7367596438135651e-05
-2.2616957118011422e-05
-2.4449333768915171e-05
-2.6205415506738117e-05
-2.7876713259533527e-05
-2.9454925966631384e-05
-3.0931942638344889e-05
-3.2299853443146391e-05
-3.3550969030140041e-05
-3.4677847365569368e-05
-3.5673327355422875e-05
-3.6530568552536584e-05
-3.7243096167518863e-05
-3.7804850562338619e-05
-3.8210240345536274e-05
-3.8454198094945776e-05
-3.8532237403577777e-05
-3.8440509681143181e-05
-3.817586358564972e-05
-3.7735894045934532e-05
-3.7118996308749815e-05
-3.6324409522353325e-05
-3.5352254538225237e-05
-3.4203563428573062e-05
-3.2880299159869888e-05
-3.1385364183984563e-05
-2.9722596869387459e-05
-2.7896754935420603e-05
-2.591348536901519e-05
-2.3779280614463754e-05
-2.1501421283824642e-05
-1.9087905982851402e-05
-1.6547369341174658e-05
-1.388898969754025e-05
-1.1122388319058373e-05
-8.2575223322035694e-06
-5.3045738358292326e-06
-2.2738377621933566e-06
8.2438883361569114e-07
3.9799134969671952e-06
7.1827487434223401e-06
1.0423203950216462e-05
1.3691967700018379e-05
1.6980179605648388e-05
2.0279488389613992e-05
2.3582099648726471e-05
2.6880817223983357e-05
3.0169067953462026e-05
3.3440924723063319e-05
3.6691122622009245e-05
3.9915072903615158e-05
4.3108877821120997e-05
4.6269349434438457e-05
4.9394035789374368e-05
5.2481258087785594e-05
5.5530162743264589e-05
5.854079256556076e-05
-2.8839122745065044e-05
-3.0821457087434785e-05
-3.2723258715046766e-05
-3.453514000025408e-05
-3.6247856640388596e-05
-3.7852313814278995e-05
-3.9339582627165308e-05
-4.0700926108111192e-05
-4.1927834040764052e-05
-4.3012065896551956e-05
-4.3945701147159125e-05
-4.4721196121968899e-05
-4.5331446532582147e-05
-4.5769854647103645e-05
-4.6030399979048896e-05
-4.6107712211916929e-05
-4.5997143444372381e-05
-4.5694844782167776e-05
-4.5197832366940599e-05
-4.4504055557407483e-05
-4.3612456314442465e-05
-4.2523020643661808e-05
-4.1236819961743844e-05
-3.9756040453533552e-05
-3.8083998710824511e-05
-3.6225142129954412e-05
-3.418503286715658e-05
-3.1970314503395454e-05
-2.9588660998232337e-05
-2.7048708043602511e-05
-2.435996744863032e-05
-2.1532725763391987e-05
-1.857792893052466e-05
-1.5507055297333816e-05
-1.2331979784871214e-05
-9.0648324301861322e-06
-5.7178547730788588e-06
-2.3032576866701907e-06
1.1669158029045333e-06
4.6809193321284811e-06
8.2274206120224938e-06
1.1795604957803597e-05
1.5375263999527962e-05
1.8956874645226209e-05
2.2531632405495987e-05
2.6091521683965644e-05
2.9629320478720984e-05
3.3138621053312151e-05
3.6613835065213738e-05
4.0050192847439614e-05
4.3443741417965769e-05
4.6791344968110331e-05
5.0090691950160394e-05
5.3340313166892952e-05
5.6539615323967359e-05
5.9688934869001421e-05
-3.6023326526320506e-05
-3.8191582977991593e-05
-4.0274794137753158e-05
-4.2262506540436274e-05
-4.4144351581433959e-05
-4.5910056274829407e-05
-4.7549465830899877e-05
-4.9052577347882404e-05
-5.0409583930170613e-05
-5.1610928518542099e-05
-5.2647366702679201e-05
-5.3510037640911947e-05
-5.4190542154782231e-05
-5.4681026840578548e-05
-5.497427279765732e-05
-5.5063787583323758e-05
-5.494390001964382e-05
-5.4609850848038277e-05
-5.4057885865020751e-05
-5.3285341167873617e-05
-5.2290722135541376e-05
-5.1073772952138124e-05
-4.9635534006781287e-05
-4.7978384796271629e-05
-4.6106070044395687e-05
-4.4023706945325273e-05
-4.1737771806064816e-05
-3.9256064762961654e-05
-3.6587651809815385e-05
-3.3742783983953382e-05
-3.0732794272133893e-05
-2.7569973529636225e-05
-2.4267427484132579e-05
-2.0838917654930318e-05
-1.729868971074948e-05
-1.3661293366816386e-05
-9.9413983885133713e-06
-6.1536115256285959e-06
-2.312299215466564e-06
1.5685792597315696e-06
5.4756237911402171e-06
9.3961269108745972e-06
1.3318187008546898e-05
1.7230800813531423e-05
2.11239260543097e-05
2.498852659246094e-05
2.8816599768685959e-05
3.2601177744284862e-05
3.6336320353701627e-05
4.0017095878107293e-05
4.3639556774208965e-05
4.7200715681307954e-05
5.069852683298784e-05
5.4131878299017229e-05
5.7500600481566707e-05
6.0805496386068281e-05
-4.4336351862151412e-05
-4.6733615974482902e-05
-4.9041101808390853e-05
-5.1247096645229192e-05
-5.3339897420471586e-05
-5.5307826560807365e-05
-5.7139261419287499e-05
-5.8822676681931877e-05
-6.0346699094749668e-05
-6.1700173869254452e-05
-6.2872242009946836e-05
-6.3852427716797348e-05
-6.4630734813283676e-05
-6.5197750995049981e-05
-6.5544758356175079e-05
-6.5663848557641482e-05
-6.5548041602165347e-05
-6.5191401878350198e-05
-6.4589156695790743e-05
-6.3737806790760247e-05
-6.2635230004515541e-05
-6.1280774095865732e-05
-5.9675335487512391e-05
-5.782142080610751e-05
-5.5723188198819499e-05
-5.3386465570471972e-05
-5.0818743315102836e-05
-4.8029139557913244e-05
-4.5028336570220746e-05
-4.1828487820072382e-05
-3.8443095917746081e-05
-3.4886862769516025e-05
-3.1175514198173473e-05
-2.7325602354208613e-05
-2.335429020239194e-05
-1.9279123253528392e-05
-1.511779439405467e-05
-1.0887908178290359e-05
-6.6067511031108988e-06
-2.2910743162305844e-06
2.0431051032612249e-06
6.3806789680047033e-06
1.0707595275388382e-05
1.5010975716656625e-05
1.927920530687756e-05
2.3501966113609378e-05
2.7670284851612073e-05
3.1776513700899102e-05
3.5814308217346698e-05
3.9778585034198763e-05
4.366546872423893e-05
4.7472235539058461e-05
5.1197260636026377e-05
5.4839975654113023e-05
5.8400843398861455e-05
6.1881356237042915e-05
-5.3964490971307921e-05
-5.6642038307483044e-05
-5.9224942514108386e-05
-6.1700011037651664e-05
-6.4053965782544505e-05
-6.6273464375329755e-05
-6.8345137103176736e-05
-7.0255638986346986e-05
-7.1991716425960747e-05
-7.3540287851605295e-05
-7.4888537674324814e-05
-7.602402266599632e-05
-7.6934789709981238e-05
-7.7609503608265138e-05
-7.8037583438038901e-05
-7.8209345433499062e-05
-7.8116149668140439e-05
-7.7750548682560736e-05
-7.7106435502313414e-05
-7.6179186295091485e-05
-7.49657950437609e-05
-7.3464996241969969e-05
-7.1677371627946405e-05
-6.9605436927952242e-05
-6.725370462475362e-05
-6.4628718979660549e-05
-6.1739059895945272e-05
-5.8595312763563235e-05
-5.5210002115806243e-05
-5.1597487867791502e-05
-4.777382394664456e-05
-4.3756580343241893e-05
-3.9564630937698479e-05
-3.521791080401804e-05
-3.0737148056278813e-05
-2.6143576545212509e-05
-2.1458636803227436e-05
-1.6703673431669481e-05
-1.1899637604425938e-05
-7.0668034188973045e-06
-2.2245065507029364e-06
2.6090871243180554e-06
7.4171770004654669e-06
1.2184483379845485e-05
1.6897361136292475e-05
2.1543864310406462e-05
2.6113766171117655e-05
3.0598561528731256e-05
3.4991409189923038e-05
3.9287064121161558e-05
4.3481788211281901e-05
4.7573252148932335e-05
5.1560437694568172e-05
5.5443549183668665e-05
5.922394291948354e-05
6.2904082648082002e-05
-6.5112426861177423e-05
-6.8130768017700231e-05
-7.1049598100921387e-05
-7.3853997128280903e-05
-7.652884090029209e-05
-7.9058827878883585e-05
-8.142852412031191e-05
-8.3622425834989985e-05
-8.5625039153245961e-05
-8.7420976624490751e-05
-8.8995069827316886e-05
-9.0332497269724179e-05
-9.1418926458120071e-05
-9.2240668910269173e-05
-9.278484660202172e-05
-9.3039567473855614e-05
-9.2994104819634158e-05
-9.263908424887302e-05
-9.1966668717598609e-05
-9.0970739791000938e-05
-8.9647070841422007e-05
-8.7993487537870951e-05
-8.6010010704498348e-05
-8.3698976489078545e-05
-8.10651287001705e-05
-7.8115678379402843e-05
-7.4860325945461835e-05
-7.1311241850522921e-05
-6.748300242722352e-05
-6.3392478667659985e-05
-5.905867692083143e-05
-5.4502531973889962e-05
-4.9746654662268665e-05
-4.4815037903137162e-05
-3.9732726899773729e-05
-3.4525460978998868e-05
-2.9219296158756335e-05
-2.3840218819479824e-05
-1.8413761751398828e-05
-1.2964634234122144e-05
-7.5163776748886763e-06
-2.091057559070635e-06
3.2909990558806258e-06
8.611413508524596e-06
1.385390872656836e-05
1.9004420645272324e-05
2.405107096831542e-05
2.8984236895876033e-05
3.3796422578588454e-05
3.8482172521035654e-05
4.3037937009273409e-05
4.7461920388855969e-05
5.1753925032945314e-05
5.5915202313610291e-05
5.9948321828099525e-05
6.3857069410149566e-05
-7.8000949883888775e-05
-8.1430783200592906e-05
-8.4756408193707039e-05
-8.7960904486588076e-05
-9.1027001758807653e-05
-9.3937112221168859e-05
-9.6673383790570329e-05
-9.9217773756480799e-05
-0.00010155214264403274
-0.00010365836797439545
-0.00010551847741617861
-0.00010711480055850776
-0.00010843013825354356
-0.0001094479483717829
-0.00011015254683051537
-0.00011052932243904191
-0.00011056494895105471
-0.00011024762203493126
-0.00010956728719111658
-0.00010851586701711789
-0.00010708748151037511
-0.00010527865555118978
-0.00010308850758077387
-0.00010051891322470566
-9.7574637401234751e-05
-9.4263428526916346e-05
-9.0596068636110302e-05
-8.6586373771089939e-05
-8.2251139765080608e-05
-7.7610029685841131e-05
-7.2685400637073795e-05
-6.7502069367941775e-05
-6.2087018184547147e-05
-5.6469044902312741e-05
-5.0678362997235703e-05
-4.4746160475720279e-05
-3.8704128307354271e-05
-3.2583971216411937e-05
-2.6416915195377374e-05
-2.0233227011490061e-05
-1.4061761179471706e-05
-7.9295493038226628e-06
-1.8614451890118798e-06
4.1201633179038576e-06
9.9955695534466977e-06
1.5747889395954162e-05
2.1363094844421652e-05
2.6830023757926842e-05
3.2140276739394923e-05
3.7288075511448649e-05
4.2270075964872908e-05
4.7085150488335918e-05
5.1734157642587646e-05
5.6219714568842755e-05
6.0545987084788944e-05
6.4718511310102303e-05
-9.2863301755040397e-05
-9.6786289095537241e-05
-0.00010060076295288587
-0.0001042875076644199
-0.00010782678143481881
-0.00011119835406719822
-0.00011438156836300843
-0.00011735542516259819
-0.00012009869198513259
-0.00012259003512393585
-0.00012480817488461698
-0.00012673206332677566
-0.0001283410834683888
-0.00012961526841720597
-0.00013053554062019448
-0.00013108398541416896
-0.0001312440659144508
-0.00013100095142002405
-0.00013034178202589946
-0.00012925595060417041
-0.00012773538012280137
-0.00012577478854806654
-0.00012337193452586909
-0.00012052783632635548
-0.00011724695613697215
-0.00011353734158993985
-0.00010941071650480779
-0.00010488251319803533
-9.9971839477780918e-05
-9.4701374551163021e-05
-8.9097189641267809e-05
-8.3188491142485585e-05
-7.7007286527757321e-05
-7.0587976024487489e-05
-6.3966876120008983e-05
-5.7181684183095792e-05
-5.0270896630067066e-05
-4.3273195997602944e-05
-3.622682475228316e-05
-2.9168965423053105e-05
-2.2135147494248583e-05
-1.5158701343379055e-05
-8.2702781485960683e-06
-1.4974520587092643e-06
5.1355839637806442e-06
1.160822188012506e-05
1.7903527573572825e-05
2.4008231640435719e-05
2.9912638585734365e-05
3.5610432268214909e-05
4.1098427716384566e-05
4.6376273365029023e-05
5.1446127608732671e-05
5.6312330611835976e-05
6.0981091452805287e-05
6.5460209119266391e-05
-0.00010993997335226877
-0.00011444923984568493
-0.00011884634817004514
-0.0001231094761277699
-0.00012721606570934756
-0.00013114286541622799
-0.00013486599946209112
-0.00013836106407042197
-0.0001416032510977094
-0.00014456749907191304
-0.00014722867159545344
-0.00014956176268224528
-0.00015154212782108185
-0.00015314573756751451
-0.00015434945160312791
-0.0001551314106402323
-0.00015547114112371787
-0.0001553500995420099
-0.00015475192603487322
-0.00015366279716610192
-0.00015207177171333797
-0.00014997112419543697
-0.0001473566599346156
-0.00014422800289932207
-0.00014058884678141544
-0.00013644715925205749
-0.0001318153292265981
-0.00012671024706257939
-0.0001211533082661334
-0.00011517033223568263
-0.0001087913892652652
-0.00010205053113307189
-9.4985423389451143e-05
-8.7636880791989378e-05
-8.004831109824824e-05
-7.2265076599723391e-05
-6.4333787009487482e-05
-5.6301541493119964e-05
-4.8215141365164629e-05
-4.0120297937516721e-05
-3.206086197283711e-05
-2.4078101788721907e-05
-1.6210056209019277e-05
-8.4909860054138489e-06
-9.5094228852998413e-07
6.3845361299178768e-06
1.3494590380372648e-05
2.0363027039091579e-05
2.6978270052527044e-05
3.3333097866596541e-05
3.9424332749205164e-05
4.5252448380756914e-05
5.0821131915779136e-05
5.6136828989629274e-05
6.1208298589253014e-05
6.6046202793828562e-05
-0.00012947184065283476
-0.0001346720884527498
-0.0001397575044338254
-0.00014470334010017368
-0.00014948386569752208
-0.00015407241606828556
-0.00015844146678691828
-0.00016256274109332423
-0.00016640734812263259
-0.00016994595288547472
-0.00017314897824036935
-0.00017598683865520441
-0.00017843020489127946
-0.00018045030128610335
-0.00018201923855206298
-0.0001831102920590881
-0.00018369844479445763
-0.00018376061030618009
-0.00018327611594216555
-0.00018222711455562345
-0.00018059900184232678
-0.00017838082925819766
-0.00017556570159841752
-0.00017215114865123867
-0.00016813945960952946
-0.00016353796812238454
-0.00015835927532394908
-0.00015262139800348155
-0.00014634782931133601
-0.0001395675002289957
-0.00013231463148625244
-0.00012462846783425763
-0.00011655288956145601
-0.00010813589995960644
-9.9428991987732799e-05
-9.048640254584586e-05
-8.1364268342853271e-05
-7.2119703039995732e-05
-6.2809820743751473e-05
-5.3490735660694916e-05
-4.4216571245673741e-05
-3.5038514185432763e-05
-2.6003948668154088e-05
-1.7155704487265251e-05
-8.5314471369566348e-06
-1.6322940870678519e-07
7.9228127766971534e-06
1.5706410082273577e-05
2.3173264236453796e-05
3.0314660905323454e-05
3.7127114936246757e-05
4.3611869078009034e-05
4.9774318218935694e-05
5.5623397371818291e-05
6.1170968994564084e-05
6.6431243465794008e-05
-0.0001516916084167925
-0.00015769872968824102
-0.00016358965940926938
-0.00016933640470166681
-0.00017490970905710519
-0.00018027910025825516
-0.00018541297208420413
-0.00019027870064403435
-0.00019484279615411342
-0.00019907109101311297
-0.00020292896478784871
-0.00020638160594471913
-0.00020939430948185299
-0.00021193281274308777
-0.00021396366856759192
-0.00021545463273332481
-0.00021637513761228652
-0.00021669670974946436
-0.00021639346693586988
-0.00021544261621534125
-0.0002138249585916947
-0.00021152539327517515
-0.00020853341126033178
-0.00020484356653582961
-0.00020045591188719167
-0.00019537638507169565
-0.00018961713006316648
-0.00018319673739439698
-0.00017614038735981803
-0.00016847988021110346
-0.00016025353862553335
-0.00015150596973030966
-0.00014228767702293395
-0.00013265451665400802
-0.00012266699778067111
-0.00011238943289803187
-0.00010188895111559722
-9.1234394839251925e-05
-8.0495127868428202e-05
-6.9739789943241954e-05
-5.9035038629681546e-05
-4.8444323538328858e-05
-3.8026739838871757e-05
-2.7836007137699004e-05
-1.7919614409328891e-05
-8.3181619612797477e-06
9.3511815671093811e-07
9.8143752584357597e-06
1.8301357959422906e-05
2.6384973916626138e-05
3.4060879629271876e-05
4.1330861468458566e-05
4.8202099857782135e-05
5.4686366922051761e-05
6.0799204901385469e-05
6.6559131141084155e-05
-0.00017681364415217591
-0.00018375372213794372
-0.00019057792249216272
-0.00019725470398937597
-0.00020375094285395113
-0.0002100319808764313
-0.0002160617108154218
-0.00022180270022488527
-0.0002272163549456951
-0.00023226312343902993
-0.00023690274297509024
-0.00024109452784333669
-0.00024479769952728754
-0.00024797176124370527
-0.00025057691561684614
-0.00025257451889934909
-0.00025392758022202547
-0.00025460128224940914
-0.0002545635415525854
-0.00025378559149659451
-0.00025224258084013235
-0.00024991417944924117
-0.00024678518061494435
-0.00024284608740735616
-0.00023809366857824264
-0.00023253146773581044
-0.00022617024787146325
-0.00021902835191453293
-0.0002111319590406643
-0.00020251521611712814
-0.00019322022420619766
-0.00018329686152661776
-0.00017280242712096441
-0.00016180109363792192
-0.00015036316333812093
-0.00013856412863714299
-0.00012648354702721499
-0.00011420374977587076
-0.00010180841395066685
-8.9381037242653545e-05
-7.7003364122357924e-05
-6.4753819039075068e-05
-5.2706007212901608e-05
-4.0927344496722168e-05
-2.947787326187509e-05
-1.8409311423854426e-05
-7.7643439037270906e-06
2.4235926634311873e-06
1.2130593478446689e-05
2.1341899023889792e-05
3.0051423394078583e-05
3.8261016867755854e-05
4.5979550998831395e-05
5.3221891058274818e-05
6.0007818660056165e-05
6.6360966311158364e-05
-0.00029769012775596724
-0.00029630481587607568
-0.00029401922633829686
-0.00029081220657932802
-0.00028666893882010576
-0.00028158163421307571
-0.00027555018734841456
-0.00026858277074144393
-0.000260696346641896
-0.00025191707165141413
-0.00024228056827436728
-0.0002318320370841812
-0.00022062618381395722
-0.0002087269378210887
-0.00019620694217391423
-0.00018314680144494139
-0.00016963408111665001
-0.00015576206248763816
-0.00014162826862913503
-0.00012733279001605804
-0.00011297645199260369
-9.8658879381637756e-05
-8.4476525030887997e-05
-7.0520737990597041e-05
-5.6875951735224186e-05
-4.3618070615203939e-05
-3.0813123107842054e-05
-1.8516186501043169e-05
-6.7709873617715228e-06
4.3906789180875723e-06
1.4948562438138387e-05
2.4893497581412261e-05
3.4226555979039941e-05
4.2957939311954006e-05
5.1105692868752809e-05
5.8694321443677324e-05
6.575338990926566e-05
-0.00034751961489174507
-0.00034639562150720913
-0.00034424585165022893
-0.00034104181456717591
-0.00033676191925371984
-0.00033139232299690257
-0.00032492775244758566
-0.00031737227487415529
-0.00030873999390853841
-0.00029905564109093349
-0.0002883550318382225
-0.00027668535268720831
-0.00026410524587967821
-0.00025068465830489404
-0.0002365044246503114
-0.00022165555997044761
-0.00020623824487138304
-0.00019036049749300273
-0.00017413654016143297
-0.00015768488467717313
-0.00014112617794785818
-0.00012458086781656937
-0.00010816676611803612
-9.1996600700056718e-05
-7.6175658548913557e-05
-6.0799622532859442e-05
-4.5952699639121272e-05
-3.1706070900588898e-05
-1.8117116400221665e-05
-5.2285226716234321e-06
6.9314852445668165e-06
1.8348734704296043e-05
2.9022180206606213e-05
3.8962605285146316e-05
4.819104964658994e-05
5.6737066248063468e-05
6.4636916949526937e-05
)
;

boundaryField
{
    hotWall
    {
        type            fixedFluxPressure;
        gradient        nonuniform List<scalar> 0();
        value           nonuniform List<scalar> 0();
    }
    coldWall
    {
        type            fixedFluxPressure;
        gradient        nonuniform List<scalar> 0();
        value           nonuniform List<scalar> 0();
    }
    bottomWall
    {
        type            fixedFluxPressure;
        gradient        nonuniform List<scalar> 0();
        value           nonuniform List<scalar> 0();
    }
    topWall
    {
        type            fixedFluxPressure;
        gradient        nonuniform List<scalar> 0();
        value           nonuniform List<scalar> 0();
    }
    front
    {
        type            empty;
    }
    back
    {
        type            empty;
    }
    procBoundary9to2
    {
        type            processor;
        value           nonuniform List<scalar> 
35
(
2.8729020119407045e-05
3.0045285513407727e-05
3.1404857516986048e-05
3.2795219686300693e-05
3.4206110030866922e-05
3.5629233068471051e-05
3.7057990388997641e-05
3.8487233856058913e-05
3.9913043528799355e-05
4.1332530758648596e-05
4.274366573659877e-05
4.4145127712655547e-05
4.5536175543974423e-05
4.6916535590907185e-05
4.8286303712298832e-05
4.9645857678032989e-05
5.0995776055401008e-05
5.2336759232875003e-05
5.3669547730212528e-05
5.4994832428732142e-05
5.6313150488266597e-05
5.7624759844157703e-05
5.8929484016109898e-05
6.022651767228775e-05
6.1514181966903467e-05
6.278961725624835e-05
6.4048399386886932e-05
6.5284064769797565e-05
6.6487528925618773e-05
6.7646383576103994e-05
6.8744059229541198e-05
6.9758843726108448e-05
7.0662753417854873e-05
7.1420262736749082e-05
7.1986910740913469e-05
)
;
    }
    procBoundary9to4
    {
        type            processor;
        value           nonuniform List<scalar> 
68
(
-6.2009282034396836e-05
-7.4483467245302628e-05
-8.8850476521283957e-05
-0.00010533961950688449
-0.00012418051228867648
-0.0001455950099917782
-0.00016978763534962094
-0.00020502242329975396
-0.0002130300247826605
-0.00022092409165877682
-0.00022866925887142622
-0.00023622822568106818
-0.00024356180174931542
-0.00025062899383254092
-0.00025738713456672629
-0.00026379205493126656
-0.00026979830192145243
-0.00027535940284391624
-0.00028042817753017962
-0.0002849570988532128
-0.00028889870169012495
-0.00029220604363534695
-0.00029483321336224165
-0.00029673588308216724
-0.00029787190175830253
-0.00029820193352775895
7.2307820080176236e-05
-0.00029820193352775895
7.2316184976666488e-05
-0.0003476523654719975
-0.00040353568083687077
-0.00040279814103436572
-0.00040090015577015967
-0.00039780439537187221
-0.00039348088969646026
-0.00038790804342150978
-0.00038107364197094505
-0.00037297582451196879
-0.00036362399599586986
-0.00035303964578293692
-0.00034125703618836516
-0.00032832372065277193
-0.00031430084863740736
-0.00029926321335749793
-0.00028329899961883923
-0.00026650919309050681
-0.00024900661971432095
-0.00023091459521905824
-0.0002123651799208937
-0.00019349705300295952
-0.00017445304258238795
-0.00015537737195430037
-0.00013641270674996875
-0.00011769711008550554
-9.9361030833928238e-05
-8.152445297802514e-05
-6.4294344508346755e-05
-4.7762540096799262e-05
-3.2004228902210338e-05
-1.7076873051187372e-05
-3.0199737949884378e-06
1.014461099510576e-05
2.2411725457844109e-05
3.3791450537831539e-05
4.4307229891566356e-05
5.3993719643309295e-05
7.1931810035535867e-05
6.2894503337493685e-05
)
;
    }
    procBoundary9to7
    {
        type            processor;
        value           nonuniform List<scalar> 
26
(
2.6770257061027734e-05
2.5863469023253354e-05
2.4882421319158005e-05
2.3824829038958036e-05
2.2688030776314548e-05
2.1468776370005212e-05
2.0162986042070864e-05
1.8765467069198863e-05
1.7269573360575486e-05
1.5666792519298145e-05
1.3946244359099188e-05
1.2094074629908925e-05
1.0092728267937859e-05
7.9200880726672253e-06
5.5484679035843668e-06
2.9434545853168871e-06
6.2600348818617384e-08
-3.1460218397118136e-06
-6.7453738886476261e-06
-1.081107565421938e-05
-1.5433031230286196e-05
-2.0716970451652983e-05
-2.6785791641835772e-05
-3.3780564964525688e-05
-4.1861030343191614e-05
-5.1205402548718231e-05
)
;
    }
    procBoundary9to8
    {
        type            processor;
        value           nonuniform List<scalar> 4(2.9698382769489847e-05 2.9066392393570039e-05 2.8369489637093334e-05 2.7604890673327286e-05);
    }
    procBoundary9to10
    {
        type            processor;
        value           nonuniform List<scalar> 
57
(
2.7971767643125884e-05
2.5697843266602882e-05
2.3453401105202858e-05
2.1244554331983814e-05
1.9077288827075311e-05
1.6957442591903774e-05
1.4890683639364199e-05
1.2882486108162351e-05
1.093810942374652e-05
9.0625767996260934e-06
7.260654030945089e-06
5.5368329453354916e-06
3.8953163521535931e-06
2.3400036704981769e-06
8.7448149811218365e-07
-4.979836090887846e-07
-1.7744498274395334e-06
-2.9523022214856175e-06
-4.0292525911538205e-06
-5.0033372279930348e-06
-5.8729128821451366e-06
-6.6366512206021201e-06
-7.2935320281593467e-06
-7.8428354471857739e-06
-8.2841334707836186e-06
-8.6172808501849465e-06
-8.8424055697338122e-06
-8.9598993120514653e-06
-8.9704087144522027e-06
-8.8748141883409015e-06
-8.6742441106219213e-06
-8.3700397755133963e-06
-7.9637543777830632e-06
-7.4571408969475311e-06
-6.8521395951669482e-06
-6.1508650412450894e-06
-5.3555922597237109e-06
-4.4687417718614004e-06
-3.4928632924413976e-06
-2.4306178642509891e-06
-1.2847581538337149e-06
-5.8106654476961375e-08
1.2464685542305655e-06
2.62608084454561e-06
4.077855278239143e-06
5.598962560033522e-06
7.1866572545865147e-06
8.8383209571857292e-06
1.0551511206650934e-05
1.2324017120037177e-05
1.4153922873807805e-05
1.6039680467919693e-05
1.7980193411070204e-05
2.1225482929503859e-05
2.1225482929503859e-05
2.3251853539547175e-05
2.533309937200837e-05
)
;
    }
}


// ************************************************************************* //
