#              distance                     U_x                     U_y                     U_z                       T
  6.939827610207933e-18   2.935770134196474e-25   1.936527602005077e-21                       0       300.5000000000001
  0.0003906250000000001    8.67033340714436e-09   2.150779162990738e-05                       0       300.4955283318935
  0.0007812500000000002   3.727657389063589e-08   4.189482062474085e-05                       0       300.4910570312206
            0.001171875    8.12747584949272e-08   6.147016209212665e-05                       0       300.4865864026389
              0.0015625   1.355342391797534e-07    8.05043785412154e-05                       0       300.4821162221259
            0.001953125   2.113772070537922e-07   9.823475268123491e-05  -1.781425589584958e-28       300.4776479335503
             0.00234375   2.943153306539652e-07    0.000115462753615665  -2.833538776909197e-28       300.4731807168102
   0.002734375000000001   3.878961878433428e-07    0.000131937194741711  -2.791683360842656e-28       300.4687151078234
               0.003125   4.932091525521843e-07    0.000147444592174206  -2.750211568647421e-28       300.4642522830439
            0.003515625   6.038043566136736e-07   0.0001624777301012628  -3.041350623498667e-28       300.4597910125499
             0.00390625   7.237964105662824e-07   0.0001765808737001175  -4.662549442664321e-28       300.4553331749902
            0.004296875   8.492127719316729e-07   0.0001900138126097511  -4.292354401474004e-28       300.4508784032043
   0.004687500000000002   9.782453382389206e-07   0.0002029999483932374  -2.594563453379758e-28       300.4464256752676
            0.005078125   1.113829336716665e-06   0.0002149137290849267  -9.729612950174038e-29       300.4419788803412
   0.005468750000000001   1.251121413501484e-06   0.0002264160929466095                       0       300.4375347889259
            0.005859375   1.390975607746895e-06   0.0002373013315632825                       0       300.4330947527774
   0.006249999999999999    1.53258136720426e-06   0.0002473981086421995  -1.199163462419761e-28       300.4286607841754
   0.006640625000000002   1.674685430958909e-06   0.0002571090766942976  -2.390673293622288e-28       300.4242300139672
   0.007031250000000001   1.817031146690663e-06    0.000266065270176875  -2.352405137535485e-28       300.4198059697874
   0.007421875000000001    1.95853724045492e-06   0.0002744801287765885  -1.460686171937958e-28       300.4153874610262
   0.007812500000000002   2.099483586240856e-06   0.0002825340974543928                       0       300.4109726425442
   0.008203124999999999   2.237507550926436e-06   0.0002897262104464571                       0       300.4065678606454
   0.008593750000000001   2.373821672440956e-06   0.0002965893755131531                       0       300.4021674139115
   0.008984375000000001   2.507571029198891e-06   0.0003029591186917973                       0        300.397773469925
   0.009375000000000001   2.636949367247981e-06   0.0003087018410841757                       0       300.3933888279057
            0.009765625   2.763935418802239e-06    0.000314138591739963                       0       300.3890089919905
             0.01015625   2.885723343085969e-06   0.0003189784762356506                       0       300.3846390785247
            0.010546875   3.003080818887708e-06   0.0003233927818900536                       0       300.3802770626314
              0.0109375   3.117484662368101e-06   0.0003275233683169337                       0       300.3759203117868
            0.011328125   3.223757641065649e-06    0.000330980525056643                       0       300.3715774650539
             0.01171875   3.326532289812273e-06   0.0003341822879737411                       0       300.3672404685482
            0.012109375   3.424059443632646e-06   0.0003370009601569299                       0       300.3629122473901
                 0.0125   3.514197205044877e-06   0.0003393360571403138                       0         300.35859628635
            0.012890625   3.600565351242091e-06   0.0003414359826057533                       0       300.3542865905469
             0.01328125   3.679244428987302e-06   0.0003430787971992178                       0       300.3499896955737
            0.013671875   3.751997151791835e-06   0.0003443980629395872                       0       300.3457027915296
              0.0140625   3.820798971302587e-06   0.0003455016294445602                       0       300.3414225481052
            0.014453125   3.879558728940363e-06   0.0003460971445575094                       0       300.3371595797614
             0.01484375   3.934273211820126e-06   0.0003465015390751234                       0       300.3329037594695
            0.015234375   3.982919782562859e-06   0.0003466192526997345                       0       300.3286586612554
               0.015625    4.02348799831276e-06   0.0003463781659882727                       0       300.3244283112834
            0.016015625   4.060035925927663e-06   0.0003459633493415119  -1.907739224056323e-29       300.3202054422126
             0.01640625   4.088581055996365e-06   0.0003452124132897053  -1.144643534433781e-28       300.3159977485716
            0.016796875   4.111224075918728e-06   0.0003442258283953305  -1.508658506625906e-28       300.3118017374668
              0.0171875   4.129932355743621e-06   0.0003430821442725769   -1.47943705226076e-28       300.3076135147194
            0.017578125   4.139035802582636e-06   0.0003415721642216184  -5.547888945977824e-29       300.3034452310314
             0.01796875   4.144413614453512e-06   0.0003399258678210339                       0       300.2992850964655
            0.018359375   4.144202973872101e-06   0.0003380750968960107                       0       300.2951371855828
                0.01875   4.136815487456823e-06    0.000335971342024184  -6.748748761449957e-29       300.2910058917276
            0.019140625   4.125917394086839e-06   0.0003337458193430061  -1.181665943977605e-28       300.2868829788486
             0.01953125    4.10815371873302e-06   0.0003312862093713389  -3.412469024162155e-29       300.2827769729471
            0.019921875    4.08549832452545e-06   0.0003286646453546302   4.690225867960391e-29       300.2786838427324
              0.0203125   4.059581784415387e-06   0.0003259351119745609   1.259192374442225e-28       300.2745992963086
    0.02070312500000001   4.025975734667257e-06   0.0003229574117788874   4.721971404158257e-29       300.2705364979312
             0.02109375   3.989490697197882e-06   0.0003198887786442162                       0       300.2664824991509
            0.021484375   3.948687178146417e-06   0.0003166837461010304                       0       300.2624416997493
    0.02187500000000001   3.902538009844398e-06    0.000313312783915697                       0       300.2584186699339
            0.022265625   3.853822757258103e-06   0.0003098626599122064  -1.379514981022612e-29        300.254404559872
    0.02265625000000001   3.800188816785155e-06   0.0003062618182782419    -8.2770898861354e-29       300.2504083592453
            0.023046875   3.743194162771063e-06   0.0003025588101477612  -1.089353850758587e-28       300.2464256726106
              0.0234375   3.683959033062957e-06   0.0002987876910196028  -1.065590293992809e-28       300.2424519953038
            0.023828125   3.619678780066479e-06    0.000294863529168708  -3.995963602473147e-29       300.2385009395209
             0.02421875   3.553604734259134e-06   0.0002908846948512449                       0       300.2345589563253
            0.024609375   3.484839999235479e-06   0.0002868238518339294                       0       300.2306305820103
                  0.025   3.412936599713023e-06   0.0002826660644643403  -4.782260628552976e-29       300.2267203703429
            0.025390625   3.339575438264751e-06   0.0002784627355336938  -1.067313767223909e-28       300.2228192367734
             0.02578125   3.263521893612359e-06   0.0002741741847111557  -1.621621974790573e-28       300.2189362530141
            0.026171875   3.185779659608734e-06   0.0002698300090889098  -1.484967169514119e-28       300.2150668494378
              0.0265625   3.106911632704167e-06   0.0002654487502668585  -8.876703556756857e-29       300.2112064993167
            0.026953125   3.025769964042287e-06   0.0002609877837670715  -3.328763833783791e-29       300.2073686920309
             0.02734375   2.943929892542871e-06   0.0002564998128503844                       0       300.2035398508646
            0.027734375   2.861042216786974e-06   0.0002519713353083471                       0       300.1997244588777
               0.028125   2.777167038177773e-06   0.0002473979761018032                       0       300.1959268681314
    0.02851562500000001   2.692896721779424e-06   0.0002428043036469183                       0       300.1921381381192
             0.02890625   2.608033357077655e-06   0.0002381742598632033                       0        300.188367049836
            0.029296875   2.523008523742697e-06   0.0002335228680388382                       0       300.1846090522113
    0.02968750000000001   2.437876044652505e-06   0.0002288572441873731                       0       300.1808597816922
            0.030078125   2.352923701171482e-06   0.0002241651882994712                       0       300.1771320602342
             0.03046875   2.268213197330104e-06   0.0002194659316959831                       0       300.1734128374674
            0.030859375   2.183865452948605e-06   0.0002147558740191351                       0       300.1697063627641
                0.03125   2.100319839466634e-06   0.0002100375998884253                       0       300.1660166173913
            0.031640625   2.017249346541371e-06   0.0002053166278108018   -7.67581535954685e-30       300.1623351632664
             0.03203125   1.935277204942684e-06    0.000200593080399386  -4.605489215727875e-29       300.1586701448026
            0.032421875   1.854333614614993e-06   0.0001958714362058045  -6.038993684639001e-29       300.1550172141515
              0.0328125   1.774075725134738e-06   0.0001911510608241124  -5.869562679642127e-29       300.1513723420426
            0.033203125   1.695843474715299e-06   0.0001864396084670697  -5.703830529002729e-29       300.1477471878179
             0.03359375   1.618533760334621e-06    0.000181733777778451  -5.539529939784109e-29       300.1441297376255
            0.033984375   1.542607850011769e-06   0.0001770363795924679  -5.377376692697179e-29       300.1405238434811
               0.034375   1.468726573340965e-06   0.0001723538503231848  -2.672473021639841e-29       300.1369329684443
            0.034765625   1.395911179384206e-06   0.0001676795462674057                       0       300.1333495002365
             0.03515625   1.325314682631828e-06   0.0001630232741489425                       0       300.1297806402375
    0.03554687499999999   1.256493968356074e-06   0.0001583825640745393                       0       300.1262224123559
              0.0359375   1.188857109064811e-06   0.0001537522286961759                       0       300.1226712725528
            0.036328125   1.124334073912181e-06   0.0001491506914048778                       0       300.1191372874414
             0.03671875   1.061105572147787e-06   0.0001445616123810902                       0       300.1156099282377
            0.037109375   9.998188704654774e-07   0.0001399912207585679                       0       300.1120925078958
    0.03750000000000001   9.411941508528893e-07   0.0001354472302477176                       0       300.1085878487222
            0.037890625   8.839124710080197e-07   0.0001309167174810125                       0        300.105089443003
             0.03828125   8.293409681640538e-07   0.0001264137145792174                       0       300.1016032899325
            0.038671875   7.768200698689636e-07   0.0001219319071171464                       0       300.0981259321875
              0.0390625   7.256662412733629e-07   0.0001174642299482247                       0       300.0946544379927
    0.03945312500000001   6.779304964593477e-07   0.0001130323917533483                       0       300.0911969255158
             0.03984375   6.315506823924615e-07   0.0001086149333812896                       0       300.0877447272028
    0.04023437500000001   5.872047644459531e-07   0.0001042190447434569                       0       300.0843005001356
               0.040625    5.45525968710874e-07   9.985170017931571e-05                       0       300.0808663298902
    0.04101562500000001   5.051642386171749e-07   9.549850229027545e-05   3.256053721556947e-30       300.0774370417808
    0.04140625000000001   4.674036488773871e-07   9.117334702794866e-05   1.953632232934096e-29       300.0740172253939
            0.041796875   4.315292288022714e-07   8.686864691535442e-05   2.528495592078116e-29       300.0706040644308
              0.0421875   3.969122551701916e-07   8.257758356924858e-05   2.401249950132605e-29        300.067195340417
            0.042578125   3.653070773212977e-07    7.83193390688471e-05   9.004687312997044e-30       300.0637969466803
             0.04296875   3.348448506593333e-07   7.407359736301984e-05                       0       300.0604023747266
    0.04335937500000001   3.060970507777926e-07   6.984660984905382e-05                       0        300.057013535447
    0.04375000000000001   2.794947399868513e-07   6.564316577776808e-05                       0        300.053631708973
            0.044140625   2.539261660066828e-07   6.145107932787901e-05                       0       300.0502532289046
    0.04453125000000001   2.303470501782135e-07   5.728087992089657e-05                       0        300.046881121654
            0.044921875   2.081322800898604e-07   5.312572163168212e-05                       0       300.0435133077631
    0.04531250000000001   1.868270738284489e-07   4.898059075431268e-05                       0        300.040148356112
            0.045703125   1.675667010560125e-07   4.485804142951367e-05                       0       300.0367897402977
             0.04609375   1.490268734300203e-07   4.074346049166757e-05                       0        300.033433327616
    0.04648437500000001   1.315678635240893e-07   3.664083213425054e-05                       0       300.0300802196334
               0.046875    1.15345106535286e-07   3.255189168717494e-05                       0       300.0267308497972
    0.04726562500000001   9.968712377548167e-08   2.846920750631724e-05                       0       300.0233831808021
             0.04765625   8.505198501446151e-08   2.439786047998731e-05                       0       300.0200385769849
            0.048046875   7.101863279060611e-08   2.033319071793158e-05  -3.481503581223798e-30       300.0166957643835
    0.04843749999999999   5.738647159172946e-08   1.627297246539182e-05  -9.284009549929752e-30       300.0133541459218
            0.048828125   4.447482214417137e-08   1.222075924228759e-05  -6.971507541368675e-30       300.0100146628209
    0.04921875000000001    3.17364161361583e-08   8.170475365673475e-06  -4.188004752173874e-30       300.0066756927698
            0.049609375   1.925787528784376e-08   4.123085508794672e-06  -6.980007920289828e-31       300.0033374922933
                   0.05    6.89352295535628e-09   7.698120767476357e-08                       0       299.9999996344071
    0.05039062499999999  -5.472008180390518e-09  -3.969125918916634e-06                       0       299.9966617768284
             0.05078125  -1.795644304399017e-08  -8.016529903153789e-06                       0       299.9933235778896
    0.05117187500000001  -3.070428182477858e-08  -1.206683639946073e-05                       0       299.9899846102965
    0.05156250000000001  -4.362772321681733e-08  -1.611907790381397e-05                       0       299.9866451302673
            0.051953125  -5.727758200368042e-08  -2.017933864456971e-05                       0       299.9833035164036
    0.05234375000000001  -7.133099859307381e-08  -2.424405660948555e-05                       0       299.9799607090132
    0.05273437500000001  -8.598975188637222e-08  -2.831546041064091e-05                       0       299.9766161113226
    0.05312500000000001   -1.01676094383942e-07  -3.239821288060245e-05                       0       299.9732684496212
            0.053515625   -1.17929587191928e-07  -3.648722740049914e-05                       0       299.9699190876952
             0.05390625  -1.354240920370869e-07  -4.058994145132342e-05                       0       299.9665659888081
            0.054296875  -1.540029957544836e-07  -4.470461689376458e-05                       0       299.9632095860976
              0.0546875  -1.733048320531716e-07  -4.882726659728357e-05                       0       299.9598509808382
    0.05507812500000001  -1.946574917774341e-07  -5.297251272502405e-05                       0       299.9564860411743
    0.05546875000000001   -2.16922120213991e-07  -5.712779229853754e-05                       0        299.953118239832
            0.055859375  -2.405547017192651e-07  -6.129812204071042e-05                       0       299.9497461459712
    0.05624999999999999   -2.66181569051744e-07   -6.54903510857102e-05                       0       299.9463676803876
    0.05664062499999999  -2.928445913457292e-07  -6.969394393548243e-05                       0       299.9429858689377
    0.05703125000000001  -3.216579476594357e-07  -7.392109270151783e-05                       0       299.9395970457464
            0.057421875   -3.52189376303247e-07  -7.816700519110357e-05                       0       299.9362024906537
              0.0578125  -3.838661865003733e-07   -8.24254268297229e-05                       0       299.9328041142932
            0.058203125  -4.185608852622663e-07  -8.671668352155778e-05                       0       299.9293954088988
             0.05859375   -4.54515472711104e-07  -9.102158360234785e-05                       0       299.9259822670282
    0.05898437500000001  -4.923598931901688e-07  -9.534694876657282e-05                       0         299.92256247045
               0.059375   -5.32810344572394e-07  -9.970037010330068e-05                       0       299.9191332030654
            0.059765625  -5.745803070811314e-07  -0.0001040679449687372                       0       299.9156990539793
    0.06015625000000001  -6.190222831935959e-07   -0.000108464077776519                       0       299.9122548489339
    0.06054687500000001  -6.655018198981367e-07  -0.0001128817909787503                       0       299.9088026732569
    0.06093750000000001  -7.133397303306526e-07  -0.0001173138911106099                       0       299.9053451838124
            0.061328125  -7.646018160112452e-07  -0.0001217818484425274                       0       299.9018737136059
             0.06171875  -8.172333973484325e-07  -0.0001262639435527369                       0       299.8983963801973
    0.06210937500000001  -8.719192221703652e-07  -0.0001307672453303873                       0       299.8949102519913
                 0.0625  -9.293200450524793e-07  -0.0001352980723551169                       0       299.8914118717784
    0.06289062500000001  -9.880663078360346e-07  -0.0001398423849236737                       0       299.8879072384163
    0.06328125000000001  -1.049479332165666e-06  -0.0001444131144204616                       0       299.8843898444711
            0.063671875  -1.112837701105218e-06  -0.0001490025435236731   3.431041027304795e-29       299.8808625120352
    0.06406249999999999  -1.177492966451406e-06  -0.0001536044390311746   9.149442739478932e-29       299.8773285539544
    0.06445312500000001  -1.245267880468102e-06  -0.0001582351535673334   9.453616100985656e-29       299.8737774417394
    0.06484375000000001  -1.314228939043659e-06  -0.0001628762514274409   7.227090088417085e-29       299.8702192416232
            0.065234375   -1.38496921445732e-06  -0.0001675329242734807   1.204515014736177e-29        299.866650409672
               0.065625   -1.45793287062481e-06  -0.0001722076468381793                       0       299.8630669698077
    0.06601562499999999   -1.53196462334731e-06  -0.0001768906036442046                       0       299.8594761232429
             0.06640625  -1.608045381536569e-06  -0.0001815884476968795                       0        299.855870257789
    0.06679687500000001  -1.685513126027384e-06  -0.0001862947384285338                       0       299.8522528363905
              0.0671875  -1.763905528052469e-06  -0.0001910066602795073                       0       299.8486277110291
            0.067578125  -1.844328689381179e-06  -0.0001957275295264212                       0       299.8449828678669
    0.06796875000000002  -1.925439516867423e-06  -0.0002004496776431252                       0       299.8413299661289
    0.06835937500000001  -2.007581843590151e-06  -0.0002051737440645382                       0        299.837664976564
    0.06875000000000001  -2.090826267202112e-06  -0.0002098952559105482                       0       299.8339835512178
    0.06914062500000001  -2.174547632866238e-06  -0.0002146140803554854   1.741463121275264e-29       299.8302938345523
    0.06953125000000002   -2.25907466984963e-06  -0.0002193247097715107   1.044877872765047e-28       299.8265873883561
    0.06992187500000001  -2.343966952326573e-06  -0.0002240245547009833   1.415404814198352e-28       299.8228681938867
              0.0703125  -2.429102731799181e-06  -0.0002287172099727538   1.452462009495569e-28       299.8191405005687
    0.07070312499999999  -2.514422481996124e-06  -0.0002333834617469398    5.44673253560884e-29       299.8153912577255
    0.07109374999999998  -2.599635986617008e-06  -0.0002380354932796732                       0       299.8116332875439
    0.07148437500000002  -2.684690122874035e-06   -0.000242666194450229                       0       299.8078622263548
    0.07187499999999999  -2.769153722297086e-06  -0.0002472605486287187   8.193276123966044e-29       299.8040735228864
            0.072265625  -2.853223362185502e-06  -0.0002518346019250522   1.646773637356964e-28       299.8002759583786
    0.07265625000000001  -2.936307700770161e-06  -0.0002563637986848251   1.687365700175468e-28       299.7964605919918
            0.073046875  -3.018345838278941e-06  -0.0002608525082782647   1.064751578314293e-28       299.7926317758795
              0.0734375  -3.099686508403838e-06  -0.0002653142264274825                       0       299.7887939932835
    0.07382812500000001  -3.178755436827411e-06  -0.0002696962703859431                       0       299.7849336668359
             0.07421875  -3.256699147182667e-06  -0.0002740412449752526                       0       299.7810642864851
    0.07460937500000001   -3.33295503043574e-06  -0.0002783306155108362                       0       299.7771813252794
    0.07500000000000001  -3.406519291170891e-06  -0.0002825347927158423                       0       299.7732802133007
            0.075390625  -3.478626068712251e-06  -0.0002866934428727488                       0       299.7693700226969
    0.07578125000000002  -3.547594535996917e-06   -0.000290755178167865                       0       299.7654416683993
            0.076171875  -3.613872262839257e-06  -0.0002947349276005062                       0       299.7614997043696
    0.07656250000000001  -3.678356162720199e-06  -0.0002986600197915092                       0       299.7575486671964
    0.07695312500000001  -3.737794307631163e-06  -0.0003024321085604388                       0       299.7535750070054
    0.07734374999999999  -3.794991499320668e-06  -0.0003061361025636104                       0        299.749592336857
    0.07773437500000001  -3.848827261178248e-06  -0.0003097379544181457                       0       299.7455961517725
               0.078125  -3.897742919797456e-06  -0.0003131891221634354                       0       299.7415820559352
    0.07851562500000002  -3.944091669315691e-06  -0.0003165611451244661                       0       299.7375590396789
    0.07890625000000001  -3.985092885668288e-06  -0.0003197672730576618                       0       299.7335182524594
            0.079296875  -4.021773851802024e-06  -0.0003228370283910961                       0       299.7294642647934
    0.07968750000000001  -4.055574651123155e-06  -0.0003258158686580253                       0        299.725401476832
            0.080078125    -4.0816823966111e-06  -0.0003285465882533219                       0       299.7213169389918
    0.08046875000000001  -4.104527339998042e-06  -0.0003311693575488731                       0       299.7172238166227
    0.08085937500000001  -4.122478080233395e-06  -0.0003336302013947951                       0       299.7131178174501
    0.08125000000000002  -4.133559452444914e-06  -0.0003358569973337682                       0       299.7089949098095
    0.08164062499999999  -4.141128207991396e-06  -0.0003379620454809859                       0       299.7048636203848
             0.08203125  -4.141515864903685e-06  -0.0003398141503682799                       0       299.7007157124252
    0.08242187500000001  -4.136311537625643e-06  -0.0003414618122612969                       0       299.6965555796276
    0.08281250000000001  -4.127379220887317e-06  -0.0003429731788247961                       0       299.6923872969382
    0.08320312500000002  -4.108835632788563e-06  -0.0003441183037685954                       0       299.6881990732642
    0.08359375000000002  -4.086354517654294e-06  -0.0003451063519390997                       0       299.6840030604669
            0.083984375  -4.057967111966707e-06  -0.0003458587849496611                       0       299.6797953639845
    0.08437500000000001  -4.021570934457892e-06  -0.0003462751449892835                       0       299.6755724905637
    0.08476562500000001   -3.98115138836649e-06  -0.0003465177987078359                       0       299.6713421354769
    0.08515624999999999  -3.932647139766469e-06  -0.0003464017001130482                       0       299.6670970306647
    0.08554687500000001  -3.878069962209796e-06   -0.000345998957885579                       0       299.6628412026824
              0.0859375  -3.819444165348688e-06  -0.0003454051199029889                       0       299.6585782259202
    0.08632812500000001  -3.750767563616488e-06  -0.0003443032947931834                       0       299.6542979723088
    0.08671875000000001  -3.678136429215959e-06   -0.000342985797058951                       0       299.6500110573958
    0.08710937499999999  -3.599573495812965e-06  -0.0003413447903880781                       0       299.6457141505297
    0.08749999999999999  -3.513314016546918e-06  -0.0003392467279611432                       0       299.6414044415266
            0.087890625  -3.423281141306715e-06  -0.0003369135220700462                       0       299.6370884666491
    0.08828124999999999   -3.32585122803298e-06  -0.0003340967980783636                       0       299.6327602304106
    0.08867187500000001  -3.223168000855066e-06   -0.000330897027735912                       0       299.6284232179472
    0.08906249999999999  -3.116982564407743e-06  -0.0003274418931596152                       0       299.6240803546675
    0.08945312500000001  -3.002656498521052e-06  -0.0003233134055919946                       0       299.6197235859084
    0.08984374999999999  -2.885372900199189e-06  -0.0003189012306181891                       0       299.6153615515943
    0.09023437500000001  -2.763653003224462e-06  -0.0003140635245351055                       0       299.6109916189475
    0.09062500000000001  -2.636727259406221e-06  -0.0003086290183335165                       0       299.6066117629308
            0.091015625  -2.507405407873189e-06  -0.0003028885740455977                       0       299.6022271003552
    0.09140625000000002  -2.373704972325203e-06  -0.0002965211775309319                       0       299.5978331349808
            0.091796875  -2.237434272184113e-06  -0.0002896604125300842                       0       299.5934326662992
    0.09218750000000001  -2.099450062314241e-06  -0.0002824707352051143                       0       299.5890278620795
    0.09257812500000001  -1.958534697772485e-06   -0.000274419294664938                       0       299.5846130204598
    0.09296874999999999  -1.817056275962254e-06  -0.0002660070026463315                       0       299.5801944882767
    0.09335937499999999  -1.674733268249318e-06  -0.0002570534334100844                       0       299.5757704202551
                0.09375  -1.532645783970886e-06  -0.0002473451695437046                       0       299.5713396257337
    0.09414062500000002  -1.391053685546578e-06  -0.0002372511374199744                       0       299.5669056326046
    0.09453125000000001  -1.251207607104239e-06  -0.0002263687268969763                       0       299.5624655715453
            0.094921875  -1.113919997094142e-06  -0.0002148692559952698                       0       299.5580214549942
    0.09531250000000001  -9.783380327055362e-07  -0.0002029584115077581                       0       299.5535746347817
    0.09570312500000001  -8.493023930408665e-07  -0.0001899753244190405                       0       299.5491218812809
    0.09609374999999998  -7.238813562390726e-07  -0.0001765454810307319                       0       299.5446670838542
    0.09648437500000001  -6.038822237315332e-07  -0.0001624455031930315                       0       299.5402092205387
               0.096875  -4.932777239591406e-07  -0.0001474156284987994                       0       299.5357479241952
    0.09726562500000002   -3.87954628132726e-07  -0.0001319115440288036                       0       299.5312850735327
             0.09765625  -2.943625153551906e-07  -0.0001154405173122977                       0       299.5268194386161
    0.09804687500000001  -2.114131843120635e-07  -9.821600996793018e-05                       0       299.5223521959327
    0.09843750000000002  -1.355590410918912e-07  -8.048918220499281e-05                       0       299.5178838814114
            0.098828125  -8.129022056951486e-08  -6.145864944176864e-05                       0       299.5134136749771
    0.09921875000000001  -3.728416143086203e-08  -4.188704882246445e-05                       0       299.5089430204966
    0.09960937500000001  -8.672244367794201e-09  -2.150384641904098e-05                       0       299.5044716939473
                    0.1                       0                       0                       0       299.4999999999999
