/*--------------------------------*- C++ -*----------------------------------*\
  =========                 |
  \\      /  F ield         | OpenFOAM: The Open Source CFD Toolbox
   \\    /   O peration     | Website:  https://openfoam.org
    \\  /    A nd           | Version:  13
     \\/     M anipulation  |
\*---------------------------------------------------------------------------*/
FoamFile
{
    format      ascii;
    class       volScalarField;
    location    "2.9280963393185626";
    object      rho;
}
// * * * * * * * * * * * * * * * * * * * * * * * * * * * * * * * * * * * * * //

dimensions      [1 -3 0 0 0 0 0];

internalField   nonuniform List<scalar> 
2154
(
1.00000004689127
1.0000000697439018
1.0000001030542827
1.0000001512761538
1.0000002205830389
1.0000003194391602
1.0000004593121381
1.0000006555384202
1.0000009283394768
1.0000013039657989
1.0000018159151831
1.0000025061315729
1.0000034260429504
1.0000046372471783
1.0000062116131161
1.0000082305449596
1.0000107831768779
1.0000139633373488
1.0000178652549903
1.0000225781628995
1.0000281801707216
1.0000347319698106
1.0000422710651702
1.0000508072433179
1.0000603198667262
1.0000707573475354
1.0000000521856158
1.0000000776203344
1.0000001147036688
1.0000001683981512
1.0000002455805153
1.0000003556742039
1.0000005114362607
1.0000007299082334
1.0000010335250233
1.0000014513504993
1.0000020203727211
1.0000027867449044
1.0000038068039467
1.0000051476437413
1.0000068869782135
1.0000091120161794
1.0000119171060671
1.000015400009111
1.0000196568296742
1.0000247758569463
1.0000308308164658
1.0000378742364213
1.0000459317400465
1.0000549980338622
1.0000650351599252
1.0000759732532039
1.0000000620327967
1.0000000922508239
1.0000001363115241
1.0000002001071775
1.0000002917947843
1.0000004225367514
1.0000006074163341
1.0000008665339803
1.0000012262697049
1.0000017206640304
1.0000023928244044
1.0000032962063417
1.0000044955538145
1.0000060672222875
1.0000080985673638
1.0000106860847726
1.0000139320568364
1.0000179396133484
1.0000228063504002
1.0000286169420127
1.0000354354695722
1.0000432984049525
1.0000522092369719
1.0000621355796131
1.0000730092519827
1.0000847293458734
1.0000000759854419
1.0000001129526661
1.0000001668402922
1.000000244833118
1.0000003568605744
1.0000005164809935
1.0000007419648527
1.0000010575765539
1.0000014950256459
1.000002095015307
1.0000029087573588
1.0000039992514544
1.0000054420493878
1.0000073251590857
1.0000097477102607
1.0000128170338791
1.0000166439284737
1.0000213361133772
1.0000269901915215
1.0000336828151486
1.0000414620819984
1.0000503403820604
1.0000602898730033
1.0000712414459925
1.0000830874951125
1.0000956881482397
1.0000000936514963
1.0000001391271496
1.0000002053785655
1.0000003011936465
1.0000004386900812
1.0000006343684762
1.0000009103889977
1.0000012960606774
1.0000018294940547
1.0000025593117683
1.0000035462378098
1.000004864299082
1.0000066012847419
1.000008858041215
1.0000117461647684
1.0000153837252965
1.0000198888456979
1.0000253712817955
1.0000319225714929
1.0000396057736893
1.0000484461788186
1.0000584245095203
1.0000694739396185
1.0000814817234154
1.0000942954397103
1.0001077330099875
1.0000001145629316
1.0000001700625591
1.0000002508484451
1.0000003675636659
1.0000005348455279
1.0000007725626536
1.0000011072972723
1.000001574047219
1.0000022180719952
1.0000030967363303
1.000004281114143
1.0000058570133146
1.0000079249846701
1.0000105988160162
1.0000140020234878
1.0000182619807054
1.0000235016037216
1.000029828938062
1.0000373255242259
1.0000460349403189
1.0000559532787476
1.0000670233471405
1.0000791339904422
1.0000921251302664
1.0001057980731649
1.0001199296253072
1.0000001381042536
1.0000002048293437
1.0000003018531574
1.000000441855887
1.0000006422264434
1.0000009264881602
1.0000013259859317
1.0000018817904173
1.0000026467117866
1.000003687228721
1.0000050850310815
1.0000069377584195
1.0000093584149627
1.0000124728920718
1.0000164150793522
1.0000213192441054
1.000027309735869
1.0000344886157693
1.0000429224415135
1.0000526300095756
1.0000635731718919
1.0000756527242958
1.0000887107210785
1.0001025394785725
1.0001168962384119
1.0001315213252011
1.0000001634885607
1.0000002422467309
1.0000003566312254
1.0000005214591154
1.0000007569884983
1.000001090527193
1.0000015583117388
1.0000022075897654
1.0000030987619983
1.0000043073375473
1.0000059253332325
1.0000080616207772
1.0000108406252117
1.0000143987494339
1.0000188779992445
1.0000244165623071
1.0000311365777612
1.0000391299887688
1.0000484440870776
1.0000590689472661
1.0000709291795062
1.0000838821127724
1.0000977235984465
1.0001122012415655
1.0001270333628247
1.0001419308034325
1.0000001897720401
1.0000002809062962
1.0000004130944584
1.0000006032989481
1.0000008746395948
1.0000012581701405
1.0000017949255766
1.0000025381481252
1.0000035555094271
1.0000049310290391
1.0000067662532184
1.0000091801244557
1.0000123068788629
1.0000162913089263
1.000021280885437
1.0000274145973378
1.0000348089567048
1.00004354237306
1.0000536398802893
1.0000650607718047
1.0000776918086365
1.0000913481227234
1.0001057827305719
1.0001207039246558
1.0001357981507528
1.0001507548065669
1.0000002158981625
1.000000319239136
1.0000004689294171
1.0000006839899958
1.0000009902665141
1.0000014223502274
1.0000020257619529
1.0000028592803047
1.0000039971928285
1.0000055311183405
1.0000075709026908
1.0000102439546978
1.0000136923084422
1.0000180667329834
1.0000235174274761
1.0000301812892896
1.0000381664274354
1.0000475354331926
1.0000582897331733
1.000070357874268
1.0000835905506178
1.0000977644065445
1.00011259517653
1.0001277588590287
1.0001429178741685
1.0001577480664468
1.0000002407624025
1.000000355612767
1.0000005217414523
1.0000007600482999
1.000001098845458
1.0000015758931449
1.0000022406830726
1.0000031568247025
1.0000044042761633
1.0000060810213105
1.0000083036421528
1.0000112061030431
1.0000149359997448
1.0000196475986769
1.0000254912680575
1.0000325994294355
1.0000410699230886
1.0000509485788982
1.0000622136035739
1.0000747648463568
1.0000884208072995
1.0001029252560585
1.0001179636323514
1.0001331873813579
1.0001482426094059
1.0001627984871737
1.0000002632876155
1.0000003884429634
1.0000005692192906
1.000000828131393
1.0000011955887453
1.0000017120122942
1.0000024301777046
1.0000034176161701
1.0000047587823382
1.0000065565517762
1.00000893245598
1.0000120249367046
1.0000159848581334
1.0000209676244434
1.0000271215803682
1.0000345729629758
1.0000434084971435
1.0000536576576815
1.0000652774212149
1.0000781426950642
1.0000920452603956
1.0001067028845785
1.0001217783947618
1.00013690640091
1.0001517236229704
1.0001658979715733
1.000000282500064
1.000000416305677
1.0000006092983085
1.0000008852741129
1.0000012762816235
1.0000018247839297
1.000002586022239
1.0000036303915212
1.000005045511928
1.0000069375293203
1.0000094310253673
1.00001266680109
1.0000167967751541
1.0000219753804755
1.0000283472163043
1.0000360313499359
1.000045103521976
1.0000555784464145
1.0000673951587942
1.0000804086402439
1.0000943904654989
1.0001090399030599
1.0001240049323665
1.0001389105171858
1.0001533898143464
1.0001671133417844
1.0000002975969293
1.00000043803558
1.0000006403029089
1.0000009290919818
1.0000013375691346
1.0000019095460586
1.0000027018265463
1.0000037865229974
1.0000052530083774
1.0000072090191234
1.0000097802764332
1.0000131078882295
1.0000173427909631
1.0000226366595408
1.0000291291178272
1.0000369317456803
1.0000461102496236
1.0000566670859232
1.0000685275367742
1.0000815324331314
1.0000954401420512
1.0001099390353898
1.0001246696593076
1.0001392537311034
1.0001533255250781
1.0001665606816279
1.0000003079979862
1.0000004528005932
1.0000006610527292
1.0000009579305431
1.0000013771629079
1.000001963179874
1.0000027734094099
1.0000038805075806
1.0000053741784067
1.0000073620927781
1.0000099692750608
1.0000133352330178
1.0000176081200969
1.0000229354069645
1.0000294509593508
1.000037259089072
1.0000464170050327
1.0000569179787235
1.0000686781952672
1.0000815303879711
1.0000952267224046
1.0001094519719218
1.0001238460558555
1.0001380329942975
1.0001516518710223
1.0001643849618305
1.0000003133766799
1.0000004601456176
1.0000006709231775
1.0000009709475628
1.0000013939502801
1.000001984250672
1.0000027989743843
1.0000039101768958
1.0000054065275605
1.0000073940686991
1.0000099954326758
1.0000133468186858
1.0000175920570196
1.0000228732861207
1.0000293181893818
1.0000370243957275
1.0000460424771838
1.0000563598166889
1.0000678882204792
1.0000804582302061
1.0000938224422438
1.0001076687482422
1.0001216425187289
1.0001353748412585
1.0001485125622147
1.0001607455021202
1.0000003136687352
1.0000004600029793
1.0000006698571009
1.0000009681242221
1.0000013880013872
1.0000019730040404
1.0000027790832482
1.0000038766285715
1.000005352019333
1.0000073082541994
1.0000098640676034
1.000013150871097
1.0000173068919911
1.0000224680800689
1.0000287557628575
1.0000362616579104
1.0000450316331089
1.0000550503889425
1.0000662297856198
1.0000784035929673
1.000091330814403
1.000104708419157
1.0001181925441109
1.0001314254450804
1.0001440642079933
1.0001558068711487
1.0000003090592167
1.000000452671201
1.0000006583303678
1.0000009502099985
1.0000013604820372
1.0000019312300263
1.0000027164473704
1.0000037839108507
1.000005216606533
1.0000071132619717
1.0000095874279435
1.0000127644918566
1.0000167760431511
1.0000217512024854
1.0000278049130145
1.0000350237778102
1.0000434507516573
1.0000530707154349
1.0000637994626951
1.0000754786754389
1.0000878788902821
1.0001007112505553
1.0001136472165579
1.0001263437678667
1.0001384704481455
1.0001497342365269
1.0000002999512878
1.0000004387671015
1.0000006372790087
1.0000009186128258
1.0000013134897563
1.0000018620211011
1.0000026155747654
1.0000036385149031
1.0000050095119855
1.0000068220079175
1.0000091833209028
1.0000122118214956
1.000016031649571
1.0000207646201531
1.0000265193208397
1.0000333779376449
1.0000413820040761
1.0000505189221507
1.0000607115626374
1.0000718133051576
1.0000836103750821
1.0000958322638374
1.000108169565102
1.0001202970734451
1.0001318988898942
1.0001426918887066
1.0000002869215225
1.0000004191585317
1.0000006079988226
1.0000008752506497
1.0000012498365471
1.0000017694578476
1.000002482321052
1.0000034487421947
1.0000047423508929
1.0000064505141493
1.0000086735105418
1.0000115219385459
1.0000151118782117
1.000019557485833
1.0000249610187031
1.0000314007637168
1.0000389179311064
1.000047504161433
1.0000570917133766
1.0000675484678141
1.0000786794642382
1.0000902357635282
1.0001019301565037
1.0001134579092978
1.0001245197149964
1.0001348436008484
1.000000270667416
1.0000003948861491
1.0000005720298326
1.0000008223824173
1.0000011728043208
1.000001658259221
1.0000023233957742
1.0000032240175187
1.0000044281897784
1.0000060166418721
1.0000080820435231
1.000010726692637
1.0000140581822416
1.0000181827543868
1.000023196326006
1.000029173588624
1.0000361560996727
1.0000441408035678
1.0000530708033746
1.0000628302900589
1.0000732452049805
1.0000840904406412
1.000095103291804
1.0001060016999976
1.00011650489556
1.0001263535945419
1.0000002519527476
1.0000003670825708
1.000000531037754
1.0000007624360538
1.0000010858979917
1.0000015334324284
1.0000021458724415
1.0000029742131731
1.0000040806288604
1.0000055388666469
1.0000074336447704
1.0000098586452286
1.0000129127157378
1.000016694014358
1.0000212920667388
1.0000267780634582
1.0000331941706
1.0000405430825001
1.0000487793928166
1.000057804463905
1.0000674662281439
1.0000775647305267
1.0000878633057748
1.0000981042718036
1.0001080271694465
1.0001173871149043
1.0000002315557814
1.0000003368962045
1.0000004867030601
1.0000006978485543
1.0000009926175617
1.0000013999520354
1.0000019567426981
1.0000027090384036
1.0000037129788433
1.0000050351870107
1.0000067522966107
1.0000089492557007
1.0000117160663109
1.0000151427173627
1.0000193122656502
1.0000242923205827
1.0000301255672714
1.0000368203566545
1.0000443427036614
1.0000526111523571
1.0000614957974361
1.0000708222621202
1.0000803806826533
1.0000899388908806
1.0000992582257966
1.0001081099390619
1.0000002102241972
1.0000003054254061
1.0000004406257201
1.0000006309296141
1.0000008962651155
1.0000012624901522
1.0000017625440842
1.0000024375331087
1.0000033375826811
1.0000045222305345
1.0000060600807261
1.0000080274084395
1.0000105054177666
1.0000135759327278
1.0000173154630845
1.0000217878352162
1.0000270358954011
1.0000330731290845
1.0000398763174032
1.0000473804790058
1.0000554772409818
1.0000640174128181
1.0000728179386882
1.0000816726890411
1.0000903658862241
1.0000986865059283
1.0000001886393024
1.000000273666604
1.0000003942507607
1.0000005637559513
1.000000799796519
1.0000011252108589
1.0000015690787873
1.0000021676883544
1.0000029653109674
1.0000040145930207
1.0000053763264745
1.000007118333075
1.0000093132041403
1.000012034698478
1.0000153527300115
1.0000193270786595
1.0000240002192291
1.000029389945998
1.0000354827142275
1.0000422287496016
1.0000495399248128
1.0000572911341652
1.0000653254317904
1.0000734626177128
1.0000815103847032
1.0000892767130707
1.0000001673907353
1.0000002424780534
1.0000003488168732
1.0000004980992558
1.0000007057216012
1.0000009916336345
1.0000013812291983
1.0000019062006145
1.0000026052389495
1.0000035244198622
1.0000047170756519
1.0000062429292129
1.000008166268481
1.0000105529856902
1.0000134664068434
1.0000169619979722
1.0000210812466801
1.000025845252122
1.0000312487670284
1.0000372555626125
1.0000437959749657
1.0000507673062649
1.000058037402755
1.0000654512692753
1.0000728401012628
1.0000800317279306
1.000000146961658
1.0000002125591019
1.0000003053277378
1.000000435387042
1.0000006160514259
1.0000008645633331
1.0000012028662373
1.0000016583534133
1.0000022644957236
1.0000030612161079
1.0000040948454418
1.0000054174722388
1.0000070854982175
1.0000091572451353
1.0000116895358875
1.0000147332993108
1.0000183284174462
1.0000224982258672
1.0000272442566254
1.0000325419335174
1.000038337944863
1.0000445498989754
1.0000510686105144
1.0000577630074319
1.0000644872564408
1.0000710893638298
1.0000001277234989
1.0000001844434856
1.0000002645437511
1.0000003766928545
1.0000005322873255
1.0000007460788352
1.0000010368390226
1.0000014280101694
1.0000019482631783
1.0000026318550077
1.000003518650036
1.0000046536502847
1.0000060858765991
1.000007866466377
1.0000100459117678
1.0000126704598198
1.0000157778292904
1.0000193925534211
1.0000235214076796
1.0000281494911916
1.0000332375636896
1.0000387211690096
1.0000445118948689
1.0000505008478857
1.0000565641101185
1.0000625696520971
1.0000001099386653
1.0000001585042488
1.0000002269905413
1.0000003227504697
1.0000004554438364
1.0000006375690322
1.0000008850298161
1.000001217695871
1.0000016598941799
1.000002240744345
1.0000029942279915
1.0000039588654066
1.0000051768681835
1.0000066926524753
1.000008550640396
1.000010792351099
1.0000134528863955
1.0000165570385133
1.0000201153707982
1.000024120719428
1.0000285456068205
1.0000333410220517
1.00003843690108
1.0000437444407853
1.0000491601375923
1.0000545712000237
1.0000000937693072
1.0000001349674139
1.0000001929800113
1.0000002739858438
1.0000003860965043
1.000000539803275
1.0000007484561533
1.0000010287425922
1.0000014011160938
1.0000018901054621
1.0000025244166282
1.0000033367243621
1.0000043630459767
1.0000056415992027
1.0000072110773162
1.0000091083298011
1.0000113655157756
1.0000140068934853
1.0000170455089279
1.0000204801306207
1.0000242928235628
1.0000284475442764
1.0000328900603557
1.0000375493565163
1.0000423405048833
1.0000471687828834
1.0000000792901529
1.0000001139314592
1.0000001626395814
1.0000002305605167
1.0000003244455256
1.0000004530234698
1.0000006274022668
1.0000008614742384
1.0000011722863285
1.0000015803206743
1.0000021096156382
1.0000027876450202
1.0000036448676763
1.0000047138656705
1.0000060280107828
1.0000076196397081
1.0000095177777077
1.0000117455246229
1.0000143172966638
1.0000172361881128
1.0000204917623341
1.0000240585856903
1.0000278957714115
1.0000319477033144
1.0000361459735092
1.0000404124161324
1.00000006650357
1.000000095389882
1.0000001359456587
1.0000001924207367
1.0000002703870368
1.0000003770462946
1.0000005215637595
1.0000007154085033
1.0000009726701413
1.0000013103094572
1.0000017482880355
1.0000023095116279
1.0000030195165814
1.0000039058316417
1.0000049969622919
1.0000063209739787
1.0000079036946803
1.0000097666137107
1.0000119246160213
1.0000143837495719
1.0000171392651229
1.0000201741808579
1.0000234585998269
1.0000269499442154
1.0000305941733147
1.000034327936369
1.0000000553552855
1.0000000792545531
1.0000001127580056
1.0000001593475316
1.0000002235852818
1.0000003113660274
1.0000004301923535
1.0000005894580222
1.0000008007163768
1.0000010779009871
1.0000014374558275
1.0000018983237065
1.000002481736618
1.0000032107527266
1.0000041094945389
1.0000052020634793
1.0000065111383458
1.0000080563074734
1.0000098522326655
1.000011906790039
1.0000142193698007
1.0000167795342527
1.0000195662235423
1.0000225476587099
1.0000256820243114
1.0000289189273261
1.0000000457495446
1.0000000653780885
1.0000000928524579
1.000000131004092
1.0000001835405359
1.0000002552508584
1.0000003522308938
1.0000004821173214
1.0000006543130651
1.000000880178936
1.0000011731586167
1.0000015487970655
1.0000020246078787
1.0000026197449752
1.0000033544402334
1.0000042491830603
1.0000053236411259
1.0000065953528445
1.0000080782589493
1.0000097811778301
1.0000117063607086
1.0000138482811378
1.000016192812633
1.0000187169250794
1.0000213889856377
1.0000241696884209
1.0000000375628473
1.0000000535740059
1.0000000759502379
1.0000001069780047
1.0000001496493491
1.000000207827938
1.0000002864321036
1.0000003916267601
1.0000005310110482
1.0000007137827349
1.0000009508542302
1.0000012548894401
1.0000016402266794
1.0000021226520106
1.0000027189911507
1.0000034464978482
1.0000043220331425
1.0000053610528064
1.0000065764479145
1.0000079773125521
1.0000095677386638
1.0000113457556836
1.0000133025370757
1.0000154219840536
1.0000176807680372
1.0000200488706299
1.0000224906088413
1.0000000306557455
1.0000000436339362
1.0000000617428479
1.0000000868169285
1.0000001212551917
1.0000001681545549
1.0000002314575949
1.0000003161087756
1.0000004282093955
1.0000005751570151
1.000000765750342
1.0000010102360308
1.0000013202704581
1.0000017087683117
1.0000021896119489
1.000002777201956
1.0000034858408686
1.0000043289585241
1.00000531820799
1.000006462483326
1.0000077669313852
1.0000092320457061
1.0000108529375433
1.000012618874446
1.0000145131594904
1.000016513395499
1.0000185921418314
1.0000000248824661
1.0000000353415783
1.0000000499121335
1.0000000700571856
1.0000000976888246
1.000000135274606
1.0000001859560794
1.0000002536751282
1.0000003433009459
1.0000004607470696
1.0000006130641896
1.0000008084908836
1.0000010564415864
1.0000013674097665
1.0000017527653033
1.0000022244292448
1.000002794417042
1.0000034742530914
1.0000042742744042
1.0000052028580619
1.0000062656236743
1.0000074646756261
1.0000087979577024
1.0000102587923945
1.0000118356676111
1.000013512314921
1.0000152680978338
1.0000000200983536
1.0000000284834123
1.0000000401455809
1.000000056245417
1.000000078298686
1.0000001082608416
1.0000001486215715
1.0000002025063419
1.0000002737797355
1.0000003671427722
1.0000004882135958
1.000000643578091
1.000000840794681
1.0000010883362296
1.0000013954523326
1.0000017719378695
1.0000022277990437
1.0000027728163585
1.000003416014797
1.0000041650640203
1.0000050256442203
1.0000060008244978
1.0000070905082197
1.0000082910019137
1.0000095947596936
1.0000109903437977
1.0000124626245344
1.0000000161652791
1.0000000228564196
1.0000000321472398
1.0000000449539062
1.0000000624722047
1.000000086244266
1.0000001182335905
1.0000001609062243
1.0000002173143263
1.0000002911764325
1.0000003869465743
1.0000005098622253
1.0000006659591807
1.0000008620402587
1.0000011055846669
1.0000014045864118
1.0000017673136714
1.000002201986725
1.0000027163797549
1.0000033173610383
1.0000040103958263
1.000004799045237
1.0000056845013212
1.0000066652016573
1.0000077365653803
1.0000088908860194
1.0000101174053075
1.0000000129552677
1.0000000182731894
1.0000000256448511
1.0000000357904468
1.0000000496493475
1.0000000684325752
1.0000000936820703
1.0000001273352699
1.0000001717923133
1.0000002299817616
1.0000003054190787
1.0000004022504569
1.0000005252730706
1.0000006799217758
1.0000008722120144
1.0000011086295288
1.0000013959597704
1.0000017410537549
1.00000215053254
1.0000026304391831
1.000003185854357
1.0000038204989083
1.0000045363524812
1.0000053333208363
1.0000062089848343
1.0000071584607169
1.0000081743943792
1.0000000103526401
1.0000000145648626
1.0000000203938582
1.0000000284037494
1.0000000393298398
1.0000000541197256
1.0000000739799371
1.0000001004271004
1.0000001353417305
1.0000001810217063
1.0000002402312478
1.00000031623995
1.0000004128452349
1.0000005343706957
1.0000006856324335
1.0000008718659068
1.0000010986072392
1.0000013715255149
1.0000016962063643
1.0000020778919103
1.0000025211875736
1.0000030297516949
1.0000036059887456
1.000004250770272
1.0000049632089563
1.000005740509871
1.0000065779189824
1.0000000082549798
1.0000000115823786
1.0000000161789782
1.0000000224853847
1.0000000310755104
1.0000000426886879
1.0000000582662627
1.0000000789919896
1.0000001063349229
1.0000001420927043
1.0000001884322414
1.0000002479237995
1.0000003235636166
1.0000004187793969
1.0000005374126617
1.0000006836720716
1.0000008620527086
1.0000010772179893
1.0000013338434703
1.0000016364251798
1.0000019890590524
1.0000023952021961
1.0000028574305588
1.0000033772105579
1.0000039547038744
1.0000045886244566
1.0000052761647327
1.0000000065732135
1.0000000091964512
1.0000000128139721
1.0000000177691823
1.0000000245090761
1.0000000336092685
1.0000000458026379
1.0000000620111427
1.0000000833799176
1.0000001113121759
1.000000147502768
1.000000193967526
1.0000002530648067
1.0000003275050422
1.0000004203437449
1.0000005349533982
1.0000006749701629
1.0000008442124151
1.0000010465698745
1.0000012858644334
1.0000015656866423
1.0000018892148939
1.0000022590273501
1.000002676919199
1.0000031437395012
1.0000036592623944
1.0000042221065766
1.0000000052310707
1.0000000072966608
1.0000000101401663
1.0000000140288874
1.0000000193105145
1.0000000264326152
1.0000000359650227
1.0000000486248568
1.0000000653035763
1.0000000870950394
1.0000001153230524
1.0000001515663508
1.000000197678399
1.0000002557989303
1.000000328353805
1.0000004180396866
1.0000005277902895
1.0000006607216374
1.0000008200549206
1.0000010090171683
1.0000012307219706
1.0000014880347541
1.0000017834294141
1.0000021188451862
1.0000024955541849
1.0000029140508562
1.0000033739744385
1.0000000041641335
1.0000000057899761
1.0000000080241851
1.0000000110747342
1.0000000152119597
1.0000000207837243
1.0000000282329122
1.0000000381170948
1.0000000511299763
1.0000000681239165
1.0000000901324728
1.0000001183914942
1.0000001543568904
1.0000001997168202
1.0000002563957628
1.0000003265478112
1.0000004125366444
1.0000005169000472
1.0000006422975964
1.0000007914412399
1.0000009670099135
1.0000011715509824
1.0000014073730354
1.0000016764362021
1.0000019802475184
1.0000023197697647
1.0000026953524357
1.0000000033186565
1.0000000045989614
1.0000000063552605
1.0000000087494541
1.0000000119918488
1.0000000163529679
1.0000000221772294
1.0000000298984142
1.0000000400566711
1.0000000533165931
1.0000000704856278
1.0000000925317969
1.0000001205993811
1.0000001560209395
1.0000002003237922
1.0000002552289746
1.0000003226406946
1.0000004046245652
1.0000005033733694
1.0000006211598502
1.0000007602770062
1.0000009229675537
1.0000011113455061
1.0000013273140975
1.0000015724854179
1.0000018481079724
1.0000021550088278
1.000000002650286
1.0000000036598593
1.0000000050423872
1.0000000069240997
1.0000000094688635
1.0000000128873958
1.0000000174479822
1.0000000234886635
1.0000000314307433
1.0000000417933097
1.0000000552082733
1.0000000724352078
1.0000000943750447
1.0000001220814545
1.0000001567685501
1.0000001998134336
1.0000002527520873
1.0000003172672445
1.000000395167167
1.0000004883547606
1.0000005987871192
1.0000007284264438
1.0000008791842119
1.0000010528614636
1.000001251088984
1.0000014752719206
1.0000017265438899
1.0000000021227773
1.000000002920683
1.0000000040115185
1.0000000054939615
1.000000007496036
1.0000000101823245
1.0000000137623906
1.0000000185004123
1.0000000247259451
1.0000000328456173
1.0000000433554341
1.0000000568531975
1.0000000740503849
1.0000000957826585
1.0000001230180215
1.0000001568615393
1.0000001985555009
1.0000002494739582
1.0000003111107683
1.0000003850605779
1.0000004729926533
1.0000005766180451
1.0000006976512679
1.000000837768406
1.0000009985642917
1.0000011815120453
1.0000013879287717
1.0000000017067705
1.0000000023394147
1.0000000032029295
1.0000000043747457
1.0000000059552683
1.0000000080735481
1.0000000108939311
1.0000000146237091
1.0000000195217325
1.0000000259078703
1.0000000341731095
1.0000000447899635
1.0000000583227442
1.0000000754371119
1.0000000969082161
1.0000001236266349
1.0000001566012886
1.0000001969585202
1.000000245936645
1.0000003048754775
1.0000003752006519
1.0000004584029651
1.000000556013469
1.0000006695755765
1.0000008006160312
1.0000009506171099
1.0000011209928965
1.000000001378671
1.0000000018823589
1.0000000025688234
1.0000000034991221
1.0000000047523949
1.0000000064303494
1.000000008662542
1.0000000116124914
1.0000000154846105
1.0000000205319037
1.0000000270642961
1.0000000354573866
1.0000000461613243
1.0000000597094127
1.0000000767259563
1.0000000979327925
1.0000001241539123
1.000000156317566
1.0000001954553219
1.0000002426976691
1.0000002992659653
1.0000003664608188
1.000000445647339
1.0000005382381096
1.0000006456751629
1.0000007694126769
1.0000009109025112
1.0000000011196499
1.0000000015226842
1.0000000020712154
1.000000002813684
1.0000000038128545
1.0000000051493907
1.0000000069260822
1.0000000092727634
1.0000000123519377
1.000000016365082
1.000000021559563
1.0000000282360344
1.000000036756125
1.0000000475501516
1.0000000611245328
1.0000000780685125
1.0000000990597757
1.0000001248685169
1.0000001563595708
1.0000001944922847
1.0000002403179511
1.0000002949748283
1.0000003596810141
1.0000004357257468
1.0000005244600443
1.0000006272879263
1.0000007456598161
1.0000000009147754
1.000000001239157
1.0000000016801074
1.0000000022763318
1.0000000030779732
1.0000000041494834
1.0000000055730358
1.0000000074525206
1.0000000099181452
1.0000000131316447
1.0000000172920684
1.0000000226420744
1.0000000294746125
1.000000038139834
1.0000000490520102
1.0000000626962045
1.0000000796344057
1.0000001005108281
1.0000001260560873
1.0000001570900279
1.000000194523059
1.0000002393559986
1.0000002926786065
1.000000355667205
1.0000004295820448
1.0000005157653453
1.000000615641218
1.0000000005596485
1.0000000007522702
1.0000000010150663
1.0000000013719357
1.0000000018540598
1.0000000025018312
1.000000003367187
1.0000000045163906
1.0000000060333085
1.0000000080232123
1.0000000106171258
1.0000000139767118
1.000000018299668
1.000000023825572
1.0000000308420773
1.0000000396913313
1.0000000507764506
1.0000000645678675
1.0000000816093522
1.0000001025235168
1.0000001280166533
1.0000001588828042
1.000000196007077
1.000000240368333
1.0000002930415512
1.0000003552003598
1.0000004281204444
1.0000005131847749
1.0000000004655538
1.0000000006228891
1.0000000008373207
1.0000000011282801
1.0000000015211135
1.0000000020486597
1.0000000027531646
1.0000000036885752
1.000000004923256
1.0000000065431667
1.0000000086555263
1.0000000113929814
1.0000000149182742
1.0000000194293865
1.0000000251651169
1.0000000324110159
1.0000000415055919
1.0000000528466739
1.0000000668978164
1.0000000841946308
1.0000001053509553
1.0000001310648161
1.0000001621242018
1.0000001994127721
1.0000002439157416
1.0000002967263326
1.0000003590533553
1.0000004322306735
1.0000000003899354
1.0000000005194027
1.000000000695707
1.000000000934798
1.0000000012574781
1.0000000016907096
1.0000000022692024
1.0000000030373279
1.0000000040513994
1.0000000053823555
1.0000000071188864
1.0000000093710251
1.0000000122742234
1.0000000159939142
1.0000000207305524
1.0000000267251064
1.0000000342649593
1.0000000436901697
1.0000000554000348
1.0000000698599012
1.0000000876081916
1.0000001092636399
1.0000001355327859
1.0000001672178469
1.0000002052251862
1.0000002505747028
1.0000003044106172
1.0000003680142697
1.0000000003288183
1.0000000004361762
1.0000000005822818
1.0000000007803576
1.0000000010476502
1.0000000014065249
1.0000000018858004
1.0000000025223641
1.0000000033631082
1.0000000044672261
1.0000000059089069
1.0000000077804636
1.0000000101959268
1.0000000132951228
1.0000000172482546
1.0000000222609893
1.0000000285800508
1.000000036499308
1.0000000463663503
1.0000000585895432
1.0000000736455743
1.0000000920875243
1.0000001145535351
1.000000141776211
1.0000001745929523
1.0000002139575239
1.0000002609532652
1.000000316808477
1.0000000002791043
1.0000000003688281
1.0000000004908827
1.0000000006563414
1.0000000008796506
1.0000000011795573
1.0000000015802444
1.0000000021127118
1.0000000028164391
1.0000000037413739
1.0000000049502804
1.000000006521494
1.0000000085521188
1.000000011161702
1.0000000144964203
1.0000000187338063
1.00000002408804
1.0000000308158292
1.0000000392229049
1.0000000496711623
1.0000000625864942
1.0000000784673815
1.000000097894342
1.0000001215403846
1.0000001501826714
1.0000001847156734
1.00000022616619
1.0000002757107134
1.0000000002383811
1.0000000003139564
1.0000000004167369
1.0000000005560901
1.0000000007442411
1.000000000997068
1.0000000013350787
1.0000000017846056
1.0000000023792515
1.0000000031616285
1.0000000041854291
1.0000000055178764
1.000000007242593
1.0000000094629387
1.0000000123058574
1.000000015926283
1.0000000205121446
1.0000000262900248
1.0000000335315176
1.000000042560351
1.000000053760346
1.0000000675843033
1.0000000845639476
1.000000105321085
1.0000001305801864
1.0000001611826803
1.0000001981032975
1.0000002424689227
1.0000000002047731
1.0000000002689227
1.0000000003561511
1.000000000474462
1.0000000006343042
1.0000000008492611
1.0000000011369035
1.0000000015198311
1.0000000020269466
1.0000000026949909
1.0000000035703891
1.0000000047114492
1.0000000061909597
1.0000000080992406
1.0000000105477012
1.0000000136729563
1.0000000176415704
1.0000000226554864
1.000000028958216
1.0000000368418751
1.000000046655156
1.0000000588123577
1.0000000738036152
1.000000092206504
1.0000001146992437
1.0000001420757783
1.0000001752630747
1.0000002153410656
1.0000000001768201
1.0000000002316793
1.0000000003062675
1.0000000004074878
1.0000000005443563
1.0000000007286056
1.0000000009754353
1.0000000013044335
1.000000001740706
1.0000000023162494
1.000000003071609
1.0000000040578689
1.000000005339023
1.0000000069947819
1.000000009123877
1.0000000118479255
1.0000000153159267
1.0000000197094687
1.0000000252487347
1.0000000321994047
1.0000000408805709
1.0000000516737975
1.0000000650334882
1.00000008149875
1.0000001017069891
1.0000001264095166
1.0000001564895098
1.0000001929827362
1.0000000001533849
1.0000000002006366
1.0000000002648728
1.0000000003521019
1.0000000004701721
1.000000000629309
1.0000000008427796
1.0000000011277166
1.0000000015061279
1.0000000020061357
1.0000000026634772
1.0000000035233205
1.0000000046424422
1.0000000060918259
1.0000000079597453
1.0000000103554016
1.0000000134131946
1.0000000172977153
1.0000000222095582
1.0000000283920658
1.0000000361391341
1.000000045804228
1.0000000578107784
1.0000000726641693
1.0000000909655553
1.0000001134277954
1.0000001408938495
1.0000001743580416
1.0000000001335796
1.0000000001745575
1.0000000002302507
1.0000000003059315
1.0000000004084897
1.0000000005469094
1.0000000007328675
1.0000000009814725
1.0000000013121781
1.0000000017499073
1.0000000023264222
1.0000000030819911
1.0000000040674009
1.0000000053463736
1.0000000069984558
1.0000000091224523
1.0000000118404886
1.000000015302799
1.0000000196933436
1.000000025236381
1.0000000322041305
1.0000000409256877
1.0000000517973793
1.0000000652947698
1.0000000819865738
1.0000001025507692
1.0000001277932555
1.0000001586694609
1.0000000001167089
1.0000000001524771
1.0000000002010656
1.0000000002671374
1.0000000003567853
1.0000000004779628
1.0000000006410232
1.0000000008593892
1.0000000011503851
1.0000000015362629
1.0000000020454602
1.0000000027141414
1.0000000035880632
1.0000000047248359
1.0000000061966372
1.000000008093463
1.0000000105269975
1.0000000136352063
1.0000000175877615
1.0000000225924321
1.000000028902583
1.0000000368259547
1.0000000467349195
1.0000000590784346
1.0000000743959574
1.0000000933336208
1.0000001166630192
1.0000001453030112
1.000000000102226
1.0000000001336398
1.0000000001762759
1.0000000002342877
1.0000000003131007
1.0000000004198024
1.0000000005636336
1.0000000007565983
1.000000001014226
1.0000000013565131
1.0000000018090875
1.000000002404634
1.0000000031846388
1.000000004201506
1.0000000055211187
1.0000000072259214
1.0000000094186121
1.0000000122265504
1.0000000158069942
1.0000000203533044
1.0000000261022672
1.0000000333427144
1.0000000424256381
1.0000000537760412
1.0000000679067811
1.0000000854347222
1.0000001070995459
1.000000133785629
1.0000000000896985
1.0000000001174509
1.0000000001550648
1.0000000002062643
1.0000000002759097
1.0000000003703551
1.0000000004978964
1.0000000006693313
1.0000000008986596
1.0000000012039545
1.00000000160844
1.0000000021418209
1.0000000028419145
1.000000003756641
1.0000000049464453
1.0000000064872243
1.0000000084738543
1.0000000110244225
1.000000014285281
1.0000000184370648
1.0000000237018301
1.0000000303514942
1.0000000387177885
1.0000000492039589
1.0000000622984897
1.0000000785911651
1.0000000987918232
1.0000001237522165
1.0000000000787834
1.0000000001034404
1.000000000136789
1.0000000001821885
1.000000000244017
1.0000000003280014
1.000000000441627
1.0000000005946559
1.000000000799772
1.0000000010733896
1.0000000014366568
1.0000000019166977
1.0000000025481441
1.0000000033750132
1.000000004453
1.0000000058522629
1.0000000076607973
1.0000000099884971
1.0000000129720337
1.0000000167806868
1.0000000216232943
1.0000000277565024
1.0000000354945335
1.0000000452207103
1.0000000574010186
1.0000000726000269
1.0000000914995215
1.0000001149202757
1.0000000000692053
1.0000000000912337
1.0000000001209388
1.0000000001613669
1.0000000002164819
1.0000000002914693
1.0000000003931142
1.0000000005302798
1.000000000714508
1.000000000960769
1.0000000012883996
1.0000000017222672
1.000000002294211
1.0000000030448157
1.0000000040255863
1.0000000053016018
1.000000006954743
1.0000000090875938
1.0000000118281482
1.0000000153354585
1.0000000198063932
1.00000002548369
1.000000032665525
1.000000041716838
1.0000000530827058
1.0000000673040776
1.0000000850362443
1.0000001070704556
1.0000000000607427
1.0000000000805311
1.0000000001071074
1.0000000001432481
1.0000000001925589
1.000000000259754
1.0000000003510079
1.0000000004743992
1.0000000006404679
1.0000000008629168
1.0000000011594885
1.0000000015530592
1.0000000020729967
1.0000000027568396
1.0000000036523629
1.0000000048201083
1.000000006336474
1.0000000082974634
1.0000000108232248
1.0000000140635199
1.0000000182042899
1.0000000234755062
1.0000000301605299
1.0000000386072248
1.0000000492411147
1.0000000625809076
1.0000000792567567
1.0000001000316794
1.000000000053215
1.0000000000710907
1.000000000094968
1.0000000001273912
1.0000000001716529
1.0000000002320553
1.0000000003142369
1.0000000004255845
1.0000000005757541
1.0000000007773264
1.0000000010466294
1.0000000014047676
1.0000000018789044
1.0000000025038527
1.0000000033240395
1.0000000043959205
1.0000000057909375
1.0000000075991229
1.000000009933476
1.000000012935256
1.0000000167803542
1.0000000216869429
1.0000000279246171
1.0000000358252821
1.0000000457960789
1.0000000583346709
1.0000000740472677
1.0000000936698064
1.0000000000464748
1.0000000000627154
1.0000000000842564
1.0000000001134401
1.0000000001532856
1.0000000002077321
1.0000000002819436
1.0000000003826943
1.0000000005188543
1.0000000007020038
1.0000000009472061
1.0000000012739778
1.0000000017075015
1.0000000022801334
1.0000000030332734
1.0000000040196706
1.0000000053062548
1.0000000069776018
1.0000000091401526
1.000000011927332
1.0000000155057314
1.0000000200825516
1.0000000259145227
1.0000000333185592
1.0000000426844371
1.0000000544898258
1.0000000693180489
1.000000087878997
1.0000000000404001
1.000000000055244
1.0000000000747571
1.000000000101106
1.0000000001370692
1.0000000001862652
1.0000000002534368
1.0000000003448111
1.0000000004685545
1.0000000006353502
1.0000000008591237
1.0000000011579597
1.0000000015552488
1.0000000020811188
1.0000000027742151
1.0000000036839023
1.0000000048729774
1.0000000064210002
1.0000000084283582
1.0000000110212168
1.0000000143575141
1.0000000186341951
1.0000000240959102
1.0000000310454271
1.0000000398560531
1.0000000509863944
1.0000000649978347
1.000000082575152
1.0000000000348899
1.0000000000485436
1.0000000000662932
1.0000000000901521
1.0000000001226874
1.0000000001672327
1.0000000002281542
1.0000000003111891
1.0000000004238712
1.0000000005760732
1.000000000780692
1.0000000010545134
1.0000000014192976
1.0000000019031394
1.000000002542164
1.0000000033826291
1.000000004483526
1.0000000059197773
1.0000000077861566
1.0000000102020687
1.0000000133173612
1.0000000173193513
1.0000000224412986
1.0000000289725712
1.0000000372708031
1.0000000477763709
1.0000000610295716
1.0000000776909235
1.0000000000298599
1.0000000000425049
1.0000000000587186
1.0000000000803828
1.0000000001098786
1.0000000001502858
1.0000000002056342
1.0000000002812184
1.0000000003840004
1.0000000005231187
1.0000000007105345
1.0000000009618495
1.0000000012973334
1.000000001743218
1.0000000023333102
1.0000000031110035
1.0000000041317665
1.0000000054662175
1.0000000072038986
1.0000000094578945
1.0000000123704575
1.0000000161198326
1.0000000209285003
1.0000000270730962
1.0000000348962961
1.0000000448209996
1.0000000573671946
1.0000000731719236
1.0000000000252418
1.0000000000370375
1.000000000051912
1.0000000000716349
1.0000000000984244
1.0000000001351352
1.0000000001854934
1.0000000002543941
1.0000000003482792
1.0000000004756191
1.0000000006475207
1.0000000008785004
1.000000001187461
1.0000000015989179
1.0000000021445388
1.0000000028650635
1.0000000038126893
1.0000000050540223
1.0000000066737131
1.0000000087789145
1.0000000115047263
1.0000000150208161
1.0000000195394363
1.0000000253250909
1.0000000327061451
1.000000042088709
1.0000000539731757
1.0000000689738404
1.0000000000209819
1.0000000000320695
1.0000000000457725
1.0000000000637699
1.0000000000881402
1.0000000001215366
1.0000000001674108
1.0000000002302945
1.0000000003161564
1.0000000004328546
1.0000000005907133
1.0000000008032521
1.0000000010881134
1.0000000014682273
1.0000000019732791
1.000000002641543
1.0000000035221666
1.0000000046780047
1.0000000061891192
1.0000000081570797
1.0000000107102305
1.0000000140101095
1.0000000182592383
1.0000000237105371
1.000000030678653
1.00000003955354
1.0000000508166591
1.0000000650602381
1.0000000000170455
1.0000000000275457
1.0000000000402149
1.0000000000566682
1.0000000000788654
1.0000000001092793
1.000000000151112
1.0000000002085634
1.0000000002871676
1.0000000003942218
1.000000000539329
1.0000000007350911
1.0000000009979846
1.0000000013494705
1.000000001817392
1.0000000024377249
1.0000000032567662
1.0000000043338537
1.0000000057447325
1.0000000075857047
1.0000000099787185
1.0000000130775897
1.0000000170755634
1.0000000222144783
1.000000028795812
1.0000000371939479
1.0000000478720363
1.0000000614008777
1.0000000000134295
1.0000000000234317
1.0000000000351643
1.0000000000502192
1.0000000000704548
1.0000000000981786
1.0000000001363614
1.0000000001888967
1.0000000002609197
1.0000000003592107
1.0000000004927081
1.0000000006731646
1.0000000009159766
1.0000000012412404
1.0000000016750819
1.0000000022513298
1.0000000030136098
1.0000000040179544
1.0000000053360398
1.0000000070591863
1.0000000093032761
1.0000000122147743
1.0000000159780704
1.0000000208243853
1.0000000270425358
1.0000000349918847
1.0000000451178546
1.0000000579704282
1.0000000000102047
1.0000000000197133
1.000000000030542
1.0000000000443092
1.00000000006277
1.0000000000880664
1.0000000001229505
1.0000000001710314
1.0000000002370757
1.000000000327387
1.0000000004502898
1.0000000006167493
1.0000000008411598
1.0000000011423453
1.0000000015448292
1.0000000020804292
1.0000000027902631
1.0000000037272505
1.000000004959225
1.0000000065727881
1.0000000086780576
1.0000000114144936
1.0000000149580175
1.0000000195296659
1.0000000254060712
1.0000000329320933
1.000000042535979
1.0000000547474748
1.0000000000076672
1.0000000000163689
1.0000000000262257
1.0000000000388012
1.0000000000556701
1.0000000000787881
1.0000000001106961
1.0000000001547398
1.0000000002153462
1.0000000002983789
1.0000000004115945
1.0000000005652279
1.0000000007727399
1.0000000010517689
1.0000000014253378
1.0000000019233792
1.0000000025846509
1.0000000034591368
1.0000000046110353
1.0000000061224721
1.00000000809808
1.0000000106706346
1.0000000140079515
1.0000000183212889
1.0000000238755433
1.0000000310015613
1.0000000401109417
1.0000000517137522
1.0000000000069662
1.0000000000131464
1.0000000000219555
1.0000000000335161
1.0000000000490117
1.0000000000702018
1.0000000000994367
1.0000000001398242
1.000000000195481
1.0000000002718661
1.00000000037621
1.0000000005180694
1.0000000007100354
1.0000000009686381
1.0000000013154953
1.0000000017787676
1.0000000023949909
1.0000000032113749
1.0000000042886765
1.0000000057047689
1.0000000075590612
1.0000000099779436
1.0000000131214655
1.0000000171914891
1.0000000224416001
1.000000029189098
1.0000000378294385
1.0000000488535481
)
;

boundaryField
{
    hotWall
    {
        type            calculated;
        value           nonuniform List<scalar> 0();
    }
    coldWall
    {
        type            calculated;
        value           nonuniform List<scalar> 0();
    }
    bottomWall
    {
        type            calculated;
        value           nonuniform List<scalar> 
26
(
1.00000004689127
1.0000000697439018
1.0000001030542827
1.0000001512761538
1.0000002205830389
1.0000003194391602
1.0000004593121381
1.0000006555384202
1.0000009283394768
1.0000013039657989
1.0000018159151831
1.0000025061315729
1.0000034260429504
1.0000046372471783
1.0000062116131161
1.0000082305449596
1.0000107831768779
1.0000139633373488
1.0000178652549903
1.0000225781628995
1.0000281801707216
1.0000347319698106
1.0000422710651702
1.0000508072433179
1.0000603198667262
1.0000707573475354
)
;
    }
    topWall
    {
        type            calculated;
        value           nonuniform List<scalar> 0();
    }
    front
    {
        type            empty;
    }
    back
    {
        type            empty;
    }
    procBoundary9to5
    {
        type            processor;
        value           nonuniform List<scalar> 
28
(
0.99999999999954381
1.000000000008165
1.0000000000172438
1.0000000000282705
1.0000000000426763
1.0000000000621923
1.0000000000890372
1.000000000126116
1.0000000001772655
1.0000000002475722
1.0000000003437799
1.0000000004748146
1.0000000006524565
1.0000000008921981
1.0000000012143393
1.0000000016453736
1.0000000022197411
1.0000000029820291
1.0000000039897303
1.0000000053166758
1.0000000070572941
1.0000000093318706
1.0000000122930093
1.0000000161335381
1.0000000210961359
1.0000000274850016
1.0000000356799326
1.0000000461532357
)
;
    }
    procBoundary9to6
    {
        type            processor;
        value           nonuniform List<scalar> 
28
(
1.0000000004190031
1.000000000350509
1.0000000002951448
1.0000000002501219
1.0000000002132603
1.0000000001828582
1.0000000001575875
1.0000000001364118
1.0000000001185199
1.0000000001032761
1.0000000000901805
1.0000000000788376
1.0000000000689333
1.0000000000602158
1.000000000052482
1.0000000000455671
1.000000000039335
1.0000000000336731
1.0000000000284872
1.0000000000236979
1.0000000000192382
1.0000000000150513
1.0000000000110914
1.0000000000073239
1.000000000003729
1.0000000000003029
0.9999999999970296
0.99999999999365674
)
;
    }
    procBoundary9to7
    {
        type            processor;
        value           nonuniform List<scalar> 
53
(
1.0000000313156361
1.0000000348549878
1.0000000414460097
1.0000000507967222
1.0000000626510654
1.00000007670236
1.0000000925449399
1.0000001096572031
1.0000001274104489
1.0000001450977891
1.0000001619770891
1.000000177321398
1.0000001904701685
1.0000002008750852
1.000000208135511
1.0000002120202605
1.0000002124743281
1.0000002096110931
1.0000002036920876
1.0000001950975328
1.0000001842914048
1.0000001717848206
1.0000001581011184
1.0000001437452859
1.0000001291794998
1.0000001148056439
1.000000100954856
1.0000000878835158
1.0000000757746468
1.0000000647434624
1.0000000548457413
1.0000000460877876
1.0000000384369201
1.0000000318316538
1.0000000261909827
1.000000021422401
1.0000000174284835
1.0000000141120151
1.0000000113797498
1.0000000091449661
1.0000000073290098
1.0000000058620298
1.0000000046831021
1.000000003739919
1.0000000029881886
1.0000000023908651
1.0000000019173039
1.0000000015424033
1.0000000012457844
1.0000000010110321
1.0000000008250178
1.0000000006773062
1.0000000006773062
)
;
    }
    procBoundary9to10
    {
        type            processor;
        value           nonuniform List<scalar> 
40
(
1.0000074687826697
1.0000060130041124
1.0000048297147155
1.0000038740743753
1.0000031066930664
1.0000024935569738
1.0000020057358205
1.0000016189515157
1.0000013130728032
1.000001071585032
1.0000008810700161
1.0000007307189516
1.000000611891819
1.0000005177294982
1.0000004428197293
1.0000003829146673
1.0000003346957413
1.0000002955804967
1.000000263565753
1.0000002371015386
1.0000002149906684
1.0000001963093728
1.0000001803450063
1.000000166547456
1.0000001544914443
1.0000001438474175
1.0000001343591547
1.0000001258266049
1.0000001180927651
1.0000001110336689
1.0000001045507581
1.0000000985650752
1.0000000930128403
1.0000000878420821
1.000000083010063
1.0000000784813143
1.0000000742261239
1.0000000702193741
1.0000000664396405
1.0000000628684924
)
;
    }
    procBoundary9to11
    {
        type            processor;
        value           nonuniform List<scalar> 
41
(
1.0000820388457459
1.0000877136679356
1.0000971678147252
1.0001088800273359
1.0001215949810713
1.0001342878589838
1.000146156993023
1.0001566181748489
1.0001652890833066
1.0001719623372125
1.0001765709977462
1.0001791519261416
1.0001798117020699
1.0001786981622012
1.0001759789241187
1.0001718269407334
1.000166412271964
1.0001598987891769
1.0001524443328538
1.0001442028380181
1.0001353270731534
1.0001259708777022
1.0001162901068308
1.0001064418683636
1.0000965820219667
1.0000868612538747
1.000077420293644
1.0000683849693
1.0000598617938439
1.000051934655062
1.0000446629784292
1.0000380814969971
1.0000322015389078
1.0000270135683456
1.0000270135683456
1.0000249660816998
1.0000207179318483
1.0000170786993132
1.000013993221835
1.0000114025773552
1.0000092471025075
)
;
    }
}


// ************************************************************************* //
