#              distance                     U_x                     U_y                     U_z                       T
  6.939740885162004e-18                       0                       0                       0       299.6667408516008
  0.0003906250000000001  -0.0004230991192996877  -1.363555091505609e-06                       0       299.6667423367415
  0.0007812500000000002  -0.0008338689027704068  -5.215067176043608e-06                       0       299.6667497624421
            0.001171875   -0.001235806111326336  -1.043106328292689e-05                       0       299.6667670560856
              0.0015625   -0.001631854936605726  -1.655671540470692e-05                       0        299.666790928354
            0.001953125   -0.002013870414509536  -2.362843019612464e-05                       0       299.6668398510916
             0.00234375   -0.002390522859427951  -3.058063234149755e-05                       0       299.6669020539227
            0.002734375   -0.002759130754868271  -3.735356551780338e-05                       0       299.6669841768939
               0.003125   -0.003117383827836854  -4.308615095471897e-05                       0       299.6670989874908
            0.003515625   -0.003470508822403507  -4.812918870861145e-05                       0       299.6672315680868
   0.003906250000000001   -0.003813476325834257  -5.145438346980265e-05                       0       299.6674025410596
            0.004296875    -0.00414882180463527  -5.308763861597506e-05                       0       299.6676062498831
              0.0046875   -0.004479085933683334  -5.359293401880454e-05                       0       299.6678317826227
            0.005078125   -0.004796372646920321  -5.078726730886743e-05  -3.001679974628615e-29       299.6681178555472
   0.005468750000000001   -0.005108254283486013  -4.653388742103782e-05  -4.938833435598767e-29       299.6684302931449
   0.005859374999999999   -0.005412028305044759  -4.010893776636948e-05   -5.27919712607541e-29       299.6687822777524
                0.00625   -0.005704374737521993  -3.068561104266574e-05  -2.673634932087011e-29       299.6691907925053
            0.006640625   -0.005990813736002354  -1.977175871220825e-05                       0        299.669628398023
             0.00703125   -0.006265050587577044  -5.894181023769908e-06                       0       299.6701258364709
   0.007421875000000001   -0.006529468222952348    1.00842501816647e-05                       0       299.6706702585071
              0.0078125   -0.006787339714194364    2.74632503984306e-05                       0       299.6712460029183
   0.008203125000000002   -0.007027648480390026   4.799669451201764e-05                       0       299.6719029755864
   0.008593750000000001   -0.007260444789190473   6.960351530378854e-05                       0       299.6725933854524
   0.008984374999999999   -0.007481972411898147    9.28204011128361e-05                       0       299.6733339511168
   0.009375000000000001   -0.007687534427369376   0.0001177260679682884                       0       299.6741428773042
            0.009765625   -0.007884898991151466   0.0001433462540158071                       0       299.6749862672222
             0.01015625   -0.008065439355413585   0.0001701357357851812                       0        299.675899151544
            0.010546875   -0.008232811337860142   0.0001973818497872725                       0       299.6768647931243
              0.0109375   -0.008391404399096332   0.0002249323852778431                       0       299.6778656062103
            0.011328125   -0.008527334010735315   0.0002525180675497913                       0       299.6789551519479
             0.01171875   -0.008654005850223695   0.0002798273730598567                       0       299.6800804549592
            0.012109375   -0.008766791031486164   0.0003067221134271003                       0       299.6812593938805
                 0.0125   -0.008860882336828572   0.0003325019874943511                       0       299.6825103597459
            0.012890625   -0.008945636002081408   0.0003575928679470128                       0       299.6837974886175
             0.01328125   -0.009011732982897983   0.0003810426402413669                       0        299.685157242637
            0.013671875   -0.009064027102236895   0.0004029049529296653                       0       299.6865720528197
              0.0140625   -0.009107119313923495   0.0004237089592139049                       0       299.6880235670932
            0.014453125   -0.009127782432913761   0.0004413516000481567                       0       299.6895681630077
             0.01484375   -0.009139800480527333   0.0004575597195642563                       0       299.6911506928928
            0.015234375   -0.009138850921076878   0.0004716160571031779                       0       299.6927901237668
               0.015625   -0.009121436097088742   0.0004825425675082338                       0       299.6945072170955
    0.01601562500000001   -0.009096031507578534   0.0004918597083207423                       0       299.6962636916998
             0.01640625   -0.009055133120517717   0.0004978691978969087                       0        299.698100028951
            0.016796875   -0.009003431938971001   0.0005013276056895375                       0       299.6999981997076
              0.0171875   -0.008944528894433685   0.0005030852922931438                       0       299.7019375928013
            0.017578125   -0.008869095335713425   0.0005005771616413211                       0       299.7039836655346
             0.01796875   -0.008787669151378276   0.0004963965261986764                       0       299.7060739651484
            0.018359375   -0.008697254028620805   0.0004897071335697975                       0       299.7082306050832
                0.01875   -0.008596124406628349   0.0004798135337340086                       0       299.7104788757835
            0.019140625   -0.008489956588554044   0.0004683694840760205                       0        299.712773728968
             0.01953125   -0.008374350485387424   0.0004539278423361457                       0        299.715163281328
    0.01992187500000001   -0.008252609487745432   0.0004374358386958345                       0       299.7176259299437
              0.0203125   -0.008126778560453296   0.0004195769271219041                       0       299.7201373093999
    0.02070312500000001   -0.007992248792343953   0.0003986899045211207                       0       299.7227733282841
             0.02109375   -0.007854822980332694   0.0003767659645186279   1.294555166034074e-28       299.7254599703939
            0.021484375   -0.007713053102468246   0.0003532866484135526   4.530943081113973e-28       299.7282225473303
               0.021875   -0.007566591916651974   0.0003281089755315759   2.589110332068426e-28       299.7310870070812
            0.022265625   -0.007418041529517778   0.0003021800833926101  -1.152202628267491e-28       299.7340023048326
             0.02265625   -0.007265825645063772   0.0002749446710026017  -6.913215769604837e-28       299.7370190717734
            0.023046875   -0.007111569715805575   0.0002470279122698336  -7.385277076060892e-28       299.7401107618451
              0.0234375   -0.006955953756677957   0.0002186569226418947   -4.33137049259886e-28       299.7432524006726
    0.02382812500000001   -0.006798016002497308   0.0001896437712996138  -1.624263934722798e-28       299.7465154284539
             0.02421875   -0.006639539459117967   0.0001605650896271245                       0       299.7498250108584
            0.024609375   -0.006480254731940518    0.000131388112459317                       0       299.7532044251953
                  0.025   -0.006320591544387453   0.0001024429312378073   -3.40998460498261e-27       299.7566717860817
            0.025390625   -0.006160894595426703   7.369775257113435e-05  -6.734658030169384e-27        299.760181566018
             0.02578125   -0.006001441061210841   4.552078817750582e-05  -6.308102131190035e-27       299.7637730756043
            0.026171875   -0.005842581931037045   1.799840583888554e-05  -5.896553368824773e-27       299.7674205422439
              0.0265625    -0.00568411907022469  -9.087588463063813e-06  -5.495009364202043e-27       299.7711053135893
            0.026953125   -0.005527248683867163  -3.474694473492906e-05  -5.120342408429616e-27       299.7748735485126
             0.02734375   -0.005371224814502007   -5.97208561335493e-05  -3.671656676224552e-27       299.7786709942267
            0.027734375   -0.005216470720625309   -8.36666002223015e-05  -6.119427793707602e-28       299.7825122561222
               0.028125   -0.005063771584287772  -0.0001060525571144179                       0       299.7864032973252
            0.028515625   -0.004912177380215182  -0.0001276217168366624                       0       299.7903170484193
             0.02890625   -0.004762947947663961  -0.0001474834750760647                       0       299.7942718598102
            0.029296875   -0.004615688870104569  -0.0001659846163650182                       0       299.7982510228379
    0.02968750000000001   -0.004469743362539869  -0.0001835786796870116   1.676424505793436e-42       299.8022464202994
            0.030078125   -0.004327355737993128  -0.0001988210193661672   1.250184905288555e-28       299.8062720537209
             0.03046875   -0.004186481152181816  -0.0002131077728152622   1.964175049281363e-28       299.8103058757314
            0.030859375   -0.004047876124473554  -0.0002259611469192624   1.873873051324033e-28       299.8143519806184
                0.03125   -0.003912440937837784  -0.0002369082456138817   9.279063258657006e-29       299.8184072460546
            0.031640625   -0.003778618363136891  -0.0002469112938426706                       0       299.8224654599175
             0.03203125   -0.003648076395103907  -0.0002550444156175696                       0       299.8265263070037
            0.032421875   -0.003520055220191495  -0.0002618232387102656                       0       299.8305847973465
    0.03281249999999999   -0.003393714574026205  -0.0002676991960148323                       0       299.8346417165337
            0.033203125   -0.003271640936151578  -0.0002714282291695002                       0       299.8386884688765
    0.03359375000000001   -0.003151287523734827  -0.0002743525991362924                       0       299.8427290540653
            0.033984375   -0.003033514449504788   -0.000276069974321262                       0       299.8467603885132
               0.034375   -0.002919184994067998  -0.0002763022543804312                       0       299.8507759611108
            0.034765625   -0.002806572695834033  -0.0002758260646436246                       0       299.8547829803494
             0.03515625   -0.002697385407618109  -0.0002740010908487153                       0        299.858771548002
    0.03554687499999999   -0.002590737939166055  -0.0002712729735440394                       0       299.8627447756593
              0.0359375   -0.002485783683889935  -0.0002679427605661885                       0       299.8667077766567
            0.036328125   -0.002384991420478636  -0.0002632939082851802                       0       299.8706434938767
    0.03671875000000001    -0.00228582724459125  -0.0002581929139077637                       0       299.8745678915923
    0.03710937500000001   -0.002189105199989747  -0.0002524137063857363                       0       299.8784753100531
    0.03750000000000001   -0.002095550935126629  -0.0002458791431694496                       0       299.8823597697228
    0.03789062500000001   -0.002003555105985229  -0.0002390030285349914                       0       299.8862327756329
             0.03828125   -0.001914625239992177  -0.0002315160639220889                       0       299.8900829252728
            0.038671875   -0.001827909543025349  -0.0002236742364361679                       0       299.8939162752446
              0.0390625   -0.001742669958742705  -0.0002155958337015725                       0       299.8977384254442
    0.03945312500000001   -0.001660965381619597  -0.0002070870680985857                       0       299.9015335090352
    0.03984375000000001   -0.001580608142356642  -0.0001984653276083648                       0       299.9053182539272
            0.040234375   -0.001502271909883889  -0.0001896741247872891                       0        299.909087490766
    0.04062500000000001   -0.001426489208453482  -0.0001807634609963055                       0       299.9128372012955
            0.041015625   -0.001351946335657565  -0.0001718164776526889                       0       299.9165774681342
    0.04140625000000001   -0.001279809246357575  -0.0001628436770684885                       0       299.9202994865855
            0.041796875   -0.001209361572094916  -0.0001539116109327728                       0       299.9240088407161
              0.0421875   -0.001140040174523823  -0.0001450067010960483                       0       299.9277097519697
            0.042578125     -0.0010733373555439  -0.0001362524995845521                       0       299.9313913203783
             0.04296875   -0.001007601351925266  -0.0001275847329488113   1.821952792266136e-30       299.9350658669591
            0.043359375  -0.0009433155713485493  -0.0001190466186267014   6.376834772933168e-30       299.9387298807932
                0.04375  -0.0008807994594009752  -0.0001107199155916365   4.160958668026222e-30       299.9423812768015
            0.044140625  -0.0008191266844662283  -0.0001025052208902021   9.048428960984345e-31       299.9460267145644
             0.04453125  -0.0007590575889536374  -9.452714823624253e-05   2.585265417428237e-31        299.949660937171
            0.044921875  -0.0007000656863682793  -8.673593835034346e-05                       0       299.9532877730545
    0.04531250000000001  -0.0006417919124010798  -7.906930364315168e-05                       0       299.9569096844592
            0.045703125  -0.0005851030005931148  -7.171496668440455e-05                       0       299.9605209359543
             0.04609375   -0.000528963569967477  -6.448047853516889e-05                       0       299.9641285591831
            0.046484375  -0.0004736483611153174  -5.742576360019878e-05                       0       299.9677307400079
               0.046875  -0.0004192629170184074  -5.059093640591427e-05                       0       299.9713268852032
    0.04726562500000001  -0.0003653000388359786  -4.385900429194022e-05                       0       299.9749203057643
             0.04765625  -0.0003120976595563326   -3.73187647585354e-05                       0       299.9785088634854
            0.048046875  -0.0002593387472449171  -3.089589999656394e-05                       0       299.9820946213829
              0.0484375  -0.0002068754795789921  -2.455128508221516e-05                       0       299.9856785127345
            0.048828125  -0.0001549399552008216  -1.835139461522345e-05                       0       299.9892591051902
             0.04921875  -0.0001031310413313938  -1.218703901449366e-05                       0       299.9928389117064
            0.049609375  -5.151204322507635e-05  -6.075985713156349e-06                       0       299.9964175393081
                   0.05   2.262089738393494e-08   1.112467638428189e-08                       0        299.999995645493
    0.05039062500000001   5.155733099450499e-05   6.098247039305857e-06  -4.147129775628723e-30       300.0035737522861
             0.05078125   0.0001031765589741227   1.220936020754754e-05  -2.488277865377171e-29       300.0071523829296
    0.05117187500000001   0.0001549858393105831   1.837380763895962e-05   -4.45344813345119e-29       300.0107321944585
    0.05156250000000001   0.0002069218212182754   2.457381124581906e-05  -6.346355321698219e-29       300.0143127932542
    0.05195312500000001   0.0002593857728988933   3.091859264339991e-05  -2.379883245636687e-29       300.0178966942183
             0.05234375    0.000312145458900464   3.734164303151644e-05                       0       300.0214824630528
            0.052734375    0.000365348746383487   4.388209690543924e-05                       0       300.0250710337117
    0.05312500000000001   0.0004193127096087603   5.061427623062041e-05  -7.978548712827657e-29       300.0286644699079
            0.053515625    0.000473699326392362   5.744936539656428e-05  -1.615399266630965e-28        300.032260632081
    0.05390625000000001   0.0005290158816670587   6.450436847430493e-05  -1.713846886958726e-28        300.035862832633
    0.05429687500000001   0.0005851567862791568   7.173915840145569e-05  -1.095766209431069e-28       300.0394704776533
              0.0546875   0.0006418472571162315   7.909380622821832e-05                       0       300.0430817523423
    0.05507812500000001   0.0007001227975283337   8.676076300880691e-05                       0       300.0467036904706
             0.05546875   0.0007591165472299168   9.455229426314351e-05                       0       300.0503305545153
            0.055859375   0.0008191876108657421   0.0001025306872281048                       0       300.0539648074415
                0.05625   0.0008808625103178013   0.0001107456893755497                       0       300.0576102784512
            0.056640625   0.0009433808236742451   0.0001190726903148054                       0       300.0612617091632
    0.05703125000000001    0.001007668956832168   0.0001276110772388432                       0       300.0649257606667
            0.057421875    0.001073407422368488   0.0001362790875137672                       0       300.0686003471577
              0.0578125    0.001140112776157088   0.0001450335133559506                       0        300.072281956977
    0.05820312500000001    0.001209436883964866   0.0001539385816671847                       0       300.0759829133812
    0.05859375000000001    0.001279887335958335   0.0001628707725967011  -9.568462832022268e-30       300.0796923141688
    0.05898437500000002    0.001352027304230348   0.0001718436474536416  -3.348961991207843e-29       300.0834143815318
    0.05937500000000001    0.001426573185870608   0.0001807906225793154  -4.285137982750619e-29       300.0871547002606
            0.059765625    0.001502358959903544   0.0001897012330547396  -4.150029478605656e-29        300.090904464133
             0.06015625    0.001580698390139133   0.0001984922846604567  -1.185722708173028e-29       300.0946737572515
            0.060546875    0.001661058917935635   0.0002071137888888045   1.261686825062934e-29       300.0984585605545
    0.06093750000000001    0.001742766844106118   0.0002156222615322445   3.364498200168312e-29       300.1022537039871
            0.061328125     0.00182800992451182   0.0002237002103461723   1.758436518311135e-28        300.106075917417
             0.06171875    0.001914729175227301   0.0002315415120136461   2.861876426658049e-28       300.1099093319133
            0.062109375     0.00200366268140744   0.0002390278429614371   3.487496150083885e-28       300.1137595480056
                 0.0625    0.002095662264724519   0.0002459031656986195   1.806310047384413e-28       300.1176326227279
    0.06289062500000001    0.002189220340775212   0.0002524368545028572                       0       300.1215171523382
             0.06328125    0.002285946310623308   0.0002582150157859139                       0       300.1254246428585
    0.06367187499999999     0.00238511449848178   0.0002633148256873569                       0       300.1293491140175
    0.06406250000000002    0.002485910831680586   0.0002679624013343989                       0       300.1332849056112
            0.064453125    0.002590869305306821   0.0002712910934039657                       0       300.1372479828182
    0.06484375000000001    0.002697521054020799   0.0002740175873735991                       0       300.1412212872562
    0.06523437500000001    0.002806712715366212   0.0002758407841933144                       0       300.1452099325202
               0.065625    0.002919329517350182   0.0002763149846229118                       0       300.1492170300476
    0.06601562499999999    0.003033663544004313   0.0002760806077818159                       0        300.153232681155
             0.06640625    0.003151441328700582   0.0002743609182480661                       0       300.1572640943225
    0.06679687500000001    0.003271799563817982   0.0002714340687264524                       0       300.1613047580021
    0.06718749999999998    0.003393878099216286   0.0002677024458796094                       0       300.1653515887044
            0.067578125    0.003520223844988739   0.0002618236236573708                       0       300.1694085851969
    0.06796875000000001    0.003648250207044834   0.0002550418271335906                       0       300.1734671521862
            0.068359375     0.00377879749352608   0.0002469055691574743                       0       300.1775280748933
    0.06875000000000001     0.00391262557619891   0.0002368991741458134                       0       300.1815863624931
    0.06914062500000001    0.004048066369329999    0.000225948625861133                       0       300.1856417005726
             0.06953125    0.004186677208102989   0.0002130916015199389                       0       300.1896878757127
    0.06992187500000002    0.004327557769712982   0.0001988010575324797                       0        300.193721765817
              0.0703125     0.00446995147988095   0.0001835548337808474                       0       300.1977474658976
    0.07070312500000001    0.004615903365658459   0.0001659566742116797                       0       300.2017429258838
             0.07109375    0.004763168944968222    0.000147451362361035                       0       300.2057221496211
    0.07148437499999999     0.00491240506457646   0.0001275853220881746                       0         300.20967701899
    0.07187499999999999    0.005064006213491256   0.0001060117565505219                       0       300.2135908241463
            0.072265625    0.005216712425433348   8.362133906618129e-05                       0       300.2174819174162
    0.07265625000000001     0.00537147386017761   5.967103905985988e-05                       0        300.221323227322
    0.07304687500000001    0.005527505271808437   3.469252412992414e-05                       0       300.2251207179642
              0.0734375      0.0056843833346971   9.028532584247778e-06                       0       300.2288889957704
    0.07382812500000001    0.005842854205294814  -1.806213272513456e-05                       0       300.2325738049269
             0.07421875    0.006001721474516485  -4.558918159917223e-05                       0       300.2362213074582
    0.07460937500000001    0.006161183341673927  -7.377080582019816e-05                       0        300.239812850041
    0.07500000000000001    0.006320888866992383   -0.000102520595731928                       0       300.2433226594017
    0.07539062500000002    0.006480560746883791  -0.0001314703536222539                       0       300.2467900480261
    0.07578125000000002    0.006639854386905368  -0.0001606518177362312                       0       300.2501694869013
            0.076171875    0.006798339985011589  -0.0001897348875883889                       0       300.2534790917875
    0.07656250000000002    0.006956286888507841  -0.0002187523612660056                       0       300.2567421406919
    0.07695312500000001    0.007111912183208073  -0.0002471274560484945                       0       300.2598837978301
    0.07734374999999999    0.007266177497925956  -0.0002750482123683032                       0       300.2629755053662
    0.07773437499999999    0.007418402842670115  -0.0003022874609940943                       0       300.2659922884896
               0.078125    0.007566962731593274  -0.0003282199342697325                       0       300.2689076012468
    0.07851562500000001    0.007713433423184275  -0.0003534010512914685                       0       300.2717720755239
    0.07890625000000001    0.007855212781269457   -0.000376883518647831                       0       300.2745346663195
    0.07929687499999999    0.007992647997837801  -0.0003988103640515858                       0       300.2772213220946
    0.07968750000000001    0.008127187120062189  -0.0004197001281536339                       0       300.2798573545448
            0.080078125     0.00825302717178022  -0.0004375613322542685                       0        300.282368747747
    0.08046875000000001    0.008374777157254635  -0.0004540554352033298                       0       300.2848314103454
    0.08085937500000001    0.008490392043363479  -0.0004684988864250209                       0       300.2872209770331
    0.08125000000000002    0.008596568276353848  -0.0004799443365115127                       0       300.2895158452317
    0.08164062500000002    0.008697706104529777  -0.0004898391278673613                       0       300.2917641312965
             0.08203125    0.008788128966569345  -0.0004965292854360187                       0       300.2939207874196
    0.08242187500000001    0.008869562463978837  -0.0005007103568434078                       0       300.2960111038633
    0.08281250000000001    0.008945003051634936   -0.000503218704143285                       0        300.298057193854
    0.08320312499999999    0.009003912287026249  -0.0005014606780663523                       0       300.2999966052337
    0.08359375000000001    0.009055619273603415  -0.0004980017082422178                       0       300.3018947946396
            0.083984375    0.009096522886959342  -0.0004919913227972827                       0       300.3037311510842
    0.08437500000000001    0.009121931832871159  -0.0004826728470154779                       0       300.3054876454597
    0.08476562500000001     0.00913935055498752  -0.0004717447851840349                       0       300.3072047588025
             0.08515625    0.009140303049366175  -0.0004576864694909269                       0       300.3088442100831
    0.08554687500000001    0.009128287149532904  -0.0004414760658502046  -3.637132977267891e-28       300.3104267605187
    0.08593750000000001    0.009107625653558552  -0.0004238309369110809  -9.699021272706099e-28       300.3119713770644
    0.08632812500000001    0.009064533656329478  -0.0004030239639474906  -9.626872823843262e-28       300.3134229119183
    0.08671875000000001    0.009012239154858728  -0.0003811585087813388  -4.839334285678043e-28       300.3148377425442
    0.08710937500000002      0.0089461408970253  -0.0003577053303113368    7.02128938642804e-28       300.3161975168225
    0.08750000000000002     0.00886138470805538  -0.0003326107292028429   9.261613288309957e-28       300.3174846654947
    0.08789062499999999     0.00876729024587875  -0.0003068269878678761   7.988585898807594e-28       300.3187356508449
    0.08828125000000001    0.008654500622014892   -0.000279928108265617   2.282453113941402e-28       300.3199146086197
    0.08867187500000002    0.008527823358153486  -0.0002526144950103769                       0       300.3210399298655
    0.08906249999999999    0.008391887667627166  -0.0002250243926531564  -8.616703549311079e-44       300.3221294934286
    0.08945312499999999    0.008233286883154828  -0.0001974692203248489   -4.96719141042391e-28       300.3231303231499
             0.08984375    0.008065906525209738  -0.0001702184099500635  -7.823353236855058e-28       300.3240959808398
    0.09023437499999999     0.00788535680705553  -0.0001434241425055691  -7.512970687337378e-28       300.3250088804821
    0.09062500000000001    0.007687981613331871   -0.000117799108022699  -3.725447088721045e-28       300.3258522846084
    0.09101562499999999    0.007482408341297951  -9.288857562706146e-05  -7.967937707486648e-29       300.3266612244225
    0.09140624999999999     0.00726086823159407  -6.966681861874699e-05   -4.78076262449298e-28       300.3274018025696
            0.091796875    0.007028058559370336  -4.805516486107861e-05  -6.167274814367782e-28       300.3280922240436
    0.09218750000000002    0.006787735845466419  -2.751691327050446e-05  -5.822149228332643e-28       300.3287492077243
    0.09257812500000001    0.006529849041687678  -1.013323793506003e-05  -2.183305960624704e-28       300.3293249617236
    0.09296875000000002    0.006265415592680047   5.849789460215046e-06                       0       300.3298693927917
    0.09335937500000001    0.005991162175828882   1.973184494523496e-05                       0       300.3303668394531
                0.09375    0.005704705710206367   3.064996931441289e-05                       0       300.3308044521511
    0.09414062500000001    0.005412341386743935   4.007745449049269e-05                       0       300.3312129735733
    0.09453125000000001    0.005108548680693818   4.650631401001693e-05                       0       300.3315649638818
    0.09492187500000002     0.00479664784965866    5.07633895848887e-05                       0       300.3318774065379
    0.09531249999999999    0.004479341601966402   5.357260919665401e-05                       0       300.3321634840657
            0.095703125     0.00414905723310618   5.307047152616405e-05                       0        300.332389020436
    0.09609375000000001    0.003813691289746355   5.144020411462595e-05                       0       300.3325927325535
            0.096484375    0.003470702984637165   4.811774209151546e-05                       0       300.3327637082914
    0.09687499999999999    0.003117556849871881   4.307707997223208e-05                       0       300.3328962910646
    0.09726562500000001    0.002759282493553959   3.734668900548563e-05                       0       300.3330111035642
             0.09765625    0.002390653080681674   3.057558274506143e-05                       0       300.3330932279356
    0.09804687500000001    0.002013979014283392   2.362492916636304e-05                       0       300.3331554318532
    0.09843750000000001    0.001631941845534534    1.65545773754829e-05                       0       300.3332043554815
    0.09882812499999999    0.001235871261048841   1.042981863609818e-05                       0       300.3332282281955
    0.09921875000000002   0.0008339123022467104   5.214530056012616e-06                       0       300.3332455221922
            0.099609375   0.0004231207819699131   1.363446714876136e-06                       0       300.3332529480689
                    0.1                       0                       0                       0       300.3332544332456
