/*--------------------------------*- C++ -*----------------------------------*\
  =========                 |
  \\      /  F ield         | OpenFOAM: The Open Source CFD Toolbox
   \\    /   O peration     | Website:  https://openfoam.org
    \\  /    A nd           | Version:  13
     \\/     M anipulation  |
\*---------------------------------------------------------------------------*/
FoamFile
{
    format      ascii;
    class       volScalarField;
    location    "2.928096339318";
    object      p;
}
// * * * * * * * * * * * * * * * * * * * * * * * * * * * * * * * * * * * * * //

dimensions      [1 -1 -2 0 0 0 0];

internalField   nonuniform List<scalar> 
2142
(
-0.043534519476431818
-0.043519840885030199
-0.04350430205439848
-0.04348776614298426
-0.043470094412673022
-0.043451149041854965
-0.04343079656136617
-0.04340891192190352
-0.043385383170566241
-0.043360116683835798
-0.043333042867609174
-0.043304122169295488
-0.043273351208527336
-0.043240769328453554
-0.043206466273090632
-0.043170581848159403
-0.043133276400077407
-0.043094839260696023
-0.043055583568356613
-0.043015869231231477
-0.042976111793220688
-0.042936767348270323
-0.042898318907153024
-0.042861260399760459
-0.042826077664884193
-0.042793227346799696
-0.042763114959290714
-0.042736073621852277
-0.042712345215756814
-0.042692065775143076
-0.042675256794123005
-0.042661823748437515
-0.042651562472369391
-0.04264417330254975
-0.042639281943407673
-0.042636465096028579
-0.042635277975928434
-0.042635280142926259
-0.04263605631940514
-0.042637228076668962
-0.042638439632655359
-0.042639298162904793
-0.13158056280470645
-0.13156673647473829
-0.13155202188245504
-0.13153628851813987
-0.13151940494007675
-0.1315012412654592
-0.13148167224083449
-0.13146058091572968
-0.13143786291644416
-0.1314134312874127
-0.13138722183063917
-0.13135919881626432
-0.13132936089997058
-0.13129774790649576
-0.1312644531881024
-0.13122963495474244
-0.13119334955718884
-0.13115597747229368
-0.13111779159095857
-0.13107914228243484
-0.13104043273050062
-0.13100210620598884
-0.13096463327843305
-0.13092849603213672
-0.13089416940657606
-0.13086210048329017
-0.13083268692846092
-0.13080625603273899
-0.13078304612843389
-0.13076319221678673
-0.13074671748605926
-0.13073353201039881
-0.13072343925116897
-0.13071615020884139
-0.13071130413555471
-0.13070849384065575
-0.13070729270681952
-0.13070727987123154
-0.1307080625065393
-0.13070930164977643
-0.13071072413679183
-0.13071194524049146
-0.21962757693536339
-0.21961468517255417
-0.2196008862842346
-0.21958605555699767
-0.21957006767685042
-0.2195527988599279
-0.21953412955614537
-0.2195139477649746
-0.21949215297717134
-0.2194686607202381
-0.21944340764135187
-0.21941635707320362
-0.21938750509936511
-0.21935688585869448
-0.21932456828524632
-0.21929064716574925
-0.21925544112887124
-0.21921905846266956
-0.21918181347318275
-0.21914406096143449
-0.219106198338053
-0.21906866225441593
-0.21903191780150863
-0.21899644330953325
-0.21896271200136094
-0.21893117138057433
-0.21890222149632441
-0.21887619367774372
-0.21885333150564384
-0.21883377590596947
-0.21881755614310228
-0.21880458810208303
-0.21879468057197471
-0.21878754942816578
-0.21878283866470283
-0.21878014634155094
-0.21877905247656682
-0.21877914512928068
-0.218780046095916
-0.21878145424052317
-0.21878318037090558
-0.21878481379488954
-0.30767651256560341
-0.30766468448765671
-0.30765193852022055
-0.30763815336473682
-0.30762320675347099
-0.30760697725688707
-0.30758934670358606
-0.30757020326441914
-0.30754944522734373
-0.30752698545177665
-0.30750275644762082
-0.30747671602004434
-0.3074488533539837
-0.30741919441970156
-0.3073878044537795
-0.30735479736145116
-0.307320374281985
-0.30728473990681471
-0.30724817899645068
-0.30721103353643192
-0.307173696241899
-0.30713660269421955
-0.30710022007165111
-0.30706503212182285
-0.30703152083538565
-0.30700014556549743
-0.30697132072633315
-0.30694539361389872
-0.30692262418556898
-0.30690316878985657
-0.30688706977376734
-0.30687425255251444
-0.30686453106405209
-0.30685762169382486
-0.30685316477369279
-0.3068507517965231
-0.30684995522051539
-0.30685035669737148
-0.30685157676253183
-0.30685333187985403
-0.30685548088278086
-0.30685755550896338
-0.39572741452474292
-0.39571677582371761
-0.39570521804000763
-0.39569262061794325
-0.39567886112101774
-0.39566381683206581
-0.3956473670304177
-0.39562939600003633
-0.39560979679856656
-0.39558847577520095
-0.39556535777456964
-0.39554039190573675
-0.39551355764303125
-0.39548487078431394
-0.39545438971589109
-0.39542222236971042
-0.39538853437488342
-0.39535354280477025
-0.39531752455417274
-0.39528081481757787
-0.395243803364837
-0.39520692678724373
-0.39517065740926982
-0.39513548852618519
-0.39510191614656381
-0.39507041784682467
-0.39504142979570378
-0.39501532344310769
-0.39499238373717577
-0.39497279096341342
-0.39495660831228191
-0.39494377701339745
-0.39493412025510294
-0.39492735626659109
-0.39492311991565437
-0.39492099108981127
-0.39492052658129517
-0.39492129083193867
-0.39492288927984903
-0.39492503455681527
-0.39492759825970353
-0.39493005038311857
-0.48378030598342942
-0.48377096999881758
-0.48376072118855257
-0.4837494368866021
-0.48373699140063608
-0.48372325756747891
-0.48370810904244954
-0.48369142336742749
-0.48367308583256857
-0.48365299411275864
-0.4836310636075043
-0.48360723335474792
-0.48358147227271814
-0.48355378568565005
-0.48352422098606662
-0.48349287522509132
-0.48345990066954986
-0.48342550607068929
-0.48338996079171748
-0.48335359428107016
-0.48331679320162146
-0.48327999481000078
-0.48324367665644047
-0.48320834240691962
-0.48317450389858485
-0.48314265991789274
-0.48311327264804393
-0.48308674320578632
-0.48306338812342542
-0.48304341895342751
-0.48302692728832669
-0.48301387732103263
-0.48300410752657852
-0.48299734221432078
-0.48299321263815775
-0.4829912861181192
-0.4829910997916449
-0.4829921939076976
-0.48299414851004957
-0.48299665583730622
-0.48299957543801236
-0.48300232210133437
-0.57183514203484398
-0.57182719668119797
-0.57181834820470856
-0.5718084693362101
-0.5717974287533748
-0.57178509273801237
-0.57177132758463278
-0.5717560027873404
-0.5717389950001579
-0.57172019271234009
-0.57169950163159944
-0.57167685090627829
-0.57165219941599266
-0.57162554266097365
-0.57159691439905991
-0.57156640069470366
-0.57153414170325134
-0.57150033536530787
-0.5714652411810438
-0.5714291806344739
-0.57139253508090548
-0.57135574024572255
-0.57131927698402185
-0.57128365800984982
-0.57124941057961842
-0.57121705547454527
-0.57118708307797772
-0.57115992785324099
-0.5711359430342382
-0.57111537776176846
-0.57109835913858986
-0.57108488163397031
-0.5710748058385261
-0.57106786776369156
-0.57106369879982333
-0.57106185505451978
-0.57106185267312803
-0.57106320369564112
-0.57106545612386639
-0.57106827145132455
-0.57107148336513092
-0.57107445832864256
-0.65989174928236283
-0.65988524423906425
-0.65987784559625118
-0.65986941999233595
-0.6598598293754615
-0.65984893283859103
-0.6598365891668615
-0.65982266011060864
-0.6598070143592325
-0.65978953204076107
-0.65977010975896999
-0.65974866793621267
-0.65972515955990985
-0.65969956387265527
-0.659671905604994
-0.65964225750427852
-0.65961074643751527
-0.65957755742924307
-0.65954293736425296
-0.65950719645467082
-0.65947070720834999
-0.65943390020357218
-0.65939725616037659
-0.65936129389373355
-0.65932655396936224
-0.65929357822245804
-0.65926288574898639
-0.65923494651580472
-0.65921015430931029
-0.65918880127234336
-0.65917105665863684
-0.65915695254888551
-0.65914637899399831
-0.65913909030640538
-0.65913472314471444
-0.65913282550006802
-0.65913289328512448
-0.65913440882078989
-0.65913688466994613
-0.65913994664406084
-0.65914339734578054
-0.65914655877025807
-0.74794983643731794
-0.74794477719133856
-0.74793883171139219
-0.74793186040411985
-0.74792371884373376
-0.74791425977218673
-0.74790333571864076
-0.74789080225166216
-0.7478765218702339
-0.74786036808470258
-0.74784222828852809
-0.74782201112604008
-0.74779968201382596
-0.74777519105163781
-0.74774855223953718
-0.74771982593754982
-0.74768912452516911
-0.74765661741818368
-0.7476225355442162
-0.74758717391080631
-0.74755089184014767
-0.74751411020808844
-0.74747730507701349
-0.74744099717991375
-0.74740573690020717
-0.74737208469837269
-0.74734058737188014
-0.74731175108774839
-0.74728601275903217
-0.74726371197498997
-0.74724506622980824
-0.74723015249090363
-0.74721889806215547
-0.74721108307498973
-0.74720635589981055
-0.74720426112994054
-0.74720427708417736
-0.74720585697356356
-0.74720847703747117
-0.74721172617668263
-0.74721537588081355
-0.74721870367138221
-0.8360090264947454
-0.83600537597710245
-0.8360008443687339
-0.83599528698514947
-0.83598855460669341
-0.83598049556148801
-0.8359709583022521
-0.8359597944870748
-0.83594686261962803
-0.83593203165322094
-0.83591517919884584
-0.83589618459441173
-0.83587509347685562
-0.83585175807974876
-0.83582620041148914
-0.83579847049235501
-0.83576866414975726
-0.83573693210117272
-0.83570348569183517
-0.83566860054854264
-0.83563261814537104
-0.83559594463502596
-0.8355590462447241
-0.83552244056328284
-0.8354866831840837
-0.8354523494315339
-0.83542001130498156
-0.83539021032633187
-0.83536342765263216
-0.83534005355228058
-0.83532035903771673
-0.83530447294950061
-0.83529236792977912
-0.83528385830401697
-0.83527861192539199
-0.83527617636225482
-0.83527601680029984
-0.83527755978882157
-0.83528024615262086
-0.83528362865909322
-0.83528744977895286
-0.83529093906176377
-0.92406889321387153
-0.92406657876903808
-0.92406338749616845
-0.92405917168416596
-0.92405377966632107
-0.92404705787584407
-0.92403885328194491
-0.92402901620402855
-0.92401740339997795
-0.92400388193728444
-0.92398833947524084
-0.92397070119496827
-0.92395077601755193
-0.9239286260124786
-0.92390421613989193
-0.92387756883471639
-0.92384875839437219
-0.9238179137214011
-0.92378522318525702
-0.92375093908414629
-0.92371538051448243
-0.92367893385517308
-0.92364205006267774
-0.92360523797857397
-0.92356905294082747
-0.92353408020014716
-0.92350091300438941
-0.92347012574501763
-0.92344224325493451
-0.92341770816396018
-0.92339684906314234
-0.92337985294973823
-0.92336674582786338
-0.92335738520453148
-0.92335146739858753
-0.92334855095748847
-0.92334809419269059
-0.92334950112293035
-0.92335217938676806
-0.92335564721608765
-0.92335962022917883
-0.92336327406986674
-1.0121289963789626
-1.0121279191730921
-1.0121259704468681
-1.0121230019871763
-1.0121188622943558
-1.0121133984824446
-1.0121064584282837
-1.012097893170236
-1.0120875595490557
-1.0120753235328617
-1.0120610657817695
-1.0120446842797142
-1.0120260687383467
-1.0120051820851543
-1.0119819972844839
-1.0119565240361013
-1.0119288166238061
-1.0118989805878107
-1.0118671787904026
-1.0118336369083096
-1.0117986476437126
-1.011762572887718
-1.0117258429877329
-1.0116889522268651
-1.0116524496547408
-1.0116169245557185
-1.0115829861414221
-1.0115512375421867
-1.011522244860052
-1.0114965029140304
-1.0114744002823153
-1.0114561871815828
-1.0114419504107324
-1.0114315997889682
-1.0114248699485693
-1.0114213398421843
-1.0114204688537931
-1.0114216441916424
-1.0114242436503926
-1.0114277527866244
-1.0114318616583466
-1.0114356849155266
-1.100188911178793
-1.1001889556999389
-1.1001881368273423
-1.100186308423815
-1.1001833216720041
-1.1001790267243585
-1.1001732744923136
-1.1001659186032335
-1.1001568175850704
-1.1001458374914723
-1.100132855109865
-1.1001177605034609
-1.1001004572261484
-1.1000808795051082
-1.1000589873225934
-1.1000347740737604
-1.1000082733534395
-1.099979566274661
-1.0999487884290733
-1.0999161363792855
-1.099881873157136
-1.0998463320592882
-1.099809917884796
-1.0997731046611114
-1.0997364288746465
-1.0997004772981585
-1.0996658687348229
-1.099633229422174
-1.099603162490953
-1.0995762127583038
-1.0995528292040053
-1.0995333286075719
-1.0995178648016126
-1.0995064085670609
-1.0994987430017074
-1.0994944778849383
-1.0994930830446146
-1.0994939360720362
-1.0994963893472001
-1.0994998978105996
-1.0995041262769254
-1.0995081213518052
-1.188248249141745
-1.1882492914114176
-1.1882494823980863
-1.1882486803853756
-1.1882467414246094
-1.188243520679513
-1.1882388738293364
-1.1882326585909613
-1.188224736426843
-1.188214974492231
-1.1882032480412021
-1.1881894444685597
-1.188173463367463
-1.1881552267759836
-1.1881346804972099
-1.188111800372458
-1.1880865987673368
-1.1880591318204865
-1.1880295068723052
-1.1879978897527166
-1.1879645114172193
-1.1879296732540516
-1.1878937502156854
-1.1878571907868629
-1.1878205127131907
-1.1877842934187155
-1.187749154186815
-1.1877157375207836
-1.1876846776887082
-1.1876565653207836
-1.1876319080492821
-1.1876110904668351
-1.1875943379308795
-1.187581689688759
-1.1875729870763343
-1.1875678815214712
-1.1875658636716793
-1.1875663099730127
-1.1875685529388396
-1.1875720193667652
-1.1875763485582385
-1.1875805130134705
-1.2763066705897119
-1.2763085846039535
-1.2763096638338338
-1.2763097729444928
-1.2763087746200175
-1.2763065305863042
-1.2763029026361159
-1.276297753741241
-1.2762909493283039
-1.2762823586980196
-1.2762718568314675
-1.2762593294719895
-1.2762446706089234
-1.2762277928133912
-1.2762086289125179
-1.2761871378619403
-1.276163311223351
-1.2761371803928585
-1.2761088243140557
-1.2760783773651176
-1.2760460369457747
-1.2760120701254101
-1.2759768185308358
-1.2759407004779164
-1.275904209211876
-1.2758679060561158
-1.2758324073304299
-1.2757983641484127
-1.2757664347052771
-1.2757372494742032
-1.2757113708576358
-1.275689250231739
-1.2756711868111799
-1.2756572940781055
-1.2756474803044788
-1.2756414491118306
-1.275638722811173
-1.275638686156447
-1.2756406584559574
-1.2756440415438373
-1.2756484489126234
-1.2756527745538577
-1.3643638900469168
-1.3643665525435882
-1.3643684008539032
-1.3643693075576131
-1.3643691433144949
-1.3643677775782335
-1.3643650792751028
-1.3643609175369424
-1.3643551626085972
-1.3643476871995845
-1.3643383683056629
-1.3643270856391747
-1.3643137331985191
-1.3642982146127558
-1.3642804508279636
-1.3642603851935591
-1.3642379896307855
-1.3642132717662689
-1.3641862827930116
-1.3641571257787242
-1.3641259640062613
-1.3640930287628352
-1.3640586258006062
-1.3640231394904876
-1.3639870335076065
-1.3639508467580035
-1.3639151832335099
-1.36388069463128
-1.3638480549719598
-1.3638179271696076
-1.3637909225948146
-1.3637675561139611
-1.3637482007583901
-1.3637330478341232
-1.3637220795665423
-1.3637150613711759
-1.3637115579421701
-1.3637109723873564
-1.3637126184873281
-1.3637158772294595
-1.3637203364958788
-1.3637248094290801
-1.4524196764805184
-1.4524229703740954
-1.4524254739814868
-1.452427068925235
-1.4524276348118592
-1.4524270496657257
-1.4524251903048919
-1.4524219327526029
-1.4524171528199374
-1.4524107270689579
-1.4524025340037079
-1.4523924547610489
-1.4523803782208731
-1.4523662019395118
-1.4523498369414523
-1.4523312127262693
-1.4523102832624257
-1.4522870339776202
-1.4522614896388144
-1.452233722912659
-1.4522038632612133
-1.4521721056576848
-1.4521387184054089
-1.452104049122743
-1.4520685277368803
-1.4520326651445608
-1.4519970460961737
-1.4519623149091812
-1.4519291529000176
-1.4518982470305122
-1.4518702502721015
-1.4518457356244261
-1.4518251475120687
-1.4518087562265314
-1.4517966228310841
-1.4517885826042747
-1.4517842526314875
-1.4517830645611451
-1.4517843351319886
-1.4517874296378037
-1.4517919114132598
-1.4517965126645627
-1.540473850128997
-1.540477666972156
-1.5404807196402077
-1.5404828995750228
-1.5404840959955182
-1.5404841960888391
-1.5404830851326108
-1.5404806466445018
-1.5404767626895188
-1.5404713144902622
-1.5404641833084469
-1.5404552516344778
-1.5404444058871893
-1.540431538793021
-1.5404165532101739
-1.5403993667463269
-1.5403799174477224
-1.5403581705521303
-1.5403341262625476
-1.5403078283992204
-1.5402793736579057
-1.5402489210336257
-1.5402167007660448
-1.5401830219288795
-1.5401482775385926
-1.5401129458250862
-1.540077586134837
-1.5400428278901104
-1.54000935119301
-1.539977858141462
-1.5399490348166811
-1.5399235052734634
-1.5399017806984225
-1.5398842090595739
-1.5398709327420319
-1.5398618629742329
-1.5398566779992822
-1.5398548478547223
-1.5398557012258445
-1.5398585938518385
-1.539863066637619
-1.5398677730468984
-1.6285262773541711
-1.6285305190931336
-1.6285340237880597
-1.6285366931827203
-1.6285384265284115
-1.628539120570428
-1.6285386694626971
-1.628536964704091
-1.6285338952145472
-1.6285293476647928
-1.6285232071037923
-1.6285153580269198
-1.6285056862648284
-1.6284940813406132
-1.6284804398088208
-1.6284646694760461
-1.628446694708106
-1.6284264628592935
-1.6284039518273983
-1.6283791786518516
-1.6283522089534883
-1.62832316685331
-1.628292244806455
-1.6282597125482887
-1.6282259240829426
-1.6281913213744619
-1.6281564331672735
-1.6281218672273758
-1.628088294344511
-1.62805642277727
-1.6280269625762456
-1.6280005804854636
-1.627977847935659
-1.6279591869363479
-1.6279448211984184
-1.6279347417208263
-1.6279286949969012
-1.6279261984980684
-1.6279266019713448
-1.6279292585418412
-1.6279336898819279
-1.6279384750961368
-1.7165768646265376
-1.7165814448017158
-1.7165853149469825
-1.7165883873450911
-1.7165905714989351
-1.7165917739469507
-1.7165918980092751
-1.7165908435501609
-1.7165885068601381
-1.7165847807599683
-1.7165795549981524
-1.7165727170751526
-1.7165641536968912
-1.7165537528368684
-1.7165414066487401
-1.7165270152801293
-1.7165104917594702
-1.7164917680376497
-1.7164708022313395
-1.716447587041108
-1.7164221592091387
-1.7163946097326925
-1.7163650943533753
-1.7163338436036355
-1.7163011714139007
-1.7162674809856855
-1.716233266352067
-1.7161991078332128
-1.7161656595341346
-1.7161336272355099
-1.7161037356278022
-1.716076684962528
-1.7160530989282308
-1.7160334679064022
-1.7160180945552654
-1.7160070510888046
-1.7160001573614112
-1.715996986106094
-1.7159969169667137
-1.7159993079126992
-1.7160036655535982
-1.7160085010268811
-1.8046255524824748
-1.8046303969330537
-1.8046345572780613
-1.8046379563652297
-1.8046405139961399
-1.8046421465971096
-1.804642766827371
-1.8046422831995854
-1.8046405998017057
-1.8046376162122471
-1.8046332276886126
-1.8046273257440597
-1.8046197992664799
-1.8046105362431168
-1.8045994262681535
-1.8045863639368442
-1.8045712532894362
-1.8045540134199947
-1.8045345853354053
-1.8045129400881323
-1.8044890881097964
-1.8044630895368907
-1.8044350651346812
-1.8044052071904926
-1.8043737894660874
-1.8043411749819174
-1.8043078200825327
-1.8042742729519801
-1.8042411645881407
-1.8042091903156094
-1.8041790803563693
-1.8041515589361847
-1.8041272930107093
-1.8041068340218331
-1.804090559061218
-1.8040786206731698
-1.8040709150384293
-1.8040670764332041
-1.804066522556407
-1.8040686238567258
-1.8040728768229222
-1.8040777327769373
-1.8926723100668874
-1.8926773571438742
-1.892681744212751
-1.8926854045223549
-1.8926882680627679
-1.8926902611106537
-1.8926913057214134
-1.8926913192318238
-1.8926902138494459
-1.8926878964094855
-1.892684268372032
-1.8926792261705152
-1.8926726620427978
-1.8926644654215561
-1.8926545250600137
-1.8926427320046904
-1.8926289835856636
-1.8926131885638131
-1.8925952735522769
-1.8925751907796515
-1.8925529271798351
-1.8925285146694684
-1.8925020413040594
-1.8924736627760186
-1.8924436134389178
-1.8924122157150938
-1.8923798863912134
-1.8923471379712726
-1.8923145730096647
-1.8922828692937681
-1.8922527540272274
-1.8922249659459358
-1.892200205741686
-1.8921790774087528
-1.8921620261765366
-1.8921492818865202
-1.8921408178449184
-1.8921363343843671
-1.8921352943905763
-1.8921370882457706
-1.8921412077755606
-1.8921460540951411
-1.9807171306669051
-1.9807223309434652
-1.9807268930206967
-1.9807307602067867
-1.9807338724186538
-1.9807361656135909
-1.980737571180019
-1.9807380153385448
-1.9807374186182791
-1.9807356954818616
-1.9807327541606625
-1.9807284967843581
-1.9807228199423752
-1.9807156157827261
-1.980706773776977
-1.9806961832763172
-1.9806837370487727
-1.9806693359512808
-1.980652894878103
-1.9806343500911385
-1.9806136679684907
-1.980590855097413
-1.9805659694819946
-1.9805391324220192
-1.9805105403455048
-1.9804804755481842
-1.9804493144213284
-1.9804175313716301
-1.9803856963162252
-1.9803544634714179
-1.9803245492849566
-1.9802966979611794
-1.9802716342852071
-1.980250005554602
-1.9802323174714676
-1.9802188722793488
-1.9802097191508294
-1.9802046271130114
-1.9802031100703876
-1.9802045852761392
-1.9802085455853964
-1.980213352632759
-2.0687600284308267
-2.0687653439137175
-2.0687700405434
-2.0687740711758211
-2.0687773852432509
-2.0687799280786026
-2.0687816402130195
-2.0687824566849029
-2.068782306417726
-2.0687811117406412
-2.0687787880841513
-2.0687752438845792
-2.0687703809184463
-2.068764095139628
-2.0687562781112616
-2.0687468191598661
-2.0687356084674549
-2.0687225412673196
-2.0687075232999859
-2.0686904776663693
-2.0686713531593037
-2.0686501340593968
-2.0686268512384571
-2.0686015942175207
-2.0685745235611446
-2.0685458826641661
-2.0685160076052584
-2.06848533333247
-2.068454394064867
-2.0684238155329764
-2.0683942966731217
-2.0683665788129701
-2.0683414014445649
-2.0683194456076457
-2.068301268874122
-2.0682872394879821
-2.0682774793810812
-2.0682718270456881
-2.0682698517571136
-2.0682710037735625
-2.0682747826304375
-2.0682795219639711
-2.1568010362543393
-2.1568064391348063
-2.1568112401474022
-2.1568154010238532
-2.1568188801532546
-2.1568216318018565
-2.1568236053212244
-2.1568247443714879
-2.1568249862153199
-2.1568242611527544
-2.1568224920678727
-2.1568195941284629
-2.1568154749842043
-2.1568100353107087
-2.1568031699304813
-2.1567947696087124
-2.1567847237157642
-2.156772923952849
-2.1567592693093562
-2.1567436724115057
-2.1567260673816513
-2.1567064192469454
-2.1566847348083935
-2.1566610747007005
-2.1566355661239669
-2.1566084154085421
-2.1565799191910293
-2.1565504725491862
-2.156520572015467
-2.1564908110449683
-2.1564618653815311
-2.1564344660205119
-2.1564093583255692
-2.1563872475829977
-2.1563687341102096
-2.1563542446354949
-2.1563439691712034
-2.1563378146911685
-2.1563354086313753
-2.1563362393677772
-2.1563398184734797
-2.1563444634591606
-2.2448402046182627
-2.2448456756437372
-2.2448505597697204
-2.2448548267864985
-2.2448584433421703
-2.2448613720595465
-2.2448635706579867
-2.2448649910987233
-2.2448655787994971
-2.244865271968211
-2.2448640010201544
-2.2448616881375605
-2.2448582473559595
-2.2448535848071307
-2.2448475995422719
-2.2448401850086945
-2.2448312313173044
-2.2448206285128904
-2.2448082710357209
-2.24479406355236
-2.2447779283056781
-2.2447598140679172
-2.2447397066694359
-2.2447176409093115
-2.2446937134248701
-2.2446680957863689
-2.2446410467045621
-2.2446129217971511
-2.2445841788969729
-2.2445553764732917
-2.2445271624972056
-2.2445002511825307
-2.2444753856976667
-2.2444532864570461
-2.2444345872552538
-2.2444197650634616
-2.2444090720476439
-2.2444024811156837
-2.2443996791030414
-2.2444001964548845
-2.244403561636156
-2.2444080879427624
-2.3328776010126133
-2.3328831276021127
-2.3328880807758878
-2.3328924374437454
-2.3328961716908792
-2.3328992537949662
-2.3329016492660815
-2.3329033179216769
-2.3329042130105613
-2.3329042804297191
-2.3329034580810775
-2.3329016752830878
-2.3328988527992451
-2.3328949027416859
-2.3328897291680404
-2.3328832292379778
-2.3328752951261738
-2.3328658168656076
-2.33285468632402
-2.3328418025148343
-2.3328270784166483
-2.3328104494222441
-2.3327918834434063
-2.3327713925477833
-2.3327490457924225
-2.3327249826249612
-2.3326994258509672
-2.3326726927225447
-2.3326452022157342
-2.3326174760995344
-2.3325901310663864
-2.3325638591564442
-2.3325393941878754
-2.3325174632022834
-2.3324987243810127
-2.3324836963348363
-2.3324726865468888
-2.3324657299950018
-2.3324625726913868
-2.3324627898791159
-2.3324659311069738
-2.3324703170805949
-2.420913309504201
-2.4209188837602631
-2.4209238972527172
-2.4209283329828497
-2.4209321715515366
-2.4209353900826174
-2.4209379611822355
-2.4209398519439538
-2.4209410230037629
-2.4209414276667403
-2.4209410111651528
-2.4209397097252392
-2.4209374511865747
-2.4209341539606384
-2.4209297276532098
-2.4209240739555162
-2.4209170882117887
-2.4209086618537854
-2.4208986859137029
-2.420887055825109
-2.4208736777042961
-2.4208584762641281
-2.4208414044324589
-2.4208224546149189
-2.4208016713454787
-2.4207791647971626
-2.4207551242611411
-2.4207298302643312
-2.4207036634939842
-2.4206771081924168
-2.4206507472758392
-2.4206252462723636
-2.4206013234846195
-2.4205797048678619
-2.4205610643361841
-2.4205459534956568
-2.4205347277307792
-2.4205274791860449
-2.4205240115177804
-2.4205239462827084
-2.4205268575393011
-2.4205310844575822
-2.5089474300140906
-2.5089530467949182
-2.5089581153300964
-2.5089626236362745
-2.5089665578419669
-2.5089699010277613
-2.5089726321104311
-2.5089747247783358
-2.5089761464864075
-2.5089768575481042
-2.5089768104274195
-2.508975947479037
-2.5089742042146161
-2.5089715053233572
-2.50896776631792
-2.5089628940468023
-2.508956787910408
-2.5089493419153057
-2.5089404477506689
-2.508929999096754
-2.5089178973717221
-2.5089040590942275
-2.5088884249719761
-2.5088709707119743
-2.508851719367724
-2.5088307547889483
-2.508808235390823
-2.5087844070292311
-2.5087596132626433
-2.5087343007471832
-2.5087090170408191
-2.5086843978298998
-2.5086611407485386
-2.5086399638454568
-2.5086215487435601
-2.5086064716267451
-2.5085951280944312
-2.5085876617925469
-2.5085839313775016
-2.5085836050916881
-2.5085862841120541
-2.5085903363236444
-2.5969800769650857
-2.5969857321703214
-2.5969908521801206
-2.5969954289482371
-2.5969994531158282
-2.597002912783632
-2.5970057923309278
-2.5970080712866501
-2.5970097232535667
-2.5970107148454917
-2.5970110046502359
-2.5970105440365878
-2.5970092728845797
-2.59700712286664
-2.5970040157836434
-2.5969998640941765
-2.5969945719318894
-2.5969880368266884
-2.5969801523749738
-2.5969708120790203
-2.5969599145718192
-2.5969473704248887
-2.5969331106798683
-2.5969170971479358
-2.596899334357464
-2.5968798827987589
-2.5968588727892201
-2.5968365178600656
-2.5968131260643585
-2.5967891070536435
-2.5967649722523918
-2.5967413251096612
-2.5967188384294095
-2.5966982164775567
-2.5966801413249363
-2.5966652057547908
-2.5966538378918198
-2.5966462267272923
-2.5966422823811426
-2.5966417191249769
-2.5966441670431908
-2.5966480320021237
-2.6850113771141846
-2.6850170663058934
-2.6850222344531058
-2.6850268764125014
-2.68503098633827
-2.6850345564062104
-2.6850375755828333
-2.6850400284446692
-2.6850418940512717
-2.6850431448694039
-2.685043745803894
-2.6850436537281106
-2.6850428157432753
-2.6850411697007481
-2.68503864358272
-2.6850351556899521
-2.6850306153623222
-2.6850249243831632
-2.6850179792716911
-2.6850096746795962
-2.6849999081126064
-2.684988586190221
-2.6849756326068595
-2.6849609978803772
-2.6849446708255491
-2.6849266914757148
-2.6849071648766087
-2.6848862747654998
-2.6848642956573445
-2.6848416012984653
-2.684818666895286
-2.684796062104668
-2.6847744316769364
-2.6847544611683691
-2.6847368266788938
-2.6847221302085553
-2.6847108249359355
-2.6847031387996423
-2.6846990291779411
-2.6846982548327158
-2.6847004757622575
-2.6847041439703823
-2.7730414665667826
-2.7730471840004958
-2.7730523960616207
-2.7730570995613384
-2.773061291222553
-2.7730649663790037
-2.7730681177125858
-2.7730707340358096
-2.7730727991254325
-2.7730742906160293
-2.773075178982559
-2.7730754266930564
-2.7730749871475355
-2.7730738043254073
-2.7730718123329452
-2.7730689354075024
-2.7730650883938339
-2.7730601778608865
-2.7730541040467553
-2.7730467638424914
-2.7730380550337235
-2.7730278820276215
-2.7730161632410324
-2.7730028402742004
-2.7729878888545376
-2.7729713313413797
-2.7729532503070558
-2.772933802317159
-2.7729132305525597
-2.772891874355321
-2.7728701732037382
-2.7728486621443449
-2.7728279555130615
-2.7728087161499309
-2.7727916086406599
-2.7727772375214177
-2.772766073945506
-2.7727583783757712
-2.77275415079164
-2.7727531921858994
-2.7727551927625091
-2.7727586576352539
-2.8610704871384871
-2.8610762252255291
-2.8610814753762681
-2.8610862355269879
-2.8610905041149448
-2.86109427877718
-2.8610975550762436
-2.8611003252623406
-2.861102577079627
-2.8611042926268837
-2.8611054472934794
-2.8611060088048923
-2.8611059362330988
-2.8611051794051341
-2.8611036783763257
-2.8611013632860272
-2.8610981546281593
-2.8610939641109194
-2.8610886962856457
-2.8610822511508078
-2.8610745279385981
-2.8610654303329075
-2.8610548732893144
-2.8610427916242127
-2.8610291503907361
-2.8610139568942294
-2.8609972739439398
-2.8609792335702675
-2.8609600499674293
-2.8609400298701231
-2.8609195779815324
-2.8608991945494751
-2.8608794619083948
-2.8608610170412074
-2.8608445083485359
-2.8608305369851972
-2.8608195855206873
-2.8608119406725407
-2.8608076401135358
-2.8608065242523733
-2.8608083131646147
-2.8608115708362991
-2.949098582353475
-2.9491043315246466
-2.9491096120210263
-2.9491144222156809
-2.9491187615218086
-2.9491226291157648
-2.9491260226722487
-2.9491289371238429
-2.9491313634548844
-2.9491332875410623
-2.9491346890519092
-2.9491355404421871
-2.9491358059023969
-2.9491354407519932
-2.9491343907160301
-2.949132591686646
-2.9491299698169331
-2.949126442149927
-2.9491219179630366
-2.9491163010282082
-2.9491094929644377
-2.9491013979826253
-2.9490919291438287
-2.9490810163670473
-2.94906861621469
-2.9490547233649607
-2.9490393834408435
-2.9490227065259158
-2.949004880239734
-2.9489861807091815
-2.9489669791753319
-2.9489477414237264
-2.9489290168784779
-2.9489114143187449
-2.9488955621305175
-2.9488820529568023
-2.9488713748315845
-2.9488638347553624
-2.9488595031072369
-2.9488582565037276
-2.9488598440323468
-2.948862893117286
-3.0371258934263938
-3.0371316423268082
-3.0371369435324787
-3.0371417953155695
-3.0371461974582181
-3.0371501500222764
-3.0371536521143345
-3.0371567006607956
-3.0371592892064907
-3.0371614067505726
-3.0371630366105467
-3.0371641554051272
-3.0371647318858974
-3.0371647264594945
-3.0371640901681265
-3.0371627644236048
-3.0371606809351581
-3.0371577621400734
-3.037153922293184
-3.0371490694237071
-3.037143108277629
-3.037135944618754
-3.0371274909381216
-3.0371176738992705
-3.0371064435217257
-3.0370937840716898
-3.0370797263967426
-3.0370643611256112
-3.0370478517150943
-3.0370304458063129
-3.0370124827586902
-3.0369943946575937
-3.0369766976896626
-3.0369599707965627
-3.0369448193101745
-3.0369318230121176
-3.0369214701058875
-3.0369140823090377
-3.0369097577838193
-3.0369084059032936
-3.0369098034860627
-3.0369126448106907
-3.1251525555663586
-3.1251582914866254
-3.1251636021672633
-3.1251684853902941
-3.1251729408357716
-3.1251769689173248
-3.1251805695956123
-3.125183741186746
-3.1251864791805066
-3.1251887750783567
-3.1251906152420763
-3.1251919798248524
-3.1251928418672472
-3.1251931661548937
-3.1251929086757424
-3.1251920161105011
-3.1251904255165188
-3.1251880646805206
-3.1251848529370241
-3.125180702878962
-3.1251755229933433
-3.1251692213999984
-3.1251617111032486
-3.1251529169187622
-3.1251427840391606
-3.1251312883142863
-3.1251184480399958
-3.1251043367501761
-3.125089096099388
-3.1250729474205134
-3.1250561999582569
-3.1250392531947488
-3.1250225902402171
-3.1250067591922539
-3.1249923400146282
-3.1249798960300761
-3.1249699109930278
-3.1249627162513414
-3.1249584330074427
-3.1249569998275817
-3.1249582196616732
-3.1249608559813242
-3.2131786948758365
-3.2131844043180635
-3.2131897121104589
-3.2131946152922142
-3.213199113101159
-3.2132032058899243
-3.2132068940032217
-3.2132101766342887
-3.2132130506756873
-3.2132155095762638
-3.213217542208211
-3.2132191317717225
-3.2132202548691247
-3.2132208803610798
-3.2132209687714766
-3.2132204716834858
-3.2132193311895061
-3.2132174803308935
-3.2132148434720298
-3.2132113379354332
-3.2132068764662192
-3.2132013701463045
-3.2131947333444542
-3.2131868902116403
-3.2131777826079206
-3.2131673797436751
-3.2131556893880946
-3.2131427701835857
-3.2131287442523888
-3.2131138087976585
-3.213098244833545
-3.2130824205896094
-3.2130667866612201
-3.213051859836682
-3.213038193050775
-3.2130263302768003
-3.2130167468731825
-3.2130097792544881
-3.2130055671894682
-3.2130040748728685
-3.2130051295626219
-3.2130075652746997
-3.3012044260208575
-3.3012100953054579
-3.3012153872699126
-3.3012202980756307
-3.3012248262962642
-3.3012289719246137
-3.3012327353253674
-3.3012361161518609
-3.3012391122422722
-3.3012417185086145
-3.3012439258305015
-3.3012457199725493
-3.3012470805749219
-3.3012479801508401
-3.3012483832987845
-3.3012482460297301
-3.3012475153408434
-3.301246129250905
-3.3012440169690827
-3.3012411009398175
-3.3012372979649971
-3.301232522830039
-3.3012266919694992
-3.3012197298122743
-3.3012115761589249
-3.3012021951423858
-3.3011915858274139
-3.3011797939962166
-3.3011669243894741
-3.3011531522170756
-3.3011387322063594
-3.3011240028678732
-3.301109383164011
-3.3010953585671943
-3.3010824538999239
-3.3010711915463355
-3.3010620351700992
-3.3010553222314978
-3.3010512069242273
-3.3010496755954977
-3.3010505778496699
-3.3010528187127752
-3.3892298507423098
-3.3892354665793678
-3.3892407297563465
-3.3892456355170228
-3.3892501816493992
-3.3892543675889075
-3.3892581934543426
-3.3892616590342728
-3.3892647627392933
-3.3892675005340189
-3.389269864863135
-3.3892718435904836
-3.389273418978795
-3.3892745666933357
-3.3892752549840877
-3.3892754439638364
-3.3892750851309552
-3.3892741210728552
-3.3892724858816337
-3.3892701079022807
-3.3892669064769412
-3.3892628013214896
-3.3892577115022093
-3.3892515624692434
-3.3892442930197069
-3.3892358635562041
-3.3892262660583139
-3.389215535300012
-3.3892037606530043
-3.3891910973957238
-3.3891777759251775
-3.3891641066887597
-3.3891504781465169
-3.3891373448294275
-3.3891252028665653
-3.3891145514015291
-3.3891058397156337
-3.3890994028361576
-3.3890954056132969
-3.389093853229634
-3.3890946156091601
-3.389096668475609
-3.4772550571795438
-3.4772606071525138
-3.4772658290642191
-3.4772707172725772
-3.477275268738965
-3.477279482229032
-3.4772833574358972
-3.4772868940423138
-3.4772900907367745
-3.4772929441975586
-3.4772954480587726
-3.4772975918770834
-3.4772993601233524
-3.4773007311863084
-3.4773016765588851
-3.4773021600574023
-3.4773021373074022
-3.4773015554571121
-3.477300353434404
-3.477298463161457
-3.4772958102306095
-3.4772923172377257
-3.4772879065252837
-3.4772825053726182
-3.4772760525021851
-3.477268505725041
-3.4772598513548885
-3.4772501148288408
-3.477239372012948
-3.4772277602179007
-3.4772154874424182
-3.4772028377982087
-3.4771901705595019
-3.47717791000027
-3.4771665234043474
-3.4771564855465442
-3.4771482292030975
-3.4771420840161671
-3.4771382221178899
-3.4771366644202208
-3.4771372991350677
-3.4771391717021642
-3.5652801199064159
-3.5652855928392424
-3.5652907618983836
-3.5652956206371949
-3.5653001652097944
-3.5653043936673554
-3.5653083051692764
-3.5653118991241235
-3.5653151742744407
-3.5653181277390984
-3.5653207540269771
-3.5653230440370844
-3.5653249840727206
-3.5653265548783812
-3.5653277307842846
-3.5653284789374471
-3.5653287587400517
-3.5653285215528006
-3.5653277108036479
-3.5653262627021243
-3.5653241075961004
-3.5653211718973936
-3.5653173816850332
-3.5653126661056151
-3.5653069647330309
-3.5653002337676374
-3.5652924550921932
-3.5652836462990161
-3.5652738714562027
-3.5652632517560146
-3.5652519746779774
-3.5652402997554824
-3.5652285585252441
-3.5652171459347981
-3.565206500631763
-3.5651970723517752
-3.5651892757562407
-3.5651834326494987
-3.5651797194718822
-3.5651781700025218
-3.5651786887542785
-3.5651803893379492
-3.6533051005360533
-3.6533104867352568
-3.6533155925433896
-3.6533204108208213
-3.6533249369755958
-3.6533291683504463
-3.6533331035198664
-3.6533367415102109
-3.6533400809555259
-3.6533431192019354
-3.6533458513740955
-3.6533482694177222
-3.6533503611398195
-3.6533521093138717
-3.6533534907299106
-3.653354475517149
-3.6533550265150994
-3.6533550989430745
-3.6533546404310173
-3.6533535915515016
-3.6533518869368211
-3.6533494571576823
-3.6533462316576353
-3.6533421426871646
-3.6533371306511135
-3.6533311510683921
-3.6533241824958544
-3.6533162360075107
-3.6533073654252188
-3.6532976775475823
-3.6532873411399733
-3.6532765929113395
-3.6532657381950928
-3.6532551437324008
-3.6532452200414411
-3.653236391542924
-3.6532290536322214
-3.6532235182875983
-3.6532199636785418
-3.6532184338524609
-3.6532188477184513
-3.653220385051188
-3.7413300487343153
-3.7413353401129803
-3.7413403736471582
-3.7413451416304522
-3.7413496388119798
-3.7413538618674673
-3.7413578087780879
-3.7413614781278817
-3.7413648683309053
-3.7413679767997037
-3.7413707990681582
-3.741373327883581
-3.7413755522883454
-3.7413774567274412
-3.7413790201744841
-3.741380215397125
-3.7413810083435322
-3.7413813577728092
-3.7413812152163053
-3.7413805253817771
-3.7413792270944985
-3.7413772550197817
-3.7413745422382023
-3.7413710239094047
-3.7413666421650027
-3.7413613523351152
-3.7413551305787434
-3.7413479826308786
-3.7413399534695913
-3.7413311370946913
-3.7413216852730846
-3.7413118136135699
-3.7413018028281155
-3.7412919927116297
-3.7412827664000652
-3.7412745230584172
-3.7412676380686811
-3.7412624120194855
-3.7412590226090696
-3.7412575218260193
-3.7412578411798836
-3.7412592242337643
-3.8293550034877111
-3.8293601935881503
-3.8293651472861465
-3.8293698564375322
-3.829374315232843
-3.8293785197446986
-3.8293824673827817
-3.8293861562651275
-3.8293895845150532
-3.8293927494942066
-3.8293956469837336
-3.8293982703282929
-3.8294006095621498
-3.8294026505446968
-3.8294043741266286
-3.8294057554110696
-3.8294067631443003
-3.8294073593193811
-3.8294074990788731
-3.8294071310197477
-3.8294061980116219
-3.8294046387131173
-3.8294023898950535
-3.8293993897681151
-3.82939558246792
-3.8293909237889774
-3.8293853882244866
-3.8293789771880253
-3.8293717280754249
-3.8293637235533731
-3.8293551000055217
-3.8293460536147395
-3.8293368420701719
-3.829327779578549
-3.829319222830204
-3.8293115460729816
-3.8293051042785948
-3.8293001854647337
-3.8292969650139708
-3.8292955007998839
-3.8292957352633561
-3.829296973097871
-3.9173799944918892
-3.9173850784286217
-3.9173899461896666
-3.9173945893166149
-3.917399001545316
-3.917403178421301
-3.9174071168244193
-3.9174108144092608
-3.9174142689691256
-3.9174174777325286
-3.9174204366032752
-3.9174231393580268
-3.917425576819729
-3.9174277360310681
-3.917429599453957
-3.9174311442487064
-3.9174323416681931
-3.9174331566463567
-3.9174335476569433
-3.9174334669400883
-3.9174328612099916
-3.9174316729902854
-3.9174298427100895
-3.9174273117256448
-3.9174240264183302
-3.9174199434743997
-3.9174150363949627
-3.917409303139666
-3.917402774641773
-3.9173955235815101
-3.9173876724659364
-3.9173793996572113
-3.9173709414120248
-3.9173625877714153
-3.9173546700619166
-3.9173475381808416
-3.9173415265914975
-3.9173369098983213
-3.9173338596528131
-3.9173324378203591
-3.9173325962409873
-3.9173336978746218
-4.0054050435544442
-4.0054100178999841
-4.0054147950208465
-4.0054193662570992
-4.0054237249906199
-4.0054278663202512
-4.0054317866491349
-4.0054354831889194
-4.0054389533869355
-4.0054421942840142
-4.0054452018127948
-4.0054479700495875
-4.0054504904371591
-4.0054527510001057
-4.0054547355769179
-4.0054564231345751
-4.0054577871627108
-4.0054587952591216
-4.0054594089573241
-4.0054595838904232
-4.0054592703996663
-4.0054584147159407
-4.0054569608481279
-4.0054548533276355
-4.0054520409513472
-4.0054484816341818
-4.0054441484235754
-4.0054390366007668
-4.0054331715846372
-4.005426617316572
-4.0054194838381187
-4.0054119332087614
-4.0054041818076866
-4.0053964969682454
-4.005389185843371
-4.0053825747302962
-4.0053769777362431
-4.0053726555058384
-4.0053697745434658
-4.0053683993631539
-4.0053684898129704
-4.0053694641170372
-4.0934301659351267
-4.093435028569389
-4.0934397116352628
-4.093444206370326
-4.0934485058956476
-4.0934526049426587
-4.0934564994961962
-4.0934601863567392
-4.0934636626263758
-4.0934669251249174
-4.0934699697448984
-4.0934727907573594
-4.0934753800847741
-4.0934777265641396
-4.0934798151970977
-4.093481626539635
-4.0934831360676069
-4.0934843137834429
-4.0934851240193648
-4.0934855255514373
-4.0934854721225458
-4.0934849134908431
-4.093483797131463
-4.0934820707298627
-4.0934796856009532
-4.0934766011438022
-4.0934727903884092
-4.0934682465831722
-4.0934629905595115
-4.0934570784740636
-4.0934506093251191
-4.0934437303180795
-4.0934366394335893
-4.0934295827453084
-4.0934228445001599
-4.0934167282994327
-4.0934115282567136
-4.0934074907634566
-4.0934047763279935
-4.0934034507028079
-4.0934034804934472
-4.0934043361062384
-4.1814553715734686
-4.1814601215143714
-4.181464708262034
-4.181469123035801
-4.1814733587790887
-4.1814774099305057
-4.181481272115807
-4.1814849417623208
-4.1814884156389871
-4.1814916903271664
-4.1814947616298701
-4.1814976239300918
-4.1815002695122718
-4.1815026878665087
-4.1815048650340865
-4.181506782902618
-4.181508418720556
-4.1815097446559468
-4.1815107275914842
-4.1815113292010802
-4.1815115064004571
-4.1815112122803209
-4.1815103976418726
-4.1815090132634092
-4.1815070130243459
-4.1815043579924653
-4.1815010215321875
-4.1814969953983461
-4.1814922966035573
-4.181486974584498
-4.1814811182410265
-4.18147486156656
-4.181468385551196
-4.1814619163504139
-4.1814557166170871
-4.1814500682953408
-4.1814452460478631
-4.1814414819337049
-4.1814389297491754
-4.1814376553876951
-4.1814376310980768
-4.1814383763573622
-4.2694806661763778
-4.2694853034054248
-4.2694897925730801
-4.2694941249500742
-4.269498293374296
-4.2695022920593049
-4.2695061163288672
-4.269509762277826
-4.2695132263613731
-4.2695165049166688
-4.2695195936234418
-4.2695224869132495
-4.2695251773410394
-4.2695276549380043
-4.2695299065749728
-4.2695319153459241
-4.2695336600539493
-4.2695351148062217
-4.2695362488004562
-4.269537026370628
-4.2695374073768635
-4.2695373480388676
-4.2695368023242244
-4.2695357240111793
-4.2695340695444033
-4.2695318017845576
-4.2695288947088788
-4.2695253390347876
-4.2695211485914095
-4.2695163670589213
-4.2695110743078635
-4.2695053921601547
-4.2694994864090381
-4.2694935645180951
-4.269487868797615
-4.2694826606549352
-4.26947819600037
-4.2694746926684806
-4.2694722972306014
-4.2694710748145805
-4.2694710023278777
-4.2694716452196184
-4.3575060521555455
-4.3575105774484548
-4.3575149686233274
-4.3575192170582344
-4.3575233155465432
-4.3575272581367885
-4.3575310399038676
-4.3575346566509543
-4.3575381045431731
-4.3575413796760119
-4.3575444775841072
-4.3575473926990531
-4.3575501177689633
-4.357552643257101
-4.3575549567430336
-4.3575570423531458
-4.3575588802634098
-4.3575604463146647
-4.3575617117985539
-4.3575626434808754
-4.3575632039412433
-4.3575633523206267
-4.3575630455798073
-4.3575622403797212
-4.3575608956941343
-4.3575589762500186
-4.3575564568509817
-4.3575533275596881
-4.3575495995878262
-4.3575453115964065
-4.3575405357935004
-4.357535382350993
-4.3575300031561799
-4.3575245892989294
-4.3575193634887581
-4.3575145676402611
-4.357510439748757
-4.3575071837135386
-4.3575049385534665
-4.35750376789571
-4.357503652442305
-4.3575042005634508
-4.4455315294167184
-4.4455359441857594
-4.4455402376573927
-4.4455444013606735
-4.4455484280949609
-4.4455523117957734
-4.4455560473373481
-4.4455596302705285
-4.4455630564962068
-4.4455663218764707
-4.4455694217881563
-4.4455723506265183
-4.4455751012706299
-4.4455776645265432
-4.4455800285697
-4.4455821784135026
-4.4455840954402319
-4.4455857570354294
-4.4455871363780419
-4.445588202448306
-4.445588920326351
-4.4455892518661688
-4.4455891568400672
-4.4455885946562361
-4.4455875267519485
-4.4455859197515828
-4.4455837494422514
-4.4455810055473384
-4.445577697164981
-4.4455738586169504
-4.4455695552424013
-4.4455648878853076
-4.4455599922043412
-4.4455550481467281
-4.4455502589289448
-4.4455458477300684
-4.4455420355139381
-4.4455390127051899
-4.4455369106213221
-4.4455357908099593
-4.4455356370134149
-4.4455360975466727
)
;

boundaryField
{
    hotWall
    {
        type            calculated;
        value           nonuniform List<scalar> 0();
    }
    coldWall
    {
        type            calculated;
        value           nonuniform List<scalar> 
51
(
-0.042639298162905008
-0.13071194524049401
-0.21878481379489134
-0.30685755550896476
-0.39493005038312129
-0.48300232210133776
-0.5710744583286449
-0.65914655877026029
-0.74721870367138454
-0.83529093906176577
-0.92336327406986829
-1.0114356849155279
-1.0995081213518063
-1.1875805130134713
-1.2756527745538573
-1.363724809429079
-1.4517965126645611
-1.5398677730468955
-1.6279384750961325
-1.7160085010268762
-1.8040777327769326
-1.8921460540951367
-1.980213352632755
-2.0682795219639667
-2.156344463459158
-2.2444080879427606
-2.3324703170805932
-2.4205310844575814
-2.5085903363236453
-2.5966480320021255
-2.6847041439703845
-2.7727586576352565
-2.8608115708363018
-2.9488628931172904
-3.0369126448106942
-3.1249608559813273
-3.2130075652747019
-3.3010528187127783
-3.3890966684756103
-3.4771391717021665
-3.5651803893379514
-3.6532203850511893
-3.7412592242337666
-3.8292969730978701
-3.9173336978746232
-4.0053694641170372
-4.0934043361062376
-4.1814383763573604
-4.2694716452196175
-4.3575042005634499
-4.4455360975466611
)
;
    }
    bottomWall
    {
        type            calculated;
        value           nonuniform List<scalar> 
42
(
0.00048993025589412779
0.00050507586602746883
0.00052105240858625157
0.00053799657633297885
0.00055604767905556411
0.00057534473364375467
0.00059602291506220221
0.00061820936697122239
0.00064201840221816357
0.00066754615335672335
0.00069486476883826324
0.00072401631433324602
0.00075500657504600811
0.00078779845748205444
0.00082230428397073369
0.00085838612004705557
0.00089588529585265912
0.00093451397270465661
0.0009739603415323476
0.0010138656807317454
0.0010538155137814946
0.0010933547200315179
0.0011320011924346007
0.001169261858986237
0.0012046517156716714
0.001237714951510004
0.0012680469048934352
0.0012953153460718405
0.0013192793372242078
0.0013398038533833064
0.0013568684806891599
0.0013705688897178955
0.0013811104381195041
0.0013887939846073791
0.0013939949524359601
0.0013971375937593103
0.0013986673246340307
0.0013990247075551462
0.0013986244135780735
0.0013978433049399981
0.0013970344323499754
0.0013965866096332345
)
;
    }
    topWall
    {
        type            calculated;
        value           nonuniform List<scalar> 0();
    }
    front
    {
        type            empty;
    }
    back
    {
        type            empty;
    }
    procBoundary0to2
    {
        type            processor;
        value           nonuniform List<scalar> 
42
(
-4.5335570960107932
-4.5335614021628636
-4.5335655987872867
-4.5335696775970638
-4.5335736314384878
-4.5335774541783742
-4.533581140533224
-4.5335846858384503
-4.5335880857572146
-4.533591335930323
-4.5335944315710339
-4.5335973670117173
-4.5336001352127511
-4.5336027272486286
-4.5336051317910311
-4.5336073346144135
-4.5336093181569561
-4.533611061175808
-4.5336125385450154
-4.533613721253551
-4.5336145766708658
-4.5336150691581789
-4.5336151611132323
-4.5336148145431583
-4.5336139932601087
-4.5336126657821811
-4.5336108089893186
-4.5336084125198584
-4.5336054837914999
-4.5336020533957129
-4.5335981803770808
-4.5335939564734726
-4.5335895080168296
-4.5335849947242375
-4.5335806092946642
-4.5335765555847161
-4.5335730380112897
-4.5335702340404191
-4.5335682673004394
-4.5335671968283275
-4.5335670087524376
-4.5335673884509591
)
;
    }
    procBoundary0to10
    {
        type            processor;
        value           nonuniform List<scalar> 
14
(
-3.3011983865841255
-3.3892238903547982
-3.477249188094035
-3.5652743527498969
-3.653299444142835
-3.7413245100991794
-3.8293495878158916
-3.9173747053202908
-4.0053998829195008
-4.0934251345660133
-4.181450469093634
-4.2694758913008117
-4.3575014028752035
-4.4455270031649476
)
;
    }
    procBoundary0to11
    {
        type            processor;
        value           nonuniform List<scalar> 
37
(
-0.043548470540752518
-0.13159362848814693
-0.21963968406663162
-0.30768754181610319
-0.39573725181745234
-0.4837888478896572
-0.57184230652637924
-0.65989748824943839
-0.74795414282700134
-0.83601193449262046
-0.92407047290769107
-1.0121293453323144
-1.1001881451893134
-1.1882464937463728
-1.2763040540660642
-1.3643605380458164
-1.4524157080955433
-1.5404693751095215
-1.6285213942028605
-1.7165716594064644
-1.8046200982397882
-1.8926666668272656
-1.9807113459818748
-2.0687541384382304
-2.1567950671849121
-2.2448341746408262
-2.3328715222732712
-2.4209071901921293
-2.5089412762843657
-2.5969738945697616
-2.68500517263409
-2.7730352481908236
-2.8610642649946971
-2.9490923684469159
-3.0371197012750804
-3.125146399643425
-3.213172589966049
)
;
    }
}


// ************************************************************************* //
