#              distance                     U_x                     U_y                     U_z                       T
                      0   4.995536562227473e-19   1.311014295899023e-16   1.443525208817134e-37       300.5000000000034
  0.0003906250000000001   2.821314309315225e-05    0.007330852347376914   1.422973159223601e-24       300.4672162947646
  0.0007812500000000003   7.480481134859002e-05     0.01341678456468847   2.201799739884935e-24       300.4345019885476
            0.001171875   0.0001489642673474547     0.01763533658690164   2.014406452703084e-24       300.4018917808493
              0.0015625   0.0002231237233463194     0.02185388860911489   1.827013165521132e-24       300.3692815731536
            0.001953125   0.0002948090993844441      0.0255738842276229   1.382782043250257e-24       300.3370310522121
             0.00234375   0.0003565981555796089     0.02729965423130991  -8.880041937689262e-26       300.3062192782867
   0.002734375000000001   0.0004183872117747741     0.02902542423499693    -1.5603828820041e-24       300.2754075043613
   0.003125000000000001   0.0004801762679699402     0.03075119423868401  -3.031965344631232e-24       300.2445957304366
   0.003515625000000001   0.0004973796118889654      0.0306930065874979   -2.50034279444067e-24       300.2176006060167
             0.00390625   0.0005145829558079929     0.03063481893631195  -1.968720244250121e-24       300.1906054815981
            0.004296875   0.0005317862997270171     0.03057663128512581  -1.437097694059604e-24        300.163610357178
   0.004687500000000001   0.0005083031350565057      0.0296596688741649  -9.038320826930114e-25       300.1408456865562
            0.005078125   0.0004746483432386106      0.0285280127732603  -3.701557060323741e-25       300.1191386293843
   0.005468750000000001   0.0004409935514207138     0.02739635667235563   1.635206706282433e-25       300.0974315722116
            0.005859375    0.000386090467158172     0.02597491168438221   3.063053673001494e-25       300.0791992287171
                0.00625   0.0003170218545991921     0.02436027410502927    1.88495610646243e-25       300.0632833610046
   0.006640625000000001   0.0002479532420402135      0.0227456365256762   7.068585399234064e-26       300.0473674932894
   0.007031249999999999   0.0001731424822548978     0.02110223920420479                       0        300.033611205272
   0.007421875000000001   8.971850163007301e-05     0.01941570226955563                       0       300.0230942867977
              0.0078125   6.294521005249967e-06     0.01772916533490648                       0       300.0125773683235
            0.008203125  -7.627652832052355e-05      0.0160758991845198                       0       300.0029496111605
   0.008593750000000001   -0.000155435852450087     0.01455571617118307                       0       299.9968784992424
   0.008984375000000001  -0.0002345951765796509     0.01303553315784634                       0       299.9908073873243
   0.009375000000000003  -0.0003137545007092137     0.01151535014450961                       0       299.9847362754061
            0.009765625  -0.0003760852545590902     0.01026789092481518  -5.080486366691452e-26       299.9819578198621
             0.01015625  -0.0004384160084089662    0.009020431705120763  -1.016097273338275e-25       299.9791793643182
            0.010546875  -0.0005007467622588413    0.007772972485426342   -1.52414591000743e-25       299.9764009087743
              0.0109375  -0.0005444797001060571    0.006760807309182893   -1.65104729704023e-25       299.9753823487465
            0.011328125  -0.0005835631839526084     0.00580746564380219  -1.682661871663969e-25       299.9748037625983
             0.01171875  -0.0006226466677991579    0.004854123978421481  -1.714276446287697e-25       299.9742251764493
            0.012109375  -0.0006471973696150412    0.004062295639844457  -1.403124349361461e-25       299.9744281508909
                 0.0125  -0.0006620595500771468    0.003378142852469891  -8.634611380685798e-26       299.9751521657259
            0.012890625  -0.0006769217305392508     0.00269399006509533  -3.237979267757196e-26       299.9758761805611
             0.01328125  -0.0006831733825483138     0.00209952176737249                       0       299.9768559141682
            0.013671875  -0.0006765092418778158    0.001639580204127236                       0       299.9782192259335
              0.0140625   -0.000669845101207317    0.001179638640881977                       0       299.9795825376985
            0.014453125  -0.0006598266978242338   0.0007546444195346393                       0       299.9809842733175
             0.01484375   -0.000636391243590815   0.0004694395657789708                       0       299.9825397043516
            0.015234375  -0.0006129557893573975      0.0001842347120233                       0       299.9840951353871
               0.015625  -0.0005895203351239762  -0.0001009701417323682                       0         299.98565056642
            0.016015625  -0.0005548369820750462  -0.0002574048604762115                       0       299.9871253186781
             0.01640625  -0.0005201536290261171  -0.0004138395792200529                       0       299.9886000709364
            0.016796875  -0.0004854702759771881  -0.0005702742979638935                       0       299.9900748231946
              0.0171875   -0.000446075999215173  -0.0006549369433286763                       0       299.9913695554982
            0.017578125  -0.0004055039915248869  -0.0007216565703486927                       0       299.9926192828132
             0.01796875  -0.0003649319838345997   -0.000788376197368711                       0       299.9938690101281
            0.018359375  -0.0003235878538594007  -0.0008200175444221464   8.903707049254339e-27       299.9949498005948
    0.01875000000000001  -0.0002817289756942603  -0.0008282733714978602   2.374321879801151e-26       299.9959179664959
            0.019140625    -0.00023987009752912  -0.0008365291985735747    3.85827305467685e-26       299.9968861323972
             0.01953125   -0.000198912698039255  -0.0008309193251508137   4.414328446304654e-26       299.9977412932902
    0.01992187500000001  -0.0001593075165623012  -0.0008045109009803397     3.5785401630607e-26       299.9984269466703
              0.0203125  -0.0001197023350853478  -0.0007781024768098716   2.742751879816711e-26       299.9991126000523
    0.02070312500000001  -8.102838651695701e-05  -0.0007482118966145328   1.940980525171375e-26       299.9997479109333
             0.02109375  -4.607936958282429e-05  -0.0007043926923197682   1.275276884920707e-26       300.0001818518288
            0.021484375  -1.113035264868903e-05  -0.0006605734880249906   6.095732446699926e-27       300.0006157927196
               0.021875   2.381866428544545e-05  -0.0006167542837302125  -5.613039558070228e-28       300.0010497336096
            0.022265625    5.27640903253535e-05  -0.0005673370155428466   1.381004756137548e-27       300.0012778217043
             0.02265625   8.170951636526329e-05  -0.0005179197473554815   3.323313468082066e-27       300.0015059097989
            0.023046875   0.0001106549424051738  -0.0004685024791681167    5.26562218002667e-27       300.0017339978936
    0.02343749999999999   0.0001344202918712366  -0.0004206041640770101   4.240562941811567e-27       300.0018372964739
            0.023828125   0.0001568906221938442  -0.0003730855872599678   2.473661716056791e-27       300.0019093976755
             0.02421875     0.00017936095251645  -0.0003255670104429254   7.067604903019157e-28       300.0019814988773
            0.024609375   0.0001980564205738211  -0.0002817255046687882   -4.41319133902348e-27       300.0019882524032
                  0.025   0.0002142353137877028  -0.0002403353795899208  -1.176851023739588e-26       300.0019514408118
            0.025390625   0.0002304142070015853  -0.0001989452545110536  -1.912382913576832e-26       300.0019146292204
             0.02578125   0.0002443235235524085  -0.0001607602242810919   -2.45713018662728e-26       300.0018504849896
            0.026171875   0.0002548284751086369  -0.0001273828363244894  -2.715700534497618e-26       300.0017453417994
              0.0265625   0.0002653334266648688  -9.400544836788823e-05  -2.974270882367927e-26       300.0016401986111
            0.026953125   0.0002748748308611428  -6.229215973854377e-05  -2.982306713122669e-26       300.0015278989675
             0.02734375   0.0002805620456175854  -3.723526841822647e-05  -1.988204475415093e-26       300.0013869734978
            0.027734375    0.000286249260374031  -1.217837709790961e-05  -9.941022377075397e-27       300.0012460480315
               0.028125   0.0002919364751304764   1.287851422240697e-05    3.63490980914089e-41       300.0011051225653
            0.028515625   0.0002937458347320122   3.027361673673647e-05   2.854677069696763e-41       300.0009528182596
             0.02890625   0.0002955551943335484   4.766871925106582e-05   1.557096583470986e-41        300.000800513954
            0.029296875   0.0002973645539350853   6.506382176539553e-05   2.595160972451492e-42       300.0006482096485
    0.02968750000000001   0.0002968015891662549   7.726267194786495e-05  -1.176927745087906e-27       300.0005004041715
            0.030078125   0.0002956455433048329   8.816245904736936e-05  -2.648087426447758e-27       300.0003537234015
    0.03046875000000001    0.000294489497443415   9.906224614687512e-05  -4.119247107807719e-27        300.000207042635
            0.030859375   0.0002920431040065001   0.0001068748123345473  -3.825015171535667e-27       300.0000702077409
                0.03125   0.0002887364788525881   0.0001126292312476649  -2.353855490175754e-27       299.9999399367639
            0.031640625     0.00028542985369868   0.0001183836501607835  -8.826958088159243e-28       299.9998096657891
             0.03203125   0.0002815354228213136   0.0001226084586991949   -2.11245346095851e-28       299.9996883193037
            0.032421875   0.0002767592833587597   0.0001245388516755454  -7.393587113354642e-28       299.9995803595525
              0.0328125    0.000271983143896209   0.0001264692446518967  -1.267472076575089e-27        299.999472399803
            0.033203125   0.0002670204736686763   0.0001278686280740489  -1.620693953555639e-27       299.9993693628992
             0.03359375   0.0002613116803812175   0.0001271439732794036  -1.274349877499851e-27       299.9992860173762
            0.033984375   0.0002556028870937617   0.0001264193184847595  -9.280058014440919e-28       299.9992026718562
               0.034375   0.0002498940938063062   0.0001256946636901156  -5.816617253883296e-28       299.9991193263362
            0.034765625   0.0002436523306397651   0.0001232732147989796  -3.240447258375894e-28       299.9990604303393
             0.03515625   0.0002374105674732246   0.0001208517659078437  -6.642772628685932e-29       299.9990015343427
    0.03554687500000001   0.0002311688043066847   0.0001184303170167079    1.91189273263884e-28        299.998942638346
    0.03593750000000001   0.0002247245717738908   0.0001152388988570869   7.886757052726656e-28        299.998901934982
            0.036328125   0.0002182297218995341   0.0001118549883803449   1.471129495395899e-27       299.9988657797763
             0.03671875   0.0002117348720251783   0.0001084710779036029   2.153583285519185e-27       299.9988296245706
            0.037109375    0.000205197498851368   0.0001048251072921887   2.405219211157774e-27       299.9988055861011
    0.03750000000000001   0.0001986317768112545   0.0001010044299243261   2.369643227139909e-27       299.9987896254559
            0.037890625   0.0001920660547711426   9.718375255646375e-05   2.334067243122079e-27       299.9987736648105
             0.03828125   0.0001855149587114085   9.332752834249695e-05   2.023631446122457e-27       299.9987646305512
    0.03867187500000001   0.0001789858016222413   8.941798385937356e-05   1.300905929650123e-27       299.9987659858712
              0.0390625   0.0001724566445330753   8.550843937625036e-05   5.781804131778565e-28       299.9987673411911
    0.03945312500000001   0.0001659455493725067   8.162254598492525e-05   3.248341684889856e-28       299.9987715842274
    0.03984375000000001   0.0001595067019263273   7.783125696079283e-05   1.949005010933971e-27       299.9987873781294
            0.040234375   0.0001530678544801479   7.403996793666055e-05   3.573175853378923e-27       299.9988031720312
               0.040625    0.000146629007033971    7.02486789125284e-05   5.197346695823881e-27       299.9988189659333
            0.041015625   0.0001402983956866783   6.667885481377741e-05   5.493290847799877e-27       299.9988465195863
             0.04140625   0.0001339677843393852    6.31090307150264e-05   5.789234999775852e-27       299.9988740732393
            0.041796875   0.0001276371729920949   5.953920661627568e-05   6.085179151751818e-27       299.9989016268924
              0.0421875   0.0001213901319327599   5.617227299986701e-05   4.907523627922734e-27       299.9989366810264
            0.042578125   0.0001151639834454142    5.28560620040439e-05   3.361468185142378e-27       299.9989736102804
    0.04296874999999999   0.0001089378349580674   4.953985100822074e-05   1.815412742362059e-27       299.9990105395345
    0.04335937500000001   0.0001027653189517554   4.636857469726202e-05    5.83786509761158e-28       299.9990518561133
                0.04375   9.662855793279573e-05   4.329392150954598e-05  -4.382202493867338e-28       299.9990960975752
            0.044140625     9.0491796913837e-05   4.021926832183008e-05  -1.460227008534653e-27       299.9991403390371
    0.04453125000000001   8.438306288145888e-05   3.722682386541614e-05  -2.133605388923454e-27       299.9991868009476
            0.044921875   7.831636932895205e-05   3.435769250595537e-05  -2.284041201173555e-27       299.9992365935311
    0.04531250000000001   7.224967577644563e-05   3.148856114649454e-05  -2.434477013423679e-27       299.9992863861146
            0.045703125    6.61931365524833e-05   2.865129896088897e-05  -2.435938505340653e-27       299.9993369884425
             0.04609375   6.017721464269166e-05   2.594151347070245e-05  -1.841502715924814e-27       299.9993908297298
    0.04648437500000001   5.416129273290152e-05   2.323172798051625e-05  -1.247066926509019e-27       299.9994446710201
               0.046875   4.814537082311218e-05    2.05219424903302e-05  -6.526311370932309e-28       299.9994985123106
    0.04726562500000001   4.216303004584784e-05   1.792344657761623e-05   -2.48876429902984e-28       299.9995551030499
             0.04765625   3.618068926858434e-05   1.532495066490246e-05   1.548782772872411e-28       299.9996116937895
            0.048046875   3.019834849132155e-05   1.272645475218875e-05   5.586329844774708e-28        299.999668284529
              0.0484375   2.423118207071935e-05   1.018006490696179e-05   5.331767785962115e-28       299.9997261504707
    0.04882812499999999   1.826780923928262e-05   7.646701578606607e-06   4.004178444470886e-28       299.9997843352129
    0.04921875000000001   1.230443640784588e-05    5.11333825025124e-06   2.676589102979545e-28       299.9998425199551
            0.049609375    6.34484938271979e-06   2.592824568551159e-06   1.743262110186225e-28        299.999901020323
                   0.05   3.877862284664215e-07   8.087731795445417e-08   1.072776683191516e-28       299.9999597311078
    0.05039062500000001  -5.569276925785865e-06  -2.431069932642259e-06   4.022912561968086e-29       300.0000184418939
             0.05078125  -1.152859179624641e-05  -4.951522197549283e-06   2.390708709318511e-29       300.0000769459664
    0.05117187500000001   -1.74912842410197e-05  -7.484731983922078e-06   8.367480482614737e-29       300.0001351399735
              0.0515625  -2.345397668579086e-05  -1.001794177029468e-05   1.434425225591105e-28       300.0001933339822
            0.051953125  -2.942032671514087e-05  -1.256414482398832e-05   1.793031531988813e-28       300.0002512108393
    0.05234374999999999  -3.540130708280405e-05  -1.516232094696623e-05    1.19535435465922e-28        300.000307819105
            0.052734375  -4.138228745046776e-05  -1.776049706994446e-05   5.976771773296015e-29       300.0003644273741
               0.053125  -4.736326781813007e-05  -2.035867319292214e-05                       0       300.0004210356365
            0.053515625  -5.337716162823218e-05   -2.30679553341343e-05  -1.935362140203236e-28        300.000474903469
             0.05390625  -5.939105543833376e-05  -2.577723747534635e-05  -3.870724280406361e-28       300.0005287713015
    0.05429687499999999  -6.540494924843569e-05  -2.848651961655841e-05  -5.806086420609491e-28       300.0005826391341
              0.0546875  -7.145894201114096e-05  -3.132311927308487e-05   5.315996949238127e-29       300.0006332756398
            0.055078125  -7.752295951199946e-05  -3.419154830844013e-05    8.93754787439137e-28       300.0006831043139
             0.05546875  -8.358697701285636e-05  -3.705997734379524e-05   1.734349605385861e-27       300.0007329329879
            0.055859375  -8.969266533585544e-05  -4.005159840783149e-05   2.320638790119932e-27        300.000779437104
    0.05625000000000001  -9.582613420695042e-05  -4.312534749098922e-05   2.737390886045585e-27       300.0008237248548
            0.056640625  -0.0001019596030780426  -4.619909657414531e-05   3.154142981971149e-27       300.0008680125922
             0.05703125   -0.000108128600361682   -4.93693979801296e-05   3.599736364249946e-27       300.0009093798565
            0.057421875  -0.0001143508902641367  -5.268452787035351e-05   4.088591676058413e-27       300.0009463663923
              0.0578125  -0.0001205731801665917  -5.599965776057781e-05   4.577446987866898e-27       300.0009833529307
            0.058203125  -0.0001268162641963163  -5.936548900094663e-05   4.908831784977602e-27       300.0010184667398
             0.05859375  -0.0001331425247351202  -6.293412564189381e-05   4.610334523297143e-27       300.0010460896319
    0.05898437500000001  -0.0001394687852739234  -6.650276228284097e-05   4.311837261616681e-27       300.0010737125241
    0.05937500000000001  -0.0001457950458127258  -7.007139892378791e-05   4.013339999936215e-27       300.0011013354163
            0.059765625   -0.000152229157114316  -7.386153135100438e-05   2.759171249956125e-27       300.0011172115496
             0.06015625  -0.0001586632684159054  -7.765166377822063e-05   1.505002499976059e-27       300.0011330876828
            0.060546875  -0.0001650973797174938  -8.144179620543678e-05   2.508337499960062e-28        300.001148963816
    0.06093750000000001  -0.0001716035493205088  -8.532673780331401e-05   6.089407884846791e-28       300.0011533002745
            0.061328125  -0.0001781277334988795  -8.923538169385648e-05   1.370116774090515e-27       300.0011547518149
             0.06171875  -0.0001846519176772498  -9.314402558439871e-05   2.131292759696348e-27       300.0011562033542
    0.06210937499999999  -0.0001911980182444433  -9.699970217889941e-05   2.533739687168066e-27       300.0011472741578
                 0.0625  -0.0001977587297375196   -0.000100820067242706   2.697033909217032e-27       300.0011314244705
    0.06289062500000001  -0.0002043194412305946  -0.0001046404323065124   2.860328131266036e-27       300.0011155747834
             0.06328125  -0.0002108518916946655  -0.0001082865069922712   2.659386911532381e-27       300.0010916532522
            0.063671875  -0.0002173419506152309   -0.000111671146110959   1.912092529124794e-27       300.0010556239553
    0.06406249999999999  -0.0002238320095357952  -0.0001150557852296465    1.16479814671726e-27       300.0010195946583
            0.064453125  -0.0002302715589900877  -0.0001182482552690898   5.315274757417551e-28       300.0009790200492
    0.06484375000000001  -0.0002365090705792926  -0.0001206720489915559   3.543516504945022e-28        300.000920264192
            0.065234375  -0.0002427465821684966  -0.0001230958427140219    1.77175825247257e-28       300.0008615083349
               0.065625  -0.0002489840937577003  -0.0001255196364364878   6.303376163532143e-42       300.0008027524777
    0.06601562500000001  -0.0002546895560712876   -0.000126248934711377                       0       300.0007195591911
             0.06640625  -0.0002603950183848752  -0.0001269782329862662                       0       300.0006363659045
    0.06679687500000001  -0.0002661004806984636  -0.0001277075312611554                       0        300.000553172618
    0.06718749999999998  -0.0002710609028123141  -0.0001263152294027859  -1.053016914710142e-27        300.000450294344
            0.067578125  -0.0002758350648762306  -0.0001243925275111013  -2.369288058098032e-27       300.0003424948232
    0.06796875000000002  -0.0002806092269401465  -0.0001224698256194168  -3.685559201485931e-27       300.0002346953024
            0.068359375  -0.0002845027704916987  -0.0001182549813534687  -3.189747597323648e-27       300.0001135098748
    0.06874999999999999  -0.0002878092350350164  -0.0001125120421713473  -1.485880828128065e-27       299.9999834005158
            0.069140625  -0.0002911156995783181  -0.0001067691029892211   2.179859410672651e-28       299.9998532911434
             0.06953125   -0.000293562841973471  -9.896977886241309e-05   2.508351761200698e-27       299.9997166145587
    0.06992187500000001  -0.0002947210011463798  -8.808587731857591e-05   5.678466157741022e-27       299.9995700871352
              0.0703125  -0.0002958791603192913  -7.720197577474044e-05   8.848580554281099e-27       299.9994235597146
    0.07070312499999999  -0.0002964447726906566  -6.501995830987336e-05   1.157819865095032e-26        299.999275903341
             0.07109375    -0.00029464019785584  -4.764547716087662e-05   1.254583154813542e-26       299.9991237311551
    0.07148437499999999  -0.0002928356230210254  -3.027099601188032e-05   1.351346444532052e-26       299.9989715589695
    0.07187500000000001  -0.0002910310481862074  -1.289651486288339e-05   1.448109734250561e-26       299.9988193867837
            0.072265625  -0.0002853515561649523   1.213518868306586e-05   1.522463317870867e-26       299.9986785559257
    0.07265625000000001   -0.000279672064143697   3.716689222901515e-05   1.596816901491172e-26       299.9985377250677
    0.07304687500000001  -0.0002739925721224413    6.21985957749644e-05   1.671170485111478e-26       299.9983968942097
              0.0734375  -0.0002644612799240659   9.388378266754267e-05   1.264530901376644e-26       299.9982846439066
    0.07382812500000001  -0.0002539670376814098   0.0001272323403967793   7.376430258030331e-27       299.9981795387423
             0.07421875  -0.0002434727954387517   0.0001605808981260145   2.107551502294381e-27       299.9980744335782
    0.07460937500000001  -0.0002295758211047947   0.0001987360886470029  -4.969223767033765e-27       299.9980102810532
    0.07500000000000001  -0.0002134103587099747   0.0002400957010291609  -1.325126337875651e-26        299.997973430291
            0.075390625  -0.0001972448963151477   0.0002814553134113146  -2.153330299047928e-26       299.9979365795222
    0.07578125000000001  -0.0001785636790819109    0.000325266942672305  -2.478723765986241e-26       299.9979432549808
            0.076171875  -0.0001561088295910575   0.0003727565972515436  -2.049901491573692e-26       299.9980152197755
    0.07656250000000001  -0.0001336539801002037   0.0004202462518307896  -1.621079217161125e-26       299.9980871845736
    0.07695312500000001  -0.0001099042918048546   0.0004681169249473494  -1.206413103692365e-26       299.9981903240433
             0.07734375   -8.09752482915329e-05   0.0005175116722131797  -8.483716339989307e-27       299.9984181622119
    0.07773437499999999  -5.204620477821124e-05   0.0005669064194790148  -4.903301643054779e-27       299.9986460003834
               0.078125  -2.311716126488803e-05   0.0006163011667448516  -1.322886946120357e-27        299.998873838555
    0.07851562500000001   1.181621794356893e-05   0.0006601107093368577  -9.094847754576614e-28       299.9993074077732
    0.07890625000000001   4.674959715202581e-05   0.0007039202519288636  -4.960826047950792e-28       299.9997409769916
    0.07929687499999999   8.168297636047975e-05   0.0007477297945208663  -8.268043413252791e-29       300.0001745462099
    0.07968750000000001   0.0001203435501443076   0.0007776274177393243   1.186219534098392e-26       300.0008093922023
    0.08007812499999999   0.0001599359225719731   0.0008040470611143927   2.668993951721171e-26       300.0014945573884
    0.08046875000000001   0.0001995282949996464   0.0008304667044894633   4.151768369344321e-26       300.0021797225743
    0.08085937500000001   0.0002404759870783953   0.0008361058630960578   5.428498716471358e-26       300.0030343404783
                0.08125   0.0002823272255911946   0.0008278913651903361   6.567866349934359e-26       300.0040019268608
    0.08164062500000001   0.0003241784641039958   0.0008196768672846135   7.707233983397469e-26       300.0049695132433
             0.08203125   0.0003655179273981662   0.0007880927869319074   7.341997743040966e-26       300.0060497086626
    0.08242187500000001   0.0004060897278643839   0.0007214543329087008   4.719855691954782e-26       300.0072988176286
    0.08281250000000001   0.0004466615283306018   0.0006548158788855001   2.097713640868735e-26       300.0085479265961
            0.083203125   0.0004860574199512177   0.0005702442030842463                       0       300.0098420503011
    0.08359375000000002   0.0005207496761893854   0.0004139396401707225                       0       300.0113162329342
            0.083984375   0.0005554419324275556   0.0002576350772572215                       0       300.0127904155706
    0.08437500000000001   0.0005901341886657286    0.000101330514343709                       0       300.0142645982074
    0.08476562500000001   0.0006135880867566641  -0.0001836881682724662  -7.526954762234194e-26        300.015819638081
             0.08515625   0.0006370419848475961  -0.0004687068508886337  -1.505390952446824e-25       300.0173746779533
    0.08554687500000002   0.0006604958829385284  -0.0007537255335048155  -2.258086428670272e-25        300.018929717825
    0.08593750000000001    0.000670539121635982   -0.001178486338779239  -3.716648271746868e-25       300.0203313456782
    0.08632812499999999   0.0006772296954850481   -0.001638182674718183  -5.351676706536621e-25       300.0216946205189
    0.08671875000000001   0.0006839202693341252   -0.002097879010657186  -6.986705141326546e-25        300.023057895363
    0.08710937500000002   0.0006776973530913234   -0.002692068496646024  -7.475542071939974e-25       300.0240379349712
    0.08749999999999999   0.0006628654434539323   -0.003375920082668021  -7.200251333102585e-25       300.0247624844199
            0.087890625   0.0006480335338165329   -0.004059771668690029  -6.924960594265015e-25       300.0254870338641
    0.08828125000000001    0.000623511860517555   -0.004851280941550853  -5.488415036164181e-25       300.0256908662618
    0.08867187500000001   0.0005844555417262076   -0.005804276744669875  -2.309987249168544e-25       300.0251136230877
              0.0890625    0.000545399222934854   -0.006757272547788854   8.684405378271766e-26       300.0245363799111
    0.08945312500000002   0.0005016909636651214   -0.007769087175394917   3.405161182885007e-25       300.0235193655329
             0.08984375   0.0004393749424818883   -0.009016177100949015   3.375053260191126e-25       300.0207432663493
    0.09023437500000001   0.0003770589212986573    -0.01026326702650327   3.344945337497164e-25       300.0179671671686
    0.09062500000000001   0.0003147429001154276    -0.01151035695205753   3.314837414803195e-25       300.0151910679883
            0.091015625   0.0002355768725528955    -0.01303017930975647   2.278950722677191e-25       300.0091234094868
    0.09140625000000001   0.0001564108449903623     -0.0145500016674555   1.243064030551167e-25       300.0030557509867
            0.091796875   7.724481742783353e-05    -0.01606982402515452   2.071773384251945e-26       299.9969880924877
    0.09218750000000002  -5.355214507024535e-06    -0.01772277143451606                       0        299.987364541157
    0.09257812500000002  -8.881374753496034e-05    -0.01940900010679338                       0       299.9768520166228
    0.09296874999999999  -0.0001722722805628906    -0.02109522877907084                       0       299.9663394920926
    0.09335937499999999  -0.0002471342302363269    -0.02273838318625815                       0         299.95258786494
                0.09375  -0.0003162651243400919    -0.02435282141671847                       0       299.9366768360377
    0.09414062500000002  -0.0003853960184438631    -0.02596725964717917                       0       299.9207658071394
    0.09453125000000002  -0.0004403681313194461    -0.02738857710552795                       0        299.902538156676
            0.094921875  -0.0004741020723527593    -0.02852021340570898                       0       299.8808355738647
    0.09531250000000001  -0.0005078360133860754    -0.02965184970589013                       0       299.8591329910534
    0.09570312499999999  -0.0005313974892040439    -0.03056884376285804   1.262758128056374e-25       299.8363725512445
    0.09609375000000001  -0.0005142691041606087    -0.03062726884697184    7.57654876833757e-25       299.8093806834287
    0.09648437500000001   -0.000497140719117181    -0.03068569393108612   1.389033940861906e-24       299.7823888156177
               0.096875  -0.0004800123340737451     -0.0307441190151998   2.020413004889985e-24       299.7553969478008
    0.09726562499999999  -0.0004182702360535073    -0.02901891040013904   2.395367069113346e-24       299.7245868192705
             0.09765625  -0.0003565281380332687    -0.02729370178507826   2.770321133336726e-24       299.6937766907402
    0.09804687500000001  -0.0002947860400130288    -0.02556849317001746   3.145275197560137e-24         299.66296656221
    0.09843750000000001  -0.0002231158611818689    -0.02184936310377925   2.415199507803596e-24       299.6307167625995
            0.098828125  -0.0001489636621479817    -0.01763175267474695   1.408866379552106e-24       299.5981070452223
    0.09921875000000002  -7.481146311408591e-05    -0.01341414224571397   4.025332513005045e-25       299.5654973278383
    0.09960937500000001   -2.82191146878342e-05   -0.007329436296312868                       0       299.5327834005558
                    0.1                       0                       0                       0                   299.5
