/*--------------------------------*- C++ -*----------------------------------*\
  =========                 |
  \\      /  F ield         | OpenFOAM: The Open Source CFD Toolbox
   \\    /   O peration     | Website:  https://openfoam.org
    \\  /    A nd           | Version:  13
     \\/     M anipulation  |
\*---------------------------------------------------------------------------*/
FoamFile
{
    format      ascii;
    class       volScalarField;
    location    "1.471581902843814";
    object      T;
}
// * * * * * * * * * * * * * * * * * * * * * * * * * * * * * * * * * * * * * //

dimensions      [0 0 0 1 0 0 0];

internalField   nonuniform List<scalar> 
2137
(
300.00000013139214
300.00000007893306
300.0000000466888
300.0000000270511
300.00000001521073
300.00000000815214
300.00000000399956
300.00000000159508
300.00000000022942
299.99999999947141
299.99999999906055
299.99999999884068
299.99999999871864
299.99999999863888
300.00000013456776
300.00000008092445
300.00000004793191
300.00000002782633
300.00000001569686
300.00000000846205
300.00000000420403
300.00000000173804
300.00000000033788
299.99999999956191
299.9999999991432
299.99999999892157
299.99999999880151
299.99999999872614
300.00000013784751
300.00000008299196
300.00000004923271
300.00000002864704
300.00000001622038
300.00000000880419
300.00000000443731
300.00000000190744
300.0000000004714
299.99999999967662
299.9999999992495
299.99999999902599
299.99999999890804
299.99999999883761
300.00000014123651
300.00000008513916
300.00000005059354
300.00000002951498
300.00000001678274
300.00000000917953
300.00000000469998
300.00000000210395
300.00000000063028
299.99999999981549
299.99999999937933
299.99999999915349
299.99999999903764
299.99999999897233
300.00000014474057
300.00000008736981
300.00000005201707
300.00000003043186
300.0000000173851
300.00000000958892
300.0000000049929
300.00000000232791
300.00000000081479
299.9999999999788
299.99999999953263
299.9999999993039
299.9999999991897
299.99999999912933
300.00000014836587
300.00000008968811
300.00000005350608
300.00000003139985
300.00000001802891
300.00000001003349
300.00000000531662
300.00000000257984
300.00000000102534
300.00000000016655
299.99999999970925
299.9999999994767
299.99999999936341
299.99999999930736
300.00000015211901
300.00000009209867
300.00000005506388
300.00000003242093
300.00000001871575
300.00000001051433
300.00000000567212
300.00000000286036
300.00000000126215
300.00000000037892
299.99999999990916
299.99999999967156
299.99999999955827
299.99999999950546
300.00000015600745
300.00000009460632
300.00000005669358
300.00000003349766
300.00000001944733
300.00000001103268
300.0000000060603
300.00000000317021
300.00000000152568
300.00000000061613
300.00000000013227
299.9999999998883
299.99999999977354
299.99999999972266
300.00000016003895
300.00000009721646
300.00000005839911
300.00000003463254
300.00000002022546
300.00000001158998
300.00000000648214
300.00000000350997
300.00000000181655
300.00000000087852
300.00000000037875
300.00000000012676
300.00000000000898
299.99999999995856
300.00000016422229
300.00000009993488
300.00000006018439
300.00000003582846
300.0000000210523
300.00000001218763
300.00000000693888
300.00000000388064
300.00000000213532
300.00000000116648
300.00000000064881
300.00000000038699
300.00000000026449
300.00000000021259
300.00000016856671
300.00000010276801
300.0000000620538
300.00000003708845
300.00000002193008
300.00000001282751
300.00000000743171
300.00000000428327
300.00000000248286
300.00000000148066
300.00000000094298
300.00000000066933
300.00000000054007
300.00000000048482
300.00000017308241
300.00000010572268
300.00000006401211
300.00000003841603
300.00000002286129
300.00000001351134
300.00000000796206
300.00000000471891
300.00000000286008
300.00000000182172
300.0000000012617
300.00000000097407
300.00000000083605
300.00000000077523
300.00000017778029
300.00000010880632
300.00000006606456
300.00000003981467
300.00000002384843
300.00000001424121
300.00000000853163
300.00000000518884
300.00000000326793
300.00000000219063
300.00000000160571
300.00000000130183
300.00000000115278
300.00000000108429
300.00000018267258
300.00000011202718
300.00000006821659
300.00000004128844
300.00000002489463
300.00000001501922
300.00000000914207
300.00000000569446
300.00000000370761
300.00000000258831
300.00000000197588
300.00000000165335
300.00000000149106
300.00000000141262
300.00000018777223
300.00000011539402
300.00000007047447
300.00000004284163
300.00000002600297
300.00000001584783
300.0000000097952
300.0000000062372
300.00000000418038
300.00000000301577
300.0000000023731
300.00000000202942
300.00000000185156
300.00000000176084
300.0000001930934
300.00000011891643
300.00000007284461
300.00000004447895
300.00000002717667
300.00000001672959
300.00000001049312
300.00000000681888
300.00000000468765
300.00000000347427
300.00000000279846
300.00000000243114
300.0000000022352
300.00000000212975
300.00000019865155
300.00000012260489
300.00000007533441
300.00000004620534
300.00000002841961
300.00000001766722
300.00000001123794
300.00000000744109
300.00000000523073
300.000000003965
300.00000000325309
300.00000000285934
300.00000000264288
300.00000000252032
300.00000020446356
300.00000012647064
300.00000007795131
300.00000004802627
300.00000002973553
300.00000001866363
300.00000001203182
300.0000000081057
300.00000000581139
300.00000000448932
300.00000000373808
300.00000000331517
300.00000000307557
300.00000000293358
300.00000021054774
300.00000013052602
300.00000008070396
300.00000004994752
300.00000003112871
300.00000001972194
300.00000001287725
300.0000000088146
300.00000000643092
300.00000000504866
300.00000000425473
300.0000000037997
300.00000000353441
300.00000000337036
300.00000021692409
300.00000013478444
300.00000008360138
300.00000005197541
300.00000003260362
300.00000002084545
300.0000000137768
300.00000000956976
300.00000000709122
300.00000000564432
300.00000000480418
300.00000000431413
300.00000000402031
300.0000000038317
300.00000022361462
300.00000013926052
300.00000008665324
300.00000005411681
300.00000003416494
300.00000002203763
300.00000001473296
300.0000000103733
300.0000000077938
300.00000000627767
300.00000000538773
300.00000000485937
300.00000000453429
300.00000000431857
300.00000023064308
300.00000014397011
300.00000008987053
300.00000005637895
300.00000003581795
300.00000002330216
300.00000001574858
300.00000001122737
300.00000000854044
300.00000000695024
300.00000000600642
300.00000000543656
300.00000000507725
300.00000000483175
300.0000002380358
300.00000014893055
300.00000009326465
300.00000005876973
300.00000003756799
300.00000002464299
300.00000001682645
300.00000001213402
300.00000000933272
300.00000000766329
300.00000000666159
300.00000000604672
300.00000000565018
300.0000000053721
300.00000024582147
300.00000015416083
300.00000009684817
300.00000006129756
300.00000003942097
300.00000002606419
300.00000001796957
300.00000001309547
300.00000001017247
300.00000000841817
300.00000000735412
300.00000000669058
300.00000000625374
300.00000000594025
300.00000025403165
300.00000015968163
300.00000010063491
300.00000006397175
300.00000004138309
300.00000002757002
300.00000001918107
300.00000001411411
300.00000001106133
300.00000000921619
300.00000000808518
300.00000000736924
300.00000000688868
300.00000000653694
300.00000026270101
300.0000001655157
300.00000010463987
300.0000000668021
300.000000043461
300.00000002916505
300.00000002046403
300.00000001519197
300.0000000120009
300.00000001005861
300.00000000885569
300.00000000808313
300.00000000755551
300.00000000716233
300.00000027186798
300.00000017168793
300.00000010887902
300.00000006979934
300.00000004566181
300.00000003085421
300.00000002182168
300.00000001633157
300.00000001299287
300.00000001094645
300.00000000966634
300.00000000883307
300.00000000825469
300.00000000781699
300.00000028157473
300.00000017822572
300.0000001133705
300.00000007297507
300.00000004799313
300.00000003264228
300.00000002325748
300.00000001753494
300.00000001403862
300.0000000118809
300.00000001051797
300.00000000961933
300.00000000898643
300.00000000850099
300.0000002918681
300.00000018515931
300.00000011813347
300.00000007634185
300.00000005046309
300.00000003453476
300.00000002477486
300.00000001880443
300.00000001513968
300.0000000128627
300.00000001141092
300.00000001044225
300.00000000975086
300.0000000092142
300.00000030279995
300.0000001925219
300.00000012318947
300.00000007991326
300.00000005308044
300.00000003653719
300.00000002637739
300.00000002014229
300.00000001629735
300.0000000138927
300.00000001234565
300.00000001130189
300.00000001054786
300.00000000995641
300.00000031442812
300.00000020035043
300.00000012856185
300.00000008370438
300.00000005585457
300.00000003865534
300.0000000280686
300.00000002155059
300.00000001751283
300.00000001497142
300.00000001332234
300.00000001219803
300.00000001137698
300.00000001072715
300.00000032681686
300.00000020868572
300.00000013427649
300.00000008773117
300.00000005879554
300.00000004089549
300.00000002985217
300.00000002303148
300.00000001878726
300.00000001609925
300.0000000143408
300.00000001313038
300.00000001223782
300.00000001152569
300.00000034003807
300.00000021757336
300.00000014036192
300.00000009201153
300.00000006191431
300.00000004326421
300.00000003173199
300.000000024587
300.00000002012138
300.00000001727636
300.00000001540081
300.0000000140983
300.00000001312935
300.00000001235105
300.00000035417236
300.00000022706382
300.00000014684969
300.00000009656492
300.00000006522254
300.00000004576833
300.0000000337119
300.00000002621897
300.00000002151603
300.00000001850253
300.0000000165017
300.00000001510074
300.0000000140505
300.00000001320188
300.00000036931004
300.0000002372139
300.00000015377486
300.00000010141264
300.00000006873307
300.00000004841525
300.00000003579572
300.00000002792922
300.00000002297151
300.00000001977753
300.00000001764249
300.00000001613654
300.00000001499978
300.00000001407676
300.00000038555316
300.00000024808685
300.00000016117633
300.00000010657828
300.00000007245978
300.00000005121274
300.00000003798755
300.00000002971944
300.00000002448809
300.00000002110039
300.00000001882188
300.00000001720394
300.00000001597533
300.00000001497352
300.0000004030166
300.00000025975396
300.00000016909775
300.00000011208789
300.00000007641768
300.00000005416911
300.00000004029147
300.00000003159107
300.00000002606555
300.0000000224702
300.00000002003816
300.00000001830091
300.00000001697487
300.00000001588995
300.00000001494527
300.00000001408159
300.0000000132647
300.00000001247486
300.00000001170127
300.00000001093787
300.00000001018151
300.00000000943055
300.00000000868425
300.00000000794233
300.00000000720456
300.00000000647083
300.00000000574107
300.00000000501518
300.00000000429293
300.00000000357414
300.0000000028586
300.00000000214601
300.00000000143592
300.00000000072811
300.00000000002217
300.00000042183035
300.00000027229544
300.00000017758771
300.00000011797033
300.00000008062347
300.00000005729328
300.00000004271169
300.0000000335454
300.00000002770349
300.00000002388538
300.00000002128928
300.0000000194251
300.00000001799583
300.00000001682338
300.00000001580173
300.0000000148687
300.00000001398814
300.00000001313919
300.00000001231012
300.00000001149448
300.00000001068872
300.00000000989087
300.00000000909995
300.0000000083154
300.00000000753681
300.00000000676386
300.00000000599636
300.00000000523397
300.00000000447631
300.00000000372302
300.00000000297371
300.00000000222775
300.00000000148492
300.00000000074448
300.00000000000597
300.00000044214175
300.00000028580166
300.00000018670067
300.00000012425767
300.00000008509511
300.00000006059469
300.00000004525236
300.00000003558347
300.00000002940101
300.00000002534392
300.00000002257252
300.00000002057334
300.00000001903499
300.0000000177705
300.00000001666848
300.00000001566332
300.00000001471682
300.00000001380693
300.00000001292108
300.000000012052
300.00000001119599
300.00000001035056
300.00000000951451
300.00000000868704
300.00000000786753
300.00000000705541
300.00000000625022
300.00000000545145
300.0000000046586
300.00000000387115
300.00000000308836
300.00000000230972
300.00000000153443
300.00000000076187
299.99999999999136
300.00000046411799
300.00000030037461
300.00000019649775
300.00000013098548
300.00000008985262
300.00000006408368
300.00000004791792
300.00000003770617
300.0000000311569
300.00000002684328
300.00000002388475
300.00000002174227
300.00000002008881
300.00000001872769
300.00000001754182
300.00000001646197
300.00000001544754
300.00000001447506
300.00000001353106
300.00000001260776
300.00000001170071
300.0000000108073
300.00000000992588
300.00000000905538
300.00000000819489
300.00000000734371
300.00000000650112
300.00000000566644
300.00000000483891
300.00000000401769
300.00000000320205
300.00000000239118
300.00000000158417
300.00000000078018
299.99999999997823
300.0000004879488
300.00000031612956
300.00000020704761
300.00000013819351
300.00000009491777
300.00000006777117
300.00000005071286
300.00000003991403
300.00000003296941
300.00000002838061
300.00000002522228
300.00000002292779
300.00000002115303
300.00000001969096
300.00000001841795
300.00000001726079
300.0000000161765
300.00000001514007
300.00000001413696
300.00000001315863
300.00000001220013
300.00000001125846
300.00000001033163
300.00000000941816
300.00000000851702
300.00000000762714
300.00000000674771
300.00000000587755
300.00000000501598
300.00000000416173
300.00000000331403
300.00000000247167
300.00000000163374
300.00000000079916
299.99999999996675
300.00000051384939
300.00000033319662
300.00000021842726
300.00000014592587
300.00000010031459
300.00000007166909
300.00000005364154
300.0000000422072
300.00000003483621
300.0000000299521
300.00000002658072
300.0000000241252
300.00000002222299
300.00000002065548
300.00000001929214
300.0000000180554
300.00000001689966
300.00000001579815
300.00000001473512
300.00000001370131
300.00000001269115
300.00000001170122
300.00000001072914
300.00000000977309
300.00000000883176
300.00000000790391
300.00000000698816
300.0000000060835
300.00000000518855
300.00000000430231
300.00000000342345
300.00000000255068
300.00000000168285
300.0000000008186
299.99999999995674
300.0000005420639
300.00000035172258
300.00000023072289
300.00000015423177
300.00000010606954
300.00000007579013
300.00000005670876
300.00000004458565
300.00000003675456
300.0000000315535
300.00000002795497
300.0000000253292
300.00000002329324
300.00000002161602
300.0000000201594
300.00000001884115
300.00000001761254
300.00000001644497
300.00000001532163
300.00000001423211
300.00000001317045
300.00000001213255
300.00000001111567
300.00000001011773
300.00000000913695
300.00000000817187
300.00000000722082
300.00000000628256
300.0000000053555
300.00000000443828
300.00000000352941
300.00000000262742
300.00000000173088
300.00000000083838
299.99999999994827
300.00000057286815
300.00000037187243
300.00000024403113
300.00000016316545
300.00000011221164
300.00000008014791
300.0000000599191
300.00000004704867
300.00000003872083
300.00000003317962
300.00000002933922
300.00000002653366
300.00000002435769
300.00000002256678
300.00000002101416
300.00000001961257
300.00000001831012
300.00000001707605
300.00000001589211
300.00000001474717
300.00000001363435
300.00000001254909
300.00000001148823
300.00000001044924
300.0000000094301
300.00000000842891
300.00000000744382
300.00000000647321
300.00000000551535
300.00000000456851
300.00000000363104
300.00000000270131
300.00000000177749
300.00000000085805
299.99999999994122
300.00000060657294
300.0000003938311
300.00000025845924
300.00000017278705
300.00000011877211
300.00000008475695
300.00000006327707
300.00000004959514
300.00000004073075
300.00000003482467
300.00000003072688
300.00000002773169
300.00000002540963
300.000000023501
300.00000002185016
300.00000002036393
300.00000001898695
300.00000001768626
300.00000001644202
300.00000001524216
300.00000001407898
300.00000001294734
300.00000001184361
300.00000001076484
300.00000000970863
300.00000000867271
300.00000000765505
300.00000000665369
300.00000000566655
300.00000000469174
300.00000000372734
300.00000000277146
300.00000000182217
300.00000000087749
299.9999999999356
300.00000064352594
300.00000041780436
300.0000002741258
300.00000018316229
300.00000012578522
300.00000008963241
300.00000006678687
300.00000005222319
300.00000004277905
300.00000003648159
300.00000003211017
300.00000002891545
300.00000002644128
300.00000002441158
300.0000000226604
300.00000002108868
300.00000001963707
300.00000001827004
300.00000001696628
300.00000001571249
300.00000001450013
300.00000001332342
300.00000001217825
300.00000001106133
300.00000000996971
300.00000000890083
300.00000000785241
300.00000000682206
300.00000000580758
300.00000000480668
300.00000000381726
300.00000000283711
300.00000000186424
300.00000000089631
299.99999999993128
300.00000068411327
300.00000044401924
300.00000029116069
300.00000019436237
300.00000013328696
300.00000009479004
300.00000007045242
300.00000005492996
300.00000004485941
300.00000003814239
300.00000003348043
300.00000003007625
300.00000002744412
300.00000002529015
300.00000002343739
300.00000002177978
300.00000002025388
300.00000001882148
300.00000001745934
300.00000001615302
300.00000001489315
300.00000001367329
300.00000001248861
300.00000001133543
300.00000001021044
300.00000000911069
300.00000000803357
300.00000000697645
300.00000000593673
300.00000000491195
300.00000000389969
300.00000000289759
300.00000000190317
300.00000000091421
299.99999999992832
300.00000072875929
300.00000047272334
300.00000030970432
300.00000020646314
300.0000001413153
300.00000010024536
300.00000007427673
300.00000005771147
300.0000000469642
300.00000003979773
300.00000003482768
300.00000003120408
300.00000002840869
300.00000002612791
300.00000002417261
300.00000002242945
300.00000002083021
300.00000001933387
300.00000001791523
300.00000001655837
300.00000001525314
300.00000001399229
300.00000001277056
300.00000001158355
300.00000001042758
300.00000000929953
300.00000000819625
300.00000000711475
300.00000000605229
300.00000000500603
300.00000000397347
300.00000000295177
300.00000000193842
300.00000000093087
299.9999999999265
300.00000077792299
300.00000050418265
300.0000003299059
300.00000021954435
300.00000014990883
300.00000010601337
300.00000007826128
300.00000006056212
300.00000004908406
300.00000004143664
300.00000003614053
300.00000003228763
300.00000002932416
300.00000002691456
300.00000002485677
300.00000002302909
300.00000002135829
300.00000001980015
300.00000001832734
300.00000001692268
300.00000001557487
300.00000001427588
300.00000001301976
300.00000001180183
300.00000001061784
300.00000000946432
300.00000000833762
300.00000000723469
300.00000000615233
300.00000000508749
300.00000000403736
300.00000000299895
300.0000000019694
300.00000000094605
299.99999999992599
300.00000083209255
300.00000053867677
300.00000035192016
300.00000023368671
300.0000001591053
300.00000011210722
300.00000008240568
300.00000006347415
300.00000005120779
300.00000004304633
300.00000003740593
300.00000003331428
300.0000000301784
300.00000002763903
300.00000002547944
300.00000002356904
300.00000002182929
300.00000002021227
300.00000001868864
300.00000001723942
300.00000001585238
300.0000000145186
300.00000001323167
300.00000001198612
300.00000001077757
300.00000000960176
300.00000000845506
300.00000000733394
300.00000000623493
300.00000000515473
300.00000000409017
300.00000000303811
300.0000000019956
300.0000000009594
299.99999999992673
299.99999999889451
299.99999999785962
299.99999999681899
300.00000089177337
300.0000005764918
300.00000037590263
300.00000024896946
300.00000016893972
300.000000118537
300.00000008670634
300.00000006643694
300.00000005332134
300.0000000446118
300.00000003860885
300.00000003426953
300.00000003095795
300.00000002828864
300.00000002602906
300.00000002403897
300.00000002223362
300.00000002056169
300.0000000189911
300.00000001750146
300.0000000160793
300.00000001471494
300.00000001340106
300.00000001213203
300.00000001090262
300.00000000970857
300.00000000854561
300.00000000740994
300.00000000629791
300.00000000520595
300.00000000413053
300.00000000306835
300.00000000201624
300.00000000097083
299.99999999992895
299.9999999988874
299.99999999784291
299.99999999679227
300.00000095747095
300.00000061790888
300.00000040200268
300.00000026546502
300.00000017944103
300.00000012530757
300.00000009115536
300.00000006943623
300.00000005540784
300.00000004611525
300.00000003973184
300.00000003513691
300.00000003164735
300.00000002884923
300.00000002649267
300.00000002442681
300.0000000225607
300.00000002083857
300.00000001922609
300.00000001770098
300.00000001624863
300.00000001485841
300.00000001352248
300.00000001223441
300.00000001098886
300.00000000978076
300.00000000860592
300.00000000745996
300.00000000633906
300.00000000523931
300.00000000415707
300.00000000308881
300.00000000203096
300.00000000098009
299.99999999993287
299.99999999888581
299.99999999783563
299.99999999677868
300.00000102966595
300.00000066318864
300.00000043035271
300.00000028323313
300.00000019062833
300.00000013241618
300.00000009573864
300.00000007245285
300.00000005744624
300.00000004753571
300.00000004075468
300.00000003589741
300.0000000322292
300.00000002930483
300.00000002685567
300.00000002471955
300.0000000227983
300.00000002103218
300.00000001938378
300.00000001782922
300.00000001635243
300.00000001494209
300.00000001358956
300.0000000122879
300.00000001103126
300.00000000981436
300.00000000863247
300.00000000748105
300.00000000635589
300.00000000525296
300.00000000416844
300.00000000309836
300.0000000020392
300.00000000098726
299.99999999993895
299.99999999889076
299.99999999783904
299.9999999967801
300.00000110877983
300.00000071254948
300.00000046105589
300.00000030231269
300.00000020250576
300.00000013984902
300.00000010043414
300.00000007546134
300.00000005941064
300.00000004884805
300.00000004165395
300.00000003652934
300.00000003268349
300.00000002963731
300.00000002710158
300.00000002490208
300.00000002293319
300.00000002113023
300.00000001945324
300.00000001787623
300.00000001638199
300.00000001495806
300.00000001359535
300.00000001228631
300.00000001102455
300.00000000980464
300.00000000862127
300.00000000746985
300.00000000634577
300.00000000524494
300.00000000416304
300.00000000309626
300.00000000204068
300.00000000099249
299.99999999994793
299.99999999890332
299.99999999785496
299.99999999679886
300.00000119512998
300.00000076613992
300.00000049416832
300.00000032271078
300.00000021505599
300.00000014757757
300.00000010520915
300.00000007842857
300.00000006126913
300.00000005002255
300.00000004240212
300.00000003700768
300.00000003298749
300.0000000298258
300.00000002721174
300.00000002495756
300.00000002294979
300.00000002111904
300.00000001942198
300.00000001783093
300.00000001632719
300.00000001489752
300.00000001353209
300.00000001222276
300.00000001096282
300.00000000974637
300.00000000856801
300.00000000742273
300.00000000630587
300.00000000521283
300.00000000413951
300.0000000030816
300.00000000203516
300.00000000099618
299.99999999996089
299.99999999892538
299.9999999978856
299.9999999968378
300.00000128887348
300.00000082400476
300.00000052967886
300.00000034439091
300.00000022823269
300.00000015555355
300.0000001100172
300.0000000813115
300.00000006298239
300.00000005102362
300.00000004296703
300.00000003730332
300.00000003311493
300.00000002984689
300.00000002716467
300.00000002486667
300.00000002283087
300.00000002098278
300.00000001927594
300.00000001768063
300.00000001617678
300.00000001475036
300.00000001339066
300.00000001208929
300.00000001083907
300.00000000963377
300.00000000846774
300.00000000733576
300.00000000623288
300.0000000051545
300.00000000409619
300.00000000305363
300.0000000020226
300.00000000099925
299.99999999997931
299.99999999895897
299.99999999793414
299.99999999690073
300.00000138993943
300.00000088604361
300.00000056748416
300.00000036725737
300.0000002419514
300.00000016370393
300.00000011479517
300.00000008405522
300.00000006450261
300.00000005180897
300.00000004331139
300.00000003738296
300.00000003303586
300.0000000296734
300.00000002693605
300.00000002460729
300.00000002255643
300.00000002070351
300.00000001899889
300.00000001741074
300.00000001591775
300.00000001450491
300.00000001316096
300.00000001187703
300.00000001064564
300.00000000946028
300.00000000831494
300.00000000720439
300.00000000612346
300.00000000506731
300.00000000403156
300.00000000301168
300.00000000200345
300.00000000100266
300.00000000000529
299.99999999900717
299.99999999800428
299.99999999699241
300.00000149795068
300.00000095196452
300.00000060736079
300.00000039113939
300.00000025608011
300.00000017192463
300.00000011945929
300.00000008659083
300.00000006577159
300.00000005232874
300.00000004339142
300.00000003720788
300.00000003271595
300.00000002927453
300.00000002649796
300.00000002415442
300.00000002210385
300.00000002026081
300.00000001857234
300.00000001700465
300.00000001553519
300.00000001414793
300.00000001283126
300.00000001157576
300.00000001037364
300.00000000921818
300.00000000810337
300.00000000702352
300.00000000597362
300.00000000494867
300.00000000394414
300.0000000029554
300.00000000197821
300.00000000100835
300.00000000004161
299.99999999907396
299.99999999810115
299.99999999711895
300.00000161213825
300.00000102123289
300.00000064893572
300.00000041577323
300.00000027042859
300.00000018007472
300.00000012390188
300.00000008883308
300.00000006671968
300.00000005252434
300.00000004315672
300.00000003673398
300.00000003211579
300.00000002861503
300.00000002581885
300.00000002347934
300.00000002144708
300.00000001963116
300.00000001797525
300.00000001644344
300.00000001501206
300.00000001366436
300.00000001238811
300.00000001117365
300.00000001001297
300.00000000889906
300.00000000782586
300.00000000678762
300.00000000577927
300.00000000479571
300.00000000383227
300.00000000288452
300.00000000194808
300.00000000101869
300.00000000009214
299.99999999916434
299.99999999823103
299.999999997288
300.00000173125284
300.00000109301999
300.00000069165566
300.00000044078473
300.00000028473852
300.00000018797067
300.00000012798756
300.00000009067833
300.00000006726424
300.00000005232749
300.00000004254935
300.00000003591072
300.00000003119084
300.00000002765506
300.00000002486269
300.00000002254961
300.00000002055685
300.000000018788
300.00000001718342
300.00000001570538
300.00000001432892
300.00000001303681
300.00000001181627
300.0000000106574
300.00000000955202
300.00000000849315
300.00000000747451
300.00000000649044
300.00000000553575
300.0000000046054
300.00000000369477
300.00000000279937
300.00000000191488
300.00000000103699
300.00000000016172
299.99999999928468
299.99999999840196
299.99999999750918
300.00000185348119
300.0000011661545
300.00000073476008
300.00000046567419
300.00000029867471
300.00000019538112
300.00000013155096
300.00000009200284
300.00000006730886
300.00000005165987
300.00000004150326
300.00000003468114
300.00000002989083
300.00000002634971
300.00000002358911
300.00000002132862
300.00000001939998
300.00000001770115
300.00000001616962
300.00000001476582
300.00000001346382
300.00000001224566
300.00000001109839
300.00000001001189
300.00000000897796
300.00000000798951
300.0000000070404
300.00000000612494
300.00000000523801
300.00000000437461
300.00000000353026
300.00000000270046
300.00000000188095
300.00000000106763
300.00000000025636
299.99999999944311
299.99999999862371
299.99999999779408
300.00000197637792
300.00000123908461
300.00000077725974
300.00000048980411
300.00000031181895
300.00000020202407
300.00000013439444
300.00000009266245
300.00000006674298
300.00000005043279
300.00000003994455
300.00000003298169
300.00000002815995
300.00000002464913
300.0000000219531
300.00000001977565
300.00000001793927
300.00000001633708
300.00000001490349
300.0000000135974
300.00000001239192
300.00000001126887
300.00000001021499
300.00000000922017
300.00000000827612
300.000000007376
300.00000000651363
300.00000000568355
300.00000000488063
300.00000000410023
300.00000000333773
300.00000000258899
300.00000000184968
300.00000000111601
300.00000000038381
299.99999999964928
299.99999999890832
299.99999999815685
300.00000209682509
300.00000130985705
300.00000081792655
300.00000051239527
300.00000032366825
300.00000020756607
300.00000013628909
300.00000009249231
300.00000006544218
300.00000004854769
300.00000003779178
300.00000003074251
300.00000002593674
300.00000002249851
300.00000001990526
300.00000001784576
300.00000001613409
300.00000001465861
300.00000001335127
300.00000001216949
300.00000001108594
300.00000001008203
300.00000000914451
300.00000000826338
300.00000000743051
300.00000000663914
300.00000000588346
300.00000000515803
300.000000004458
300.00000000377895
300.00000000311655
300.00000000246661
300.0000000018253
300.00000000118871
300.00000000055314
299.99999999991473
299.99999999926973
299.99999999861421
300.00000221103579
300.00000137612329
300.00000085530019
300.00000053253183
300.00000033363909
300.00000021162589
300.00000013697667
300.00000009130974
300.00000006327014
300.00000004589754
300.00000003495671
300.00000002788846
300.00000002315539
300.00000001983898
300.00000001739232
300.00000001549057
300.00000001394022
300.00000001262555
300.00000001147635
300.00000001044913
300.00000000951604
300.00000000865856
300.00000000786349
300.00000000712112
300.00000000642359
300.00000000576443
300.00000000513808
300.00000000453946
300.00000000396409
300.00000000340759
300.0000000028661
300.00000000233575
300.00000000181285
300.00000000129376
300.000000000775
300.00000000025312
299.99999999972442
299.99999999918526
300.00000231461689
300.0000014351819
300.00000088771549
300.00000054917996
300.00000034108012
300.0000002137831
300.00000013617603
300.00000008891783
300.00000006008156
300.00000004236904
300.00000003134687
300.00000002434069
300.00000001974672
300.00000001660857
300.00000001435825
300.00000001265897
300.00000001131099
300.00000001019521
300.0000000092399
300.00000000840095
300.00000000765044
300.00000000697008
300.00000000634691
300.0000000057716
300.00000000523676
300.00000000473636
300.00000000426513
300.00000000381863
300.00000000339253
300.00000000298297
300.00000000258632
300.00000000219922
300.00000000181819
300.00000000144007
300.00000000106149
300.00000000067951
300.00000000029058
299.99999999989143
300.00000240270742
300.00000148406571
300.00000091335863
300.00000056122326
300.00000034529455
300.00000021359256
300.00000013359295
300.00000008511273
300.00000005572741
300.0000000378468
300.00000002686812
300.000000020019
300.0000000156403
300.00000001274441
300.00000001074591
300.00000000929879
300.00000000819853
300.00000000732376
300.00000000660191
300.00000000598868
300.00000000545646
300.00000000498727
300.00000000456879
300.0000000041922
300.0000000038508
300.0000000035389
300.00000000325201
300.00000000298598
300.00000000273707
300.00000000250196
300.00000000227737
300.00000000206035
300.00000000184798
300.00000000163737
300.00000000142569
300.0000000012102
300.00000000098788
300.00000000075585
300.00000247020392
300.00000151968203
300.00000093035305
300.00000056751634
300.00000034557428
300.00000021060657
300.00000012893435
300.00000007969368
300.00000005006206
300.00000003221885
300.00000002142917
300.00000001484591
300.00000001076808
300.00000000818505
300.00000000649936
300.0000000053588
300.00000000455577
300.00000000396807
300.00000000352281
300.0000000031763
300.00000000290134
300.00000000268085
300.00000000250327
300.00000000236042
300.00000000224628
300.00000000215613
300.00000000208581
300.00000000203192
300.00000000199145
300.0000000019615
300.00000000193944
300.00000000192267
300.00000000190897
300.00000000189578
300.00000000188089
300.00000000186191
300.00000000183644
300.00000000180194
300.00000251207808
300.0000015390068
300.00000093687913
300.00000056695882
300.00000034124605
300.00000020440427
300.00000012192811
300.00000007247615
300.00000004295293
300.00000002538383
300.00000001494806
300.00000000875156
300.00000000506833
300.00000000287503
300.00000000156786
300.00000000079194
300.00000000033947
300.00000000008805
299.99999999996595
299.9999999999302
299.99999999995475
300.00000000002353
300.00000000012597
300.00000000025489
300.00000000040512
300.0000000005727
300.00000000075443
300.00000000094752
300.00000000114966
300.00000000135867
300.00000000157257
300.00000000178937
300.00000000200737
300.00000000222474
300.00000000243972
300.00000000265061
300.00000000285536
300.00000000305209
300.0000025237818
300.00000153933109
300.00000093132434
300.00000055858749
300.00000033172864
300.00000019462817
300.00000011234732
300.00000006330919
300.00000003429335
300.00000001726096
300.00000000735935
300.00000000168023
299.99999999849183
299.99999999676936
299.99999999590989
299.99999999556007
299.99999999551375
299.99999999565068
299.99999999590051
299.99999999622202
299.99999999659082
299.99999999699196
299.99999999741613
299.99999999785729
299.99999999831141
299.99999999877542
299.99999999924705
299.99999999972442
300.00000000020606
300.00000000069042
300.00000000117637
300.00000000166267
300.00000000214823
300.00000000263196
300.00000000311269
300.00000000358932
300.00000000406061
300.00000000452525
300.00000250172042
300.00000151854812
300.00000091245789
300.00000054168345
300.00000031660028
300.0000001810277
300.00000010003902
300.00000005209534
300.00000002401725
300.0000000078017
299.99999999862473
299.9999999935992
299.99999999100913
299.999999989841
299.9999999895
299.99999998963887
299.99999999005587
299.99999999063408
299.99999999130608
299.99999999203288
299.99999999279186
299.99999999356976
299.99999999435892
299.99999999515444
299.99999999595354
299.99999999675435
299.99999999755551
299.9999999983562
299.99999999915582
299.99999999995379
300.00000000074971
300.00000000154319
300.00000000233399
300.00000000312167
300.00000000390594
300.00000000468629
300.00000000546237
300.00000000623345
300.00000244376071
300.00000147546064
300.00000087961791
300.00000051588785
300.00000029567133
300.00000016350606
300.00000008495675
300.00000003881428
300.00000001211714
299.99999999700458
299.99999998874461
299.99999998450926
299.99999998262047
299.99999998208921
299.99999998233653
299.99999998302576
299.99999998396225
299.99999998503432
299.99999998617824
299.99999998735785
299.99999998855287
299.99999998975204
299.99999999094933
299.9999999921414
299.99999999332681
299.99999999450483
299.99999999567552
299.99999999683899
299.99999999799553
299.99999999914576
300.00000000029007
300.0000000014291
300.00000000256324
300.00000000369312
300.00000000481919
300.00000000594184
300.00000000706149
300.00000000817823
300.00000234972595
300.00000141008093
300.00000083289513
300.00000048131596
300.00000026905769
300.00000014217005
300.00000006719506
300.00000002354847
299.9999999986648
299.99999998493195
299.99999997777343
299.99999997445804
299.99999997336761
299.99999997355064
299.99999997445161
299.99999997574895
299.9999999772578
299.99999997887306
299.99999998053562
299.99999998221296
299.99999998388739
299.99999998555001
299.99999998719653
299.99999998882544
299.99999999043661
299.99999999203084
299.99999999360921
299.9999999951732
299.99999999672423
299.99999999826377
299.99999999979349
300.00000000131479
300.00000000282915
300.00000000433806
300.00000000584294
300.00000000734502
300.00000000884563
300.00000001034584
300.0000022218195
300.00000132389005
300.00000077329372
300.00000043866055
300.00000023724903
300.00000011737717
300.00000004702491
300.00000000651136
299.99999998383424
299.99999997173035
299.99999996583756
299.99999996355626
299.99999996334896
299.9999999643133
299.99999996592447
299.99999996787972
299.99999997000646
299.99999997220755
299.99999997442944
299.99999997664361
299.99999997883555
299.9999999809985
299.99999998313041
299.99999998523151
299.99999998730334
299.99999998934794
299.99999999136799
299.99999999336603
299.99999999534464
299.99999999730665
299.9999999992545
300.00000000119087
300.00000000311815
300.00000000503888
300.00000000695542
300.00000000886996
300.0000000107849
300.00000001270223
300.0000020649212
300.0000012200224
300.00000070285091
300.00000038927175
300.00000020116642
300.0000000897798
300.00000002492891
299.99999998807687
299.99999996792832
299.99999995765393
299.99999995315676
299.99999995199806
299.99999995273822
299.99999995453419
299.99999995689734
299.99999995954727
299.99999996232549
299.99999996514407
299.99999996795566
299.99999997073587
299.99999997347362
299.99999997616476
299.9999999788094
299.99999998140959
299.99999998396845
299.99999998648974
299.99999998897721
299.99999999143489
299.99999999386665
299.9999999962763
299.99999999866759
300.00000000104404
300.00000000340941
300.00000000576705
300.00000000812037
300.00000001047277
300.00000001282746
300.00000001518754
300.00000188671123
300.00000110335111
300.00000062469928
300.00000033520706
300.00000016220366
300.000000060361
300.00000000163419
299.99999996880985
299.99999995140632
299.99999994309127
299.99999994006936
299.99999994008442
299.99999994180678
299.99999994445989
299.99999994759537
299.99999995095754
299.99999995440311
299.99999995785402
299.99999996126951
299.99999996462992
299.99999996792724
299.99999997116032
299.99999997433127
299.99999997744391
299.99999998050328
299.99999998351439
299.99999998648263
299.99999998941314
299.99999999231107
299.99999999518144
299.99999999802907
300.00000000085879
300.0000000036751
300.00000000648259
300.00000000928577
300.00000001208895
300.00000001489644
300.00000001771247
300.00000169761398
300.00000098046979
300.00000054307208
300.00000027924955
300.0000001222536
300.00000003046512
299.99999997814388
299.99999994949798
299.99999993491616
299.99999992859563
299.99999992706159
299.99999992825099
299.99999993094997
299.99999993445192
299.9999999383503
299.999999942415
299.99999994651864
299.99999995059318
299.99999995460439
299.99999995853716
299.99999996238711
299.99999996615537
299.99999996984627
299.99999997346561
299.9999999770198
299.99999998051544
299.99999998395924
299.99999998735763
299.9999999907169
299.99999999404326
299.99999999734257
300.00000000062073
300.00000000388337
300.00000000713612
300.00000001038438
300.00000001363355
300.00000001688898
300.00000002015594
300.00000151066035
300.00000085964695
300.00000046331087
300.00000022494623
300.00000008376219
300.00000000185958
299.99999995580293
299.9999999312177
299.99999991935829
299.9999999149473
299.99999991482696
299.99999991712474
299.999999920741
299.99999992503734
299.9999999296482
299.9999999343683
299.99999993908563
299.99999994374173
299.99999994830858
299.99999995277545
299.99999995714109
299.99999996140906
299.99999996558552
299.99999996967813
299.99999997369463
299.99999997764309
299.99999998153129
299.99999998536686
299.99999998915729
299.99999999290964
299.999999996631
300.0000000003281
300.00000000400763
300.00000000767602
300.00000001133986
300.00000001500524
300.00000001867858
300.00000002236601
300.00000134149059
300.00000075091566
300.00000039200205
300.00000017676712
300.00000004989698
299.99999997690429
299.99999993646304
299.99999991549305
299.99999990603783
299.99999990329786
299.9999999044033
299.99999990765389
299.99999991205311
299.99999991702407
299.99999992223803
299.99999992751202
299.9999999327473
299.99999993789402
299.99999994292966
299.99999994784719
299.99999995264801
299.99999995733771
299.99999996192417
299.99999996641628
299.99999997082318
299.99999997515386
299.99999997941728
299.99999998362199
299.99999998777633
299.99999999188839
299.99999999596582
300.00000000001643
300.00000000404759
300.00000000806659
300.00000001208065
300.00000001609692
300.0000000201224
300.00000002416402
300.00000120826491
300.00000066599421
300.0000003369035
300.00000014003598
300.00000002448081
299.99999995848896
299.9999999224238
299.99999990424078
299.99999989661325
299.99999989512258
299.99999989712774
299.99999990106551
299.99999990602095
299.99999991146552
299.9999999170995
299.99999992275701
299.99999992835001
299.99999993383494
299.99999993919346
299.99999994442129
299.99999994952157
299.99999995450162
299.99999995937037
299.9999999641376
299.99999996881337
299.9999999734074
299.99999997792929
299.99999998238832
299.99999998679334
299.99999999115312
299.99999999547606
299.99999999977013
300.00000000404356
300.00000000830403
300.00000001255944
300.00000001681741
300.00000002108538
300.00000002537098
300.00000112969633
300.000000616222
300.00000030487121
300.0000001189
300.00000001003446
299.99999994816233
299.99999991465637
299.99999989808936
299.99999989150979
299.99999989072569
299.99999989323186
299.99999989754639
299.99999990280241
299.99999990850006
299.99999991435664
299.9999999202164
299.99999992599714
299.99999993165932
299.99999993718671
299.99999994257672
299.99999994783354
299.99999995296508
299.99999995798106
299.99999996289171
299.99999996770754
299.99999997243862
299.999999977095
299.99999998168613
299.9999999862215
299.9999999907098
299.9999999951599
299.9999999995801
300.00000000397887
300.00000000836422
300.00000001274424
300.00000001712698
300.00000002151995
300.00000002593117
)
;

boundaryField
{
    hotWall
    {
        type            fixedValue;
        value           nonuniform List<scalar> 0();
    }
    coldWall
    {
        type            fixedValue;
        value           nonuniform List<scalar> 0();
    }
    bottomWall
    {
        type            zeroGradient;
    }
    topWall
    {
        type            zeroGradient;
    }
    front
    {
        type            empty;
    }
    back
    {
        type            empty;
    }
    procBoundary1to0
    {
        type            processor;
        value           nonuniform List<scalar> 
40
(
300.00000021600448
300.00000022103603
300.00000022621373
300.00000023154541
300.00000023703967
300.00000024270571
300.0000002485537
300.00000025459445
300.0000002608399
300.00000026730277
300.00000027399716
300.00000028093814
300.0000002881423
300.00000029562744
300.00000030341312
300.00000031152064
300.00000031997314
300.00000032879586
300.00000033801649
300.00000034766509
300.00000035777481
300.00000036838179
300.000000379526
300.00000039125098
300.0000004036051
300.00000041664157
300.00000043041916
300.00000044500325
300.00000046046608
300.00000047688849
300.00000049436034
300.00000051298247
300.0000005328676
300.00000055414301
300.00000057695178
300.00000060145578
300.00000062783852
300.00000065630832
300.00000068710216
300.00000072048994
)
;
    }
    procBoundary1to2
    {
        type            processor;
        value           nonuniform List<scalar> 
40
(
300.00000075677934
300.00000079632099
300.00000083951397
300.00000088681156
300.00000093872654
300.00000099583565
300.00000105878308
300.00000112828036
300.0000012051035
300.00000129008362
300.00000138409064
300.00000148800609
300.00000160268434
300.00000172889764
300.00000186726379
300.00000201815487
300.00000218158567
300.00000235708387
300.00000254354654
300.00000273909018
300.00000294090717
300.00000314514466
300.00000334682915
300.00000353986076
300.00000371710593
300.00000387061471
300.00000399198314
300.00000407287092
300.00000410566588
300.00000408426473
300.00000400491354
300.00000386702754
300.00000367389111
300.00000343314224
300.00000315696388
300.00000286196769
300.00000256890138
300.0000023024981
300.00000209136584
300.0000019662649
)
;
    }
    procBoundary1to3
    {
        type            processor;
        value           nonuniform List<scalar> 
31
(
299.9999999957692
299.99999999573174
299.99999999571128
299.99999999571008
299.999999995731
299.99999999577761
299.99999999585441
299.99999999596713
299.99999999612294
299.99999999633081
299.99999999660184
299.99999999694967
299.99999999739066
299.99999999794403
299.99999999863172
299.99999999947858
300.00000000051079
300.00000000175561
300.00000000323865
300.00000000498164
300.00000000699879
300.00000000929219
300.00000001184674
300.00000001462388
300.00000001755603
300.00000002054099
300.00000002343933
300.00000002607356
300.00000002822861
300.00000002968147
300.0000000303682
)
;
    }
    procBoundary1to5
    {
        type            processor;
        value           nonuniform List<scalar> 
73
(
299.99999999856834
299.99999999866168
299.99999999878025
299.99999999892248
299.99999999908698
299.99999999927195
299.99999999947596
299.99999999969782
299.99999999993651
300.00000000019151
300.00000000046253
300.00000000074965
300.00000000105308
300.00000000137345
300.00000000171138
300.00000000206768
300.0000000024433
300.00000000283904
300.0000000032561
300.00000000369522
300.0000000041573
300.00000000464331
300.00000000515388
300.00000000568974
300.0000000062513
300.00000000683895
300.00000000745297
300.00000000809337
300.00000000876003
300.00000000945261
300.00000001017054
300.00000001091297
300.00000001167882
300.0000000124669
300.00000001327533
300.00000001410228
300.00000001410228
300.00000001330511
300.00000001254944
300.00000001181684
300.00000001109703
300.00000001038455
300.00000000967657
300.00000000897171
300.00000000826947
300.00000000756972
300.00000000687243
300.00000000617769
300.00000000548556
300.00000000479616
300.00000000410944
300.00000000342538
300.00000000274383
300.00000000206467
300.00000000138778
300.00000000071293
300.00000000003973
299.99999999931748
299.99999999926877
299.99999999922198
299.99999999917748
299.99999999913535
299.99999999909585
299.99999999905913
299.99999999902525
299.99999999899455
299.99999999896704
299.99999999894305
299.99999999892276
299.99999999890639
299.99999999890639
299.99999999788457
299.99999999685747
)
;
    }
    procBoundary1to6
    {
        type            processor;
        value           nonuniform List<scalar> 
14
(
300.00000012831578
300.00000007701453
300.00000004550105
300.00000002631981
300.00000001476099
300.00000000787372
300.00000000382335
300.00000000147827
300.00000000014575
299.99999999940479
299.99999999900149
299.99999999878338
299.99999999865969
299.99999999857636
)
;
    }
}


// ************************************************************************* //
