#              distance                     U_x                     U_y                     U_z                       T
  1.387778780781448e-19    2.79685812536592e-20   3.855332188901211e-18   3.471564357308094e-55       300.5000000000016
  0.0003906250000000002   1.656041395892164e-06   0.0002133768337798175   9.771584966228493e-42       300.4905878102982
  0.0007812500000000002    3.31208279178433e-06   0.0004267536675596351   1.954316993245682e-41       300.4811756205965
            0.001171875   4.968124187676495e-06   0.0006401305013394526   2.931475489868514e-41       300.4717634308947
              0.0015625   1.009189943705092e-05   0.0008036414002766034   2.736043790543949e-41       300.4623572161616
            0.001953125   1.608260814979589e-05   0.0009546858155030874   2.247464542232535e-41       300.4529524951708
             0.00234375   2.207331686254089e-05    0.001105730230729572   1.758885293921121e-41       300.4435477741799
   0.002734375000000001   2.806402557528587e-05    0.001256774645956056   1.270306045609687e-41        300.434143053189
               0.003125   3.405473428803083e-05     0.00140781906118254   7.817267972982698e-42        300.424738332198
   0.003515625000000001   4.004544300077583e-05    0.001558863476409024   2.931475489868511e-42       300.4153336112072
             0.00390625   4.667518242580482e-05    0.001688623648273598                       0        300.405979619071
            0.004296875   5.426346791925975e-05    0.001786457455095309                       0       300.3967017202168
   0.004687500000000001   6.185175341271472e-05    0.001884291261917018                       0       300.3874238213625
            0.005078125   6.944003890616949e-05    0.001982125068738728                       0       300.3781459225082
   0.005468750000000001   7.702832439962464e-05    0.002079958875560438                       0        300.368868023654
   0.005859375000000002   8.461660989307969e-05    0.002177792682382147                       0       300.3595901247998
   0.006250000000000001   9.220489538653462e-05    0.002275626489203858                       0       300.3503122259457
   0.006640625000000001   9.895425508340979e-05    0.002329414636104752                       0       300.3413524344386
   0.007031250000000001   0.0001057036147802849    0.002383202783005648                       0       300.3323926429315
   0.007421875000000001     0.00011245297447716    0.002436990929906543                       0       300.3234328514245
              0.0078125   0.0001192023341740351    0.002490779076807438                       0       300.3144730599175
            0.008203125   0.0001259516938709102    0.002544567223708334                       0       300.3055132684104
   0.008593750000000001   0.0001327010535677854    0.002598355370609229                       0       300.2965534769034
   0.008984375000000001   0.0001379854359954972     0.00263128151402882                       0        300.287913244608
   0.009375000000000001    0.000142293166910433    0.002650299655127539                       0       300.2794860517868
            0.009765625    0.000146600897825369    0.002669317796226259                       0       300.2710588589656
             0.01015625    0.000150908628740305    0.002688335937324979                       0       300.2626316661446
            0.010546875   0.0001552163596552409    0.002707354078423699                       0       300.2542044733235
              0.0109375   0.0001595240905701769    0.002726372219522419                       0       300.2457772805024
            0.011328125   0.0001632374348927761    0.002740241787386668                       0       300.2374959216338
             0.01171875    0.000164573232846028    0.002733517062313035                       0       300.2297978985753
            0.012109375   0.0001659090307992804    0.002726792337239402                       0       300.2220998755168
                 0.0125   0.0001672448287525326    0.002720067612165768                       0       300.2144018524584
            0.012890625   0.0001685806267057847    0.002713342887092135                       0       300.2067038293998
             0.01328125   0.0001699164246590369    0.002706618162018502                       0       300.1990058063413
            0.013671875    0.000171252222612289    0.002699893436944868                       0       300.1913077832828
              0.0140625   0.0001703183461109691    0.002679130891789431                       0       300.1843121594459
            0.014453125   0.0001688170509960061    0.002654858891613543                       0       300.1774921354145
             0.01484375    0.000167315755881043    0.002630586891437655                       0       300.1706721113829
            0.015234375   0.0001658144607660801    0.002606314891261768                       0       300.1638520873515
               0.015625   0.0001643131656511173    0.002582042891085879                       0         300.15703206332
            0.016015625   0.0001628118705361544    0.002557770890909991                       0       300.1502120392884
             0.01640625   0.0001604037657118885    0.002529242864193385                       0       300.1437773902619
            0.016796875   0.0001566354463236647    0.002494330797665653                       0       300.1379208037371
              0.0171875   0.0001528671269354418    0.002459418731137935                       0        300.132064217214
            0.017578125   0.0001490988075472186    0.002424506664610218                       0       300.1262076306909
    0.01796875000000001   0.0001453304881589961    0.002389594598082499                       0       300.1203510441676
            0.018359375   0.0001415621687707733    0.002354682531554782                       0       300.1144944576445
                0.01875   0.0001377938493825509    0.002319770465027071                       0       300.1086378711222
            0.019140625   0.0001325406863008236    0.002279616403162578                       0       300.1037650100783
             0.01953125   0.0001272875232190969    0.002239462341298093                       0       300.0988921490353
    0.01992187500000001     0.00012203436013737    0.002199308279433607                       0       300.0940192879923
              0.0203125   0.0001167811970556437    0.002159154217569122                       0       300.0891464269492
            0.020703125   0.0001115280339739165    0.002119000155704636                       0       300.0842735659062
             0.02109375   0.0001062748708921897     0.00207884609384015                       0       300.0794007048631
            0.021484375   0.0001006200969750163    0.002037885229746027                       0       300.0750964908115
    0.02187500000000001   9.469758250087749e-05    0.001996386497498811                       0       300.0711713747539
            0.022265625   8.877506802673884e-05    0.001954887765251597                       0       300.0672462586965
             0.02265625   8.285255355259975e-05    0.001913389033004382                       0       300.0633211426389
            0.023046875   7.693003907846125e-05    0.001871890300757168                       0       300.0593960265813
              0.0234375   7.100752460432273e-05    0.001830391568509953                       0       300.0554709105238
            0.023828125   6.509680880833749e-05    0.001789137620894406                       0       300.0517198577235
             0.02421875   5.923328772496329e-05    0.001748862811805474                       0        300.048665057943
            0.024609375   5.336976664158997e-05    0.001708588002716554                       0       300.0456102581646
                  0.025   4.750624555821575e-05    0.001668313193627628                       0       300.0425554583849
            0.025390625    4.16427244748426e-05    0.001628038384538705                       0       300.0395006586061
             0.02578125   3.577920339146849e-05    0.001587763575449783                       0       300.0364458588271
            0.026171875    2.99156823080949e-05     0.00154748876636086                       0       300.0333910590481
              0.0265625   2.455950552642535e-05    0.001509389971011005                       0       300.0309504212344
            0.026953125   1.933016482018176e-05    0.001471835179095917                       0        300.028663323912
             0.02734375   1.410082411393818e-05    0.001434280387180829                       0       300.0263762265897
            0.027734375   8.871483407694679e-06    0.001396725595265747                       0       300.0240891292688
               0.028125   3.642142701451204e-06    0.001359170803350657                       0       300.0218020319459
    0.02851562500000001  -1.587198004792703e-06    0.001321616011435565                       0       300.0195149346226
             0.02890625  -6.403355803822501e-06    0.001285428219398715   1.473326843099996e-28       300.0174895885895
            0.029296875  -1.059973924203324e-05    0.001251290927179218   5.156643950849776e-28       300.0158568694898
    0.02968750000000001  -1.479612268024362e-05    0.001217153634959721   8.839961058599652e-28       300.0142241503903
            0.030078125  -1.899250611845404e-05    0.001183016342740231   1.252327816634955e-27       300.0125914312924
    0.03046875000000001  -2.318888955666413e-05    0.001148879050520728   1.620659527409928e-27       300.0109587121913
            0.030859375  -2.738527299487429e-05    0.001114741758301232   1.988991238184903e-27       300.0093259930917
                0.03125  -3.158165643308448e-05    0.001080604466081736   2.357322948959882e-27       300.0076932739923
            0.031640625  -3.451711152919047e-05    0.001050031460511478   3.155291014264188e-27       300.0066019038208
             0.03203125  -3.745256662529538e-05     0.00101945845494122   3.953259079568483e-27       300.0055105336493
            0.032421875  -4.038802172140079e-05   0.0009888854493709622   4.751227144872776e-27       300.0044191634777
    0.03281249999999999  -4.332347681750551e-05   0.0009583124438007064   5.549195210177051e-27       300.0033277933067
            0.033203125  -4.625893191361097e-05    0.000927739438230447   6.347163275481362e-27       300.0022364231348
             0.03359375    -4.9194387009716e-05   0.0008971664326601893   7.145131340785637e-27       300.0011450529633
            0.033984375  -5.132591352558357e-05   0.0008686099536052697   6.764538701259791e-27       300.0003151403863
               0.034375  -5.292148765462609e-05   0.0008413978255605765    5.59823892518053e-27       299.9996595328725
            0.034765625  -5.451706178366861e-05   0.0008141856975158835   4.431939149101267e-27       299.9990039253586
    0.03515625000000001  -5.611263591271052e-05   0.0007869735694711901   3.265639373021941e-27       299.9983483178448
    0.03554687500000001  -5.770821004175289e-05   0.0007597614414264968    2.09933959694267e-27       299.9976927103309
              0.0359375  -5.930378417079585e-05   0.0007325493133818041   9.330398208634206e-28        299.997037102817
            0.036328125  -6.063973403393604e-05   0.0007059282567685028                       0       299.9964497629408
    0.03671874999999999  -6.093718683346746e-05   0.0006816714858807719                       0       299.9961354936148
            0.037109375  -6.123463963299889e-05   0.0006574147149930402                       0       299.9958212242888
    0.03750000000000001   -6.15320924325303e-05   0.0006331579441053084                       0       299.9955069549628
            0.037890625  -6.182954523206095e-05   0.0006089011732175771                       0       299.9951926856369
             0.03828125  -6.212699803159276e-05   0.0005846444023298456                       0       299.9948784163109
    0.03867187499999999  -6.242445083112396e-05   0.0005603876314421145                       0       299.9945641469848
              0.0390625  -6.179056004447801e-05   0.0005380894121739975                       0       299.9944572001687
    0.03945312500000001  -6.092383336128434e-05   0.0005162808308107837                       0       299.9944020839798
    0.03984375000000001  -6.005710667809313e-05   0.0004944722494475708                       0        299.994346967791
            0.040234375   -5.91903799949005e-05   0.0004726636680843585                       0       299.9942918516022
    0.04062500000000001  -5.832365331170893e-05   0.0004508550867211454                       0       299.9942367354135
            0.041015625  -5.745692662851678e-05   0.0004290465053579332                       0       299.9941816192247
    0.04140625000000001  -5.620483289980252e-05   0.0004079984706895667                       0       299.9942018913986
    0.04179687500000001  -5.437468860280524e-05   0.0003880912560634716                       0       299.9943352461164
              0.0421875  -5.254454430580798e-05   0.0003681840414373768                       0       299.9944686008342
            0.042578125  -5.071440000881066e-05   0.0003482768268112817                       0        299.994601955552
             0.04296875  -4.888425571181316e-05   0.0003283696121851869                       0         299.99473531027
    0.04335937500000001  -4.705411141481563e-05   0.0003084623975590916                       0       299.9948686649878
                0.04375  -4.522396711781815e-05   0.0002885551829329968                       0       299.9950020197058
            0.044140625  -4.267705705266219e-05   0.0002699963235440444                       0       299.9952628079698
             0.04453125   -4.01301469875075e-05   0.0002514374641550921                       0       299.9955235962338
            0.044921875   -3.75832369223522e-05   0.0002328786047661399                       0       299.9957843844979
    0.04531250000000001  -3.503632685719679e-05   0.0002143197453771869                       0       299.9960451727619
            0.045703125  -3.248941679204206e-05   0.0001957608859882343                       0       299.9963059610259
             0.04609375  -2.994250672688609e-05   0.0001772020265992815                       0         299.99656674929
            0.046484375  -2.713110095125189e-05   0.0001591249607946611                       0       299.9968716745984
               0.046875  -2.414336470196515e-05   0.0001413690907129289                       0       299.9972060246032
    0.04726562500000001  -2.115562845267835e-05   0.0001236132206311963                       0        299.997540374608
    0.04765625000000001  -1.816789220339164e-05   0.0001058573505494641                       0       299.9978747246143
            0.048046875  -1.518015595410499e-05   8.810148046773195e-05                       0       299.9982090746175
    0.04843750000000001  -1.219241970481839e-05   7.034561038600008e-05                       0       299.9985434246256
    0.04882812499999999  -9.174932235158784e-06   5.264307805389843e-05                       0       299.9988825890572
    0.04921875000000001  -6.038439884003568e-06   3.515389672031791e-05                       0       299.9992410112127
    0.04960937500000001  -2.901947532849027e-06   1.766471538673774e-05                       0       299.9995994333681
                   0.05   2.345448183054022e-07   1.755340531582013e-07                       0       299.9999578555253
    0.05039062500000001   3.371037169460569e-06  -1.731364728042272e-05                       0       300.0003162776818
             0.05078125   6.507529520615454e-06  -3.480282861400209e-05                       0        300.000674699835
    0.05117187500000001   9.644021871770509e-06   -5.22920099475824e-05                       0         300.00103312199
              0.0515625   1.266174524351862e-05  -6.999389322888619e-05                       0       300.0013723884654
    0.05195312500000001   1.564977637041582e-05  -8.774895199712129e-05                       0       300.0017068660208
             0.05234375   1.863780749731293e-05  -0.0001055040107653558                       0       300.0020413435762
            0.052734375   2.162583862421024e-05  -0.0001232590695335914                       0       300.0023758211333
    0.05312500000000001   2.461386975110742e-05  -0.0001410141283018264                       0       300.0027102986887
            0.053515625   2.760190087800456e-05  -0.0001587691870700611                       0       300.0030447762442
             0.05390625   3.041369920622891e-05  -0.0001768451141668122                       0       300.0033498815446
            0.054296875   3.296114833644452e-05  -0.0001954023437563405                       0       300.0036109284669
              0.0546875   3.550859746666014e-05  -0.0002139595733458688                       0       300.0038719753892
    0.05507812500000001    3.80560465968758e-05  -0.0002325168029353973                       0       300.0041330223114
             0.05546875   4.060349572709169e-05  -0.0002510740325249269                       0       300.0043940692353
            0.055859375   4.315094485730719e-05  -0.0002696312621144541                       0        300.004655116156
                0.05625   4.569839398752289e-05  -0.0002881884917039825                       0       300.0049161630783
            0.056640625   4.752921882635393e-05  -0.0003080932478452791                       0        300.005049914283
    0.05703125000000001   4.936004366518428e-05   -0.000327998003986574                       0       300.0051836654854
            0.057421875   5.119086850401558e-05  -0.0003479027601278697                       0       300.0053174166893
    0.05781250000000001   5.302169334284656e-05  -0.0003678075162691654                       0       300.0054511678928
            0.058203125   5.485251818167751e-05  -0.0003877122724104605                       0       300.0055849190965
             0.05859375   5.668334302050789e-05  -0.0004076170285517559                       0       300.0057186703001
            0.058984375   5.793610821614828e-05  -0.0004286621048164991                       0       300.0057394270588
               0.059375   5.880350031632665e-05  -0.0004504673944968742                       0       300.0056848541873
            0.059765625   5.967089241650563e-05   -0.000472272684177249                       0        300.005630281316
    0.06015624999999999    6.05382845166841e-05   -0.000494077973857623                       0       300.0055757084446
    0.06054687499999999   6.140567661686399e-05  -0.0005158832635379981                       0       300.0055211355732
    0.06093750000000001   6.227306871704332e-05  -0.0005376885532183737                       0       300.0054665627018
            0.061328125       6.29075796471e-05  -0.0005599833171966288                       0       300.0053601905207
             0.06171875   6.261056589666426e-05  -0.0005842359783663878                       0       300.0050466210914
            0.062109375    6.23135521462289e-05  -0.0006084886395361499                       0       300.0047330516638
                 0.0625   6.201653839579352e-05  -0.0006327413007059114                       0       300.0044194822361
    0.06289062499999999   6.171952464535779e-05  -0.0006569939618756729                       0       300.0041059128085
             0.06328125   6.142251089492265e-05  -0.0006812466230454349                       0       300.0037923433808
            0.063671875    6.11254971444881e-05  -0.0007054992842151972                       0       300.0034787739532
    0.06406250000000001   5.978959492926566e-05  -0.0007321156205060222  -6.201944868368136e-28       300.0028922657029
            0.064453125    5.81939705978465e-05  -0.0007593228755771123  -1.395437595382796e-27       300.0022375227472
    0.06484375000000001   5.659834626642759e-05  -0.0007865301306482069  -2.170680703928806e-27        300.001582779793
            0.065234375   5.500272193500854e-05  -0.0008137373857192978  -2.945923812474819e-27       300.0009280368372
               0.065625   5.340709760358961e-05  -0.0008409446407903886  -3.721166921020834e-27       300.0002732938814
    0.06601562500000001   5.181147327217069e-05  -0.0008681518958614793  -4.496410029566849e-27       299.9996185509256
             0.06640625   4.967957917488577e-05  -0.0008967032448010571  -6.541034661559606e-27       299.9987895699398
    0.06679687500000001   4.674328042880161e-05  -0.0009272707345433672  -1.048973157872265e-26       299.9976992319088
    0.06718749999999998   4.380698168271738e-05  -0.0009578382242856705  -1.443842849588539e-26       299.9966088938761
    0.06757812499999999   4.087068293663345e-05   -0.000988405714027986  -1.838712541304856e-26       299.9955185558466
    0.06796875000000001   3.793438419054915e-05   -0.001018973203770291  -2.233582233021153e-26       299.9944282178141
            0.068359375   3.499808544446525e-05     -0.0010495406935126  -2.628451924737437e-26       299.9933378797831
    0.06874999999999999   3.206178669838079e-05   -0.001080108183254909  -3.023321616453732e-26       299.9922475417521
    0.06914062499999998   2.786344246192954e-05   -0.001114239533637929  -2.696195786019369e-26       299.9906160155637
             0.06953125   2.366509822547851e-05   -0.001148370884020952  -2.369069955584944e-26       299.9889844893751
    0.06992187499999999   1.946675398902722e-05   -0.001182502234403973  -2.041944125150556e-26       299.9873529631867
              0.0703125   1.526840975257577e-05   -0.001216633584786995  -1.714818294716161e-26       299.9857214369982
    0.07070312500000001   1.107006551612431e-05   -0.001250764935170016  -1.387692464281766e-26       299.9840899108098
    0.07109375000000001   6.871721279672844e-06   -0.001284896285553037   -1.06056663384737e-26       299.9824583846213
    0.07148437499999999   2.052748699009364e-06    -0.00132107808734292   -7.65092202758087e-27       299.9804343148397
    0.07187500000000001  -3.179976111129564e-06   -0.001358626856737372    -4.9071870456549e-27       299.9781485493267
            0.072265625  -8.412700921268117e-06    -0.00139617562613182  -2.163452063729127e-27       299.9758627838136
    0.07265624999999999  -1.364542573140747e-05   -0.001433724395526266   5.802829181966113e-28       299.9735770182997
            0.073046875  -1.887815054154577e-05   -0.001471273164920717   3.324017900122498e-27        299.971291252787
              0.0734375  -2.411087535168457e-05   -0.001508821934315168   6.067752882048349e-27       299.9690054872742
    0.07382812499999999  -2.947076784073886e-05   -0.001546914791019164   7.257301459850366e-27       299.9665662006417
             0.07421875    -3.5339331045456e-05   -0.001587183996961356   2.230104421157311e-27       299.9635128295317
    0.07460937500000001  -4.120789425017332e-05   -0.001627453202903537  -2.797092617535829e-27       299.9604594584196
    0.07500000000000001  -4.707645745489071e-05   -0.001667722408845732  -7.824289656228881e-27       299.9574060873102
    0.07539062499999999  -5.294502065960713e-05   -0.001707991614787908  -1.285148669492178e-26       299.9543527161975
    0.07578125000000001  -5.881358386432435e-05   -0.001748260820730096  -1.787868373361508e-26       299.9512993450864
            0.076171875  -6.468214706904118e-05   -0.001788530026672282  -2.290588077230802e-26       299.9482459739754
    0.07656250000000001  -7.059930776848201e-05   -0.001829779238039723  -2.759308828476575e-26       299.9444963750538
    0.07695312500000001  -7.652861784160379e-05   -0.001871273450763477  -3.219529841566461e-26       299.9405727191795
    0.07734374999999999  -8.245792791472513e-05   -0.001912767663487229  -3.679750854656316e-26       299.9366490633054
    0.07773437500000001  -8.838723798784703e-05   -0.001954261876210986  -4.139971867746234e-26       299.9327254074312
               0.078125   -9.43165480609685e-05   -0.001995756088934744  -4.600192880836097e-26       299.9288017515578
    0.07851562499999998  -0.0001002458581340896    -0.00203725030165849  -5.060413893925946e-26       299.9248780956827
    0.07890625000000001  -0.0001059080828248738   -0.002078207402294768  -5.003012345418677e-26       299.9205753194736
            0.079296875  -0.0001111696794421508   -0.002118358834799828  -4.169176954515589e-26       299.9157038627632
    0.07968750000000001  -0.0001164312760594276   -0.002158510267304876  -3.335341563612465e-26       299.9108324060509
    0.08007812499999999  -0.0001216928726767042   -0.002198661699809929  -2.501506172709373e-26       299.9059609493395
    0.08046874999999999  -0.0001269544692939809   -0.002238813132314983  -1.667670781806249e-26       299.9010894926282
    0.08085937500000001  -0.0001322160659112585    -0.00227896456482004  -8.338353909030948e-27       299.8962180359168
                0.08125  -0.0001374776625285353   -0.002319115997325094    -1.0905299931919e-41       299.8913465792056
    0.08164062500000001  -0.0001412556693471896   -0.002354028205155271  -3.952635674366648e-26       299.8854912399458
             0.08203125  -0.0001450336761658445   -0.002388940412985448  -7.905271348733158e-26       299.8796359006863
    0.08242187500000001  -0.0001488116829844992   -0.002423852620815625   -1.18579070230998e-25       299.8737805614267
              0.0828125  -0.0001525896898031536   -0.002458764828645805  -1.581054269746634e-25       299.8679252221676
    0.08320312499999999   -0.000156367696621808   -0.002493677036475978  -1.976317837183281e-25       299.8620698829075
    0.08359374999999999  -0.0001601457034404625   -0.002528589244306156  -2.371581404619945e-25        299.856214543648
    0.08398437499999999  -0.0001625638455598074   -0.002557119573945707  -2.626119842182895e-25       299.8497809883696
    0.08437500000000001   -0.000164075411212946   -0.002581395318124841  -2.786841526496711e-25       299.8429619557452
    0.08476562500000001  -0.0001655869768660846   -0.002605671062303976  -2.947563210810522e-25       299.8361429231209
             0.08515625  -0.0001670985425192227    -0.00262994680648311  -3.108284895124325e-25       299.8293238904967
    0.08554687499999999  -0.0001686101081723613   -0.002654222550662247  -3.269006579438134e-25       299.8225048578729
              0.0859375  -0.0001701216738254999   -0.002678498294841385  -3.429728263751947e-25        299.815685825249
    0.08632812499999999  -0.0001710657555193338   -0.002699265428977948  -3.447108560852927e-25       299.8086911268945
             0.08671875  -0.0001697399013759474   -0.002705998122944199  -2.891123309102438e-25       299.8009937656161
    0.08710937499999999  -0.0001684140472325619   -0.002712730816910463  -2.335138057351986e-25       299.7932964043393
    0.08750000000000001  -0.0001670881930891773   -0.002719463510876743  -1.779152805601513e-25       299.7855990430641
    0.08789062500000001  -0.0001657623389457907   -0.002726196204842997  -1.223167553851018e-25       299.7779016817861
    0.08828125000000001  -0.0001644364848024049   -0.002732928898809257  -6.671823021005642e-26       299.7702043205089
    0.08867187500000001  -0.0001631106306590192   -0.002739661592775521  -1.111970503500909e-26        299.762506959232
              0.0890625  -0.0001594061564926853   -0.002725803589770999                       0       299.7542259777858
    0.08945312500000001  -0.0001551070273206141   -0.002706797912523779                       0       299.7457990912972
             0.08984375  -0.0001508078981485431    -0.00268779223527656                       0       299.7373722048087
    0.09023437499999999  -0.0001465087689764722   -0.002668786558029341                       0       299.7289453183201
    0.09062500000000001  -0.0001422096398044012   -0.002649780880782129                       0       299.7205184318324
    0.09101562499999999  -0.0001379105106323301   -0.002630775203534904                       0        299.712091545343
    0.09140625000000001  -0.0001326338342819639   -0.002597863283010408                       0       299.7034514915688
    0.09179687499999999  -0.0001258908371641536    -0.00254409199756996                       0        299.694491686861
    0.09218750000000001  -0.0001191478400463432   -0.002490320712129518                       0       299.6855318821546
    0.09257812500000001   -0.000112404842928533   -0.002436549426689081                       0       299.6765720774486
    0.09296874999999999  -0.0001056618458107231   -0.002382778141248644                       0       299.6676122727421
    0.09335937500000001  -9.891884869291353e-05   -0.002329006855808226                       0        299.658652468039
                0.09375  -9.217585157510265e-05   -0.002275235570367763                       0       299.6496926633292
    0.09414062500000001  -8.459121258786188e-05   -0.002177422776325497  -5.990290062764457e-26       299.6404145244613
    0.09453125000000001  -7.700657360062036e-05    -0.00207960998228321   -1.19805801255287e-25         299.63113638559
    0.09492187499999999  -6.942193461337986e-05    -0.00198179718824094  -1.797087018829251e-25       299.6218582467202
    0.09531249999999999  -6.183729562613885e-05   -0.001883984394198665  -2.396116025105655e-25       299.6125801078505
    0.09570312499999999  -5.425265663889815e-05   -0.001786171600156393  -2.995145031382059e-25       299.6033019689809
    0.09609374999999999  -4.666801765165718e-05   -0.001688358806114119  -3.594174037658484e-25       299.5940238301113
    0.09648437500000001  -4.004034691278764e-05   -0.001558622146102202  -3.812319686670858e-25       299.5846695342614
    0.09687500000000002  -3.405065500616606e-05   -0.001407602908777198  -3.776543097507234e-25       299.5752644670914
    0.09726562500000001  -2.806096309954496e-05   -0.001256583671452209  -3.740766508343613e-25       299.5658593999231
    0.09765625000000001  -2.207127119292316e-05   -0.001105564434127198  -3.704989919179965e-25        299.556454332753
    0.09804687499999999  -1.608157928630196e-05   -0.000954545196802203  -3.669213330016323e-25        299.547049265583
    0.09843750000000001  -1.009188737968008e-05  -0.0008035259594771879  -3.633436740852657e-25       299.5376441984114
    0.09882812500000002  -4.968875488483985e-06  -0.0006400411590161097  -3.379514502676613e-25       299.5282376356348
    0.09921874999999999  -3.312583658989365e-06   -0.000426694106010745  -2.253009668451096e-25       299.5188250904221
    0.09960937499999999  -1.656291829494713e-06  -0.0002133470530053763  -1.126504834225558e-25       299.5094125452111
    0.09999999999999998                       0                       0                       0                   299.5
