#              distance                     U_x                     U_y                     U_z                       T
  1.387778780781448e-19   2.871644018680839e-20   3.871394002092409e-18   3.475412042360475e-55       300.5000000000016
  0.0003906250000000002   1.697469893084733e-06   0.0002141627673943721   9.782415236833582e-42       300.4905799957746
  0.0007812500000000002   3.394939786169468e-06   0.0004283255347887441   1.956483047366699e-41       300.4811599915491
            0.001171875   5.092409679254203e-06   0.0006424883021831162   2.934724571050041e-41       300.4717399873237
              0.0015625   1.038776527069417e-05   0.0008067695024360068   2.739076266313374e-41       300.4623242698402
            0.001953125   1.658259228672293e-05   0.0009585803109035271   2.249955504471706e-41       300.4529096240421
             0.00234375   2.277741930275171e-05    0.001110391119371048   1.760834742630038e-41       300.4434949782441
   0.002734375000000001   2.897224631878049e-05    0.001262201927838568   1.271713980788349e-41       300.4340803324459
               0.003125   3.516707333480923e-05    0.001414012736306088   7.825932189466769e-42       300.4246656866479
   0.003515625000000001   4.136190035083801e-05    0.001565823544773609   2.934724571050038e-42       300.4152510408499
             0.00390625   4.823963251437591e-05    0.001696326537319065                       0        300.405886109836
            0.004296875   5.614172239917746e-05    0.001794867805981425                       0       300.3965957509987
   0.004687500000000001   6.404381228397906e-05    0.001893409074643784                       0       300.3873053921612
            0.005078125   7.194590216878044e-05    0.001991950343306143                       0       300.3780150333238
   0.005468750000000001   7.984799205358218e-05    0.002090491611968503                       0       300.3687246744863
   0.005859375000000002   8.775008193838387e-05    0.002189032880630862                       0       300.3594343156489
   0.006250000000000001   9.565217182318541e-05    0.002287574149293222                       0       300.3501439568116
   0.006640625000000001   0.0001027578079612938    0.002341960902460645                       0       300.3411698787048
   0.007031250000000001   0.0001098634440994021    0.002396347655628069                       0        300.332195800598
   0.007421875000000001   0.0001169690802375104    0.002450734408795493                       0       300.3232217224913
              0.0078125   0.0001240747163756187    0.002505121161962916                       0       300.3142476443846
            0.008203125    0.000131180352513727    0.002559507915130339                       0       300.3052735662779
   0.008593750000000001   0.0001382859886518354    0.002613894668297763                       0       300.2962994881711
   0.008984375000000001   0.0001439196417015323    0.002647332382325001                       0       300.2876448019454
   0.009375000000000001   0.0001485719726922879    0.002666804070258781                       0       300.2792030436401
            0.009765625   0.0001532243036830436    0.002686275758192562                       0       300.2707612853348
             0.01015625   0.0001578766346737993    0.002705747446126343                       0       300.2623195270297
            0.010546875    0.000162528965664555    0.002725219134060124                       0       300.2538777687244
              0.0109375   0.0001671812966553107    0.002744690821993904                       0       300.2454360104192
            0.011328125   0.0001712305093846766    0.002758981852322299                       0       300.2371403770154
             0.01171875   0.0001728672490684826    0.002752550252229155                       0       300.2294292432175
            0.012109375   0.0001745039887522891    0.002746118652136009                       0       300.2217181094194
                 0.0125   0.0001761407284360954    0.002739687052042865                       0       300.2140069756215
            0.012890625   0.0001777774681199016    0.002733255451949719                       0       300.2062958418235
             0.01328125   0.0001794142078037079    0.002726823851856574                       0       300.1985847080256
            0.013671875   0.0001810509474875142    0.002720392251763428                       0       300.1908735742276
              0.0140625   0.0001803688156847599    0.002699796874198594                       0       300.1838671541817
            0.014453125   0.0001791069660103655    0.002675660552265838                       0       300.1770369125737
             0.01484375   0.0001778451163359711    0.002651524230333082                       0       300.1702066709657
            0.015234375   0.0001765832666615768    0.002627387908400326                       0       300.1633764293578
               0.015625   0.0001753214169871825     0.00260325158646757                       0       300.1565461877498
            0.016015625   0.0001740595673127883    0.002579115264534813                       0       300.1497159461417
             0.01640625   0.0001718635015038005    0.002550666221616439                       0       300.1432725872803
            0.016796875   0.0001682661114929189    0.002515748097219587                       0       300.1374095525332
              0.0171875   0.0001646687214820382    0.002480829972822749                       0       300.1315465177877
            0.017578125   0.0001610713314711573    0.002445911848425912                       0       300.1256834830423
    0.01796875000000001   0.0001574739414602769    0.002410993724029074                       0       300.1198204482968
            0.018359375   0.0001538765514493964    0.002376075599632236                       0       300.1139574135514
                0.01875   0.0001502791614385162    0.002341157475235406                       0       300.1080943788067
            0.019140625   0.0001451283708443642    0.002300878732489162                       0       300.1032190938161
             0.01953125   0.0001399775802502127    0.002260599989742928                       0       300.0983438088264
    0.01992187500000001   0.0001348267896560611    0.002220321246996692                       0       300.0934685238367
              0.0203125     0.00012967599906191    0.002180042504250457                       0       300.0885932388469
            0.020703125   0.0001245252084677581     0.00213976376150422                       0       300.0837179538572
             0.02109375   0.0001193744178736066    0.002099485018757984                       0       300.0788426688675
            0.021484375   0.0001137831354067557    0.002058344182453485                       0       300.0745382828915
    0.02187500000000001   0.0001078981916914378    0.002016628617110142                       0       300.0706144962579
            0.022265625   0.0001020132479761199      0.0019749130517668                       0       300.0666907096243
             0.02265625   9.612830426080166e-05    0.001933197486423458                       0       300.0627669229908
            0.023046875   9.024336054548397e-05    0.001891481921080116                       0       300.0588431363572
              0.0234375   8.435841683016626e-05    0.001849766355736775                       0       300.0549193497237
            0.023828125   7.847339661791232e-05    0.001808282536988437                       0        300.051170252603
             0.02421875   7.258807041791101e-05    0.001767725704620061                       0       300.0481199135247
            0.024609375   6.670274421791066e-05    0.001727168872251699                       0       300.0450695744485
                  0.025   6.081741801790936e-05    0.001686612039883329                       0       300.0420192353712
            0.025390625   5.493209181790919e-05    0.001646055207514963                       0       300.0389688962946
             0.02578125   4.904676561790803e-05    0.001605498375146597                       0       300.0359185572178
            0.026171875    4.31614394179074e-05    0.001564941542778231                       0        300.032868218141
              0.0265625   3.774068904938563e-05    0.001526528880372532                       0       300.0304339161801
            0.026953125   3.243608263873352e-05    0.001488652260457498                       0       300.0281536234981
             0.02734375   2.713147622808141e-05    0.001450775640542465                       0        300.025873330816
            0.027734375   2.182686981742945e-05    0.001412899020627438                       0       300.0235930381355
               0.028125   1.652226340677743e-05    0.001375022400712402                       0       300.0213127454529
    0.02851562500000001   1.121765699612496e-05    0.001337145780797365                       0       300.0190324527701
             0.02890625   6.307204029621192e-06    0.001300629149900833   2.304476030211377e-28       300.0170145294153
            0.029296875   1.987981229338268e-06    0.001266152502532049    8.06566610573949e-28        300.015390160051
    0.02968750000000001  -2.331241570944289e-06    0.001231675855163266   1.382685618126775e-27       300.0137657906868
            0.030078125  -6.650464371226814e-06    0.001197199207794489   1.958804625679606e-27       300.0121414213242
    0.03046875000000001  -1.096968717150915e-05    0.001162722560425699   2.534923633232408e-27       300.0105170519585
            0.030859375  -1.528890997179148e-05    0.001128245913056917   3.111042640785216e-27       300.0088926825943
                0.03125  -1.960813277207385e-05    0.001093769265688134   3.687161648338028e-27       300.0072683132302
            0.031640625  -2.270827980213891e-05     0.00106285746171045   4.455785066463845e-27       300.0061861318874
             0.03203125  -2.580842683220289e-05    0.001031945657732766   5.224408484589635e-27       300.0051039505448
            0.032421875  -2.890857386226739e-05    0.001001033853755083   5.993031902715431e-27       300.0040217692021
    0.03281249999999999  -3.200872089233116e-05   0.0009701220497774013   6.761655320841201e-27       300.0029395878599
            0.033203125  -3.510886792239571e-05   0.0009392102457997161   7.530278738967013e-27       300.0018574065168
             0.03359375  -3.820901495245981e-05   0.0009082984418220326   8.298902157092787e-27       300.0007752251742
            0.033984375  -4.052699343603976e-05   0.0008794114472971664   7.799506068935938e-27       299.9999546708952
               0.034375  -4.232352622196351e-05   0.0008518743257408459   6.454763643257342e-27       299.9993085346587
            0.034765625  -4.412005900788728e-05   0.0008243372041845255   5.110021217578746e-27       299.9986623984223
    0.03515625000000001  -4.591659179381043e-05   0.0007968000826282047   3.765278791900076e-27       299.9980162621858
    0.03554687500000001  -4.771312457973404e-05   0.0007692629610718839   2.420536366221471e-27       299.9973701259494
              0.0359375  -4.950965736565823e-05    0.000741725839515564   1.075793940542889e-27        299.996723989713
            0.036328125  -5.105271443275955e-05   0.0007147841933461651                       0       299.9961461000129
    0.03671874999999999  -5.158186862457171e-05   0.0006902244487244563                       0        299.995841196459
            0.037109375   -5.21110228163839e-05   0.0006656647041027465                       0        299.995536292905
    0.03750000000000001  -5.264017700819608e-05   0.0006411049594810368                       0        299.995231389351
            0.037890625  -5.316933120000745e-05   0.0006165452148593275                       0       299.9949264857972
             0.03828125  -5.369848539182002e-05   0.0005919854702376181                       0       299.9946215822432
    0.03867187499999999  -5.422763958363196e-05    0.000567425725615909                       0       299.9943166786892
              0.0390625  -5.384562685787938e-05   0.0005448448608381062                       0       299.9942188334281
    0.03945312500000001  -5.323582240273221e-05   0.0005227587160212798                       0       299.9941727527403
    0.03984375000000001   -5.26260179475875e-05   0.0005006725712044543                       0       299.9941266720524
            0.040234375  -5.201621349244136e-05    0.000478586426387629                       0       299.9940805913644
    0.04062500000000001   -5.14064090372963e-05   0.0004565002815708032                       0       299.9940345106766
            0.041015625  -5.079660458215063e-05   0.0004344141367539783                       0       299.9939884299887
    0.04140625000000001  -4.980930083336654e-05    0.000413098344806273                       0       299.9940175728601
    0.04179687500000001  -4.825574814412491e-05   0.0003929380821622501                       0       299.9941595510702
              0.0421875   -4.67021954548833e-05   0.0003727778195182274                       0       299.9943015292803
            0.042578125  -4.514864276564162e-05   0.0003526175568742045                       0       299.9944435074904
             0.04296875  -4.359509007639974e-05   0.0003324572942301817                       0       299.9945854857006
    0.04335937500000001  -4.204153738715784e-05   0.0003122970315861585                       0       299.9947274639108
                0.04375  -4.048798469791599e-05   0.0002921367689421358                       0       299.9948694421211
            0.044140625  -3.823174646175956e-05   0.0002733449728331264                       0       299.9951384752754
             0.04453125  -3.597550822560442e-05   0.0002545531767241172                       0       299.9954075084298
            0.044921875  -3.371926998944864e-05   0.0002357613806151081                       0       299.9956765415843
    0.04531250000000001  -3.146303175329279e-05   0.0002169695845060982                       0       299.9959455747386
            0.045703125   -2.92067935171376e-05   0.0001981777883970886                       0        299.996214607893
             0.04609375  -2.695055528098116e-05    0.000179385992288079                       0       299.9964836410473
            0.046484375  -2.443489679540645e-05   0.0001610838639992375                       0       299.9967966543035
               0.046875  -2.174629147688582e-05   0.0001431081809238412                       0       299.9971389876275
    0.04726562500000001  -1.905768615836515e-05   0.0001251324978484446                       0       299.9974813209515
    0.04765625000000001  -1.636908083984456e-05   0.0001071568147730484                       0        299.997823654277
            0.048046875  -1.368047552132403e-05   8.918113169765224e-05                       0       299.9981659875994
    0.04843750000000001  -1.099187020280355e-05   7.120544862225636e-05                       0       299.9985083209266
    0.04882812499999999  -8.274077222713496e-06   5.328401549955466e-05                       0       299.9988554498879
    0.04921875000000001  -5.439533596341511e-06   3.557958218762991e-05                       0       299.9992217614145
    0.04960937500000001  -2.604989969970206e-06    1.78751488757055e-05                       0       299.9995880729412
                   0.05   2.295536564009976e-07   1.707155637817418e-07                       0       299.9999543844696
    0.05039062500000001    3.06409728277292e-06  -1.753371774814342e-05                       0       300.0003206959973
             0.05078125   5.898640909144588e-06  -3.523815106006701e-05                       0       300.0006870075217
    0.05117187500000001   8.733184535516411e-06  -5.294258437199155e-05                       0       300.0010533190479
              0.0515625   1.145122338244017e-05   -7.08633440953124e-05                       0       300.0014005474494
    0.05195312500000001   1.414013603450276e-05  -8.883818542148277e-05                       0       300.0017430050696
             0.05234375   1.682904868656526e-05  -0.0001068130267476525                       0       300.0020854626898
            0.052734375   1.951796133862794e-05  -0.0001247878680738234                       0       300.0024279203117
    0.05312500000000001   2.220687399069052e-05  -0.0001427627093999936                       0       300.0027703779319
            0.053515625   2.489578664275304e-05  -0.0001607375507261636                       0       300.0031128355523
             0.05390625   2.741185504619746e-05  -0.0001790384980448629                       0       300.0034260243846
            0.054296875   2.966865707671509e-05  -0.0001978286043523589                       0       300.0036953100391
              0.0546875   3.192545910723273e-05   -0.000216618710659855                       0       300.0039645956938
    0.05507812500000001   3.418226113775041e-05  -0.0002354088169673513                       0       300.0042338813483
             0.05546875   3.643906316826831e-05  -0.0002541989232748486                       0       300.0045031670045
            0.055859375   3.869586519878586e-05  -0.0002729890295823434                       0       300.0047724526575
                0.05625    4.09526672293036e-05  -0.0002917791358898395                       0       300.0050417383122
            0.056640625   4.250693713188064e-05  -0.0003119368519263692                       0       300.0051841046649
    0.05703125000000001   4.406120703445701e-05  -0.0003320945679628971                       0       300.0053264710153
            0.057421875   4.561547693703432e-05  -0.0003522522839994259                       0       300.0054688373671
    0.05781250000000001   4.716974683961131e-05  -0.0003724100000359547                       0       300.0056112037187
            0.058203125   4.872401674218829e-05  -0.0003925677160724829                       0       300.0057535700703
             0.05859375   5.027828664476466e-05  -0.0004127254321090115                       0        300.005895936422
            0.058984375   5.126630546909182e-05  -0.0004340381615199625                       0       300.0059255548859
               0.059375    5.18768235745841e-05  -0.0004561208998471954                       0       300.0058800080912
            0.059765625     5.2487341680077e-05  -0.0004782036381744279                       0       300.0058344612966
    0.06015624999999999   5.309785978556939e-05  -0.0005002863765016597                       0        300.005788914502
    0.06054687499999999   5.370837789106322e-05  -0.0005223691148288927                       0       300.0057433677073
    0.06093750000000001   5.431889599655646e-05   -0.000544451853156126                       0       300.0056978209127
            0.061328125   5.470157934273567e-05   -0.000567029142619465                       0       300.0056005409514
             0.06171875   5.417292365165715e-05  -0.0005915846366272121                       0        300.005296328314
            0.062109375   5.364426796057897e-05  -0.0006161401306349623                       0       300.0049921156782
                 0.0625   5.311561226950077e-05  -0.0006406956246427122                       0       300.0046879030424
    0.06289062499999999   5.258695657842223e-05  -0.0006652511186504617                       0       300.0043836904066
             0.06328125   5.205830088734426e-05  -0.0006898066126582121                       0       300.0040794777708
            0.063671875    5.15296451962669e-05  -0.0007143621066659625                       0       300.0037752651351
    0.06406250000000001   4.998670400457593e-05   -0.000741298869764667  -7.153311950880389e-28       300.0031982000059
            0.064453125   4.819019143773178e-05  -0.0007688309501361092  -1.609495188948048e-27       300.0025529217535
    0.06484375000000001   4.639367887088784e-05  -0.0007963630305075561  -2.503659182808088e-27       300.0019076435026
            0.065234375   4.459716630404383e-05  -0.0008238951108789993  -3.397823176668132e-27       300.0012623652502
               0.065625   4.280065373719994e-05  -0.0008514271912504422  -4.291987170528179e-27       300.0006170869976
    0.06601562500000001   4.100414117035605e-05  -0.0008789592716218853  -5.186151164388225e-27       299.9999718087452
             0.06640625   3.868586984535585e-05  -0.0009078409553112314  -7.546836209297073e-27       299.9991521814047
    0.06679687500000001   3.558496038312091e-05  -0.0009387470439774343  -1.210730283077932e-26       299.9980710304321
    0.06718749999999998   3.248405092088598e-05  -0.0009696531326436302  -1.666776945226122e-26       299.9969898794579
    0.06757812499999999   2.938314145865122e-05   -0.001000559221309839  -2.122823607374363e-26       299.9959087284868
    0.06796875000000001    2.62822319964162e-05   -0.001031465309976037   -2.57887026952258e-26       299.9948275775127
            0.068359375   2.318132253418155e-05   -0.001062371398642238  -3.034916931670781e-26       299.9937464265402
    0.06874999999999999   2.008041307194632e-05    -0.00109327748730844  -3.490963593818995e-26       299.9926652755676
    0.06914062499999998   1.575932125671835e-05   -0.001127747954930049  -3.174244174275895e-26       299.9910421049282
             0.06953125   1.143822944149061e-05    -0.00116221842255166  -2.857524754732731e-26       299.9894189342887
    0.06992187499999999     7.1171376262626e-06   -0.001196688890173269  -2.540805335189603e-26       299.9877957636493
              0.0703125   2.796045811034434e-06   -0.001231159357794879  -2.224085915646469e-26       299.9861725930099
    0.07070312500000001  -1.525046004193743e-06   -0.001265629825416489  -1.907366496103335e-26       299.9845494223704
    0.07109375000000001  -5.846137819421921e-06   -0.001300100293038099  -1.590647076560201e-26        299.982926251731
    0.07148437499999999  -1.075930776578821e-05   -0.001336610666818594  -1.260960053496022e-26       299.9809096168125
    0.07187500000000001  -1.606719646624723e-05    -0.00137448097803834   -9.22627961417751e-27       299.9786306723718
            0.072265625  -2.137508516670588e-05   -0.001412351289258084  -5.842958693395039e-27       299.9763517279311
    0.07265624999999999   -2.66829738671653e-05   -0.001450221600477824  -2.459637772612591e-27       299.9740727834896
            0.073046875  -3.199086256762369e-05    -0.00148809191169757    9.23683148170011e-28       299.9717938390493
              0.0734375   -3.72987512680826e-05   -0.001525962222917316   4.307004068952577e-27       299.9695148946089
    0.07382812499999999  -4.272311375297705e-05   -0.001564368648771505   6.115575379183429e-27       299.9670819629964
             0.07421875  -4.861337137561459e-05   -0.001604919533163475   1.625148247207783e-27       299.9640330826971
    0.07460937500000001  -5.450362899825224e-05   -0.001645470417555434  -2.865278884767939e-27       299.9609842023957
    0.07500000000000001  -6.039388662089006e-05   -0.001686021301947408  -7.355706016743583e-27        299.957935322097
    0.07539062499999999  -6.628414424352675e-05   -0.001726572186339362  -1.184613314871908e-26        299.954886441795
    0.07578125000000001  -7.217440186616435e-05   -0.001767123070731329  -1.633656028069494e-26       299.9518375614946
            0.076171875  -7.806465948880153e-05   -0.001807673955123293  -2.082698741267048e-26       299.9487886811943
    0.07656250000000001  -8.395600840564118e-05   -0.001849152640512513  -2.541014600511532e-26       299.9450410811988
    0.07695312500000001  -8.984763014603139e-05   -0.001890863276151046  -3.001648746267744e-26       299.9411188012795
    0.07734374999999999  -9.573925188642118e-05   -0.001932573911789576  -3.462282892023924e-26       299.9371965213604
    0.07773437500000001  -0.0001016308736268115   -0.001974284547428112  -3.922917037780167e-26       299.9332742414412
               0.078125  -0.0001075224953672014   -0.002015995183066649  -4.383551183536357e-26       299.9293519615227
    0.07851562499999998   -0.000113414117107591   -0.002057705818705174  -4.844185329292533e-26       299.9254296816026
    0.07890625000000001   -0.000119012731188098   -0.002098842456594311   -4.80053045319966e-26       299.9211267873789
            0.079296875  -0.0001241718337787793    -0.00213911809785935  -4.000442044333074e-26       299.9162529716991
    0.07968750000000001  -0.0001293309363694604   -0.002179393739124378  -3.200353635466452e-26       299.9113791560176
    0.08007812499999999  -0.0001344900389601413   -0.002219669380389409  -2.400265226599863e-26       299.9065053403369
    0.08046874999999999  -0.0001396491415508222   -0.002259945021654443  -1.600176817733242e-26       299.9016315246562
    0.08085937500000001  -0.0001448082441415041   -0.002300220662919479  -8.000884088665927e-27       299.8967577089757
                0.08125  -0.0001499673467321853   -0.002340496304184513  -1.046394068413444e-41       299.8918838932951
    0.08164062500000001  -0.0001535743021814989   -0.002375414057116105  -3.909975195923555e-26       299.8860221901328
             0.08203125  -0.0001571812576308132   -0.002410331810047697  -7.819950391846972e-26       299.8801604869707
    0.08242187500000001  -0.0001607882130801273    -0.00244524956297929  -1.172992558777053e-25       299.8742987838085
              0.0828125   -0.000164395168529441   -0.002480167315910886  -1.563990078369397e-25       299.8684370806469
    0.08320312499999999  -0.0001680021239787548   -0.002515085068842474  -1.954987597961735e-25       299.8625753774844
    0.08359374999999999  -0.0001716090794280687   -0.002550002821774068  -2.345985117554089e-25       299.8567136743224
    0.08398437499999999  -0.0001738150623748329   -0.002578453658358416  -2.599290579055144e-25       299.8502715048262
    0.08437500000000001  -0.0001750870636532307   -0.002602593217377937  -2.760801335162007e-25        299.843442357774
    0.08476562500000001  -0.0001763590649316284   -0.002626732776397458  -2.922312091268865e-25       299.8366132107219
             0.08515625  -0.0001776310662100258   -0.002650872335416978  -3.083822847375716e-25       299.8297840636697
    0.08554687499999999  -0.0001789030674884235   -0.002675011894436502  -3.245333603482571e-25       299.8229549166181
              0.0859375  -0.0001801750687668214   -0.002699151453456027  -3.406844359589432e-25       299.8161257695663
    0.08632812499999999  -0.0001808672880201925   -0.002719750929483036  -3.425551309335102e-25       299.8091203815252
             0.08671875  -0.0001792403791734563   -0.002726190073539976  -2.873043033635874e-25       299.8014100295256
    0.08710937499999999   -0.000177613470326721   -0.002732629217596929  -2.320534757936685e-25       299.7936996775275
    0.08750000000000001  -0.0001759865614799865   -0.002739068361653899  -1.768026482237475e-25        299.785989325531
    0.08789062500000001  -0.0001743596526332501   -0.002745507505710843  -1.215518206538241e-25       299.7782789735319
    0.08828125000000001  -0.0001727327437865144   -0.002751946649767792  -6.630099308390497e-26       299.7705686215332
    0.08867187500000001  -0.0001711058349397788   -0.002758385793824746  -1.105016551398385e-26       299.7628582695352
              0.0890625  -0.0001670653859462513   -0.002744106053357111                       0       299.7545631445643
    0.08945312500000001  -0.0001624215519160259   -0.002724646591758328                       0       299.7461218263504
             0.08984375  -0.0001577777178858005   -0.002705187130159545                       0       299.7376805081365
    0.09023437499999999  -0.0001531338838555753   -0.002685727668560763                       0       299.7292391899226
    0.09062500000000001  -0.0001484900498253499   -0.002666268206961988                       0       299.7207978717094
    0.09101562499999999  -0.0001438462157951245     -0.0026468087453632                       0       299.7123565534947
    0.09140625000000001  -0.0001382201683383219   -0.002613385143473008                       0       299.7037021835434
    0.09179687499999999  -0.0001311208007416519    -0.00255901533114566                       0       299.6947282359812
    0.09218750000000001  -0.0001240214331449818    -0.00250464551881832                       0       299.6857542884204
    0.09257812500000001  -0.0001169220655483119   -0.002450275706490985                       0         299.67678034086
    0.09296874999999999  -0.0001098226979516424   -0.002395905894163649                       0       299.6678063932991
    0.09335937500000001  -0.0001027233303549732   -0.002341536081836332                       0       299.6588324457415
                0.09375  -9.562396275830259e-05   -0.002287166269508971                       0       299.6498584981773
    0.09414062500000001  -8.772544255283881e-05   -0.002188646554976333   -5.99523408472389e-26       299.6405680493401
    0.09453125000000001  -7.982692234737425e-05   -0.002090126840443673  -1.199046816944756e-25       299.6312776004995
    0.09492187499999999  -7.192840214191075e-05   -0.001991607125911031  -1.798570225417081e-25       299.6219871516603
    0.09531249999999999  -6.402988193644669e-05   -0.001893087411378382  -2.398093633889428e-25       299.6126967028214
    0.09570312499999999  -5.613136173098299e-05   -0.001794567696845738  -2.997617042361774e-25       299.6034062539824
    0.09609374999999999  -4.823284152551899e-05   -0.001696047982313091  -3.597140450834143e-25       299.5941158051435
    0.09648437500000001  -4.135711797765976e-05   -0.001565569410396607   -3.81555804085533e-25       299.5847507223239
    0.09687500000000002  -3.516325886820409e-05   -0.001413784933557573  -3.779905085242432e-25       299.5753358835171
    0.09726562500000001  -2.896939975874891e-05   -0.001262000456718553  -3.744252129629537e-25       299.5659210447121
    0.09765625000000001    -2.2775540649293e-05   -0.001110215979879513  -3.708599174016616e-25       299.5565062059053
    0.09804687499999999  -1.658168153983771e-05  -0.0009584315030404877    -3.6729462184037e-25       299.5470913670986
    0.09843750000000001  -1.038782243038173e-05  -0.0008066470262014425   -3.63729326279076e-25       299.5376765282901
    0.09882812500000002  -5.093189196391214e-06  -0.0006423932294345757   -3.38322271715663e-25       299.5282606161685
    0.09921874999999999  -3.395459464260852e-06   -0.000428262152956389  -2.255481811437774e-25        299.518840410778
    0.09960937499999999  -1.697729732130457e-06  -0.0002141310764781983  -1.127740905718897e-25        299.509420205389
    0.09999999999999998                       0                       0                       0                   299.5
