#              distance                     U_x                     U_y                     U_z                       T
  6.939827610207933e-18   8.386883253024709e-22   6.596766695940759e-19                       0       300.5000000000001
  0.0003906250000000001   1.634825064668392e-05    0.007075068742446473                       0       300.4672613077898
  0.0007812500000000002   6.019515632946118e-05     0.01284288662243711                       0       300.4345392558252
            0.001171875   0.0001168506157292118     0.01772390158797709                       0       300.4019717455437
              0.0015625   0.0001820451109402803     0.02201371461055038                       0       300.3695072630589
            0.001953125   0.0002520756440624169     0.02498016543057583  -1.475020472534817e-25        300.337694458951
             0.00234375    0.000318503443892498     0.02748242145416936  -2.268416438103489e-25       300.3063339887038
   0.002734375000000001    0.000379527143784496     0.02928838528311501  -2.039375643223195e-25       300.2756520192477
               0.003125    0.000426241437350516     0.03030391977019734  -1.819972937786877e-25       300.2462727867171
            0.003515625   0.0004647656864559104     0.03095976671200569  -1.774198150321532e-25       300.2176366104109
             0.00390625   0.0004848391640447777      0.0309672928145814  -2.413296945295932e-25       300.1906699220771
            0.004296875   0.0004900448762919465     0.03059390049871229  -2.061584426106426e-25       300.1651802160734
   0.004687500000000002   0.0004853387449779834     0.02996656257054664   -1.04933103080768e-25       300.1406751649564
            0.005078125   0.0004570004009586481     0.02887003482298124  -3.934991365528779e-26       300.1188942869288
   0.005468750000000001   0.0004205090145412682     0.02764554027881553                       0       300.0982583953866
            0.005859375     0.00037178806452682     0.02622909553974936                       0       300.0793399835726
   0.006249999999999999    0.000310415771487199     0.02465949112687201  -1.765164983946077e-26       300.0627250710371
   0.006640625000000002    0.000243752850123803     0.02303442870172168  -3.332697778376301e-26       300.0472438609442
   0.007031250000000001   0.0001685787584904751     0.02134069390129065   -2.34453683079615e-26       300.0339939613431
   0.007421875000000001     9.0141601218676e-05     0.01964512553271105  -1.218295282352543e-26       300.0223119295761
   0.007812500000000002   9.529066854563731e-06     0.01794833478536575                       0       300.0116751430319
   0.008203124999999999  -7.172178582612319e-05     0.01631005112696184                       0        300.003413980153
   0.008593750000000001  -0.0001515771883297495     0.01471234341587548                       0         299.99599305311
   0.008984375000000001  -0.0002293394155677827     0.01317549962576549                       0       299.9898324798211
   0.009375000000000001  -0.0003016603441683685     0.01174169530490663                       0       299.9851192741969
            0.009765625  -0.0003707684230251685     0.01036239183979645                       0       299.9810716507297
             0.01015625  -0.0004324664015442749    0.009098052328429839                       0       299.9782389882251
            0.010546875  -0.0004876208294479191    0.007923153513763596                       0       299.9761514711813
              0.0109375  -0.0005384128902745903     0.00680788183023093                       0       299.9745607177781
            0.011328125  -0.0005773937206607664    0.005840047730170603                       0       299.9739574862366
             0.01171875  -0.0006115415740754974    0.004928589441279735                       0       299.9736585122836
            0.012109375  -0.0006384399620330718    0.004101694869143133                       0         299.97381592472
                 0.0125  -0.0006558725772817129    0.003379819374495711                       0       299.9744241523074
            0.012890625  -0.0006687043776233254     0.00270814902027806                       0       299.9752243360631
             0.01328125   -0.000672598691045758    0.002132280150290334                       0       299.9763415293408
            0.013671875  -0.0006703698456054989     0.00162082164866704                       0       299.9776132336065
              0.0140625  -0.0006640588942567789     0.00115230339262003                       0       299.9789879451976
            0.014453125  -0.0006487222019404792   0.0007785581762898611                       0       299.9805076659377
             0.01484375  -0.0006302996290600058   0.0004378151880228864                       0        299.982049768164
            0.015234375  -0.0006072482353332717   0.0001465755418507038                       0       299.9836254426196
               0.015625  -0.0005791236657792999  -8.796880896387326e-05                       0       299.9851910199849
            0.016015625  -0.0005487380662281797  -0.0002963270182710745    1.21977201574014e-27       299.9867413391081
             0.01640625  -0.0005143815225158364  -0.0004566359569063469    7.31863209444076e-27       299.9882407224195
            0.016796875  -0.0004778481952165903  -0.0005868298184485895   9.115394311500364e-27       299.9896801119815
              0.0171875  -0.0004398636788594053  -0.0006969469619288169   8.044091287466431e-27       299.9910795057107
            0.017578125  -0.0003995083397074854  -0.0007657585176231849   3.016534232799897e-27        299.992354754482
             0.01796875  -0.0003586652268371658   -0.000821207937250576                       0       299.9935746317983
            0.018359375  -0.0003170904533892494  -0.0008566141527774996                       0       299.9947114519319
                0.01875  -0.0002753615463096449   -0.000870849059741359    1.83108633098329e-27       299.9957323904572
            0.019140625  -0.0002337337072353214  -0.0008757039648409285   3.193547502476724e-27       299.9966953280247
             0.01953125  -0.0001926642738139095  -0.0008642101710466874   8.504217050288909e-28       299.9975421434702
            0.019921875   -0.000152463356939904  -0.0008435589596838533  -7.248925816863705e-28       299.9983044718227
              0.0203125  -0.0001128414510975024  -0.0008168028032752907  -1.788332527913296e-27       299.9990104754466
    0.02070312500000001  -7.527580479866826e-05  -0.0007791683848829519  -6.706246979674736e-28       299.9995834020103
             0.02109375  -3.872176452767993e-05  -0.0007386481552229394                       0       300.0001071339153
            0.021484375  -3.685133298455938e-06  -0.0006937992086613737                       0       300.0005570738158
    0.02187500000000001   2.905221541114745e-05  -0.0006455895848144854                       0       300.0009178986876
            0.022265625   6.059425756731632e-05  -0.0005961863150999618  -5.300705586576286e-29       300.0012366468879
    0.02265625000000001   8.965435602936419e-05  -0.0005453691392002307  -3.180423351945668e-28       300.0014762034377
            0.023046875   0.0001167784540553507  -0.0004946443188238161  -5.251209441922726e-28       300.0016639654854
              0.0234375   0.0001426118851239657  -0.0004439810687962793  -6.935617729692395e-28       300.0018171978652
            0.023828125    0.000165184802676916  -0.0003949462142768681  -2.600856648634722e-28       300.0018966039804
             0.02421875   0.0001864705023675914  -0.0003469985019766459                       0       300.0019512819337
            0.024609375   0.0002058253752648536  -0.0003006815030052074                       0        300.001968867644
                  0.025   0.0002226897062114717  -0.0002571485770204179  -5.281059037511744e-28       300.0019460191538
            0.025390625   0.0002383395546540853  -0.0002151053576412209  -1.191235229726248e-27       300.0019050310594
             0.02578125   0.0002516220150313622  -0.0001762368916978084   -1.86635234084585e-27       300.0018319188162
            0.026171875   0.0002632433052683281  -0.0001399073476771592  -1.726437224399395e-27       300.0017403518325
              0.0265625   0.0002737571487450839  -0.0001052704182716851  -1.043167289575682e-27       300.0016364816882
            0.026953125   0.0002817184283396528  -7.494664506343832e-05  -3.911877335908773e-28        300.001510210911
             0.02734375   0.0002887513035745462  -4.632375498543425e-05                       0        300.001377903056
            0.027734375    0.000294391572269923  -2.025218960279386e-05                       0       300.0012365395843
               0.028125   0.0002983658298393987   2.553135244704546e-06                       0       300.0010881267261
    0.02851562500000001   0.0003015547366146384   2.377501812192098e-05                       0       300.0009372492277
             0.02890625   0.0003032682513388608   4.192937365315216e-05                       0       300.0007835625879
            0.029296875   0.0003040145610281211   5.796446430307721e-05                       0       300.0006303990951
    0.02968750000000001   0.0003041160673607445   7.258671169879828e-05                       0        300.000477584367
            0.030078125    0.000302827204769868   8.401209487857042e-05                       0       300.0003291833378
             0.03046875   0.0003010652583757072    9.42991305635466e-05                       0       300.0001836608208
            0.030859375   0.0002985936862766509   0.0001028786450063378                       0       300.0000424560985
                0.03125   0.0002953290098274444   0.0001094638420271745                       0       299.9999086956092
            0.031640625   0.0002917024916068942   0.0001151207238145548  -3.227310752517896e-29       299.9997789614062
             0.03203125   0.0002874217106511075   0.0001190586620900617  -1.936386451510638e-28       299.9996578881146
            0.032421875   0.0002827432897934301   0.0001219038340159036  -2.289804530279782e-28       299.9995439199896
              0.0328125   0.0002777997756678272   0.0001240204950419692   -1.80306441072249e-28       299.9994346886425
            0.033203125   0.0002723301204670794   0.0001246207101067384  -1.367832092817419e-28        299.999337888829
             0.03359375   0.0002666974286011475   0.0001247257310873056  -9.538504385612932e-29       299.9992461562859
            0.033984375   0.0002608201817374341   0.0001240879609415694  -5.717447797786636e-29       299.9991620246481
               0.034375   0.0002546979475815495   0.0001226597381174642  -2.476618240110646e-29       299.9990879879913
            0.034765625   0.0002484702802241397   0.0001208803959784374                       0       299.9990189437088
             0.03515625   0.0002420658673528044   0.0001184870292580939                       0       299.9989597739435
    0.03554687499999999   0.0002355712418763806   0.0001157479625237672                       0        299.998907740771
              0.0359375   0.0002290164746632318   0.0001127784291134516                       0       299.9988604653275
            0.036328125   0.0002223686523560935   0.0001093959492156242                       0       299.9988245080166
             0.03671875   0.0002157018150331272   0.0001059029731340427                       0       299.9987928121897
            0.037109375   0.0002090064551864146   0.0001022442527768295                       0       299.9987675085888
    0.03750000000000001   0.0002023012489717425   9.845433346000073e-05                       0       299.9987501520442
            0.037890625   0.0001955963977040643   9.461683337714071e-05                       0       299.9987366193364
             0.03828125    0.000188902812592318   9.072020918977165e-05                       0       299.9987304349191
            0.038671875   0.0001822290317929311   8.682148176837754e-05                       0       299.9987293084513
              0.0390625   0.0001755684538684536   8.292135219096704e-05                       0       299.9987315539497
    0.03945312500000001   0.0001689536153099466   7.907091188029755e-05                       0       299.9987414837616
             0.03984375   0.0001623601524612838   7.525571943404985e-05                       0       299.9987541980691
    0.04023437500000001   0.0001557987531773826   7.149339878443404e-05                       0       299.9987710891197
               0.040625   0.0001492830696225368   6.782237053141892e-05                       0       299.9987929960088
    0.04101562500000001   0.0001427903685493677   6.420013514441205e-05  -2.029645102021483e-29       299.9988172800724
    0.04140625000000001   0.0001363438816738494   6.068177882483809e-05  -1.217787061212845e-28       299.9988460569948
            0.041796875    0.000129931052546352    5.72458036433136e-05  -1.592981531963346e-28       299.9988778360951
              0.0421875   0.0001235406619175343   5.386474922048866e-05  -1.541757282540419e-28       299.9989116166473
            0.042578125   0.0001172030689311563   5.062194172791851e-05  -5.781589809526427e-29       299.9989498311851
             0.04296875   0.0001108848462602606   4.743282867878715e-05                       0       299.9989896085362
    0.04335937500000001   0.0001045956790625888   4.432425729481394e-05                       0       299.9990317301075
    0.04375000000000001   9.834125518152085e-05   4.131696560775568e-05                       0       299.9990765888048
            0.044140625   9.210314914752034e-05   3.835828390707239e-05                       0       299.9991227267433
    0.04453125000000001   8.589557118517747e-05   3.549276245497313e-05                       0       299.9991712445215
            0.044921875   7.970772408268533e-05   3.269005704723194e-05                       0       299.9992213008343
    0.04531250000000001   7.353303088676209e-05   2.992922900239621e-05                       0       299.9992723828369
            0.045703125   6.738613077141652e-05   2.726044109235254e-05                       0       299.9993256510801
             0.04609375   6.124843408473374e-05   2.462326285673685e-05                       0       299.9993796541713
    0.04648437500000001   5.512454254104916e-05   2.203349913276346e-05                       0       299.9994347595343
               0.046875   4.901552936179701e-05     1.9496551602459e-05                       0       299.9994910752818
    0.04726562500000001   4.291315180723126e-05   1.698346089154491e-05                       0       299.9995479356098
             0.04765625   3.682243838697414e-05   1.451298126452178e-05                       0       299.9996057638345
            0.048046875   3.073828589920357e-05   1.206702494636702e-05   2.604515816264837e-29       299.9996641464119
    0.04843749999999999   2.465850736642595e-05   9.637417500791317e-06   6.945375510039278e-29       299.9997228985533
            0.048828125   1.858633934841087e-05   7.236675311563675e-06   5.215721599759144e-29       299.9997823018516
    0.04921875000000001   1.251598443987568e-05   4.842808132140449e-06   3.133446940193137e-29       299.9998418602665
            0.049609375   6.448349195564522e-06   2.459253467424387e-06   5.222411566988712e-30       299.9999016513565
                   0.05   3.820000677312404e-07   8.028174979942887e-08                       0       299.9999615465742
    0.05039062499999999   -5.68428057861999e-06  -2.298674660448626e-06                       0       300.0000214426616
             0.05078125   -1.17515734155115e-05  -4.682152788279438e-06                       0       300.0000812381008
    0.05117187500000001  -1.782137997037777e-05  -7.075896430852481e-06                       0        300.000140803429
    0.05156250000000001  -2.389286233722468e-05  -9.476483749919956e-06                       0       300.0002002153498
            0.051953125   -2.99716138429895e-05  -1.190585519679642e-05                       0       300.0002589804399
    0.05234375000000001  -3.605460336629969e-05  -1.435154142254541e-05                       0       300.0003173777278
    0.05273437500000001  -4.214394991592814e-05  -1.682169981660295e-05                       0       300.0003752233021
    0.05312500000000001  -4.824469059491475e-05  -1.933439714907912e-05                       0       300.0004321045188
            0.053515625  -5.435193254655012e-05  -2.187091417891957e-05                       0       300.0004884429814
             0.05390625  -6.047378545940999e-05  -2.446017105979417e-05                       0       300.0005435747117
            0.054296875  -6.660924557873622e-05  -2.709678224924871e-05                       0       300.0005976069822
              0.0546875  -7.275377716903767e-05  -2.976496297775622e-05                       0       300.0006509062799
    0.05507812500000001  -7.892577766176182e-05  -3.252507968826792e-05                       0       300.0007020241655
    0.05546875000000001  -8.511080534241675e-05  -3.532703136636078e-05                       0       300.0007521183596
            0.055859375  -9.131537380497076e-05  -3.819173549582563e-05                       0       300.0008006770157
    0.05624999999999999  -9.755022442272361e-05  -4.114951599473654e-05                       0       300.0008468599804
    0.05664062499999999  -0.0001038012722916919  -4.415586558556089e-05                       0       300.0008917658205
    0.05703125000000001  -0.0001100868270103337  -4.726341517459422e-05                       0       300.0009339388533
            0.057421875  -0.0001164012686492816  -5.045145297261782e-05                       0       300.0009737710461
              0.0578125  -0.0001227349682350992  -5.369314957663485e-05                       0       300.0010120426786
            0.058203125  -0.0001291212025424422  -5.707302114881236e-05                       0       300.0010458862141
             0.05859375  -0.0001355297789283847  -6.050779472870312e-05                       0        300.001077730756
    0.05898437500000001  -0.0001419718684322271  -6.402492132016482e-05                       0       300.0011065768144
               0.059375  -0.0001484600003353402  -6.764591702319156e-05                       0       300.0011309351644
            0.059765625  -0.0001549710350833852  -7.131570965180121e-05                       0       300.0011529189588
    0.06015625000000001  -0.0001615276388119168  -7.507682087118737e-05                       0       300.0011698922798
    0.06054687500000001  -0.0001681162181917638  -7.889085791670492e-05                       0       300.0011826930474
    0.06093750000000001    -0.00017472611467248  -8.274017884630666e-05                       0       300.0011927120997
            0.061328125  -0.0001813816470958646  -8.663934978171337e-05                       0       300.0011950540655
             0.06171875  -0.0001880503609603508  -9.053721693062432e-05                       0       300.0011940270307
    0.06210937500000001  -0.0001947388469864914  -9.443312839979333e-05                       0       300.0011879465017
                 0.0625  -0.0002014386019670135  -9.827019295535468e-05                       0       300.0011745237369
    0.06289062500000001  -0.0002081387262428978  -0.0001020598386445769                       0       300.0011572801766
    0.06328125000000001  -0.0002148290587458589  -0.0001057186557820524                       0       300.0011320956762
            0.063671875  -0.0002214909532929365  -0.0001092120860410517  -5.659762288982017e-29       300.0011005234962
    0.06406249999999999  -0.0002281338892027691  -0.0001125952583810725  -1.509269943728445e-28       300.0010646928789
    0.06445312500000001  -0.0002346839917602913  -0.0001155662283309388  -1.020124400532424e-28       300.0010175515597
    0.06484375000000001  -0.0002411740768096169  -0.0001183070945348082   -5.44977805961108e-29       300.0009656553402
            0.065234375  -0.0002475741355966572  -0.0001207028051196886  -9.082963432685122e-30       300.0009066267866
               0.065625    -0.00025379777456868   -0.000122485358001822                       0       300.0008377289608
    0.06601562499999999  -0.0002599161639185166  -0.0001239172623468851                       0       300.0007638412292
             0.06640625  -0.0002657899745946362  -0.0001245597302464151                       0        300.000679863146
    0.06679687500000001  -0.0002714196025982607  -0.0001244602852679318                       0       300.0005882870075
              0.0671875  -0.0002768864421535534  -0.0001238662317041061                       0       300.0004916454986
            0.067578125  -0.0002818278756888267  -0.0001217573913199791                       0       300.0003825758764
    0.06796875000000002  -0.0002865045569456277  -0.0001189207801802056                       0       300.0002687701445
    0.06835937500000001  -0.0002907841097847541  -0.0001149925129069774                       0       300.0001478602853
    0.06875000000000001  -0.0002944101762503553   -0.000109346926037135                       0       300.0000182892379
    0.06914062500000001  -0.0002976748122576039  -0.0001027738676609708   1.433527210823188e-28        299.999884691285
    0.06953125000000002  -0.0003001472128049343  -9.420824285612073e-05   8.601163264938213e-28       299.9997436468648
    0.06992187500000001  -0.0003019107052557858  -8.393648662444604e-05   1.224968104745123e-27       299.9995982812547
              0.0703125  -0.0003032015923089838  -7.252730944155541e-05   1.355211998222996e-27       299.9994500348515
    0.07070312499999999  -0.0003031034065772575  -5.792366868073359e-05   5.082044993336662e-28        299.999297365783
    0.07109374999999998  -0.0003023609702540639  -4.190815584574292e-05                       0       299.9991443428689
    0.07148437500000002  -0.0003006521580436725  -2.377483489949555e-05                       0       299.9989907891863
    0.07187499999999999  -0.0002974691123750489  -2.575893217519733e-06   9.726872495194923e-28       299.9988400311724
            0.072265625  -0.0002935013034771915   2.020556371865633e-05   1.964529043218617e-27       299.9986917301512
    0.07265625000000001  -0.0002878686751206484   4.625146093589801e-05    2.06030176411646e-27       299.9985504614313
            0.073046875  -0.0002808443402755602   7.484747569480288e-05   1.311631782797246e-27       299.9984182326129
              0.0734375  -0.0002728922011047758   0.0001051435688148177                       0       299.9982920303956
    0.07382812500000001  -0.0002623889717342954   0.0001397511677642218                       0       299.9981881975486
             0.07421875  -0.0002507788573292241   0.0001760509221603642                       0       299.9980966532776
    0.07460937500000001  -0.0002375084153722702   0.0002148889097266234                       0       299.9980235418709
    0.07500000000000001  -0.0002218716143109851   0.0002569012607629931                       0       299.9979825213047
            0.075390625  -0.0002050208108101237   0.0003004032902680527                       0       299.9979596226574
    0.07578125000000002  -0.0001856803566553215   0.0003466896701777774                       0         299.99797712088
            0.076171875  -0.0001644096059592058   0.0003946075843708455                       0        299.998031680551
    0.07656250000000001  -0.0001418519909022182   0.0004436131880861646                       0       299.9981109478654
    0.07695312500000001  -0.0001160344544540184   0.0004942497745498392                       0        299.998263986097
    0.07734374999999999  -8.892634626719869e-05   0.0005449495352212075                       0        299.998451530595
    0.07773437500000001  -5.988238047244811e-05   0.0005957440572041311                       0       299.9986908344925
               0.078125  -2.835632909072332e-05   0.0006451291817602324                       0       299.9990092816554
    0.07851562500000002   4.365194352289498e-06   0.0006933232796358104                       0       299.9993697812101
    0.07890625000000001   3.938652045345056e-05   0.0007381626682160033                       0       299.9998193470259
            0.079296875   7.592595941342424e-05   0.0007786790206134449                       0       300.0003426691148
    0.07968750000000001   0.0001134774736126086   0.0008163133488890576                       0       300.0009151620548
            0.080078125   0.0001530869819555605   0.0008430810520161457                       0       300.0016206761731
    0.08046875000000001   0.0001932764289690592   0.0008637493838274208                       0       300.0023824952248
    0.08085937500000001   0.0002343357839883678   0.0008752686586649474                       0       300.0032287716666
    0.08125000000000002   0.0002759558692911492   0.0008704522882741269                       0       300.0041911382514
    0.08164062499999999   0.0003176782974918439    0.000856262925539628                       0       300.0052114923673
             0.08203125   0.0003592493670008353   0.0008209172386591447                       0       300.0063477065976
    0.08242187500000001   0.0004000911617708466    0.000765541012603992                       0       300.0075669721866
    0.08281250000000001   0.0004404467733815383   0.0006968110937657285                       0       300.0088416053483
    0.08320312500000002   0.0004784359546358549   0.0005867989587026038                       0       300.0102403955157
    0.08359375000000002   0.0005149758170842637   0.0004567202774813128                       0       300.0116791970486
            0.083984375   0.0005493417013238112   0.0002965417770227859                       0       300.0131780156295
    0.08437500000000001   0.0005797404664517466   8.833574974866657e-05                       0       300.0147278268656
    0.08476562500000001   0.0006078800904613183  -0.0001460452816732531                       0       300.0162929323404
    0.08515624999999999   0.0006309502691090324  -0.0004370988028707534                       0       300.0178682221154
    0.08554687500000001   0.0006493941921102105  -0.0007776380949319762                       0       300.0194100313502
              0.0859375   0.0006647539446803613   -0.001151167900902308                       0       300.0209295202248
    0.08632812500000001    0.000671091533112978   -0.001619441367171407                       0       300.0223042022616
    0.08671875000000001   0.0006733480297469548   -0.002130643620721083                       0       300.0235759797199
    0.08710937499999999   0.0006694828886829706    -0.00270623905519161                       0         300.02469340031
    0.08749999999999999   0.0006566811672282831   -0.003377614424693166                       0       300.0254940635549
            0.087890625   0.0006392787324325001   -0.004099184726559901                       0       300.0261029087265
    0.08828124999999999   0.0006124100246630407   -0.004925754822856254                       0       300.0262612389494
    0.08867187500000001   0.0005782902276098349   -0.005836876632494955                       0       300.0259634430164
    0.08906249999999999    0.000539336371034137   -0.006804366251028384                       0       300.0253615629795
    0.08945312500000001   0.0004885662458355793   -0.007919278940257795                       0       300.0237726471427
    0.08984374999999999   0.0004334307522801916   -0.009093815754189747                       0       300.0216871781608
    0.09023437500000001   0.0003717472061895495    -0.01035778875517581                       0       300.0188568794612
    0.09062500000000001   0.0003026456136949882    -0.01173672656227574                       0       300.0148120572832
            0.091015625   0.0002303267638627423    -0.01317016769347374                       0       300.0101018702007
    0.09140625000000002   0.0001525569310837294    -0.01470665731495295                       0       300.0039447470456
            0.091796875   7.268566967297602e-05    -0.01630402472495933                       0       299.9965275675384
    0.09218750000000001  -8.586544158947793e-06    -0.01794197732731737                       0        299.988270350463
    0.09257812500000001  -8.923503045163815e-05    -0.01963847352144955                       0       299.9776379180544
    0.09296874999999999  -0.0001677138696447411    -0.02133376784724592                       0        299.965960349979
    0.09335937499999999   -0.000242938238188473    -0.02302725937053922                       0       299.9527150784101
                0.09375  -0.0003096616186970238    -0.02465213221328107                       0       299.9372385721706
    0.09414062500000002  -0.0003710988537496228    -0.02622157717420837                       0       299.9206283587777
    0.09453125000000001  -0.0004198924950136026    -0.02763792928842903                       0       299.9017145514424
            0.094921875  -0.0004564597372380825    -0.02886239111854237                       0       299.8810830573015
    0.09531250000000001  -0.0004848760467695611    -0.02995892609258412                       0       299.8593064386234
    0.09570312500000001  -0.0004896599523534881    -0.03058638659064698                       0       299.8348050903134
    0.09609374999999998  -0.0004845295674110413    -0.03095995328397875                       0       299.8093187997173
    0.09648437500000001  -0.0004645277466790244    -0.03095267927021388                       0       299.7823550956923
               0.096875  -0.0004260658267481925    -0.03029719847389929                       0       299.7537212646062
    0.09726562500000002  -0.0003794083670195235    -0.02928208980402705                       0       299.7243440622291
             0.09765625  -0.0003184288472983548    -0.02747667642247423                       0       299.6936635017431
    0.09804687500000001  -0.0002520346683151788    -0.02497507374776145                       0       299.6623040504244
    0.09843750000000002  -0.0001820307164906791    -0.02200934487760952                       0       299.6304920052243
            0.098828125  -0.0001168468784003699    -0.01772044582747062                       0       299.5980278374317
    0.09921875000000001  -6.019758637965243e-05    -0.01284043170995225                       0       299.5654605575763
    0.09960937500000001  -1.635011346332284e-05   -0.007073744991364934                       0       299.5327386096271
                    0.1                       0                       0                       0       299.4999999999999
