#              distance                     U_x                     U_y                     U_z                       T
                      0    -2.0297547930664e-18   7.748790267201074e-21                       0       299.7148185848202
  0.0003906250000000001   -0.000115425132349551   4.483557959005808e-07                       0       299.7148185848185
  0.0007812500000000004  -0.0002308502646991033    8.96711591801167e-07                       0       299.7148185848196
   0.001171875000000001  -0.0003462753970486551   1.345067387701751e-06                       0       299.7148185848201
   0.001562500000000001   -0.000444378710745316    2.99215852644826e-06                       0       299.7148462501502
            0.001953125  -0.0005381515697787569   4.938933500906259e-06                       0        299.714880831815
   0.002343750000000001  -0.0006319244288121978   6.885708475364265e-06                       0       299.7149154134797
   0.002734375000000001  -0.0007256972878456387   8.832483449822267e-06                       0       299.7149499951444
   0.003125000000000001  -0.0008194701468790798   1.077925842428027e-05                       0       299.7149845768091
            0.003515625  -0.0009132430059125206   1.272603339873827e-05                       0       299.7150191584739
             0.00390625  -0.0009989638849752878   1.504391888392125e-05                       0       299.7151241937156
            0.004296875   -0.001072606794082043    1.79184701351917e-05                       0       299.7153349093226
   0.004687500000000001   -0.001146249703188799   2.079302138646215e-05                       0       299.7155456249296
   0.005078125000000001   -0.001219892612295554   2.366757263773261e-05                       0       299.7157563405366
   0.005468750000000001    -0.00129353552140231   2.654212388900305e-05                       0       299.7159670561437
   0.005859375000000001   -0.001367178430509065   2.941667514027351e-05                       0       299.7161777717507
   0.006250000000000001   -0.001440821339615821   3.229122639154396e-05                       0       299.7163884873577
   0.006640625000000001   -0.001495992747564044   3.545741017642989e-05                       0       299.7168794154384
   0.007031250000000001   -0.001551164155512267   3.862359396131585e-05                       0       299.7173703435191
   0.007421875000000001    -0.00160633556346049   4.178977774620179e-05                       0       299.7178612715999
   0.007812500000000002   -0.001661506971408714   4.495596153108776e-05                       0       299.7183521996807
            0.008203125   -0.001716678379356936   4.812214531597368e-05                       0       299.7188431277615
   0.008593750000000002   -0.001771849787305159    5.12883291008596e-05                       0       299.7193340558423
   0.008984375000000003   -0.001817045349977249   5.433955801958645e-05                       0       299.7200332347962
   0.009375000000000001   -0.001855590349131915   5.731415036087382e-05                       0       299.7208712476656
            0.009765625   -0.001894135348286581    6.02887427021612e-05                       0       299.7217092605349
             0.01015625   -0.001932680347441248   6.326333504344865e-05                       0       299.7225472734043
            0.010546875   -0.001971225346595913     6.6237927384736e-05                       0       299.7233852862736
              0.0109375   -0.002009770345750579   6.921251972602338e-05                       0       299.7242232991429
            0.011328125   -0.002045386179402665   7.209631168658513e-05                       0       299.7251372938464
             0.01171875   -0.002069285351044428   7.461690212424433e-05                       0        299.726355215886
            0.012109375   -0.002093184522686192   7.713749256190357e-05                       0       299.7275731379257
                 0.0125   -0.002117083694327955   7.965808299956279e-05                       0       299.7287910599654
            0.012890625    -0.00214098286596972   8.217867343722207e-05                       0       299.7300089820052
             0.01328125   -0.002164882037611483   8.469926387488128e-05                       0       299.7312269040448
            0.013671875   -0.002188781209253246   8.721985431254052e-05                       0       299.7324448260845
              0.0140625    -0.00220258388594684   8.927566568511311e-05                       0       299.7339695309295
            0.014453125    -0.00221386243890339   9.121528229141412e-05                       0       299.7355709314759
             0.01484375    -0.00222514099185994    9.31548988977151e-05                       0       299.7371723320222
            0.015234375    -0.00223641954481649    9.50945155040161e-05                       0       299.7387737325686
               0.015625   -0.002247698097773039   9.703413211031701e-05                       0       299.7403751331149
    0.01601562500000001     -0.0022589766507296   9.897374871661844e-05                       0       299.7419765336625
             0.01640625   -0.002265996936032201   0.0001006705842777281                       0       299.7437233733749
            0.016796875   -0.002266629819853904   0.0001020032482710519                       0       299.7456883718399
              0.0171875   -0.002267262703675607   0.0001033359122643758                       0       299.7476533703048
            0.017578125   -0.002267895587497311   0.0001046685762576997                       0       299.7496183687699
    0.01796875000000001   -0.002268528471319014   0.0001060012402510235                       0       299.7515833672348
            0.018359375   -0.002269161355140735   0.0001073339042443482                       0        299.753548365702
                0.01875   -0.002269794238962424   0.0001086665682376714                       0        299.755513364165
            0.019140625   -0.002261628894549558   0.0001094276928312884                       0       299.7578050010582
             0.01953125   -0.002253463550136685   0.0001101888174249052                       0       299.7600966379504
    0.01992187500000001   -0.002245298205723817   0.0001109499420185223                       0       299.7623882748434
              0.0203125   -0.002237132861310956   0.0001117110666121395                       0       299.7646799117373
    0.02070312500000001   -0.002228967516898109   0.0001124721912057576                       0       299.7669715486329
             0.02109375   -0.002220802172485223   0.0001132333157993738                       0       299.7692631855235
            0.021484375   -0.002208359924321803   0.0001136886144984523                       0       299.7717222496348
    0.02187500000000001   -0.002193066406991342   0.0001139400292678381                       0       299.7742929318908
            0.022265625   -0.002177772889660888   0.0001141914440372244                       0       299.7768636141479
             0.02265625   -0.002162479372330435   0.0001144428588066107                       0        299.779434296405
            0.023046875   -0.002147185854999982   0.0001146942735759969                       0        299.782004978662
              0.0234375   -0.002131892337669528   0.0001149456883453831                       0       299.7845756609191
            0.023828125   -0.002115467081337653   0.0001151078150131375                       0       299.7871917041094
             0.02421875   -0.002094514869000086   0.0001149127892743646                       0       299.7899891910322
            0.024609375    -0.00207356265666252   0.0001147177635355917                       0       299.7927866779552
                  0.025   -0.002052610444324954   0.0001145227377968189                       0       299.7955841648781
            0.025390625   -0.002031658231987387   0.0001143277120580459                       0       299.7983816518009
    0.02578125000000001   -0.002010706019649823   0.0001141326863192731                       0       299.8011791387243
            0.026171875   -0.001989753807312275   0.0001139376605805013                       0       299.8039766256499
              0.0265625   -0.001965287128036322   0.0001134262048520419                       0       299.8069140923509
            0.026953125   -0.001939941832025785   0.0001128356416261617                       0       299.8098865539986
             0.02734375   -0.001914596536015254   0.0001122450784002819                       0       299.8128590156471
    0.02773437500000001   -0.001889251240004724   0.0001116545151744022                       0       299.8158314772957
               0.028125   -0.001863905943994193   0.0001110639519485223                       0       299.8188039389442
            0.028515625   -0.001838560647983662   0.0001104733887226426                       0       299.8217764005927
             0.02890625   -0.001811886128818749   0.0001097384482376503                       0       299.8247998164774
            0.029296875   -0.001783217774922263   0.0001087869418639893                       0       299.8278996637166
              0.0296875   -0.001754549421025776   0.0001078354354903284                       0       299.8309995109557
            0.030078125   -0.001725881067129289   0.0001068839291166674                       0       299.8340993581949
             0.03046875   -0.001697212713232805   0.0001059324227430064                       0       299.8371992054346
            0.030859375   -0.001668544359336315   0.0001049809163693452                       0       299.8402990526731
                0.03125   -0.001639876005439833   0.0001040294099956845                       0       299.8433988999131
    0.03164062500000001   -0.001608772125992327   0.0001027384342231956                       0       299.8465852928335
    0.03203125000000001   -0.001577668246544826   0.0001014474584507071                       0       299.8497716857548
            0.032421875   -0.001546564367097326   0.0001001564826782185                       0        299.852958078676
              0.0328125   -0.001515460487649825   9.886550690572984e-05                       0       299.8561444715972
            0.033203125   -0.001484356608202328   9.757453113324132e-05                       0       299.8593308645194
             0.03359375    -0.00145325272875483   9.628355536075288e-05                       0       299.8625172574411
    0.03398437500000001   -0.001421118985635776   9.479817997180761e-05                       0       299.8657358892443
               0.034375   -0.001388298666735701   9.318320483855881e-05                       0       299.8689760136379
    0.03476562500000001   -0.001355478347835624   9.156822970530995e-05                       0       299.8722161380315
    0.03515625000000001   -0.001322658028935562   8.995325457206198e-05                       0       299.8754562624282
    0.03554687500000001   -0.001289837710035478   8.833827943881248e-05                       0       299.8786963868197
              0.0359375   -0.001257017391135399   8.672330430556385e-05                       0       299.8819365112124
            0.036328125   -0.001223966700230795   8.504704871105156e-05                       0       299.8851824749987
    0.03671874999999999   -0.001189994521308079   8.312567127148496e-05                       0       299.8884517963557
            0.037109375   -0.001156022342385361   8.120429383191858e-05                       0       299.8917211177127
    0.03750000000000001   -0.001122050163462643    7.92829163923522e-05                       0       299.8949904390697
            0.037890625   -0.001088077984539926    7.73615389527858e-05                       0       299.8982597604268
             0.03828125   -0.001054105805617209   7.544016151321937e-05                       0       299.9015290817837
            0.038671875   -0.001020133626694497   7.351878407365333e-05                       0       299.9047984031423
              0.0390625  -0.0009855797383213009   7.137361680190328e-05                       0        299.908077670197
    0.03945312500000001  -0.0009508804225854902   6.917250207210775e-05                       0       299.9113594236781
             0.03984375  -0.0009161811068496811   6.697138734231228e-05                       0       299.9146411771592
    0.04023437500000001  -0.0008814817911138707   6.477027261251651e-05                       0       299.9179229306407
    0.04062500000000001  -0.0008467824753780602   6.256915788272118e-05                       0       299.9212046841216
            0.041015625  -0.0008120831596422548   6.036804315292591e-05                       0       299.9244864376041
    0.04140625000000001  -0.0007772137128309633   5.807108549227084e-05                       0       299.9277691562899
    0.04179687500000001  -0.0007420890694064635   5.563036343532737e-05                       0       299.9310533227878
              0.0421875   -0.000706964425981956   5.318964137838363e-05                       0       299.9343374892823
    0.04257812499999999  -0.0006718397825574528   5.074891932143964e-05                       0       299.9376216557786
             0.04296875  -0.0006367151391329485   4.830819726449593e-05                       0       299.9409058222748
    0.04335937500000001   -0.000601590495708444   4.586747520755222e-05                       0       299.9441899887711
    0.04375000000000001  -0.0005664658522839414   4.342675315060835e-05                       0       299.9474741552681
            0.044140625  -0.0005311154174495785   4.080131416387406e-05                       0       299.9507561300586
             0.04453125  -0.0004957649826152167   3.817587517713955e-05                       0       299.9540381048499
            0.044921875  -0.0004604145477808549   3.555043619040503e-05                       0       299.9573200796412
    0.04531250000000001  -0.0004250641129464923   3.292499720367045e-05                       0       299.9606020544325
            0.045703125  -0.0003897136781121302   3.029955821693591e-05                       0       299.9638840292238
             0.04609375  -0.0003543632432777681   2.767411923020137e-05                       0       299.9671660040151
            0.046484375  -0.0003189506873739483   2.497861083448058e-05                       0       299.9704462554528
               0.046875  -0.0002834967174238232   2.223638949943561e-05                       0       299.9737253579881
    0.04726562500000001  -0.0002480427474736976   1.949416816439058e-05                       0       299.9770044605234
             0.04765625  -0.0002125887775235725    1.67519468293456e-05                       0       299.9802835630587
            0.048046875  -0.0001771348075734475    1.40097254943006e-05                       0       299.9835626655939
              0.0484375  -0.0001416808376233226    1.12675041592556e-05                       0       299.9868417681292
            0.048828125   -0.000106220961280143   8.517288698229636e-06                       0       299.9901206334786
    0.04921875000000001  -7.073745936474439e-05   5.735096733279757e-06                       0       299.9933985500841
            0.049609375  -3.525395744934646e-05   2.952904768329931e-06                       0       299.9966764666897
    0.05000000000000001   2.295444660514898e-07   1.707128033801046e-07                       0       299.9999543832969
    0.05039062500000001   3.571304638145166e-05  -2.611479161570189e-06                       0       300.0032322999024
             0.05078125   7.119654829684928e-05  -5.393671126520283e-06                       0       300.0065102165062
    0.05117187500000001   0.0001066800502122488  -8.175863091470525e-06                       0       300.0097881331117
              0.0515625   0.0001421410947128179  -1.092607998622255e-05                       0       300.0130670810319
    0.05195312500000001   0.0001775965248596824  -1.366830311342524e-05                       0       300.0163462867823
    0.05234375000000001   0.0002130519550065442  -1.641052624062773e-05                       0       300.0196254925295
            0.052734375   0.0002485073851534065  -1.915274936783032e-05                       0       300.0229046982783
    0.05312500000000001   0.0002839628153002727  -2.189497249503326e-05                       0       300.0261839040288
    0.05351562500000001   0.0003194182454471358  -2.463719562223596e-05                       0       300.0294631097776
             0.05390625   0.0003548328187944719  -2.733272175397865e-05                       0        300.032743504014
    0.05429687500000001   0.0003901861069425199  -2.995820239253151e-05                       0       300.0360256809818
    0.05468750000000001   0.0004255393950905673  -3.258368303108432e-05                       0       300.0393078579497
    0.05507812500000001   0.0004608926832386134  -3.520916366963703e-05                       0       300.0425900349158
             0.05546875   0.0004962459713866601  -3.783464430818975e-05                       0       300.0458722118836
            0.055859375   0.0005315992595347073  -4.046012494674251e-05                       0       300.0491543888515
                0.05625   0.0005669525476827546  -4.308560558529527e-05                       0       300.0524365658193
            0.056640625   0.0006020813075555756  -4.552648172952514e-05                       0       300.0557210250555
    0.05703125000000001   0.0006372100674283973  -4.796735787375505e-05                       0       300.0590054842917
    0.05742187500000001    0.000672338827301219  -5.040823401798497e-05                       0        300.062289943528
    0.05781250000000002   0.0007074675871740457  -5.284911016221559e-05                       0       300.0655744027661
    0.05820312499999999   0.0007425963470468592  -5.528998630644481e-05                       0       300.0688588620001
             0.05859375   0.0007777251069196808  -5.773086245067485e-05                       0       300.0721433212363
    0.05898437500000001   0.0008125993165199116  -6.002810174556239e-05                       0       300.0754263796117
    0.05937500000000001    0.000847303825938415  -6.222958314088827e-05                       0         300.07870850408
            0.059765625   0.0008820083353569174  -6.443106453621407e-05                       0       300.0819906285483
    0.06015625000000001   0.0009167128447754217   -6.66325459315403e-05                       0       300.0852727530168
    0.06054687500000001   0.0009514173541939238  -6.883402732686591e-05                       0       300.0885548774847
    0.06093750000000001   0.0009861218636124268  -7.103550872219153e-05                       0        300.091837001953
            0.061328125    0.001020681114227475  -7.318110872998087e-05                       0       300.0951166524825
             0.06171875    0.001054659329628708  -7.510318318762269e-05                       0       300.0983864072568
    0.06210937499999999     0.00108863754502994  -7.702525764526447e-05                       0       300.1016561620312
                 0.0625    0.001122615760431179  -7.894733210290679e-05                       0       300.1049259168072
    0.06289062500000002    0.001156593975832407  -8.086940656054836e-05                       0       300.1081956715799
    0.06328125000000001    0.001190572191233643  -8.279148101819067e-05                       0       300.1114654263553
    0.06367187500000002    0.001224550406634871  -8.471355547583224e-05                       0       300.1147351811286
    0.06406250000000001     0.00125760758583998  -8.639087083289358e-05                       0       300.1179816133497
            0.064453125    0.001290434505996057  -8.800699641480978e-05                       0       300.1212222149325
    0.06484375000000001    0.001323261426152136  -8.962312199672603e-05                       0       300.1244628165152
            0.065234375    0.001356088346308213  -9.123924757864232e-05                       0       300.1277034180981
    0.06562500000000002    0.001388915266464293  -9.285537316055875e-05                       0       300.1309440196808
    0.06601562500000002    0.001421742186620377  -9.447149874247559e-05                       0       300.1341846212649
             0.06640625    0.001453882628349323  -9.595825175452142e-05                       0       300.1374037395475
    0.06679687500000001     0.00148499335243759   -9.72509459117629e-05                       0       300.1405906328829
              0.0671875    0.001516104076525858  -9.854364006900468e-05                       0       300.1437775262187
    0.06757812500000002    0.001547214800614123  -9.983633422624612e-05                       0       300.1469644195537
    0.06796874999999999    0.001578325524702388  -0.0001011290283834873                       0       300.1501513128891
            0.068359375    0.001609436248790655  -0.0001024217225407289                       0       300.1533382062246
    0.06875000000000001    0.001640546972878931   -0.000103714416697971                       0       300.1565250995619
    0.06914062499999998    0.001669222044625189  -0.0001046683009684639                       0       300.1596254492631
             0.06953125    0.001697897116371459  -0.0001056221852389576                       0       300.1627257989662
    0.06992187500000001    0.001726572188117728  -0.0001065760695094512                       0       300.1658261486692
              0.0703125    0.001755247259864006  -0.0001075299537799453                       0       300.1689264983738
    0.07070312500000001    0.001783922331610264  -0.0001084838380504382                       0       300.1720268480752
             0.07109375    0.001812597403356532  -0.0001094377223209317                       0       300.1751271977782
    0.07148437500000002    0.001839278307164449  -0.0001101754694314029                       0       300.1781511051836
    0.07187500000000002    0.001864629765680131  -0.0001107691251018591                       0       300.1811240510573
            0.072265625    0.001889981224195811  -0.0001113627807723152                       0        300.184096996931
    0.07265625000000001    0.001915332682711492  -0.0001119564364427713                       0       300.1870699428046
    0.07304687499999998    0.001940684141227172  -0.0001125500921132275                       0       300.1900428886782
              0.0734375    0.001966035599742854  -0.0001131437477836835                       0       300.1930158345518
    0.07382812499999999    0.001990508231108393   -0.000113658440242881                       0       300.1959537782788
             0.07421875    0.002011465553873366  -0.0001138572798570435                       0       300.1987517134191
    0.07460937500000001    0.002032422876638339  -0.0001140561194712063                       0       300.2015496485594
    0.07500000000000001    0.002053380199403322  -0.0001142549590853695                       0       300.2043475837014
            0.075390625    0.002074337522168284  -0.0001144537986995316                       0       300.2071455188401
    0.07578125000000001    0.002095294844933264  -0.0001146526383136947                       0       300.2099434539815
            0.076171875    0.002116252167698252  -0.0001148514779278582                       0       300.2127413891241
    0.07656249999999999    0.002132681237536435  -0.0001146937024452372                       0       300.2153578407418
            0.076953125    0.002147978244142949  -0.0001144467731884215                       0        300.217928921483
    0.07734374999999999    0.002163275250749463  -0.0001141998439316061                       0       300.2205000022241
    0.07773437500000002     0.00217857225735598  -0.0001139529146747911                       0       300.2230710829655
               0.078125    0.002193869263962498  -0.0001137059854179759                       0       300.2256421637073
    0.07851562500000001    0.002209166270569006  -0.0001134590561611599                       0       300.2282132444477
    0.07890625000000001    0.002221611105933426  -0.0001130084671571634  -3.092456989630279e-27       300.2306726837292
    0.07929687499999999    0.002229777684434703  -0.0001122523885323949   -1.08235994637057e-26       300.2329646608213
    0.07968749999999999    0.002237944262935982  -0.0001114963099076262  -1.855474193778166e-26       300.2352566379133
            0.080078125    0.002246110841437259  -0.0001107402312828579   -2.62858844118579e-26       300.2375486150054
    0.08046875000000001    0.002254277419938538  -0.0001099841526580894  -3.401702688593387e-26       300.2398405920976
    0.08085937500000002    0.002262443998439816  -0.0001092280740333209  -4.174816936001011e-26       300.2421325691897
    0.08124999999999999     0.00227061057694112  -0.0001084719954085535  -4.947931183408638e-26       300.2444245462852
    0.08164062500000001    0.002269975995276076  -0.0001071447646298002  -4.826824124344555e-26       300.2463898237506
             0.08203125    0.002269341413611056   -0.000105817533851048  -4.705717065280529e-26       300.2483551012194
    0.08242187500000001    0.002268706831946037  -0.0001044903030722958  -4.584610006216496e-26       300.2503203786882
    0.08281250000000001    0.002268072250281018  -0.0001031630722935436  -4.463502947152464e-26        300.252285656157
            0.083203125    0.002267437668615999  -0.0001018358415147914   -4.34239588808844e-26       300.2542509336259
    0.08359375000000001    0.002266803086950991  -0.0001005086107360397   -4.22128882902443e-26       300.2562162110961
            0.083984375    0.002259778934250508  -9.881730157931138e-05  -3.842584458433953e-26       300.2579632945124
    0.08437500000000001    0.002248495067526401  -9.688327350393308e-05  -3.292148546825852e-26       300.2595649152296
    0.08476562500000001    0.002237211200802293  -9.494924542855479e-05  -2.741712635217752e-26       300.2611665359467
             0.08515625    0.002225927334078186  -9.301521735317654e-05  -2.191276723609678e-26       300.2627681566637
    0.08554687500000001    0.002214643467354084  -9.108118927779856e-05  -1.640840812001559e-26       300.2643697773815
              0.0859375     0.00220335960062998   -8.91471612024205e-05  -1.090404900393489e-26       300.2659713980991
    0.08632812500000001    0.002189550756932604  -8.709691265823776e-05  -6.477611762665369e-27       300.2674963126336
    0.08671875000000001    0.002165642005342121  -8.458178223883604e-05  -6.362862020642646e-27       300.2687144024345
    0.08710937499999999    0.002141733253751651  -8.206665181943497e-05  -6.248112278619946e-27       300.2699324922368
    0.08749999999999999     0.00211782450216118  -7.955152140003371e-05  -6.133362536597237e-27       300.2711505820392
    0.08789062499999999     0.00209391575057071  -7.703639098063261e-05  -6.018612794574437e-27       300.2723686718415
    0.08828124999999999    0.002070006998980239  -7.452126056123138e-05  -5.903863052551734e-27       300.2735867616439
    0.08867187500000001    0.002046098247389767  -7.200613014183005e-05   -5.78911331052903e-27       300.2748048514463
    0.08906249999999999    0.002010468954938309  -6.912743574694225e-05  -4.440937665332957e-27       300.2757189788653
    0.08945312499999999      0.0019719095272716  -6.615785035818257e-05  -2.784405544343411e-27       300.2765571156885
    0.08984374999999999    0.001933350099604892  -6.318826496942298e-05  -1.127873423353922e-27       300.2773952525118
    0.09023437500000001    0.001894790671938184  -6.021867958066326e-05   5.286586976360574e-28       300.2782333893351
    0.09062500000000001    0.001856231244271475   -5.72490941919036e-05   2.185190818625638e-27       300.2790715261583
            0.091015625    0.001817671816604768  -5.427950880314403e-05    3.84172293961516e-27       300.2799096629814
    0.09140625000000001    0.001772459685518476  -5.123296814465328e-05   4.771006282928282e-27       300.2806089517559
            0.091796875    0.001717268499302807  -4.807099458156595e-05   4.609416459726495e-27       300.2810999684571
    0.09218750000000001    0.001662077313087136  -4.490902101847852e-05   4.447826636524704e-27       300.2815909851583
    0.09257812500000001    0.001606886126871465  -4.174704745539109e-05   4.286236813322817e-27       300.2820820018596
    0.09296874999999999    0.001551694940655798  -3.858507389230383e-05   4.124646990121043e-27       300.2825730185608
    0.09335937500000001    0.001496503754440124  -3.542310032921624e-05   3.963057166919253e-27       300.2830640352622
    0.09374999999999999    0.001441312568224457  -3.226112676612898e-05   3.801467343717479e-27       300.2835550519634
    0.09414062500000001    0.001367644089876886  -2.938968780038615e-05   3.207488071261609e-27        300.283765826831
    0.09453125000000001    0.001293975611529318  -2.651824883464342e-05    2.61350879880576e-27       300.2839766016987
            0.094921875    0.001220307133181753  -2.364680986890079e-05   2.019529526349932e-27       300.2841873765663
    0.09531250000000001    0.001146638654834184  -2.077537090315806e-05   1.425550253894041e-27       300.2843981514339
            0.095703125    0.001072970176486622  -1.790393193741547e-05   8.315709814381993e-28       300.2846089263024
    0.09609375000000002   0.0009993016981390524  -1.503249297167266e-05   2.375917089823155e-28       300.2848197011706
    0.09648437500000001    0.000913551488972342  -1.271665929861026e-05                       0       300.2849247789547
               0.096875   0.0008197467925928772  -1.077122915400139e-05                       0       300.2849593920187
    0.09726562500000002   0.0007259420962134058  -8.825799009392388e-06                       0       300.2849940050826
             0.09765625   0.0006321373998339435  -6.880368864783577e-06                       0       300.2850286181467
    0.09804687500000001   0.0005383327034544729  -4.934938720174592e-06                       0       300.2850632312106
    0.09843750000000001    0.000444528007075004  -2.989508575565614e-06                       0        300.285097844276
            0.098828125   0.0003463914843482131   -1.34359168113617e-06                       0       300.2851255347259
    0.09921875000000001   0.0002309276562321394  -8.957277874241032e-07                       0       300.2851255347259
            0.099609375   0.0001154638281160697  -4.478638937120517e-07                       0       300.2851255347259
                    0.1                       0                       0                       0       300.2851255347259
