/*--------------------------------*- C++ -*----------------------------------*\
  =========                 |
  \\      /  F ield         | OpenFOAM: The Open Source CFD Toolbox
   \\    /   O peration     | Website:  https://openfoam.org
    \\  /    A nd           | Version:  13
     \\/     M anipulation  |
\*---------------------------------------------------------------------------*/
FoamFile
{
    format      ascii;
    class       volScalarField;
    location    "2.92057390164";
    object      T;
}
// * * * * * * * * * * * * * * * * * * * * * * * * * * * * * * * * * * * * * //

dimensions      [0 0 0 1 0 0 0];

internalField   nonuniform List<scalar> 
2112
(
300.00000067826971
300.00000051307512
300.00000039480938
300.00000031082072
300.00000025111831
300.00000020749286
300.00000017269582
300.00000013959465
300.00000010020017
300.00000004443069
299.99999995842717
299.9999998221549
299.99999960591532
299.99999926522605
299.99999873329415
299.99999790997782
299.99999664567599
299.99999471796178
299.99999179793741
299.99998740218518
299.99998082476293
299.99997104190703
299.99995657993918
299.99993533436668
299.99990432544683
299.99985937283463
299.99979466984018
299.99970223706845
299.99957123693861
299.99938713629655
299.99913071588287
299.99877694473867
299.99829376631197
299.99764088157212
299.99676866123502
299.99561736936124
299.9941169250194
299.99218745400572
299.98974087250707
299.98668368357562
299.98292104626927
299.97836200028644
299.97292551794209
299.96654685069092
299.959183490474
299.95082002505063
299.94147125849361
299.93118318620185
299.92003171435607
299.90811932772965
299.89557016497616
299.88252410501809
299.8691304853607
299.85554198283523
299.84190903378533
299.82837500490763
299.81507218874344
299.80211861080232
299.78961559988534
299.77764607590035
300.00000064949847
300.00000049114544
300.00000037778739
300.00000029716233
300.00000023952964
300.00000019679464
300.00000016167797
300.00000012683864
300.00000008384285
300.00000002182901
299.99999992566552
299.99999977330867
299.9999995319431
299.99999915230188
299.99999856030342
299.99999764477343
299.99999623951084
299.99999409726098
299.99999085222282
299.99998596648641
299.99997865420937
299.99996777535654
299.99995168842901
299.99992804885142
299.99989353672862
299.99984349486061
299.99977145580095
299.99966853628536
299.99952267987044
299.99931773588139
299.99903237688051
299.99863888002574
299.99810183157069
299.99737685864568
299.9964095459506
299.99513475065004
299.99347657506468
299.9913492772078
299.98865937450984
299.98530910895971
299.98120128456821
299.97624527021293
299.97036371500457
299.96349930280815
299.95562074057591
299.94672718457332
299.93685048018062
299.9260548994942
299.91443443756731
299.90210808085095
299.88921370619181
299.87590135786189
299.86232658521175
299.84864434927795
299.83500378942136
299.82154394391102
299.80839038257716
299.79565264790278
299.78342240144781
299.77177220950921
300.00000060168816
300.00000045454948
300.00000034915774
300.00000027389177
300.00000021940997
300.00000017777961
300.00000014162151
300.00000010317297
300.00000005314337
299.99999997919343
299.99999986379748
299.99999968114628
299.99999939259465
299.99999893993993
299.99999823550434
299.99999714755603
299.99999547899739
299.99999293641901
299.99998908550776
299.99998328733744
299.99997460819526
299.99996169326897
299.99994259172263
299.99991451751958
299.9998735270247
299.99981409138144
299.99972853968012
299.99960634919188
299.99943326312939
299.99919022670377
299.99885215125192
299.99838654643196
299.99775210364356
299.99689736956566
299.99575971298185
299.99426485143596
299.99232725082305
299.98985171905093
299.98673646043102
299.9828777214999
299.97817593766382
299.97254300472662
299.96591000140228
299.95823445396201
299.94950614286086
299.93975056024323
299.92902944150808
299.91743825397094
299.90510101935314
299.89216324662482
299.8787839592074
299.86512778089468
299.85135783454075
299.8376298938669
299.82408791285945
299.81086081883831
299.79806033216971
299.78577956260028
299.77409219448026
299.76305216502152
300.00000054275074
300.00000040909021
300.00000031314585
300.00000024406489
300.00000019296255
300.00000015205012
300.00000011373976
300.00000006961602
300.0000000091282
299.99999991780101
299.99999977467576
299.99999954856474
299.99999919251519
299.99999863560981
299.99999777084827
299.99999643731616
299.99999439410669
299.99999128244804
299.9999865711369
299.99997947861118
299.99996886273334
299.9999530665703
299.99992970515325
299.99989537452319
299.99984526063281
299.99977262250025
299.99966812241752
299.99951897756188
299.99930791421349
299.99901192071417
299.99860082141902
299.99803573405887
299.99726752864461
299.99623547577062
299.99486634922368
299.99307431829391
299.99076200713137
299.98782308344846
299.98414663775981
299.97962340795209
299.97415359654383
299.96765565925466
299.96007509167947
299.95139200988069
299.94162630972056
299.93083945276015
299.91913243880617
299.90664017577683
299.89352307817325
299.87995714805783
299.86612391136725
299.85220139182047
299.83835689451951
299.8247418854009
299.81148883179867
299.79870960525841
299.78649496448429
299.77491469978793
299.76401816478904
299.75383507771619
300.00000047964477
300.00000036014546
300.00000027397334
300.0000002110732
300.00000016300197
300.00000012204657
300.00000008027058
300.00000002836333
299.99999995411952
299.99999984030592
299.99999966156389
299.99999937983858
299.999998937594
299.99999824773982
299.99999717872845
299.99999553261603
299.99999301297481
299.99998917830686
299.99998337496362
299.99997464143019
299.99996157312097
299.99994213350982
299.99991339354676
299.99987117709901
299.99980958605545
299.99972037559155
299.9995921492694
299.99940934716284
299.99915101081774
299.99878932998968
299.99828801142303
299.99760056250392
299.99666865336354
299.99542080649229
299.99377175272889
299.99162286690154
299.98886412595704
299.98537798119867
299.98104537071538
299.97575380169138
299.96940702289595
299.96193535064583
299.95330531876505
299.94352712976814
299.93265850446011
299.9208039998598
299.90810961935119
299.89475339565752
299.88093335333895
299.86685464902308
299.85271764783482
299.83870826869924
299.82499128125539
299.81170657167195
299.7989678900625
299.78686333956136
299.77545686185789
299.76479014178938
299.75488459305228
299.74574330846116
300.0000004172569
300.00000031147323
300.00000023458398
300.00000017728837
300.00000013151919
300.00000008953771
300.00000004290297
299.99999998116863
299.99999989010507
299.99999974915221
299.99999952767939
299.99999917943273
299.99999863426655
299.99999778585146
299.99999647347653
299.99999445526146
299.99999136899015
299.99998667528496
299.99997957586004
299.99996889702999
299.99995292542866
299.99992917900255
299.99989409188163
299.99984258701068
299.99976750608153
299.99965886345558
299.99950289117919
299.99928084843469
299.99896758425803
299.99852987117754
299.99792457375486
299.99709678286996
299.99597813385293
299.99448562810244
299.99252137840642
299.98997377104331
299.9867205450434
299.98263418737019
299.97758979601821
299.97147516137238
299.96420229730757
299.95571911531118
299.94601952756494
299.93515015408371
299.92321211444016
299.91035711549972
299.89677806670153
299.88269550460342
299.86834188963161
299.85394612378178
299.83972036412558
299.82585049323905
299.81249070213977
299.79976181710452
299.78775245788125
299.77652192343453
299.76610381343937
299.75650968674427
299.74773239559829
299.739749012289
300.00000035865014
300.00000026540368
300.0000001967918
300.00000014417873
300.0000000997772
300.00000005570666
300.00000000286684
299.99999992945646
299.99999981889761
299.99999964681689
299.99999937657623
299.99999895260788
299.99999829047221
299.99999726206443
299.9999956737127
299.99999323394849
299.99998950641572
299.99998384161273
299.99997527882203
299.99996240657674
299.99994316626771
299.99991457902985
299.99987237102465
299.99981046709803
299.9997203183795
299.99959002715008
299.99940323445708
299.99913774566636
299.99876389051229
299.99824265196065
299.99752365687038
299.99654320369655
299.99522260658682
299.99346725159035
299.99116686829592
299.98819758441937
299.98442630515319
299.97971779360137
299.97394448725169
299.96699857001204
299.95880519339909
299.94933513970619
299.93861483436541
299.92673163522545
299.91383286616895
299.90011808301506
299.88582534437097
299.87121346327007
299.85654298058296
299.84205870069098
299.82797605791563
299.81447255292039
299.80168435125825
299.7897071988325
299.77860028352416
299.76839159217297
299.75908357181379
299.75065833072324
299.74308204304691
299.73630854107148
300.00000030553559
300.00000022323945
300.00000016162915
300.0000001126204
300.00000006859807
300.00000002142565
299.99999996120687
299.99999987460535
299.99999974244122
299.99999953615753
299.99999921255721
299.99999870593433
299.99999791632024
299.99999669199246
299.99999480358434
299.99999190601079
299.99998748288789
299.99998076606477
299.99997062017815
299.99995537869017
299.99993261360976
299.99989881608928
299.99984895957823
299.99977591178714
299.9996696574546
299.99951629261369
299.99929675544064
299.99898527260228
299.99854752806777
299.99793860888872
299.99710085415148
299.99596183113016
299.99443278273134
299.99240801887271
299.98976583401043
299.98637158077008
299.98208346082345
299.97676135418931
299.97027856446357
299.96253572827254
299.95347541677995
299.94309532144632
299.93145759289888
299.91869209798648
299.90499216763192
299.89060272532492
299.87580220648573
299.86088097300239
299.84611959793853
299.83177023914618
299.81804341294679
299.80510113945132
299.79305608465569
299.78197533451095
299.77188698645949
299.76278781358684
299.7546506779388
299.74743092406095
299.74107148671555
299.73550679291094
300.00000025866876
300.00000018557137
300.00000012960197
300.00000008310712
300.00000003853916
299.9999999874068
299.99999991891372
299.99999981806451
299.99999966291625
299.99999942050442
299.99999904075241
299.99999844734845
299.99999752411185
299.99999609470717
299.99999389263257
299.99999051712268
299.99998536884601
299.99997755693312
299.99996576580872
299.99994806642241
299.99992165173762
299.99988247085196
299.99982473022465
299.99974022493092
299.99961745898571
299.99944051374996
299.99918763046003
299.99882949135934
299.9983272191115
299.99763017182136
299.99667369564855
299.9953771095515
299.99364233065648
299.99135368573565
299.98837956014006
299.98457655945765
299.97979673940813
299.97389813913753
299.96675830665475
299.95828977113484
299.94845562291033
299.93728272392536
299.92486984809051
299.91138845442646
299.89707488252941
299.88221435407479
299.86711886822559
299.85210239176905
299.83745725131638
299.82343517938966
299.81023522055358
299.79799909102132
299.78681310024132
299.77671476265459
299.76770189853556
299.75974226089107
299.7527823039884
299.74675437344052
299.74158215470919
299.73718457309218
300.0000002181697
300.00000015252442
300.00000010087871
300.00000005589476
300.00000001000211
299.99999995428163
299.99999987697566
299.99999976137536
299.99999958272264
299.99999930359269
299.99999886697339
299.99999818588918
299.99999712789406
299.99999549200641
299.99999297461363
299.99998911942254
299.99998324456755
299.99997433737394
299.99996090388203
299.99994075597493
299.99991071380566
299.99986619534184
299.99980065869551
299.99970485739095
299.99956586545272
299.99936583069677
299.99908042455593
299.99867698004243
299.99811235187457
299.99733060027637
299.99626069669944
299.99481457520756
299.99288599810194
299.99035084540589
299.98706953445526
299.98289227016818
299.97766765162311
299.97125475981028
299.96353820954607
299.95444482667489
299.94395977088675
299.93213931591345
299.91911740380976
299.90510371332101
299.89037233434794
299.87524196800246
299.86005039415284
299.84512721197052
299.83076915389375
299.81722150963128
299.80466764540893
299.79322677848705
299.78295861004619
299.77387249963857
299.76593867893234
299.7590994055036
299.75327867253708
299.74838983888463
299.74434113376373
299.74103934402547
300.00000018377392
300.00000012394639
300.00000007543093
300.00000003110438
299.99999998330384
299.99999992264168
299.99999983638719
299.99999970614056
299.9999995043953
299.99999918939773
299.99999869742834
299.99999793122731
299.99999674269856
299.99999490720222
299.99999208558637
299.9999877685155
299.99998119549906
299.99997123817059
299.9999562336921
299.99993374957029
299.99990025569355
299.99985067324582
299.99977776388255
299.99967131725589
299.99951709249234
299.99929547243255
299.99897980241479
299.99853441342748
299.99791237873467
299.99705312951107
299.99588016222242
299.99429920632736
299.99219737295368
299.98944394581451
299.98589355840727
299.98139246296512
299.97578836665349
299.96894383550841
299.96075254359522
299.95115675790737
299.94016358997362
299.92785699238999
299.9144025257649
299.90004275598653
299.88508272227887
299.86986691702106
299.85475109116442
299.84007336074848
299.8261291560666
299.81315350875428
299.80131237464548
299.79070272444397
299.78135956489018
299.7732672247588
299.76637219819111
299.76059538308778
299.75584237237035
299.75201126060978
299.74899803306664
299.74669994744431
300.0000001550149
300.00000009954266
300.0000000531308
300.00000000878839
299.99999995871502
299.99999989304882
299.99999979812634
299.99999965395722
299.99999943047413
299.99999908191
299.99999853835072
299.99999769306612
299.9999963835902
299.99999436362185
299.99999126156672
299.99998651982378
299.99997930660425
299.99996838902501
299.99995195230957
299.99992734509692
299.99989072514563
299.99983657341181
299.9997570382335
299.99964106641426
299.99947327643582
299.99923253399788
299.99889020598761
299.99840810143536
299.99773616334187
299.99681005921701
299.99554893358408
299.99385372875383
299.99160663560531
299.98867237221361
299.98490205399173
299.98014034718744
299.9742363172561
299.96705784619326
299.95850870844635
299.94854646864832
299.93719851214871
299.92457303957019
299.91086204414898
299.89633430756714
299.88131820489974
299.86617621514796
299.85127489707747
299.83695511985707
299.8235071887662
299.81115423160577
299.80004524372015
299.79025715411854
299.78180373788706
299.77464847255754
299.76871851735672
299.76391764557161
299.76013684888932
299.75726216684143
299.75517990028919
299.75377969794948
300.00000013134837
300.00000007896523
300.00000003381206
299.9999999889676
299.99999993647452
299.99999986602495
299.99999976311238
299.99999960633113
299.99999936335263
299.99999898488494
299.99999839559518
299.99999748050004
299.9999960646565
299.99999388302643
299.99999053606621
299.99998542477289
299.99997765648504
299.99996590954021
299.99994824082256
299.99992181523601
299.9998825302996
299.99982450271779
299.99973937768721
299.9996154172353
299.99943632330377
299.99917975795762
299.99881554165296
299.99830354671604
299.99759136339378
299.99661190544913
299.99528124323416
299.99349709903322
299.99113859448238
299.98806796820804
299.9841350293845
299.97918501047855
299.9730701604588
299.96566483595518
299.95688302479402
299.94669629631863
299.93514934907751
299.92236992630404
299.90857018033614
299.89403772269316
299.87911646187177
299.86417947563672
299.84959797233444
299.83571128742869
299.82280253590898
299.81108311019887
299.80068715528091
299.79167510951822
299.78404392130443
299.77774091545564
299.77267845313918
299.76874724386442
299.76582708878755
299.76379467575549
299.76252864502914
299.76191246289835
300.00000011222943
300.00000006186599
300.00000001730342
299.99999997164753
299.99999991678766
299.99999984202918
299.99999973215603
299.99999956458674
299.99999930512882
299.99999890160171
299.99999827425506
299.99999730141224
299.99999579806439
299.99999348414241
299.99998993781531
299.99998452728011
299.99997631199039
299.99996390098738
299.99994525183553
299.9999173885962
299.99987601141027
299.99981496400341
299.99972551959701
299.99959544179336
299.99940777738806
299.99913934625386
299.99875891418395
299.99822507369987
299.99748392146734
299.99646671409528
299.99508780773027
299.99324333413199
299.99081121716284
299.98765325195114
299.98361999877187
299.97855911583275
299.97232740312438
299.96480621795541
299.95591908485267
299.94564939239575
299.93405528908488
299.92127856637143
299.9075447223874
299.8931526411792
299.87845423198064
299.86382649768836
299.8496402242377
299.83623024974935
299.82387182561524
299.81276607296866
299.80303546540819
299.7947282666982
299.78782944417327
299.78227501166901
299.77796697324072
299.77478677370721
299.7726060815034
299.77129455904878
299.7707248623459
299.77077542211413
300.00000009715683
300.0000000479252
300.00000000344454
299.99999995682214
299.99999989981734
299.99999982143345
299.99999970591324
299.99999952978953
299.99999925747881
299.99999883466239
299.99999817834606
299.99999716197971
299.99999559329086
299.99999318146882
299.99998948892414
299.99998386093057
299.99997532390478
299.99996243976005
299.99994309959425
299.99991423491826
299.99987141885174
299.99980832364076
299.99971599537253
299.99958190343142
299.99938872351305
299.99911282245239
299.99872243548151
299.99817556751617
299.99741771555125
299.99637960363782
299.99497524538475
299.99310079347168
299.99063478039864
299.9874404618397
299.98337098799993
299.97827798207533
299.97202373608656
299.96449661436122
299.95562842466381
299.94541161661181
299.93391343853557
299.92128392512137
299.90775505313911
299.89362967418867
299.87926072559992
299.86502327698679
299.85128359198006
299.83837005377791
299.82655029667495
299.81601737527785
299.80688578142838
299.79919619399965
299.79292650997314
299.78800618021188
299.78433109725358
299.78177699730969
299.78021022789778
299.77949553610165
299.77950110441452
299.78010136910871
300.00000008569356
300.00000003686341
299.99999999209001
299.99999994447063
299.99999988567311
299.99999980450121
299.999999684849
299.99999950268813
299.9999992215665
299.99999878585118
299.99999811058768
299.9999970663348
299.99999545659989
299.99999298447455
299.99998920365459
299.99998344710997
299.99997472412434
299.99996157313336
299.99994185366478
299.99991245573551
299.99986889944989
299.99980479174889
299.99971110218866
299.99957521687486
299.99937973170677
299.99910095643355
299.99870712434273
299.99815634416325
299.99739439646476
299.99635257029547
299.99494585646545
299.99307195297723
299.99061167428499
299.98743145179981
299.98338861441192
299.97833998093768
299.97215392422896
299.96472545652239
299.95599308287143
299.94595531439467
299.93468405998743
299.92233190596096
299.90913078096293
299.89538075346405
299.88142953020264
299.86764517528474
299.85438608625748
299.8419728660582
299.83066622225402
299.82065357943787
299.81204517324363
299.80487857288614
299.79912930957101
299.79472477854586
299.79155877667574
299.78950469839168
299.78842624770641
299.78818528920851
299.78864701632085
299.78968292495085
300.00000007747281
300.00000002844337
299.99999998310818
299.99999993455322
299.99999987440265
299.99999979137408
299.99999966921774
299.99999948368435
299.99999919799785
299.99999875606534
299.99999807229824
299.99999701640689
299.99999539080466
299.99999289724104
299.99998908788876
299.9999832942197
299.99997452451134
299.99996131761168
299.99994153658639
299.9999120810985
299.99986849201383
299.99980441627167
299.9997108954359
299.99957543912564
299.99938084714483
299.99910375500855
299.99871290116806
299.99816715570557
299.99741341465244
299.99638455462326
299.99499775802099
299.99315365053383
299.99073681889172
299.98761836167381
299.98366111825868
299.97872806142561
299.97269397608471
299.96545996227815
299.95696954168591
299.94722434822035
299.93629676536318
299.92433669663353
299.91157013267463
299.89828836207897
299.88482838010009
299.87154686909656
299.85879153661665
299.84687416292519
299.83604925097154
299.82650084461591
299.81833830894732
299.8116001672426
299.80626388256059
299.80225895676995
299.79948085584238
299.79780385058501
299.79709162283041
299.79720520326003
299.79800834297231
299.79937073520085
300.00000007219614
300.00000002246713
299.99999997637747
299.99999992700668
299.99999986598795
299.99999978206824
299.99999965905971
299.99999947283084
299.99999918682045
299.99999874531812
299.99999806340503
299.9999970119452
299.99999539531296
299.99999291854965
299.99998913928965
299.99998339796684
299.9999747174067
299.99996165982373
299.9999421254152
299.99991307220893
299.99987013178333
299.99980709041074
299.99971520101303
299.99958228957672
299.99939162269919
299.99912051397735
299.99873867019198
299.99820631844779
299.99747221713432
299.99647173950501
299.99512532728755
299.99333773394807
299.99099859278169
299.98798491987225
299.9841661488457
299.97941213911736
299.97360425600533
299.96664907541287
299.95849356299027
299.94913984289929
299.9386571062779
299.92718805099349
299.91494768293973
299.90221339188781
299.88930677611421
299.87656935997649
299.86433565870453
299.85290759723324
299.84253391655386
299.83339703093105
299.82560820252991
299.81921033752394
299.81418656300377
299.81047221024306
299.80796788910612
299.80655181921151
299.80609025509193
299.80644549987647
299.80748151413479
299.80906744524498
300.00000006962654
300.00000001877061
299.99999997178293
299.99999992174372
299.99999986034692
299.99999977648037
299.99999965421404
299.99999946985469
299.9999991875643
299.99999875280758
299.99999808255728
299.99999705070269
299.99999546642556
299.99999304236241
299.99998934807314
299.99998374259786
299.99997527759552
299.99996255964049
299.99994355664859
299.99991532916141
299.99987366253703
299.99981257145481
299.99972364442596
299.99959519466688
299.9994111869326
299.99914992076276
299.9987824729098
299.99827093982793
299.99756657903316
299.99660802814105
299.99531988070191
299.9936120098277
299.99138013518882
299.988508195034
299.98487306961192
299.98035205726887
299.97483318895445
299.96822796916723
299.9604854929965
299.95160622222255
299.9416531884238
299.9307582384846
299.91912131838035
299.90700174943305
299.89470184580364
299.88254473069259
299.87084941856421
299.85990678429175
299.8499597746125
299.8411902280364
299.83371326716303
299.82757881330576
299.82277869349593
299.81925725358457
299.81692336480467
299.81566208151736
299.81534477944967
299.81583719319985
299.81700525403443
299.81871894931373
300.00000006958072
300.00000001721844
299.99999996921377
299.99999991865366
299.99999985734001
299.99999977440206
299.99999965434455
299.99999947420184
299.99999919931588
299.99999877703652
299.99999812732034
299.99999712874757
299.99999559783282
299.9999932586104
299.99998969825475
299.99998430286354
299.99997616538997
299.99996395499113
299.99994573371521
299.99991870253115
299.9998788544201
299.99982050803908
299.99973569218594
299.99961335028195
299.999438337382
299.9991901925909
299.99884169070043
299.99835721222803
299.99769102436977
299.99678563852132
299.99557050113941
299.99396137569278
299.99186086715576
299.989160598956
299.98574553746801
299.98150082831467
299.97632122638913
299.97012275751393
299.96285568029384
299.95451721982585
299.9451620772258
299.93490856477354
299.92393852734648
299.91249003195554
299.9008430243149
299.88929949271341
299.87816078877921
299.86770531431011
299.85816963409206
299.84973527619479
299.84252228363437
299.83658932469297
299.83193916145035
299.82852770142568
299.82627474588821
299.82507480504603
299.82480681562043
299.8253421103185
299.82655043385233
299.82830411665208
300.00000007192102
300.00000001769945
299.99999996856252
299.99999991760683
299.99999985678056
299.99999977553989
299.99999965897558
299.9999994850964
299.9999992208144
299.99999881596835
299.99999819442399
299.99999724085853
299.9999957812409
299.99999355418225
299.99999016920356
299.999985046451
299.99997733041988
299.99996576774441
299.99994853605136
299.99992300730605
299.99988542520038
299.99983047236236
299.99975070028643
299.99963579411974
299.99947164764313
299.99923923343692
299.9989132724354
299.9984607392509
299.99783928785087
299.99699574790731
299.99586492363215
299.99436901684339
299.99241807918366
299.9899119503184
299.98674412639991
299.98280788905532
299.9780047787898
299.97225510886784
299.96550971674503
299.95776162271301
299.94905584292337
299.93949544480665
299.92924217047988
299.91851063468562
299.90755614147247
299.89665733628397
299.88609591688839
299.87613618897092
299.8670072154822
299.85888969884599
299.85190874335302
299.84613255188782
299.84157618530378
299.83820893071953
299.83596363733869
299.83474652527718
299.83444633046577
299.83494208160442
299.8361092055805
299.83782396316474
300.00000007654836
300.00000002012308
299.99999996972593
299.99999991846011
299.99999985844801
299.99999977953962
299.99999966753222
299.99999950160742
299.9999992505596
299.99999886719939
299.9999982800374
299.99999738096011
299.9999960070582
299.99999391400257
299.99999073732954
299.99998593661297
299.99997871571117
299.99996791000268
299.99995182876478
299.99992803763627
299.99989306263706
299.99984199387541
299.99976796455582
299.99966148032621
299.99950957699951
299.9992947934594
299.9989939638354
299.99857686176625
299.99800477238426
299.99722912578903
299.99619039760313
299.99481756128301
299.99302845005525
299.99073143254833
299.98782879702151
299.9842221428471
299.97981986804569
299.97454650964636
299.96835326369103
299.96122855183631
299.95320712267051
299.94437601185246
299.93487585219117
299.92489657057808
299.91466737233714
299.90444191988155
299.8944805139958
299.88503164214944
299.87631532086817
299.86851022508557
299.86174580464808
299.85609966041653
299.85159961890287
299.84822937012723
299.84593628423715
299.84464006973838
299.84424118951961
299.84462829984955
299.84568432637502
299.84729107727861
300.00000008339674
300.00000002441737
299.9999999726063
299.99999992106387
299.99999986210202
299.99999978601096
299.99999967938226
299.99999952271628
299.99999928692063
299.99999892813224
299.99999838004368
299.99999754255555
299.99999626507599
299.99999432209728
299.99999137774421
299.99998693474521
299.99998026166662
299.99997029021927
299.99995547198108
299.99993358102739
299.99990144589208
299.9998545913466
299.99978676829983
299.99968934967472
299.99955057283404
299.99935461693116
299.9990805187968
299.99870095618417
299.99818096460319
299.99747670460789
299.99653445882251
299.9952901067042
299.99366938888812
299.99158931413695
299.98896105651716
299.98569461171292
299.98170530670154
299.97692197821664
299.97129627103635
299.96481211156748
299.95749407578131
299.94941320430041
299.94068892129155
299.93148613557048
299.92200730334764
299.91248007897178
299.903141973956
299.89422398204005
299.88593527051984
299.87845075962036
299.87190280409806
299.86637742627789
299.8619148174572
299.8585132749792
299.85613545045629
299.85471574750943
299.8541678645895
299.85439174412875
299.85527948142271
299.8567200055204
300.00000009242859
300.00000003052736
299.99999997711433
299.99999992526921
299.99999986749629
299.99999979455146
299.99999969387528
299.99999954738064
299.99999932823721
299.99999899613596
299.99999849029228
299.99999771912388
299.99999654508986
299.99999476256227
299.99999206576484
299.99998800271061
299.9999819096393
299.99997281866263
299.99995932915061
299.99993943088884
299.99991026435197
299.99986780088227
299.99980642367586
299.99971839011749
299.99959315839789
299.99941656814212
299.99916987797616
299.99882868471252
299.99836178101697
299.99773005188251
299.99688556377146
299.99577105929637
299.99432012552717
299.99245834065385
299.99010570199863
299.98718057599524
299.98360526855828
299.97931308450882
299.97425644087292
299.96841526330962
299.96180459964745
299.95448022000886
299.94654102397237
299.93812738807446
299.92941514108628
299.92060555240653
299.91191240501661
299.90354773037041
299.89570798232103
299.88856227914596
299.88224390071571
299.87684561781197
299.87241880518621
299.86897578091759
299.86649450050078
299.86492463099336
299.86419410373657
299.8642154308028
299.86489130327101
299.86611921433854
300.00000010363118
300.00000003841473
299.99999998317111
299.99999993093434
299.99999987439088
299.9999998047677
299.99999971037704
299.99999957458874
299.9999993729063
299.999999068683
299.99999860681436
299.99999790445617
299.99999683742328
299.99999522037575
299.99999277816863
299.99998910476711
299.99998360488041
299.99997541189811
299.99996327381933
299.9999453966937
299.99991923276372
299.99988119829726
299.99982630447386
299.99974768438182
299.99963600123556
299.99947872872599
299.99925930565666
299.9989561854963
299.99854182875748
299.99798172291071
299.99723355987675
299.99624675125369
299.99496250875927
299.99331474985559
299.99123208998566
299.98864113500213
299.98547117413028
299.98166018788316
299.97716183599158
299.97195280976672
299.96603967756829
299.95946419366953
299.95230605040268
299.94468227462869
299.93674289533737
299.92866307146966
299.9206324496858
299.91284298478814
299.90547668965758
299.89869473640215
299.89262903037707
299.88737691100505
299.88299911595516
299.87952068991279
299.87693420239151
299.87520448983997
299.87427414150187
299.87406906381733
299.87450363247342
299.8754851275466
300.00000011701451
300.00000004805747
299.99999999071099
299.99999993793057
299.99999988256269
299.99999981629225
299.99999972829715
299.99999960340352
299.99999941945111
299.9999991434571
299.99999872599022
299.9999980929162
299.99999713333091
299.99999568201969
299.99999349414526
299.99999020902067
299.99998529874313
299.99997799610946
299.99996719460268
299.99995131137234
299.99992810213831
299.99989441505932
299.99984586922142
299.99977644312469
299.99967796026522
299.99953946377497
299.99934648150361
299.99908019838574
299.99871657574454
299.99822548793071
299.99756998462288
299.99670582920908
299.99558150386798
299.99413890058116
299.99231492131929
299.99004417519166
299.98726287210462
299.98391386467716
299.9799525887201
299.97535342122171
299.97011575646161
299.96426895257889
299.95787528050084
299.95103015424434
299.943859238735
299.9365124735682
299.92915553157684
299.92195964271104
299.9150909615114
299.90870068683495
299.90291695876761
299.89783921564259
299.89353528118102
299.89004105900858
299.88736240945383
299.88547860770939
299.88434673426855
299.88390640309512
299.8840843523617
299.88479856838063
300.00000013260927
300.00000005945009
299.99999999968344
299.99999994614654
299.99999989181327
299.99999982879672
299.99999974710943
299.99999963299433
299.99999946657033
299.99999921842914
299.99999884466695
299.99999827962023
299.99999742527359
299.99999613589836
299.99999419593172
299.99999128838095
299.99998695011186
299.99998050922261
299.99997099831455
299.99995703588462
299.99993666636999
299.99990714777618
299.99986467463452
299.99980402378452
299.99971811187532
299.99959745749646
299.99942954861734
299.99919812877835
299.99888243428393
299.99845644002903
299.99788820294816
299.99713942706541
299.99616540794671
299.99491553935997
299.99333457077364
299.99136477907024
299.98894915055934
299.98603555392754
299.98258172452643
299.97856069241465
299.97396610300132
299.96881674401197
299.96315955235588
299.95707046425247
299.95065270012861
299.94403241488828
299.93735203238941
299.93076193853443
299.92441145158631
299.91844006910924
299.91296989772911
299.90809993641653
299.90390256760855
299.90042228433413
299.89767640679815
299.89565735688365
299.89433597518752
299.89366537127597
299.89358486865166
299.89402371195172
300.00000015046572
300.00000007260331
300.00000001005441
299.9999999554916
299.99999990197409
299.99999984200019
299.99999976636474
299.99999966265636
299.99999951316789
299.99999929190221
299.99999896022587
299.99999846053902
299.99999770707069
299.99999657256421
299.99999486914402
299.99999232104585
299.9999885261031
299.99998290190598
299.99997461137849
299.99996246117968
299.99994476491258
299.99991916177731
299.99988238029914
299.99982993652736
299.99975575721584
299.99965172175229
299.99950712292627
299.99930805701274
299.99903676897384
299.99867099927559
299.99818340446319
299.99754115241632
299.99670582140175
299.99563375367535
299.99427702133664
299.99258514496796
299.99050765540636
299.98799750036181
299.98501517207245
299.98153328164324
299.97754115375142
299.97304889541658
299.96809034129774
299.96272432537864
299.957033886528
299.95112326835215
299.94511287982556
299.93913268167591
299.93331469130612
299.92778540873377
299.92265893915447
299.91803143851052
299.91397727724205
299.91054705726395
299.9077673788351
299.90564207408784
299.90415451990589
299.90327061334494
299.90294202332598
299.90310940185259
300.00000017065258
300.00000008754461
300.00000002180741
299.99999996589736
299.99999991290974
299.99999985567342
299.99999978569724
299.99999969181999
299.99999955836557
299.99999936252914
299.99999907060698
299.99999863253021
299.99999797394304
299.99999698477285
299.9999955028444
299.99999329057601
299.99999000213359
299.99998513760426
299.99997797976818
299.99996750793576
299.99995228212663
299.99993028974427
299.99989874605114
299.99985383952543
299.99979041405129
299.99970158249334
299.99957827127781
299.99940870395648
299.99917784406188
299.99886683425143
299.99845248948651
299.99790692542717
299.99719742650393
299.99628667665047
299.99513348314872
299.99369411305594
299.9919243251145
299.98978211315466
299.98723108014963
299.98424424324253
299.98080794621677
299.97692545189886
299.97261973139058
299.96793498470197
299.96293653094716
299.95770888937022
299.95235210764002
299.94697663747007
299.941697260669
299.93662669022814
299.93186948920351
299.92751686739967
299.92364275642177
299.92030136505304
299.91752621909234
299.91533052543303
299.91370858896437
299.91263795820259
299.91208197508467
299.91199244253897
300.00000019325671
300.00000010431768
300.0000000349437
299.99999997731868
299.99999992451836
299.99999986963985
299.99999980482522
299.99999972004991
299.99999960150058
299.99999942930668
299.99999917429591
299.99999879331392
299.9999982224669
299.99999736739989
299.99999608939436
299.99999418563971
299.99999136148631
299.99998719180809
299.99998106779526
299.99997212457242
299.99995914405952
299.99994042655612
299.99991362382343
299.99987552622105
299.99982179712458
299.99974664988849
299.99964246663995
299.99949936482074
299.99930472721041
299.99904272447816
299.99869387592264
299.9982347129606
299.99763762896202
299.9968710147121
299.9958997862779
299.99468640564078
299.99319246845857
299.99138088371342
299.98921859637221
299.98667971171221
299.98374878057456
299.98042391671538
299.97671936236117
299.97266711620506
299.96831730175268
299.96373708211752
299.95900810328664
299.95422264125267
299.94947880239118
299.94487524719989
299.940505953068
299.93645549737482
299.93279524038849
299.92958064308118
299.92684979799242
299.92462310900657
299.92290394775682
299.92168004942295
299.92092538847447
299.92060228806679
300.00000021838218
300.00000012298244
300.0000000494822
299.99999998973306
299.99999993673134
299.99999988377346
299.9999998235466
299.99999974703809
299.9999996421123
299.99999949155193
299.99999927028426
299.99999894140484
299.99999845046113
299.99999771725487
299.99999662414984
299.99999499951895
299.99999259451334
299.99998905077928
299.99998385608438
299.9999762840597
299.99996531345789
299.9999495215618
299.99992694578322
299.99989490729496
299.99984979103141
299.99978677797702
299.99969952880315
299.99957982312543
299.9994171663771
299.99919838680961
299.99890725830261
299.9985241997644
299.99802611732679
299.99738646866371
299.99657563593115
299.99556169064402
299.99431161582368
299.99279301460064
299.99097627931138
299.98883712417211
299.98635930605212
299.98353728480373
299.98037852328633
299.97690511362481
299.97315445156175
299.96917876709114
299.96504344747899
299.96082423808741
299.95660355031623
299.95246621760651
299.94849509973045
299.94476693404795
299.94134877453831
299.9382952604447
299.93564683749361
299.93342893744733
299.93165202369386
299.93031234215891
299.92939318133102
299.92886644001544
300.00000024615042
300.00000014361478
300.00000006545918
300.00000000313992
299.99999994951065
299.99999989799505
299.99999984173223
299.99999977259097
299.9999996799209
299.99999954886675
299.99999935801031
299.99999907601574
299.99999865683048
299.9999980328281
299.99999710505597
299.99999572946302
299.9999936976136
299.9999907099421
299.99998633906091
299.99997998002084
299.99997078376822
299.99995756941587
299.99993871045302
299.99991198983679
299.99987441926487
299.99982201913906
299.99974955815719
299.99965025551705
299.9995154547384
299.99933428632482
299.99909334683991
299.99877643391847
299.99836438911461
299.99783511135035
299.99716381032391
299.99632356824361
299.99528626620048
299.9940239056321
299.99251031463041
299.99072317515811
299.98864624605238
299.98627159727408
299.98360162514371
299.98065059867292
299.97744550318095
299.97402600280446
299.97044343371999
299.96675885202495
299.96304027542288
299.95935935562386
299.95578778149553
299.9523937317033
299.94923866937665
299.94637470841991
299.94384269559185
299.94167106041755
299.93987540117513
299.9384587097282
299.9374120962861
299.93671585806237
300.00000027669955
300.00000016630605
300.00000008292733
300.00000001755882
299.99999996284635
299.99999991226673
299.9999998593164
299.99999979661402
299.99999971480128
299.99999960109471
299.9999994372892
299.99999919694466
299.99999884138447
299.99999831400226
299.99999753219004
299.99999637596875
299.99999467210466
299.99999217212797
299.99998852223518
299.99998322256027
299.99997557277243
299.99996460044656
299.99994896825098
299.99992685582703
299.99989581248923
299.99985257778314
299.99979286879727
299.9997111362303
299.99960029586538
299.99945144846703
299.99925360917399
299.99899347683476
299.99865528358248
299.998220773828
299.99766936774597
299.99697856471653
299.99612463442065
299.99508362513575
299.99383268919286
299.99235168547779
299.9906249718951
299.98864325326525
299.98640531082634
299.98391941776117
299.98120424891044
299.97828912620287
299.97521350280942
299.97202567087299
299.96878076710402
299.96553823245324
299.96235894250503
299.95930225461655
299.95642321293809
299.95377011666881
299.95138259906781
299.94929029579464
299.94751211327684
299.94605604938471
299.94491947614483
299.94408977091427
300.00000031018413
300.00000019116277
300.00000010195481
300.00000003302773
299.99999997675303
299.99999992658604
299.99999987628684
299.99999981909451
299.99999974675507
299.99999964827572
299.99999950823963
299.99999930445705
299.99999900465002
299.99999856175594
299.99999790729458
299.9999969420507
299.99999552308901
299.99999344582312
299.99999041951219
299.99998603416071
299.99997971637515
299.99997067131721
299.99995780756666
299.99993964155198
299.99991417838163
299.99987876658383
299.9998299256651
299.99976314776359
299.99967267822637
299.99955128482577
299.99939003154992
299.99917808019484
299.9989025507486
299.99854847875099
299.99809891294018
299.99753519769399
299.9968374800211
299.99598546838268
299.99495944943976
299.99374153931421
299.99231711039738
299.99067629750022
299.98881545433926
299.98673840998828
299.98445737133943
299.981993335845
299.97937591905423
299.97664255944704
299.97383713047907
299.97100805583602
299.96820607781467
299.96548186200397
299.96288362966408
299.96045499260384
299.95823312940621
299.95624739253742
299.95451838394223
299.95305748748865
299.95186680660584
299.95093943097197
299.99996534215489
299.99995051907638
299.99992977464245
299.99990096752776
299.99986128887406
299.99980710212429
299.99973376498122
299.99963544065554
299.9995049103257
299.99933340436127
299.99911047593014
299.99882394636893
299.99845995606586
299.99800315619945
299.99743707397977
299.99674467566825
299.99590913671568
299.99491480692762
299.99374833201534
299.99239986412772
299.99086426726581
299.98914220395341
299.98724098211181
299.98517504936905
299.98296604706582
299.98064237601534
299.97823827540412
299.97579246774882
299.97334646843814
299.97094269108197
299.96862249517852
299.9664243183106
299.96438201619145
299.96252349955034
299.96086972007987
299.95943401734712
299.95822180513778
299.9572305502341
299.99117025135911
299.98959733046348
299.98787833175822
299.98602856801847
299.98406906709846
299.98202599876595
299.9799297350844
299.97781360482003
299.9757124317627
299.97366096548393
299.97169231466484
299.96983648806287
299.96811912452523
299.96656046863717
299.96517461829075
299.9639690436066
299.96294435211558
299.99286424335173
299.99157186912998
299.99015162789914
299.98861391668953
299.98697386865285
299.98525103014839
299.98346873720919
299.98165322486176
299.97983252791875
299.97803524911717
299.97628927933346
299.97462055273695
299.97305190833436
299.97160211202748
299.97028507269664
299.96910926403154
299.96807734391956
)
;

boundaryField
{
    hotWall
    {
        type            fixedValue;
        value           nonuniform List<scalar> 0();
    }
    coldWall
    {
        type            fixedValue;
        value           nonuniform List<scalar> 0();
    }
    bottomWall
    {
        type            zeroGradient;
    }
    topWall
    {
        type            zeroGradient;
    }
    front
    {
        type            empty;
    }
    back
    {
        type            empty;
    }
    procBoundary11to0
    {
        type            processor;
        value           nonuniform List<scalar> 
37
(
299.76627353012537
299.76075494697369
299.75269382094291
299.74437659279948
299.73735300616949
299.73252343129843
299.73028225168542
299.73066570558143
299.73347849153771
299.73839212627308
299.74501743319331
299.75295610266113
299.7618357272529
299.77133164253507
299.78117824496331
299.79117218200963
299.80116962287133
299.81107954277627
299.8208545858393
299.83048069632281
299.83996640827473
299.84933249059696
299.85860253846994
299.86779503345906
299.87691731231399
299.88596175499828
299.89490431879614
299.90370532524537
299.91231218427038
299.92066355415056
299.92869431935401
299.93634073878803
299.94354517472641
299.95025994098995
299.95644998000307
299.96209426017714
299.96718594885226
)
;
    }
    procBoundary11to6
    {
        type            processor;
        value           nonuniform List<scalar> 
34
(
300.00000090671921
300.00000086862519
300.00000080544174
300.00000072788447
300.00000064504826
300.00000056335966
300.00000048689611
300.00000041795346
300.00000035754795
300.00000030583453
300.00000026243828
300.00000022670042
300.00000019784727
300.0000001750991
300.00000015773367
300.00000014511835
300.00000013672161
300.00000013211201
300.00000013095081
300.00000013298069
300.00000013801503
300.00000014592689
300.00000015663989
300.00000017012042
300.00000018637155
300.00000020542814
300.00000022735315
300.00000025223517
300.00000028018616
300.0000003113401
300.0000003458523
300.00000038389828
300.0000004256737
300.000000471394
)
;
    }
    procBoundary11to10
    {
        type            processor;
        value           nonuniform List<scalar> 
63
(
300.00000034677549
300.0000002183063
300.00000012262467
300.00000004960151
299.99999999126652
299.9999999409801
299.9999998926744
299.99999984008474
299.99999977588271
299.99999969060093
299.99999957121139
299.99999939917154
299.99999914769052
299.99999877787928
299.99999823333388
299.9999974325516
299.99999625838808
299.9999945435319
299.99999205069463
299.99998844589868
299.99998326290836
299.9999758565196
299.9999758565196
299.99997170031872
299.99995968043862
299.99994288609986
299.99991959904543
299.99988756696865
299.99984387501132
299.99978480224979
299.99970566838459
299.99960067946398
299.99946278578068
299.99928356978677
299.99905318643965
299.99876038204161
299.99839261935938
299.99793633547074
299.99737735331911
299.99670145760138
299.99589513025973
299.99494642128326
299.99384590864605
299.99258767994979
299.99258767994979
299.99402310736866
299.99426599203963
299.99321079471832
299.992044957286
299.99077514267526
299.98941186521898
299.98796934049335
299.98646509479534
299.98491934945099
299.98335421518806
299.98179274788254
299.98025792804549
299.9787716259051
299.977353612672
299.976020665845
299.97478580310468
299.97365766334826
299.97264003775672
)
;
    }
}


// ************************************************************************* //
