/*--------------------------------*- C++ -*----------------------------------*\
  =========                 |
  \\      /  F ield         | OpenFOAM: The Open Source CFD Toolbox
   \\    /   O peration     | Website:  https://openfoam.org
    \\  /    A nd           | Version:  13
     \\/     M anipulation  |
\*---------------------------------------------------------------------------*/
FoamFile
{
    format      ascii;
    class       volScalarField;
    location    "1.457463432822";
    object      T;
}
// * * * * * * * * * * * * * * * * * * * * * * * * * * * * * * * * * * * * * //

dimensions      [0 0 0 1 0 0 0];

internalField   nonuniform List<scalar> 
2140
(
300.4802115756857
300.44080503241918
300.40192434442213
300.36393235742986
300.32718105935663
300.29199527568647
300.25865888717618
300.22740440810423
300.19840647487604
300.17177932593785
300.14757791163407
300.12580196997061
300.10640226781391
300.08928820807353
300.0743360920921
300.0613974561042
300.05030703832267
300.04089006075134
300.03296861976838
300.02636707063368
300.02091636474029
300.01645735666881
300.01284314271771
300.00994052499271
300.00763071654853
300.00580941464352
300.00438637216723
300.00328459314971
300.00243926853204
300.00179655467832
300.0013122810235
300.00095065621849
300.00068302536084
300.00048671534631
300.00034399168646
300.00024113869461
300.00016766587544
300.00011563659399
300.00007911044253
300.00005368786395
300.00003614419461
300.00002414000653
300.00001599514462
300.00001051488994
300.00000685800256
300.00000443784415
300.00000284920901
300.00000181483415
300.00000114675549
300.00000071870909
300.00000044664063
300.00000027509157
300.00000016779092
300.00000010122153
300.00000006026539
300.00000003528561
300.00000002018987
300.48022742961723
300.44085311522508
300.40200549176535
300.36404680721785
300.32732787287932
300.29217208015575
300.25886190272638
300.22762869265523
300.19864630292983
300.1720286177711
300.14783064425887
300.12605252352569
300.10664568373306
300.08952035389626
300.07455374033367
300.06159829146441
300.05048961001205
300.04105369638944
300.03311331547297
300.02649336946956
300.02102523316108
300.01655006622036
300.01292116217093
300.010005426259
300.00768409618757
300.00585283150355
300.00442130067813
300.00331239103235
300.00246115716419
300.00181361006139
300.00132543319211
300.00096069498852
300.0006906104868
300.00049238941091
300.0003481943379
300.00024422115274
300.00016990491361
300.00011724746537
300.00008025843334
300.00005449833156
300.00003671107567
300.00002453287181
300.00001626493292
300.00001069848292
300.00000698181378
300.0000045205885
300.00000290400817
300.00000185079415
300.00000117013195
300.0000007337573
300.00000045622704
300.00000028112873
300.00000017154287
300.00000010351607
300.00000006163981
300.00000003608528
300.00000002063484
300.48024282598578
300.44089980435115
300.40208428088999
300.36415793411061
300.32747044787243
300.29234383539159
300.25905921361169
300.22784680846314
300.1988797069713
300.17227143769617
300.14807704691623
300.12629704974103
300.1068834998249
300.08974741436811
300.07476686824077
300.06179518964535
300.05066881892361
300.0412145141263
300.03325569392706
300.02661779833886
300.0211326211637
300.01664162664929
300.01299830793545
300.01006967781933
300.00773700430148
300.00589591545383
300.00445600164721
300.00334003952185
300.00248295282586
300.00183061198908
300.00133855859963
300.00097072423227
300.00069819654743
300.00049807018183
300.0003524063506
300.00024731365983
300.0001721535354
300.00011886685587
300.00008141364026
300.00005531469395
300.00003728263505
300.00002492936198
300.00001653747279
300.00001088412779
300.00000710713147
300.00000460442385
300.00000295958841
300.00000188730809
300.00000119389887
300.00000074907973
300.00000046600627
300.00000028730238
300.00000017539287
300.00000010588269
300.00000006306863
300.00000003692759
300.00000002111472
300.48025779698781
300.4409451974542
300.40216087609139
300.36426596813652
300.32760907590398
300.29251088675932
300.25925120823081
300.22805917421528
300.19910712249379
300.17250822496555
300.14831755092712
300.12653596227148
300.10711610457628
300.08996974755615
300.07497580029019
300.06198844016393
300.05084491971502
300.0413727349943
300.0333959445889
300.02674051771669
300.02123866313735
300.01673214927496
300.01307467124968
300.0101333536889
300.00778950033441
300.00593871377117
300.00449051231561
300.00336756767956
300.00250467798747
300.0018475776792
300.00135167032221
300.00098075379424
300.00070579089072
300.00050376309753
300.00035663171587
300.00025041912153
300.00017441383869
300.00012049626821
300.00008257713108
300.00005613770406
300.00003785939947
300.00002532984263
300.00001681301615
300.00001107199677
300.00000723407226
300.00000468942886
300.00000301600238
300.00000192441104
300.00000121807915
300.00000076469149
300.0000004759882
300.000000293619
300.00000017934514
300.00000010832395
300.00000006455377
300.000000037814
300.00000002163046
300.4802723731155
300.44098938700495
300.40223543293922
300.36437112716408
300.32774403328978
300.29267356186074
300.25943825547
300.228266188193
300.1993289645423
300.17273939910365
300.14855256922596
300.12676965817428
300.10734387194009
300.0901876991727
300.075180850766
300.0621783243879
300.05101816074921
300.04152857535325
300.03353425361621
300.02686168589952
300.02134349217852
300.01682174479612
300.01315034322045
300.01019652808554
300.00784164414483
300.0059812742623
300.00452487050006
300.00339500513934
300.00252635565613
300.00186452483183
300.0013647818555
300.00099079387354
300.00071340115744
300.00050947383306
300.00036087461348
300.00025354059017
300.00017668803423
300.00012213729053
300.00008375003733
300.00005696816146
300.00003844192958
300.0000257347038
300.00001709183221
300.00001126227409
300.00000736276149
300.00000477568807
300.00000307330657
300.00000196214057
300.00000124269769
300.00000078060879
300.00000048618352
300.00000030008562
300.00000018340415
300.00000011084302
300.0000000660973
300.00000003874584
300.00000002218326
300.48028658333232
300.44103246082
300.40230809916648
300.36447361813208
300.32787558262584
300.29283217230767
300.25962070664377
300.2284682302988
300.19954562974942
300.17296536188667
300.14878249823028
300.12699851963447
300.10756716289399
300.09040160395881
300.07538232496921
300.0623651165792
300.05118878498371
300.04168224764192
300.03367080449539
300.02698145952769
300.02144724052141
300.01691052364487
300.01322541511024
300.01025927566371
300.00789349619345
300.00602364541521
300.00455911471386
300.00342238220281
300.00254800945117
300.00188147168882
300.00137790716053
300.00100085505977
300.00072103530903
300.00051520832187
300.000365139427
300.00025668127688
300.00017897845453
300.00012379160268
300.00008493355898
300.0000578069164
300.00003903082285
300.00002614436181
300.00001737420877
300.00001145515722
300.00000749333373
300.00000486329219
300.00000313156193
300.00000200053717
300.00000126778133
300.00000079684946
300.00000049660377
300.00000030670975
300.00000018757504
300.00000011344321
300.00000006770136
300.00000003972468
300.00000002277403
300.48030045523694
300.44107450255814
300.40237901549995
300.36457363819903
300.32800397422216
300.29298701538602
300.25979889731997
300.2286656639688
300.19975749826511
300.17318649922692
300.14900771963204
300.12722291562693
300.10778632695326
300.09061178703723
300.0755805204098
300.06254908493145
300.05135703086415
300.04183396113893
300.03380577868444
300.02709999412502
300.02155003998769
300.01699859635818
300.01329997864417
300.01032167176402
300.00794511774689
300.00606587656364
300.00459328429878
300.0034497299452
300.00256966368784
300.00189843709938
300.00139106071566
300.00101094837277
300.00072870165809
300.0005209727787
300.00036943076202
300.00025984456511
300.00018128756358
300.00012546098401
300.00008612896994
300.00005865487327
300.00003962671593
300.00002655926136
300.00001766045392
300.00001165085786
300.00000762593299
300.00000495233888
300.00000319083392
300.00000203964453
300.00000129335899
300.00000081343239
300.00000050726152
300.00000031349964
300.00000019186314
300.00000011612798
300.00000006936847
300.0000000407523
300.00000002340408
300.48031401521786
300.44111559218703
300.40244831644037
300.36467137582463
300.32812944745331
300.29313837562523
300.25997314904646
300.22885883798932
300.19996493559665
300.17340318297926
300.14922860212397
300.12744320352925
300.10800170364752
300.09081856524335
300.07577572798942
300.06273049260807
300.05152313322492
300.04198392273821
300.03393935627452
300.02721744465839
300.02165202245749
300.01708607397131
300.01337412633546
300.01038379268289
300.00799657109809
300.0061080180663
300.00462741957011
300.00347708033166
300.00259134346999
300.00191544059402
300.00140425757382
300.00102108530814
300.00073640890321
300.00052677372639
300.00037375346625
300.00026303402552
300.0001836179685
300.00012714732134
300.00008733762417
300.00005951299528
300.00004023028828
300.00002697987765
300.00001795089725
300.0000118496028
300.00000776071425
300.00000504293291
300.00000325119299
300.00000207950978
300.00000131946183
300.00000083037833
300.00000051817022
300.00000032046415
300.00000019627424
300.00000011890131
300.00000007110117
300.00000004183028
300.00000002407472
300.48032728859909
300.44115580642529
300.40251613100128
300.3647670117939
300.32825223203884
300.29328652629027
300.26014377099682
300.22904808823364
300.20016829437606
300.17361577268485
300.14944550307524
300.12765973069725
300.10821362397496
300.09102224844514
300.075968233183
300.0629095987872
300.05168732420526
300.04213233774362
300.03407171667402
300.0273339661224
300.02175332036427
300.01717306843489
300.01344795183451
300.01044571596185
300.00804791980499
300.00615012150229
300.00466156197552
300.00350446634519
300.00261307479258
300.00193250246519
300.00141751342682
300.0010312778864
300.00074416616764
300.00053261802555
300.00037811265173
300.00026625343315
300.00018597243189
300.00012885261856
300.0000885609623
300.00006038230919
300.00004084226549
300.00002740671897
300.00001824589179
300.00001205163522
300.00000789784372
300.000005135187
300.00000331271508
300.00000212018347
300.00000134612361
300.00000084770943
300.00000052934462
300.00000032761295
300.00000020081478
300.00000012176741
300.00000007290237
300.00000004296083
300.0000000247872
300.48034029978004
300.441195219164
300.40258258341436
300.36486072019488
300.32837254926739
300.2934317308098
300.26031106155017
300.22923373933548
300.20036791607066
300.17382461726714
300.14965877017107
300.12787283601602
300.10842241184287
300.0912231408609
300.07615831722842
300.06308665972398
300.0518498341865
300.04227941068945
300.03420303932023
300.02744971415211
300.02185406721907
300.01725969305926
300.01352155030321
300.0105075207004
300.00809922894996
300.00619223988497
300.00469575426922
300.00353192212793
300.00263488465521
300.00194964385798
300.00143084467607
300.00104153870916
300.00075198304199
300.00053851290727
300.0003825137203
300.00026950678597
300.00018835388602
300.00013057900696
300.00008980051962
300.00006126391111
300.00004146342314
300.00002784032961
300.00001854581626
300.00001225721638
300.00000803749998
300.00000522922255
300.00000337548181
300.00000216172032
300.00000137338066
300.00000086544975
300.0000005408005
300.00000033495644
300.00000020549169
300.00000012473083
300.00000007477507
300.00000004414585
300.00000002554322
300.48035307236961
300.44123390187275
300.40264779380749
300.36495266936004
300.32849061317643
300.29357424415554
300.26047530982123
300.22941610631551
300.20056413265189
300.17403005669541
300.14986874303048
300.12808285144001
300.10862838550827
300.09142154238657
300.07634625833361
300.06326192983522
300.05201089275852
300.04242534619266
300.03433350442543
300.0275648456705
300.02195439816774
300.0173460629905
300.01359501881825
300.01056928789524
300.00815056542291
300.00623442789544
300.00473004070403
300.003559483137
300.00265680118707
300.00196688686981
300.00144426851227
300.0010518810206
300.00075986963293
300.00054446601064
300.00038696239136
300.00027279832659
300.00019076544868
300.00013232875676
300.00009105793413
300.00006215897236
300.00004209459149
300.00002828129271
300.00001885107679
300.00001246662674
300.00000817987524
300.00000532516992
300.00000343958129
300.00000220417934
300.00000140127207
300.00000088362532
300.00000055255504
300.00000034250598
300.00000021031229
300.00000012779657
300.0000000767227
300.00000004538782
300.00000002634425
300.48036562931685
300.4412719239939
300.40271187886418
300.36504302278132
300.32860663169981
300.29371431418662
300.26063679715463
300.22959549617582
300.20075726823899
300.17423242363071
300.15007575481525
300.12829010353511
300.10883185903043
300.09161774994357
300.0765323329112
300.06343566281873
300.05217072972323
300.04257034984505
300.03446329376271
300.0276795195748
300.02205445058576
300.01743229572207
300.01366845680712
300.0106311008085
300.00820199822954
300.00627674213905
300.00476446724201
300.00358718631634
300.00267885378634
300.00198425466203
300.00145780300301
300.00106231877714
300.00076783661609
300.00055048542322
300.00039146473353
300.00027613256526
300.00019321044067
300.00013410429023
300.00009233495649
300.00006306874661
300.00004273666019
300.00002873023408
300.00001916210971
300.00001268016791
300.00000832517628
300.00000542316985
300.00000350510828
300.00000224762402
300.00000142984038
300.00000090226405
300.0000005646267
300.00000035027375
300.00000021528484
300.00000013097008
300.00000007874888
300.00000004668914
300.00000002719207
300.48037799303916
300.4413093533293
300.40277495247028
300.3651319400077
300.32872080779538
300.29385218297216
300.26079579860004
300.22977220947752
300.20094764073229
300.17443204507038
300.15028013384716
300.12849491503732
300.10903314374792
300.09181205885903
300.07671681685241
300.06360811281547
300.0523295761447
300.04271462915318
300.0345925914998
300.02779389747013
300.02215436471795
300.01751851164715
300.01374196652154
300.01069304537026
300.00825359882998
300.00631924142755
300.00479908178733
300.00361507028697
300.00270107327407
300.00200177158297
300.00147146719075
300.00107286672375
300.00077589529627
300.00055657972763
300.00039602719943
300.00027951430678
300.00019569240567
300.00013590819617
300.00009363346038
300.00006399457749
300.00004339058404
300.00002918782604
300.00001947938421
300.00001289816458
300.00000847362577
300.00000552337389
300.00000357216533
300.00000229212304
300.00000145913117
300.00000092139646
300.00000057703568
300.0000003582731
300.00000022041809
300.00000013425722
300.0000000808576
300.00000004805264
300.00000002808866
300.48039018554942
300.44134625642374
300.4028371263546
300.3652195775361
300.32883334056402
300.29398808810663
300.2609525843813
300.22994654191928
300.20113556345291
300.17462924400587
300.15048220524687
300.12869760644202
300.10923254979519
300.09200476429191
300.07689998685191
300.06377953562668
300.05248766545594
300.0428583945353
300.03472158508873
300.02790814445643
300.0222542843681
300.0176048346583
300.01381565355354
300.01075521061784
300.00830544151006
300.00636198708924
300.00483393444341
300.00364317555795
300.00272349206506
300.00201946330537
300.00148528120206
300.00108354047984
300.00078405767431
300.00056275805275
300.00040065666519
300.00028294867985
300.00019821513206
300.0001377432464
300.00009495545453
300.00006493790715
300.00004405738878
300.0000296547916
300.00001980340551
300.00001312096657
300.00000862546398
300.00000562594562
300.00000364086287
300.00000233775057
300.00000148919401
300.00000094105525
300.00000058980362
300.00000036651829
300.00000022572152
300.0000001376643
300.00000008305324
300.00000004948123
300.00000002903613
300.48040222858367
300.44138269894995
300.40289851073243
300.36530608970509
300.32894442637354
300.29412226403099
300.26110742137593
300.23011878593024
300.20132134680506
300.17482434111218
300.15068229261254
300.12889849764105
300.10943038767283
300.09219616271952
300.07708212179665
300.06395018999757
300.05264523463376
300.04300186038574
300.03485046622137
300.02802242997819
300.02235435764783
300.01769139280037
300.01388962739964
300.01081768917925
300.00835760379067
300.00640504331261
300.00486907779805
300.00367154476049
300.00274614435813
300.00203735697937
300.00149926636942
300.00109435663569
300.00079233652127
300.0005690301312
300.00040536047396
300.0002864411702
300.00020078267801
300.00013961241393
300.0000963030962
300.00006590028607
300.00004473817847
300.0000301319098
300.00002013471806
300.00001334895126
300.00000878095017
300.00000573106172
300.00000371132046
300.00000238458694
300.00000152008244
300.00000096127604
300.000000602954
300.00000037502502
300.00000023120555
300.00000014119831
300.00000008534039
300.0000000509782
300.00000003003674
300.48041414373216
300.44141874610176
300.40295921496244
300.36539162960543
300.32905426000048
300.29425494337596
300.26126057462119
300.23028923229617
300.20150529997852
300.17501765648484
300.1508807197547
300.1290979096234
300.10962696988946
300.09238655349907
300.07726350423451
300.06412033898306
300.05280252545469
300.0431452462189
300.03497943186164
300.02813692874605
300.02245473779169
300.01777831898539
300.01396400208085
300.01088057780527
300.00841016687986
300.00644847752642
300.00490456723929
300.00370022290787
300.00276906634838
300.00205548140332
300.00151344536704
300.0011053328588
300.00080074546253
300.00057540636402
300.00041014648525
300.00028999765766
300.00020339939891
300.00014151889326
300.0000976787058
300.00006688338374
300.00004543414298
300.00003062002065
300.00002047390984
300.00001358252626
300.00000894036464
300.00000583891335
300.00000378366724
300.00000243271887
300.00000155185438
300.00000098209739
300.00000061651252
300.00000038381006
300.00000023688136
300.00000014486682
300.00000008772423
300.00000005254702
300.00000003109307
300.48042595259119
300.44145446303099
300.40301934824788
300.36547635002773
300.32916303580447
300.29438635833901
300.26141230886128
300.23045817183549
300.20168773271013
300.17520951144513
300.15107781250714
300.12929616625956
300.1098226126914
300.09257624052327
300.07744442193848
300.06429025140886
300.05295978584616
300.04328877790613
300.03510868536574
300.02825182174263
300.02255558405085
300.01786575177715
300.01403889682575
300.01094397795748
300.00846321617411
300.00649236082211
300.00494046130802
300.00372925768613
300.00279229646355
300.00207386721479
300.00152784236332
300.00111648801493
300.00080929907136
300.00058189789274
300.00041502313042
300.00029362445804
300.00020606997856
300.00014346612369
300.00009908478421
300.000067889001
300.00004614656677
300.00003112003185
300.00002082161632
300.00001382213264
300.0000091040107
300.00000594970737
300.00000385804344
300.00000248224052
300.00000158457277
300.00000100356101
300.00000063050675
300.00000039289188
300.00000024276113
300.00000014867788
300.00000009021034
300.00000005419179
300.00000003220782
300.48043767703746
300.44148991548468
300.40307902043548
300.36556040446345
300.32927094893802
300.29451674210497
300.26156289014972
300.23062589714237
300.201868957123
300.17540023043335
300.15127390063469
300.12949359618932
300.11001763790313
300.09276553398882
300.07762516958559
300.0644602034476
300.05311727135017
300.04343268902068
300.03523843770597
300.02836729732422
300.02265706267451
300.01795383625807
300.01411443682656
300.01100799646116
300.00851684181544
300.00653676842421
300.00497682209073
300.00375869977881
300.00281587562944
300.00209254710416
300.00154248319166
300.00112784230208
300.00081801297404
300.00058851668081
300.0004199994741
300.00029732836975
300.00020879946408
300.00014545781499
300.00010052403115
300.00006891908367
300.00004687683872
300.00003163292536
300.00002117852529
300.00001406824788
300.00000927221697
300.00000606366814
300.0000039346009
300.00000253325402
300.00000161830582
300.00000102571227
300.00000064496669
300.00000040229025
300.00000024885821
300.0000001526405
300.00000009280473
300.00000005591642
300.00000003338403
300.48044933882193
300.44152516976897
300.40313834280499
300.36564394800575
300.32937819652375
300.29464633029568
300.26171258751634
300.23079270441383
300.20204928966479
300.1755901430123
300.15146931986129
300.12969053483761
300.11021237489888
300.09295475229936
300.07780605057076
300.06463048032845
300.05327524671725
300.04357722230844
300.03536890881367
300.02848355243378
300.02275934799502
300.01804272498771
300.01419075407796
300.01107274623126
300.00857113931272
300.00658178021627
300.00501371565906
300.00378860322996
300.00283984756663
300.00211155605535
300.00155739554225
300.00113941740267
300.00082690396835
300.00059527560506
300.00042508528469
300.00030111672675
300.00021159330572
300.00014749797657
300.0001019993669
300.0000699757378
300.00004762646313
300.00003215976557
300.00002154538276
300.00001432139004
300.0000094453402
300.00000618103905
300.00000401350439
300.00000258587016
300.00000165312741
300.00000104860038
300.00000065992509
300.00000041202691
300.00000025518688
300.0000001567642
300.00000009551394
300.00000005772557
300.00000003462497
300.48046096011302
300.44156029173604
300.40319742610308
300.36572713731726
300.3294849786505
300.29477536242814
300.26186167471269
300.23095889538217
300.20222905316894
300.17577958600884
300.15166441404494
300.12988732658351
300.11040716273243
300.09314422412797
300.07798737898065
300.06480137820392
300.05343398765302
300.04372263130466
300.0355003290598
300.02860079394327
300.02286262363043
300.0181325790702
300.01426798831289
300.01113834708315
300.00862621023697
300.00662748132993
300.00505121256361
300.00381902585281
300.00286425912475
300.0021309316154
300.00157260917842
300.00115123665449
300.00083599015744
300.00060218855901
300.00043029111293
300.00030499745787
300.000214457401
300.00014959095046
300.00010351395639
300.00007106124735
300.00004839707219
300.0000327017076
300.00002192299888
300.00001458212199
300.00000962376788
300.00000630208478
300.00000409493327
300.00000264020957
300.00000168911828
300.00000107227891
300.00000067541743
300.00000042212537
300.00000026176275
300.00000016105957
300.00000009834514
300.0000000596242
300.00000003593414
300.48047256428055
300.441595352175
300.40325638773459
300.36581013414138
300.32959150019224
300.29490408380389
300.26201043221147
300.23112477941783
300.2024085790822
300.17596890582917
300.15185953753291
300.1300843271132
300.11060235245333
300.09333429066714
300.07816948175252
300.06497320619889
300.05359378274153
300.04386918211986
300.03563294089537
300.02871924014397
300.02296708382437
300.01822356934389
300.01434628804788
300.01120492664108
300.00868216300103
300.00667396280761
300.00508938838965
300.00385002968989
300.00288916066023
300.00215071420126
300.0015881561813
300.00116332524374
300.00084529110052
300.00060927056944
300.00043562838113
300.00030897915474
300.00021739814525
300.00015174144858
300.00010507123596
300.0000721780936
300.00004919044
300.00003326000785
300.00002231225471
300.00001485105622
300.00000980792197
300.00000642709347
300.00000417908268
300.00000269640339
300.00000172636612
300.00000109680616
300.00000069148223
300.00000043261122
300.000000268603
300.00000016553787
300.000000101306
300.0000000616177
300.00000003731526
300.48048417515724
300.44163042269901
300.40331534779779
300.36589310711378
300.32969797457037
300.29503274789613
300.26215914932988
300.23129067578344
300.20258820991046
300.17615846099471
300.15205505773366
300.13028190599056
300.1107983096411
300.09352530809696
300.07835270105022
300.06514628867183
300.05375493557369
300.04401715542122
300.03576700067612
300.02883912240776
300.02307293494238
300.01831587771517
300.01442581175718
300.01127262135822
300.00873911373304
300.0067213223362
300.00512832437295
300.00388168153091
300.00291460646156
300.00217094744357
300.00160407122559
300.00117571042392
300.00085482798431
300.00061653792886
300.00044110948443
300.00031307114784
300.00022042248855
300.00015395459462
300.00010667494456
300.00007332897775
300.0000500084987
300.00003383603479
300.00002271411068
300.00001512886018
300.00000999826221
300.00000655637922
300.00000426616555
300.0000027545949
300.0000017649665
300.00000112224575
300.00000070816174
300.00000044351231
300.00000027572588
300.00000017021154
300.00000010440488
300.00000006371181
300.00000003877255
300.48049581743481
300.44166557750276
300.40337443001556
300.36597622828549
300.32980462064
300.29516161532939
300.26230812417549
300.23145691586251
300.20276830191665
300.17634862492594
300.15225135793673
300.13048044947647
300.11099541719091
300.09371765030465
300.07853739689017
300.06532096772173
300.05391776711343
300.04416684864083
300.03590278069976
300.02896068704678
300.02318039714999
300.01840969865771
300.01450672919339
300.01134157766541
300.00879718727452
300.0067696651177
300.00516810813423
300.00391405350774
300.00294065523343
300.00219167857898
300.00162039189399
300.00118842176414
300.00086462381739
300.00062400834588
300.00044674790558
300.00031728359323
300.00022353800102
300.0001562359725
300.00010832915882
300.00007451684598
300.00005085335636
300.0000344312823
300.00002312961493
300.00001541626267
300.00001019529088
300.00000669028498
300.00000435641402
300.00000281494016
300.00000180502383
300.00000114866702
300.00000072550182
300.00000045485899
300.00000028315173
300.0000001750941
300.00000010765098
300.00000006591284
300.00000004031045
300.48050751701822
300.44170089442315
300.40343376441399
300.36605967945911
300.3299116707887
300.29529096865406
300.2624576788989
300.23162384933693
300.2029492286847
300.17653978912955
300.15244884043443
300.13068036362972
300.11119407838214
300.09391171189276
300.07872395005796
300.06549760598142
300.05408261834083
300.04431857844844
300.03604057149369
300.02908419740322
300.02328970629463
300.01850524086598
300.01458922284479
300.01141195326829
300.00885651829987
300.00681910480012
300.00520883445739
300.00394722375614
300.00296737064497
300.002212958896
300.0016371590342
300.00120149143248
300.0008747036515
300.0006317011165
300.00045255834624
300.00032162757213
300.0002267529465
300.00015859168064
300.00011003833293
300.00007574491832
300.00005172731773
300.00003504738373
300.00002355991398
300.00001571406096
300.0000103995572
300.00000682918602
300.00000445008254
300.00000287761031
300.0000018466522
300.0000011761457
300.00000074355273
300.00000046668453
300.00000029090245
300.00000018020012
300.00000011105413
300.00000006822756
300.00000004193379
300.48051930121119
300.44173645540673
300.40349348759366
300.36614365062627
300.33001936461426
300.29542109014011
300.26260813813889
300.23179184077441
300.20313138324116
300.1767323661835
300.15264792976637
300.13088207765082
300.11139472024166
300.09410791151674
300.07891276536702
300.06567658974609
300.05424985321781
300.04447268353107
300.03618068439198
300.02920993620813
300.02340111604349
300.01860272923443
300.01467348971494
300.01148391865286
300.00891725259419
300.00686976457479
300.00525060621732
300.0039812771808
300.00299482195658
300.00223484424299
300.00165441716678
300.00121495451896
300.00088509483493
300.00063963732009
300.00045855687631
300.00032611520345
300.00023007636702
300.00016102839464
300.00011180734413
300.00007701672189
300.00005263290774
300.0000356861288
300.00002400626431
300.00001602312875
300.00001061166324
300.00000697349344
300.00000454744946
300.00000294279238
300.00000188997672
300.00000120476489
300.00000076236927
300.00000047902506
300.00000029900201
300.0000001855455
300.0000001146251
300.0000000706633
300.00000004364762
300.48053119899447
300.44177234737356
300.40355374433386
300.36622834321906
300.33012795764171
300.29555228586088
300.26275985118497
300.23196127533532
300.20331518091831
300.17692679328178
300.15284907646583
300.13108604756047
300.11159779724125
300.0943066956811
300.07910427534654
300.06585833249613
300.05441986202197
300.04462952771274
300.0363234544169
300.02933820824381
300.02351490034613
300.01870240700885
300.0147597431681
300.01155765873625
300.00897954850268
300.00692177841648
300.00529353542527
300.00401630632672
300.00302308473675
300.00225739561142
300.00167221495286
300.00122884940612
300.0008958273026
300.00064784004365
300.000464761106
300.00033075977404
300.0002335181801
300.00016355343854
300.000113641545
300.00007833612824
300.00005357289848
300.00003634948263
300.00002447004533
300.00001634442521
300.00001083226994
300.00000712365863
300.00000464882049
300.00000301069178
300.00000193513426
300.00000123461552
300.00000078201151
300.00000049192033
300.00000030747657
300.00000019114771
300.0000001183754
300.00000007322802
300.00000004545751
300.48054324132528
300.44180866312939
300.40361468916404
300.36631397220407
300.33023772240301
300.2956848812878
300.26291319028388
300.23213256445518
300.20350106433921
300.17712353664655
300.15305276217714
300.13129276220985
300.11180379711044
300.09450854340139
300.0792989444285
300.06604327886282
300.05459306511813
300.04478950352598
300.03646924365034
300.02946934343157
300.02363135614667
300.01880453821815
300.0148482151381
300.01163337479682
300.00904357859486
300.00697529250488
300.00533774442829
300.00405241238002
300.00305224168568
300.00228067980453
300.00169060573114
300.00124321819493
300.00090693390968
300.00065633464021
300.000471190383
300.00033557588762
300.00023708928961
300.0001661748675
300.00011554682362
300.00007970739705
300.00005455034017
300.00003703960761
300.00002495277505
300.00001667900585
300.00001106210425
300.00000728017801
300.00000475453169
300.00000308153437
300.00000198227565
300.00000126579738
300.00000080254551
300.48055546145503
300.44184550230767
300.40367648789049
300.3664007680805
300.33034895087894
300.29581922489785
300.26306855390311
300.23230614891952
300.20368950806375
300.17732309555879
300.15325950214623
300.13150274424368
300.11201324224618
300.0947139697962
300.0794972733292
300.06623190908505
300.05476991726323
300.04495303625578
300.03661844492609
300.02960370020554
300.02375080652251
300.01890941053028
300.01493915864796
300.0117112866813
300.00910953157586
300.00703046685891
300.00538336729016
300.00408970631872
300.00308238358338
300.00230477020858
300.00170964813731
300.00125810719641
300.00091845081658
300.0006651490267
300.00047786602045
300.00034057963677
300.00024080171499
300.0001689015624
300.00011752967265
300.00008113522557
300.00005556859657
300.00003775888837
300.00002545612745
300.00001702803445
300.00001130196785
300.00000744359875
300.00000486495333
300.00000315556872
300.00000203156657
300.00000129842044
300.00000082404364
300.48056789528596
300.44188297243136
300.4037393193463
300.36648897929769
300.33046195760272
300.29595569194242
300.26322637106642
300.23248250337446
300.20388102342423
300.17752600874576
300.15346985307553
300.13171655924265
300.11222669836519
300.09492353256138
300.07969980455999
300.06642474411302
300.05495091241204
300.0451205884678
300.03677148610984
300.02974166950185
300.02387360430612
300.01901733849854
300.0150328506985
300.01179163534277
300.00917761448846
300.00708747722302
300.00543055138587
300.00412831024437
300.003113610387
300.00232974768608
300.0017294068216
300.00127356750039
300.00093041793474
300.00067431402914
300.00048481156063
300.00034578880263
300.00024466873924
300.00017174333942
300.00011959726947
300.00008262480685
300.00005663138631
300.00003850996086
300.0000259819526
300.00001739279691
300.00001155274612
300.00000761452497
300.00000498049434
300.00000323306915
300.00000208318966
300.00000133260562
300.00000084658564
300.48058058177679
300.44192119012263
300.40380337739492
300.36657887503185
300.33057708316659
300.29609468860099
300.26338710607291
300.23266214152233
300.20407616398069
300.17773285966365
300.15368441830486
300.13193482063082
300.11244477961333
300.0951378378615
300.0799071284244
300.06662235144012
300.05513658930676
300.04529266530187
300.03692883503169
300.02988367929891
300.02400013622872
300.01912866730049
300.01512959559989
300.01187468577251
300.00924805525938
300.00714651725059
300.00547945925024
300.00416835892645
300.00314603250445
300.00235570161237
300.00174995328206
300.00128965563721
300.00094287944529
300.00068386378376
300.00049205308198
300.00035122308628
300.00024870508253
300.00017471107788
300.00012175756899
300.0000841818964
300.00005774283051
300.00003929574609
300.00002653230007
300.00001777471761
300.00001181541961
300.00000779362563
300.00000510160686
300.0000033143391
300.00000213734705
300.00000136848649
300.00000087025944
300.48059356340138
300.44196028247234
300.4038688731988
300.36667074832184
300.33069469817144
300.29623665666941
300.26355126382242
300.2328456219729
300.20427553179371
300.17794428312533
300.1539038546282
300.13215819663594
300.11266815557281
300.09535754722566
300.0801198898223
300.06682535172803
300.05532753783427
300.04546982049493
300.03709100513043
300.03003019984516
300.02413082770352
300.01924377706149
300.01522972883095
300.01196073040018
300.00932110565736
300.00720780104359
300.00553027072937
300.00421000160162
300.00317977227957
300.00238273108573
300.00177136683737
300.00130643435
300.00095588440405
300.00069383620547
300.00049961955676
300.00035690437903
300.0002529271033
300.00017781686881
300.00012401941194
300.00008581289018
300.00005890750839
300.00004011948897
300.00002710944648
300.00001817537805
300.00001209107648
300.00000798164257
300.00000522879225
300.00000339971456
300.00000219426227
300.00000140621086
300.00000089516203
300.48060688666783
300.44200038858793
300.40393603778267
300.36676491961282
300.33081520769042
300.29638207885961
300.2637193958472
300.2330335548906
300.20447978457065
300.17816097282861
300.15412888009934
300.13238741826461
300.11289755928567
300.09558338550954
300.08033879606711
300.0670344264027
300.05552440632533
300.04565266331628
300.03725856196536
300.03018174970299
300.02426614836764
300.01936308787322
300.01533362152549
300.01205009305437
300.00939704474325
300.00727156611839
300.00558318549668
300.00425340407941
300.00321496573127
300.00241094634464
300.00179373576719
300.00132397349967
300.00096948745124
300.00070427353688
300.00050754327088
300.00036285707938
300.00025735303456
300.00018107418856
300.00012639265151
300.00008752491567
300.00006013052183
300.000040984804
300.00002771592665
300.48062060270513
300.44204166134574
300.40400512493443
300.36686174076658
300.33093905632052
300.29653148479849
300.26389210714655
300.23322660954074
300.20468964379091
300.17838368992983
300.1543602829264
300.13262328839187
300.11313379641814
300.09581615002037
300.08056462586484
300.06725032639503
300.05572790997064
300.04584186657945
300.03743213075802
300.03033890276316
300.02440661852728
300.0194870656419
300.01544168571235
300.01214313359463
300.00947618291087
300.00733807688368
300.00563842600656
300.00429875121682
300.00325176459847
300.00244047043537
300.00181715865403
300.00134235113086
300.00098374964654
300.00071522299476
300.00051586031765
300.00036910846512
300.00026200326164
300.00018449810347
300.00012888830202
300.00008932593869
300.00006141757137
300.00004189572854
300.4806347679289
300.44208426937479
300.40407641449082
300.36696159960388
300.33106673390569
300.29668545782846
300.26407006394095
300.23342552286022
300.20490590394741
300.17861327280963
300.15459893161778
300.13286669214875
300.11337775575407
300.09605672098911
300.08079823964721
300.06747388222436
300.05593884055253
300.0460381759313
300.03761240515627
300.03050229641684
300.02455281668404
300.01961622893293
300.01555438045847
300.0122402533533
300.00955886664235
300.00740762873994
300.00569624097869
300.00434624983995
300.00329033875744
300.00247144118447
300.00184174597052
300.00136165473236
300.00099873945732
300.00072673753419
300.0005246111815
300.00037568913405
300.00026690064971
300.00018810551097
300.000131518714
300.00009122488962
300.00006277504576
300.00004285678563
300.48064944479415
300.44212839930549
300.40415021606071
300.36706492505323
300.3311987820278
300.29684464272617
300.26425400248144
300.23363110920468
300.20512944307245
300.17885064821365
300.15484578657839
300.13311860881731
300.11363042123827
300.09630607362027
300.08104059149292
300.0677060156633
300.0561580777354
300.04624242065796
300.03780015745826
300.0306726411132
300.02470538836013
300.01975115701532
300.01567221910517
300.01234190155691
300.00964548412873
300.00748055293053
300.00575690952849
300.00439613221124
300.00333087909041
300.00250401354043
300.0018676219654
300.0013819827355
300.0010145339329
300.00073887675694
300.00053384143143
300.00038263352616
300.00027207093302
300.00019191542538
300.00013429778227
300.00009323181183
300.00006421012739
300.00004387305779
300.48066470265053
300.4421742583192
300.40422687324775
300.36717219299254
300.33133580137473
300.29700975447156
300.26444473906844
300.23384427145027
300.20536123474392
300.17909684398421
300.15510191338734
300.13338012548132
300.11389288583399
300.09656529199378
300.08129274291997
300.06794775327472
300.05638660220706
300.04645552630035
300.03799625058383
300.03085073158366
300.02486505648983
300.01989249935735
300.01579577783031
300.01244858294007
300.00973647194633
300.00755722231361
300.00582074608553
300.00444866016142
300.00337360090953
300.00253836236988
300.00189492691533
300.00140344630245
300.00103122010574
300.00075170799488
300.0005436025474
300.00038998054629
300.00027754317773
300.00019594931786
300.00013724119179
300.00009535803872
300.00006573091747
300.00004495027486
300.48068061871066
300.44222207703984
300.40430676843988
300.36728393287768
300.3314784601082
300.29718158821709
300.26464318145685
300.23406601364911
300.20560236179728
300.17935300363007
300.15536849802868
300.13365245272473
300.11416636750113
300.09683558514342
300.08155587888899
300.06820024216887
300.05662551102631
300.04667852943675
300.03820165214768
300.03103746007679
300.02503263370875
300.02004098688764
300.01592570582483
300.01256086681468
300.00983232302366
300.0076380582604
300.00588810627983
300.00450413004023
300.0034187480594
300.00257468581003
300.00192381982527
300.00142617147173
300.0010488966725
300.00076530760896
300.00055395291139
300.00039777431022
300.00028335033579
300.00020023152308
300.00014036671291
300.00009761640428
300.00006734658496
300.00004609491805
300.48069727914992
300.44227211281361
300.4043903282431
300.36740073526676
300.33162750336965
300.29736103062618
300.26485034184634
300.23429745547031
300.20585403200283
300.179620403022
300.15564686438859
300.13393694271724
300.1144522276627
300.09711830569961
300.08183132642165
300.06846476840133
300.05687603560796
300.04691259506757
300.03841745106769
300.03123383203007
300.02520903695034
300.02019744540695
300.01606273744613
300.01267939792422
300.00993359619491
300.00772353893967
300.00595939402069
300.00456287867502
300.00346659786049
300.00261320930917
300.00195448168415
300.00145030174349
300.00106767601858
300.00077976255346
300.00056495899906
300.00040606503995
300.00028952991028
300.00020478972624
300.0001436945534
300.00010002149531
300.00006906754459
300.00004731434382
300.48071478035138
300.44232465342702
300.40447802964366
300.36752326035861
300.33178376407903
300.29754907277174
300.26506735168374
300.2345398486865
300.20611759600524
300.17990046954776
300.15593849438767
300.13423511008932
300.11475199259041
300.0974149715575
300.08212057632448
300.06874277852381
300.05713956287127
300.04715903713787
300.03864487724366
300.03144098470409
300.0253953048595
300.02036281163731
300.01620770679727
300.012804909495
300.01004092770904
300.00781420931452
300.00603507004814
300.0046252905762
300.0035174670885
300.00265419051573
300.00198711940374
300.00147600120783
300.0010876866674
300.00079517226629
300.00057669681905
300.00041491014605
300.00029612475697
300.0002096555499
300.00014724778242
300.00010258995366
300.0000709056701
300.00004861693293
300.48073323031764
300.44238002132067
300.40457040699391
300.3676522476797
300.33194817520024
300.29774682480803
300.26529547853249
300.23479459600657
300.20639456786762
300.18019480411039
300.15624505117552
300.13454865606633
300.11506737822401
300.09772729112478
300.08242530860468
300.06903590490373
300.05741766019457
300.04741934285215
300.0388853249662
300.0316602094311
300.02559261865366
300.02053815250673
300.01636156529474
300.01293823899897
300.01015504515721
300.00791069325794
300.00611566230992
300.00469180668779
300.00357171924117
300.00269792522198
300.00202197060747
300.00150345834612
300.00110907625435
300.00081165096327
300.0005892536584
300.00042437553634
300.00030318405356
300.00021486526214
300.0001510528416
300.00010534084021
300.00007287455014
300.00005001226771
300.48075275026815
300.44243857835966
300.40466805992486
300.36778852706607
300.33212178366443
300.29795553265677
300.26553614529939
300.23506327259201
300.20668664861131
300.18050520641606
300.15656840588861
300.13487949641825
300.11540031903189
300.09805719280899
300.08274742228946
300.06934599556683
300.05771210495811
300.04769520158834
300.03914038086816
300.03189297828482
300.02580232721829
300.02072468842107
300.01652540292525
300.01308034727049
)
;

boundaryField
{
    hotWall
    {
        type            fixedValue;
        value           uniform 300.5;
    }
    coldWall
    {
        type            fixedValue;
        value           nonuniform List<scalar> 0();
    }
    bottomWall
    {
        type            zeroGradient;
    }
    topWall
    {
        type            zeroGradient;
    }
    front
    {
        type            empty;
    }
    back
    {
        type            empty;
    }
    procBoundary7to3
    {
        type            processor;
        value           nonuniform List<scalar> 
43
(
300.01027678439539
300.00801370829674
300.00620177860344
300.00476293505699
300.00362977340211
300.00274475461322
300.00205930946953
300.00153289066463
300.00113201514989
300.00082933043001
300.00060273020375
300.00043453720582
300.00031076447505
300.00022046063378
300.00015514016224
300.00010829607368
300.00007498979642
300.00005151134621
300.48077347644585
300.44250073122896
300.40477166229948
300.36793303110204
300.33230576616495
300.29817659697244
300.2657909521414
300.23534765064312
300.20699575320049
300.18083370406578
300.1569106685543
300.13522979387744
300.11575300163912
300.09840685953765
300.08308907050321
300.06967514947308
300.0580249196351
300.04798853939837
300.03941185742184
300.03214097616831
300.02602597740855
300.02092382145332
300.01670047406407
300.01027678439539
300.01323234177852
)
;
    }
    procBoundary7to4
    {
        type            processor;
        value           nonuniform List<scalar> 
29
(
300.00000050541365
300.00000031635477
300.00000019702566
300.00000012231789
300.0000000759303
300.0000000473695
300.00000050541365
300.00000051955283
300.0000005343901
300.00000054998321
300.00001859653861
300.00001238092767
300.00000817940094
300.00000536260796
300.00000348956883
300.00000225418336
300.00000144594242
300.00000056639567
300.00000092140101
300.00001859653861
300.00002835457116
300.00002835457116
300.00002902854953
300.00002974142154
300.00003049719788
300.00003130041222
300.0000321562066
300.00003307043374
300.00003404977917
)
;
    }
    procBoundary7to8
    {
        type            processor;
        value           nonuniform List<scalar> 
57
(
300.48019523010117
300.44075545251781
300.40184066488212
300.3638143412341
300.32702969883724
300.2918130569517
300.25844975697436
300.22717351355681
300.19815976470665
300.17152310112641
300.14731839736936
300.12554495702216
300.10615284743017
300.0890506050535
300.07411358761129
300.061192384842
300.05012084200968
300.04072338076014
300.03282141343539
300.02623873866838
300.02080587980339
300.01636338571814
300.0127641579333
300.00987489999005
300.00757680617983
300.00576561798874
300.00435117933955
300.00325661729806
300.00241726492771
300.00177942905134
300.00129908939562
300.00094059840058
300.00067543409
300.00048104276817
300.00033979457857
300.00023806351601
300.00016543442763
300.00011403281849
300.00007796865924
300.000052882582
300.00003558149706
300.0000237504234
300.00001572787255
300.00001033318813
300.0000067355889
300.0000043561177
300.00000279514211
300.0000017793958
300.00000112374806
300.00000070392105
300.00000043723787
300.00000026918502
300.00000016413316
300.00000009899628
300.00000005894373
300.00000003452749
300.00000001977889
)
;
    }
    procBoundary7to9
    {
        type            processor;
        value           nonuniform List<scalar> 
26
(
300.00000001115836
300.00000001138756
300.00000001164659
300.00000001193609
300.00000001225686
300.00000001260986
300.00000001299594
300.00000001341613
300.00000001387122
300.00000001436251
300.0000000148911
300.00000001545823
300.00000001606526
300.00000001671384
300.00000001740551
300.00000001814226
300.00000001892596
300.00000001975894
300.00000002064348
300.00000002158225
300.00000002257815
300.00000002363407
300.00000002475332
300.00000002593941
300.00000002719599
300.0000000285271
)
;
    }
}


// ************************************************************************* //
