/*--------------------------------*- C++ -*----------------------------------*\
  =========                 |
  \\      /  F ield         | OpenFOAM: The Open Source CFD Toolbox
   \\    /   O peration     | Website:  https://openfoam.org
    \\  /    A nd           | Version:  13
     \\/     M anipulation  |
\*---------------------------------------------------------------------------*/
FoamFile
{
    format      ascii;
    class       volScalarField;
    location    "5.450949822821";
    object      p_0;
}
// * * * * * * * * * * * * * * * * * * * * * * * * * * * * * * * * * * * * * //

dimensions      [1 -1 -2 0 0 0 0];

internalField   nonuniform List<scalar> 
2140
(
-6.5579969168924759
-6.5579972077958351
-6.5579976389073069
-6.5579981941353225
-6.5579988744841131
-6.5579996765737274
-6.5580005925693809
-6.5580016100999048
-6.5580027121569859
-6.5580038782933814
-6.5580050867560349
-6.5580063168424267
-6.5580075509390703
-6.558008775928081
-6.5580099838583292
-6.5580111719412697
-6.5580123420282019
-6.5580134997592836
-6.5580146535624824
-6.5580158136444107
-6.558016991070108
-6.5580181969870299
-6.5580194420147304
-6.5580207357979843
-6.5580220867065933
-6.5580235016579351
-6.5580249860364237
-6.558026543685509
-6.5580281769511277
-6.5580298867594129
-6.558031672715499
-6.5580335332136803
-6.5580354655523623
-6.5580374660491545
-6.5580395301536338
-6.5580416525560894
-6.5580438272915629
-6.5580460478388503
-6.558048307215314
-6.5580505980810253
-6.5580529128257252
-6.5580552436312418
-6.5580575825483516
-6.5580599215930739
-6.5580622528095631
-6.5580645683386596
-6.5580668604804764
-6.5580691217519744
-6.5580713449395729
-6.5580735231464757
-6.55807564983437
-6.558077718859284
-6.5580797245014457
-6.5580816614890978
-6.5580835250162295
-6.5580853107543957
-6.5580870148587085
-6.646026142945634
-6.6460264279403978
-6.646026850538874
-6.6460273952121875
-6.646028062913679
-6.6460288499472657
-6.6460297481211565
-6.6460307448507328
-6.6460318231467603
-6.6460329627993682
-6.6460341424316569
-6.6460353417563667
-6.6460365435275861
-6.6460377348899629
-6.6460389080248552
-6.6460400601479073
-6.6460411930057779
-6.6460423120534502
-6.646043425483426
-6.6460445432442885
-6.6460456761435438
-6.6460468350893116
-6.6460480304927083
-6.6460492718294857
-6.6460505673450729
-6.6460519238800062
-6.6460533467905591
-6.6460548399408079
-6.6460564057453908
-6.6460580452460079
-6.6460597582086383
-6.6460615432318617
-6.6460633978595984
-6.6460653186938448
-6.6460673015047051
-6.6460693413362097
-6.6460714326072949
-6.6460735692079993
-6.6460757445923342
-6.6460779518699669
-6.6460801838777845
-6.6460824332684734
-6.6460846925735462
-6.6460869542782159
-6.6460892108915148
-6.6460914550058563
-6.646093679355138
-6.6460958768682543
-6.6460980407175363
-6.6461001643621582
-6.6461022415864566
-6.6461042665329026
-6.6461062337296974
-6.6461081381128331
-6.6461099750427222
-6.6461117403154022
-6.6461134301685467
-6.7340552156174107
-6.7340554946162641
-6.7340559091562966
-6.7340564445041045
-6.7340571015778288
-6.7340578763216721
-6.7340587600880601
-6.7340597399353586
-6.7340607987309546
-6.7340619163464179
-6.7340630716497829
-6.7340642446721111
-6.7340654184744864
-6.7340665804366173
-6.7340677228718189
-6.7340688430191937
-6.7340699425530826
-6.7340710267830062
-6.7340721037087601
-6.7340731830636527
-6.7340742754382994
-6.7340753915387719
-6.7340765416009249
-6.7340777349601586
-6.7340789797615317
-6.7340802827879758
-6.7340816493820927
-6.7340830834383372
-6.7340845874450688
-6.7340861625599286
-6.73408780870556
-6.7340895246761354
-6.7340913082481055
-6.7340931562906912
-6.7340950648734559
-6.7340970293694813
-6.7340990445534494
-6.7341011046947576
-6.7341032036460806
-6.7341053349275946
-6.7341074918006338
-6.7341096673462362
-6.7341118545317036
-6.73411404627553
-6.7341162355114736
-6.7341184152469582
-6.7341205786150331
-6.7341227189237625
-6.7341248297012619
-6.7341269047357146
-6.7341289381105112
-6.7341309242346137
-6.7341328578679986
-6.734134734142093
-6.73413654857523
-6.7341382970832395
-6.7341399759852782
-6.8220841381750192
-6.822084411012753
-6.8220848178735576
-6.8220853450662089
-6.8220859934844862
-6.8220867586673659
-6.822087631412451
-6.8220885982771247
-6.8220896418216128
-6.8220907418406869
-6.8220918773128369
-6.8220930284866119
-6.8220941786653704
-6.8220953154324251
-6.8220964312289025
-6.8220975233335794
-6.822098593378314
-6.822099646564955
-6.8221006907418973
-6.8221017354688254
-6.822102791159371
-6.822103868354314
-6.8221049771471289
-6.8221061267614118
-6.8221073252658933
-6.8221085794053522
-6.8221098945236314
-6.8221112745559127
-6.8221127220701998
-6.8221142383415989
-6.8221158234466461
-6.8221174763681978
-6.8221191951042988
-6.8221209767766444
-6.8221228177358828
-6.8221247136623244
-6.8221266596613646
-6.8221286503535161
-6.8221306799592512
-6.8221327423787006
-6.8221348312647647
-6.8221369400945537
-6.8221390622338456
-6.8221411910001217
-6.8221433197179833
-6.8221454417755938
-6.8221475506736073
-6.8221496400697434
-6.8221517038203752
-6.8221537360177695
-6.8221557310223817
-6.8221576834907394
-6.8221595883989741
-6.8221614410616604
-6.8221632371461522
-6.8221649726824776
-6.8221666440689104
-6.910112913308744
-6.9101131797438553
-6.9101135792327035
-6.9101140993877825
-6.9101147410849855
-6.9101154994102911
-6.9101163645065133
-6.9101173222846981
-6.9101183548320009
-6.9101194417051843
-6.9101205618550345
-6.9101216956426947
-6.9101228265449564
-6.9101239423133993
-6.9101250355094521
-6.9101261034649504
-6.910127147796902
-6.9101281736355666
-6.9101291887180336
-6.9101302024711693
-6.9101312251709288
-6.9101322672292351
-6.9101333386298744
-6.9101344485131886
-6.9101356048957427
-6.910136814503935
-6.9101380826981949
-6.9101394134654353
-6.9101408094600458
-6.910142272077195
-6.9101438015458889
-6.9101453970323297
-6.9101470567471068
-6.910148778051779
-6.9101505575621367
-6.9101523912466467
-6.9101542745194244
-6.9101562023274994
-6.9101581692325729
-6.9101601694873054
-6.9101621971062155
-6.9101642459327435
-6.9101663097009531
-6.9101683820937883
-6.9101704567980837
-6.9101725275525272
-6.9101745881960577
-6.910176632709172
-6.9101786552517241
-6.9101806501973035
-6.910182612163057
-6.9101845360353531
-6.9101864169916363
-6.910188250517729
-6.9101900324210153
-6.9101917588396482
-6.9101934262478135
-6.9981415431173195
-6.9981418028328894
-6.9981421951881932
-6.998142709376836
-6.998143346259476
-6.9981441004187328
-6.998144961240933
-6.9981459138430848
-6.9981469396702511
-6.9981480178761943
-6.9981491272416729
-6.9981502481311448
-6.9981513641217772
-6.9981524630942946
-6.9981535377196744
-6.9981545853936495
-6.9981556077440166
-6.9981566098641288
-6.9981575994188709
-6.9981585857424609
-6.9981595790121238
-6.9981605895471786
-6.9981616272544187
-6.9981627012195835
-6.9981638194315039
-6.9981649886182939
-6.9981662141728247
-6.99816750014541
-6.9981688492843874
-6.9981702631086211
-6.9981717419993599
-6.998173285302304
-6.9981748914332371
-6.9981765579829336
-6.9981782818185954
-6.9981800591802701
-6.9981818857715918
-6.998183756844643
-6.9981856672790119
-6.9981876116553305
-6.9981895843234891
-6.99819157946642
-6.9981935911589979
-6.9981956134228414
-6.9981976402773256
-6.998199665786963
-6.9982016841032166
-6.9982036895042992
-6.9982056764309073
-6.9982076395174211
-6.9982095736191656
-6.9982114738358234
-6.998213335532312
-6.998215154354356
-6.9982169262405867
-6.9982186474310666
-6.9982203144721504
-7.086170029092421
-7.0861702816962788
-7.0861706670903235
-7.086171176343754
-7.0861718103012432
-7.0861725629889207
-7.0861734229323146
-7.0861743743032921
-7.0861753977315809
-7.0861764717983045
-7.0861775749669524
-7.0861786874912438
-7.0861797929713095
-7.0861808793740728
-7.0861819394662451
-7.0861829707158774
-7.0861839747854924
-7.0861849567650461
-7.0861859242855978
-7.0861868866285036
-7.0861878539110545
-7.0861888363962446
-7.0861898439467055
-7.0861908856224938
-7.0861919694094802
-7.0861931020580675
-7.0861942890099545
-7.0861955343911927
-7.0861968410524785
-7.0861982106409469
-7.0861996436910735
-7.086201139725544
-7.0862026973595578
-7.0862043144042612
-7.0862059879665553
-7.0862077145437219
-7.0862094901122381
-7.0862113102104676
-7.0862131700154238
-7.0862150644138415
-7.0862169880679202
-7.0862189354762481
-7.0862209010300496
-7.0862228790651312
-7.0862248639098011
-7.0862268499288783
-7.0862288315640338
-7.086230803371353
-7.0862327600494872
-7.0862346964756062
-7.0862366077267334
-7.0862384891002295
-7.0862403361359476
-7.0862421446289323
-7.0862439106407002
-7.0862456305070571
-7.0862473008425866
-7.1741983721018014
-7.1741986171260255
-7.1741989956672354
-7.1741995009833692
-7.1742001338995465
-7.1742008878290804
-7.1742017503290061
-7.1742027044703347
-7.1742037298888439
-7.1742048044176254
-7.1742059060499939
-7.1742070148095856
-7.1742081142373708
-7.1742091923397009
-7.1742102419621432
-7.1742112606513242
-7.1742122501269341
-7.1742132155081491
-7.1742141644301078
-7.1742151061609576
-7.1742160507969333
-7.1742170085812162
-7.174217989365455
-7.174219002213353
-7.1742200551330377
-7.1742211549183166
-7.1742223070767457
-7.1742235158231553
-7.1742247841198248
-7.1742261137477259
-7.1742275053966313
-7.1742289587649806
-7.174230472663079
-7.1742320451152422
-7.174233673458196
-7.1742353544341748
-7.1742370842780527
-7.1742388587981125
-7.1742406734508473
-7.1742425234098421
-7.1742444036292579
-7.1742463089022879
-7.1742482339149296
-7.1742501732953725
-7.1742521216593085
-7.1742540736512801
-7.1742560239823501
-7.1742579674643165
-7.1742598990410613
-7.1742618138112437
-7.1742637070621731
-7.1742655742703825
-7.1742674111418321
-7.1742692136109492
-7.1742709778541958
-7.1742727002972284
-7.1742743776189242
-7.262226572370686
-7.2622268092703157
-7.2622271810051124
-7.2622276833552757
-7.2622283171205231
-7.2622290750415495
-7.2622299435949067
-7.2622309045892157
-7.2622319364809904
-7.2622330161729955
-7.2622341210288459
-7.2622352307167901
-7.2622363286314773
-7.2622374027678704
-7.2622384460305707
-7.2622394560489312
-7.2622404346210248
-7.2622413869271885
-7.2622423206444005
-7.2622432450673555
-7.2622441703104625
-7.2622451066340501
-7.2622460639124853
-7.2622470512430102
-7.2622480766818613
-7.2622491470880037
-7.2622502680525622
-7.2622514438929633
-7.2622526776931187
-7.2622539713743608
-7.262255325784893
-7.262256740798918
-7.2622582154188802
-7.2622597478765814
-7.2622613357304147
-7.2622629759571593
-7.2622646650376099
-7.2622663990358252
-7.262268173672104
-7.2622699843899907
-7.2622718264177442
-7.2622736948246152
-7.2622755845723841
-7.2622774905624343
-7.2622794076787285
-7.2622813308268492
-7.262283254969331
-7.2622851751574249
-7.262287086559045
-7.2622889844823977
-7.2622908644237931
-7.2622927220031368
-7.2622945530968366
-7.2622963537673755
-7.2622981202984871
-7.2622998492003186
-7.2623015372123438
-7.3502546294610376
-7.3502548576120335
-7.3502552225260658
-7.3502557228617187
-7.3502563593857237
-7.3502571241025203
-7.3502580022908814
-7.3502589743284856
-7.350260017299151
-7.3502611069848083
-7.3502622199521523
-7.3502633353819995
-7.350264436430006
-7.3502655110246762
-7.3502665521067643
-7.3502675573906204
-7.3502685287728049
-7.3502694715264116
-7.3502703934080813
-7.3502713037792686
-7.3502722128123557
-7.350273130822476
-7.3502740677411778
-7.3502750327298756
-7.3502760339195206
-7.3502770782567346
-7.3502781714347147
-7.3502793178881021
-7.3502805208333983
-7.3502817823397333
-7.3502831034179517
-7.3502844841191548
-7.3502859236362745
-7.3502874204043449
-7.3502889721968225
-7.3502905762163024
-7.3502922291789519
-7.3502939273923662
-7.3502956668270665
-7.3502974431818506
-7.3502992519434445
-7.3503010884409026
-7.3503029478951261
-7.3503048254638621
-7.3503067162825744
-7.3503086155013762
-7.3503105183183068
-7.3503124200090939
-7.3503143159535451
-7.3503162016590124
-7.3503180727837298
-7.3503199251394653
-7.3503217547286024
-7.3503235577370853
-7.350325330551347
-7.3503270697614225
-7.3503287721641559
-7.4382825422483689
-7.4382827609448867
-7.43828311896314
-7.4382836182228225
-7.4382842594480385
-7.4382850338390449
-7.4382859253535054
-7.4382869127611393
-7.4382879715700465
-7.4382890762411735
-7.4382902023682043
-7.4382913285048504
-7.438292437468939
-7.4382935170628866
-7.4382945602376145
-7.4382955647928481
-7.4382965327429078
-7.4382974694851089
-7.4382983828939775
-7.4382992824386127
-7.4383001783900706
-7.4383010811569221
-7.4383020007632883
-7.4383029464663597
-7.4383039264993185
-7.4383049479198409
-7.4383060165425565
-7.4383071369348412
-7.4383083124576306
-7.4383095453362813
-7.4383108367495003
-7.438312186927571
-7.4383135952534598
-7.4383150603625312
-7.438316580238161
-7.4383181523016271
-7.4383197734955715
-7.4383214403607365
-7.4383231491061776
-7.4383248956732002
-7.4383266757934425
-7.4383284850415983
-7.4383303188831489
-7.4383321727174945
-7.4383340419169555
-7.4383359218617553
-7.4383378079714433
-7.4383396957328118
-7.4383415807246234
-7.4383434586391832
-7.4383453253010732
-7.4383471766809022
-7.438349008911664
-7.4383508182963851
-7.4383526013170185
-7.4383543546387045
-7.4383560751133118
-7.526310308896317
-7.5263105173469294
-7.5263108683317999
-7.5263113674486704
-7.5263120153645131
-7.5263128024030781
-7.5263137110707099
-7.5263147183424053
-7.526315797936344
-7.5263169227811586
-7.5263180673111751
-7.5263192093046412
-7.5263203311359161
-7.5263214204166831
-7.526322470078795
-7.5263234780058967
-7.5263244463486298
-7.5263253806601265
-7.5263262889717133
-7.5263271809020296
-7.5263280668627006
-7.5263289573955774
-7.526329862653979
-7.526330792023626
-7.5263317538685337
-7.5263327553818575
-7.5263338025200266
-7.5263348999996058
-7.5263360513387978
-7.5263372589285789
-7.5263385241217851
-7.5263398473312515
-7.5263412281307156
-7.5263426653542371
-7.5263441571913354
-7.5263457012763073
-7.526347294770952
-7.5263489344404197
-7.5263506167223664
-7.5263523377896826
-7.5263540936072504
-7.5263558799831518
-7.5263576926148472
-7.5263595271306638
-7.526361379127029
-7.5263632442017823
-7.5263651179838318
-7.5263669961594202
-7.5263688744951898
-7.5263707488581844
-7.5263726152330301
-7.5263744697358161
-7.5263763086267854
-7.5263781283189841
-7.5263799253853607
-7.5263816965628036
-7.5263834387544239
-7.6143379268282692
-7.6143381241492563
-7.6143384678991151
-7.6143389678081617
-7.6143396244658854
-7.614340427242106
-7.6143413570540366
-7.6143423888841539
-7.6143434944336867
-7.6143446448747047
-7.6143458132841264
-7.6143469765065213
-7.6143481163594231
-7.6143492201937146
-7.6143502808893864
-7.6143512964107121
-7.6143522690626817
-7.6143532045861981
-7.614354111209277
-7.6143549987433596
-7.6143558777840079
-7.6143567590477357
-7.6143576528551726
-7.6143585687546942
-7.6143595152710466
-7.6143604997584866
-7.6143615283366994
-7.6143626058889691
-7.6143637361045702
-7.614364921550564
-7.6143661637612086
-7.6143674633363387
-7.6143688200423547
-7.6143702329115772
-7.6143717003371947
-7.6143732201622463
-7.6143747897618326
-7.614376406118323
-7.6143780658896372
-7.6143797654710355
-7.614381501050679
-7.6143832686595792
-7.6143850642163784
-7.6143868835673478
-7.6143887225221123
-7.6143905768853495
-7.6143924424849097
-7.6143943151965328
-7.6143961909653877
-7.6143980658247168
-7.6143999359116377
-7.6144017974801894
-7.6144036469123497
-7.6144054807261332
-7.6144072955816
-7.6144090882845559
-7.6144108557881456
-7.7023653926917319
-7.7023655779003466
-7.7023659141476992
-7.702366415794013
-7.7023670833225859
-7.7023679050660885
-7.7023688602070921
-7.702369921525535
-7.702371058463986
-7.7023722401989732
-7.702373438238574
-7.7023746283243009
-7.7023757915948767
-7.7023769150641339
-7.7023779915236572
-7.7023790190131391
-7.7023800000094829
-7.7023809404739456
-7.7023818488724105
-7.7023827352540444
-7.7023836104435377
-7.7023844853753101
-7.7023853705771668
-7.7023862757959192
-7.7023872097484398
-7.7023881799770431
-7.7023891927873818
-7.7023902532481348
-7.7023913652346128
-7.7023925315014221
-7.7023937537726184
-7.7023950328405801
-7.7023963686673778
-7.7023977604843417
-7.702399206887093
-7.7024007059244326
-7.7024022551802904
-7.7024038518484828
-7.7024054928004118
-7.7024071746460079
-7.7024088937883652
-7.7024106464725897
-7.7024124288293629
-7.7024142369135999
-7.7024160667388175
-7.7024179143074134
-7.7024197756373312
-7.7024216467853899
-7.7024235238674352
-7.7024254030756705
-7.7024272806932652
-7.7024291531063644
-7.7024310168138763
-7.7024328684348111
-7.7024347047134469
-7.7024365225224676
-7.7024383188640417
-7.7903927023354562
-7.7903928742932544
-7.7903932027351779
-7.7903937070866212
-7.7903943877077824
-7.7903952318105194
-7.7903962166899046
-7.7903973126994686
-7.7903984867646523
-7.7903997058107119
-7.7904009395502714
-7.7904021624397011
-7.7904033548071778
-7.7904045032464557
-7.7904056004198825
-7.7904066444353495
-7.7904076379589027
-7.7904085872055431
-7.7904095009217897
-7.7904103894414725
-7.7904112638658098
-7.7904121353925317
-7.7904130147985668
-7.7904139120668532
-7.7904148361394885
-7.7904157947753907
-7.7904167944902811
-7.7904178405581828
-7.7904189370565522
-7.7904200869401805
-7.7904212921323781
-7.7904225536247056
-7.7904238715790157
-7.7904252454275582
-7.7904266739683345
-7.790428155454177
-7.7904296876746724
-7.7904312680307068
-7.7904328936017269
-7.7904345612061174
-7.7904362674550471
-7.7904380088004004
-7.7904397815772581
-7.7904415820414314
-7.7904434064025612
-7.7904452508531179
-7.7904471115937861
-7.7904489848554501
-7.7904508669181354
-7.7904527541270872
-7.7904546429062496
-7.7904565297692621
-7.7904584113282045
-7.7904602843001003
-7.7904621455113654
-7.7904639919002934
-7.790465820517654
-7.8784198506340681
-7.8784200083191465
-7.8784203284790646
-7.8784208365173152
-7.8784215325557687
-7.8784224025943166
-7.8784234218783737
-7.8784245580945003
-7.8784257753734028
-7.8784270381143608
-7.8784283139908231
-7.8784295759776528
-7.878430803449719
-7.8784319824899258
-7.878433105585934
-7.8784341709043533
-7.8784351813172471
-7.8784361433278169
-7.8784370660078675
-7.8784379600251961
-7.8784388368075078
-7.8784397078637927
-7.8784405842644407
-7.8784414762684323
-7.8784423930781724
-7.8784433426994775
-7.8784443318838049
-7.8784453661318921
-7.8784464497407383
-7.8784475858791403
-7.8784487766802824
-7.8784500233426602
-7.8784513262331561
-7.878452684987959
-7.8784540986085831
-7.8784555655513611
-7.8784570838096073
-7.87845865098814
-7.8784602643703998
-7.8784619209783413
-7.8784636176257434
-7.8784653509653504
-7.8784671175304455
-7.8784689137713828
-7.8784707360875679
-7.8784725808553144
-7.8784744444520198
-7.8784763232769768
-7.8784782137691369
-7.8784801124220722
-7.8784820157963802
-7.8784839205296997
-7.8784858233444979
-7.8784877210538022
-7.8784896105648974
-7.8784914888811963
-7.8784933531023249
-7.9664468317529424
-7.9664469739131709
-7.9664472852074031
-7.9664477979931112
-7.9664485119107091
-7.966449411672853
-7.9664504703190584
-7.9664516526119389
-7.9664529195882485
-7.9664542328254466
-7.9664555576948564
-7.9664568654773076
-7.9664581344392076
-7.9664593500531895
-7.9664605045813923
-7.9664615962372043
-7.9664626281152682
-7.9664636070426242
-7.966464542463215
-7.9664654454308286
-7.966466327752558
-7.966467201299543
-7.9664680774827428
-7.9664689668795772
-7.9664698789901278
-7.9664708220993896
-7.9664718032219923
-7.9664728281083113
-7.9664739012937025
-7.9664750261760826
-7.9664762051103217
-7.9664774395107765
-7.9664787299557194
-7.9664800762894643
-7.9664814777192925
-7.9664829329056879
-7.9664844400449368
-7.9664859969439394
-7.9664876010872678
-7.9664892496968784
-7.966490939784987
-7.9664926682005905
-7.9664944316702888
-7.9664962268339607
-7.9664980502757174
-7.9664998985507554
-7.96650176820844
-7.9665036558120121
-7.9665055579552986
-7.9665074712765955
-7.966509392470102
-7.96651131829499
-7.966513245582302
-7.9665151712399149
-7.9665170922555362
-7.9665190056979664
-7.9665209087166486
-8.0544736388254243
-8.0544737642033919
-8.0544740657618057
-8.0544745844832484
-8.0544753188771985
-8.0544762523839513
-8.0544773556781184
-8.0544785903175242
-8.0544799139222576
-8.0544812849289187
-8.0544826661222526
-8.0544840268584323
-8.0544853441262525
-8.0544866026787929
-8.0544877944958646
-8.0544889178228178
-8.0544899759930448
-8.0544909761943746
-8.054491928292256
-8.0544928437815919
-8.0544937349050993
-8.0544946139502596
-8.0544954927188801
-8.0544963821520899
-8.0544972920875626
-8.0544982311240005
-8.0544992065686269
-8.0545002244461159
-8.0545012895505312
-8.0545024055254189
-8.0545035749604406
-8.0545047994959287
-8.0545060799291157
-8.0545074163177439
-8.0545088080782712
-8.0545102540771243
-8.0545117527140011
-8.0545133019971598
-8.0545148996106821
-8.0545165429741576
-8.0545182292952795
-8.0545199556159268
-8.054521718852385
-8.0545235158302244
-8.0545253433144275
-8.0545271980353093
-8.0545290767105922
-8.0545309760641661
-8.0545328928417295
-8.0545348238237811
-8.0545367658360458
-8.054538715757694
-8.0545406705274356
-8.0545426271476792
-8.0545445826868942
-8.0545465342802345
-8.0545484791285862
-8.1425002638784587
-8.1425003706515149
-8.1425006625359213
-8.1425011880259621
-8.1425019455525671
-8.1425029170901144
-8.1425040706863356
-8.1425053643878726
-8.1425067520528049
-8.1425081886320321
-8.1425096340151235
-8.1425110553827071
-8.1425124282610266
-8.1425137365632594
-8.1425149719231769
-8.1425161325999529
-8.1425172221813469
-8.1425182482544312
-8.1425192211582029
-8.1425201528873004
-8.1425210561800796
-8.1425219437983092
-8.142522827988449
-8.1425237201038598
-8.1425246303626224
-8.1425255677142072
-8.1425265397900546
-8.1425275529157375
-8.1425286121660907
-8.1425297214482981
-8.1425308836013102
-8.1425321005028568
-8.14253337317788
-8.1425347019040384
-8.1425360863115497
-8.1425375254757046
-8.1425390180011892
-8.1425405620980591
-8.1425421556494317
-8.1425437962713065
-8.1425454813650635
-8.1425472081632559
-8.1425489737693404
-8.1425507751919035
-8.1425526093740821
-8.1425544732186221
-8.1425563636090939
-8.1425582774277139
-8.1425602115701103
-8.1425621629573524
-8.1425641285455583
-8.1425661053332483
-8.1425680903666642
-8.1425700807432175
-8.1425720736131719
-8.1425740661796961
-8.1425760556973596
-8.2305266980143514
-8.2305267843047378
-8.2305270661495733
-8.2305275994002649
-8.2305283829438931
-8.2305293971117504
-8.2305306070737139
-8.2305319670493269
-8.230533426764552
-8.2305349373113224
-8.2305364553490765
-8.2305379456095213
-8.2305393819538288
-8.2305407473223013
-8.2305420329310639
-8.2305432370310765
-8.2305443634793338
-8.2305454203020769
-8.2305464183669201
-8.2305473702306724
-8.2305482891915052
-8.2305491885476609
-8.2305500810480279
-8.2305509785103848
-8.2305518915792373
-8.2305528295947763
-8.2305538005467636
-8.2305548110904052
-8.230555866605247
-8.230556971281823
-8.2305581282243381
-8.2305593395607133
-8.2305606065536434
-8.2305619297084238
-8.2305633088747623
-8.2305647433409028
-8.230566231919223
-8.230567773023159
-8.2305693647354907
-8.2305710048685139
-8.2305726910166133
-8.23057442060189
-8.2305761909135242
-8.2305779991415164
-8.2305798424054561
-8.2305817177788505
-8.2305836223095614
-8.230585553036784
-8.2305875070049748
-8.2305894812750644
-8.230591472933213
-8.2305934790974185
-8.2305954969220707
-8.2305975236007285
-8.2305995563671459
-8.2306015924947555
-8.2306036292946185
-8.3185529312093394
-8.3185529952246338
-8.3185532660124686
-8.3185538082463175
-8.3185546209460011
-8.3185556826678191
-8.3185569555032775
-8.3185583895130879
-8.3185599298870905
-8.3185615234535391
-8.3185631232782562
-8.3185646913457809
-8.3185661996298492
-8.3185676299506284
-8.31856897302589
-8.3185702270717243
-8.3185713962281103
-8.3185724890018768
-8.3185735168475112
-8.3185744929506367
-8.3185754312380595
-8.318576345611314
-8.3185772493839618
-8.3185781548944444
-8.3185790732634022
-8.3185800142648461
-8.3185809862837399
-8.318581996336107
-8.3185830501322187
-8.3185841521674817
-8.3185853058289965
-8.3185865135091266
-8.318587776719724
-8.3185890962027251
-8.3185904720342894
-8.3185919037208702
-8.3185933902863916
-8.3185949303503364
-8.3185965221968932
-8.3185981638356168
-8.3185998530542538
-8.3186015874643502
-8.3186033645403885
-8.3186051816531421
-8.3186070360979016
-8.3186089251181805
-8.3186108459254609
-8.3186127957153992
-8.3186147716810126
-8.3186167710231125
-8.3186187909582969
-8.3186208287248462
-8.3186228815865562
-8.3186249468348556
-8.3186270217892542
-8.3186291037962103
-8.3186311902265917
-8.4065789521579788
-8.4065789919169589
-8.4065792506676171
-8.4065798030859611
-8.4065806482856349
-8.4065817628012667
-8.406583105498763
-8.4065846219045035
-8.4065862522256172
-8.4065879385895013
-8.4065896300735634
-8.4065912855890694
-8.4065928749776813
-8.4065943787758943
-8.4065957871119146
-8.4065970981347942
-8.4065983162797142
-8.4065994505768913
-8.4066005131293053
-8.4066015178225353
-8.4066024792859206
-8.4066034120962723
-8.4066043301990039
-8.4066052465140206
-8.4066061726918466
-8.4066071189870382
-8.4066080942197559
-8.4066091058006513
-8.4066101597991274
-8.4066112610390107
-8.4066124132097144
-8.4066136189839202
-8.4066148801355371
-8.4066161976534737
-8.4066175718485798
-8.4066190024519951
-8.4066204887042026
-8.4066220294345282
-8.4066236231313791
-8.4066252680035767
-8.4066269620336058
-8.4066287030233351
-8.4066304886330609
-8.406632316414596
-8.4066341838390546
-8.4066360883200346
-8.406638027232745
-8.4066399979295525
-8.4066419977524589
-8.4066440240428388
-8.4066460741487639
-8.4066481454301325
-8.4066502352619601
-8.4066523410357838
-8.4066544601595492
-8.4066565900559382
-8.4066587281593037
-8.4946047482723124
-8.4946047615836981
-8.4946050073024963
-8.4946055711054704
-8.4946064523700802
-8.4946076252872249
-8.4946090453728793
-8.4946106531877863
-8.4946123834851885
-8.4946141732212066
-8.4946159670538197
-8.4946177204637792
-8.4946194008909579
-8.4946209874060941
-8.494622469444483
-8.4946238450493485
-8.4946251189611335
-8.4946263007774245
-8.4946274033147784
-8.4946284412347133
-8.4946294299484961
-8.4946303847858502
-8.4946313203966746
-8.4946322503481984
-8.4946331868791312
-8.4946341407752861
-8.4946351213354738
-8.4946361364018692
-8.494637192433947
-8.4946382946097945
-8.4946394469425464
-8.4946406524028664
-8.4946419130411677
-8.4946432301051669
-8.4946446041499826
-8.4946460351391782
-8.4946475225359919
-8.494649065384543
-8.4946506623813214
-8.4946523119374771
-8.4946540122325693
-8.4946557612606099
-8.4946575568691021
-8.494659396792013
-8.494661278677194
-8.4946632001091498
-8.4946651586276261
-8.4946671517425916
-8.4946691769460561
-8.4946712317212274
-8.4946733135491268
-8.4946754199131753
-8.4946775483017483
-8.4946796962091256
-8.4946818611347119
-8.4946840405809052
-8.4946862320494727
-8.5826303056262265
-8.5826302900713305
-8.582630521707646
-8.5826310983505536
-8.5826320189887859
-8.5826332565742547
-8.5826347621555445
-8.5826364710746983
-8.5826383121822847
-8.582640216738648
-8.5826421245078031
-8.5826439871488507
-8.5826457694021911
-8.5826474486697411
-8.5826490135764875
-8.5826504620131718
-8.5826517990326536
-8.5826530348447498
-8.5826541830481204
-8.582655259161303
-8.5826562794628263
-8.5826572601191184
-8.5826582165632246
-8.5826591630811144
-8.5826601125630706
-8.5826610763813118
-8.5826620643606866
-8.5826630848151115
-8.5826641446280352
-8.5826652493601792
-8.5826664033720039
-8.5826676099517663
-8.5826688714426176
-8.582670189364455
-8.5826715645277112
-8.5826729971374593
-8.5826744868871359
-8.5826760330417304
-8.5826776345108229
-8.5826792899119191
-8.5826809976249816
-8.5826827558388619
-8.5826845625905399
-8.5826864157979887
-8.5826883132874574
-8.58269025281583
-8.5826922320888226
-8.5826942487754287
-8.5826963005192347
-8.5826983849469407
-8.5827004996744574
-8.5827026423108546
-8.5827048104604202
-8.5827070017229907
-8.5827092136926737
-8.5827114439552048
-8.5827136900838195
-8.6706556088479783
-8.6706555617990357
-8.670655778100409
-8.6706563689000742
-8.6706573329946082
-8.6706586417353897
-8.6706602414379077
-8.6706620619220462
-8.670664025555654
-8.670666057331097
-8.6706680916088636
-8.6706700757976147
-8.6706719716085843
-8.6706737545480941
-8.670675412297328
-8.6706769425384298
-8.6706783506399514
-8.6706796474691377
-8.6706808474786889
-8.6706819671305659
-8.6706830236621677
-8.6706840341671292
-8.6706850149468462
-8.6706859810836612
-8.6706869461883809
-8.6706879222797788
-8.6706889197604831
-8.6706899474601755
-8.6706910127234309
-8.6706921215248105
-8.6706932785982076
-8.6706944875712484
-8.6706957510979681
-8.6706970709855877
-8.6706984483124518
-8.6706998835356348
-8.6707013765875285
-8.6707029269613081
-8.6707045337857132
-8.6707061958897178
-8.6707079118579351
-8.6707096800776338
-8.6707114987783012
-8.6707133660645397
-8.6707152799432698
-8.6707172383458584
-8.670719239145912
-8.6707212801733711
-8.6707233592253026
-8.6707254740739348
-8.6707276224722438
-8.6707298021573482
-8.67073201085209
-8.6707342462648036
-8.6707365060875947
-8.6707387879931392
-8.6707410896301553
-8.7586806410359053
-8.7586805596403448
-8.7586807592270244
-8.758681365609311
-8.7586823776372551
-8.7586837638179507
-8.7586854672659893
-8.7586874106538506
-8.758689509466878
-8.7586916818863543
-8.7586938563194341
-8.7586959754478659
-8.7586979975883619
-8.758699896098463
-8.7587016575634919
-8.758703279389545
-8.7587047672590277
-8.7587061327415352
-8.7587073912189002
-8.7587085601883068
-8.7587096579443422
-8.7587107026055193
-8.7587117114339677
-8.7587127003927918
-8.758713683888482
-8.7587146746520883
-8.7587156837206095
-8.7587167204877616
-8.7587177928001019
-8.7587189070804037
-8.7587200684648963
-8.7587212809447621
-8.7587225475052364
-8.758723870257894
-8.7587252505633
-8.7587266891425877
-8.7587281861772439
-8.7587297413972092
-8.7587313541576339
-8.7587330235050711
-8.7587347482340014
-8.7587365269345572
-8.7587383580324989
-8.758740239822389
-8.7587421704946884
-8.7587441481578203
-8.7587461708557015
-8.7587482365814502
-8.7587503432878417
-8.7587524888948778
-8.7587546712949127
-8.7587568883556148
-8.7587591379210199
-8.7587614178108666
-8.7587637258183939
-8.7587660597066943
-8.7587684172037221
-8.8467053836611544
-8.8467052648229991
-8.8467054461659576
-8.8467060695144841
-8.8467071338632319
-8.846708605104368
-8.8467104220561215
-8.8467125006491987
-8.8467147482839366
-8.8467170758810738
-8.8467194052860645
-8.8467216739216052
-8.8467238363068219
-8.8467258633676007
-8.8467277404196984
-8.8467294645122756
-8.8467310416331397
-8.8467324840979611
-8.8467338082955909
-8.8467350328556495
-8.8467361772352202
-8.8467372606830512
-8.8467383015221248
-8.8467393166881276
-8.846740321465262
-8.8467413293687098
-8.8467423521319084
-8.846743399765618
-8.8467444806633733
-8.8467456017341615
-8.8467467685485364
-8.8467479854881912
-8.8467492558922451
-8.8467505821957868
-8.846751966057802
-8.8467534084771948
-8.8467549098962355
-8.8467564702915276
-8.8467580892530773
-8.8467597660522657
-8.8467614996995838
-8.846763288993305
-8.8467651325600389
-8.8467670288881877
-8.8467689763552091
-8.8467709732496349
-8.846773017788415
-8.8467751081303998
-8.8467772423864659
-8.8467794186267383
-8.8467816348853034
-8.9347298164738245
-8.9347296568332251
-8.9347298182333716
-8.9347304599569526
-8.9347315813086947
-8.9347331456776526
-8.9347350863534292
-8.9347373136563562
-8.9347397247596216
-8.9347422232689748
-8.934744723725931
-8.9347471577143178
-8.934749475511774
-8.9347516452943516
-8.9347536509096042
-8.9347554889529039
-8.9347571657005318
-8.9347586942555814
-8.9347600920939794
-8.9347613790802871
-8.9347625759466105
-8.9347637031853981
-8.9347647802889583
-8.9347658252654814
-8.9347668543664547
-8.934767881969881
-8.934768920573763
-8.93476998086431
-8.9347710718316726
-8.9347722009130965
-8.9347733741489712
-8.9347745963415228
-8.9347758712091672
-8.9347772015319897
-8.9347785892857061
-8.9347800357625839
-8.9347815416789391
-8.934783107269439
-8.934784732368696
-8.9347864164812307
-8.9347881588407301
-8.9347899584597332
-8.9347918141709801
-8.9347937246612545
-8.9347956884989728
-8.9347977041561766
-8.9347997700258919
-8.9348018844354371
-8.9348040456562856
-8.934806251911029
-8.9348085013777556
-9.0227539174093057
-9.0227537133220306
-9.0227538528920608
-9.0227545144229193
-9.0227556976607186
-9.0227573635660132
-9.0227594400198843
-9.0227618287856561
-9.0227644198117982
-9.0227671063525481
-9.0227697952954884
-9.0227724118693224
-9.0227749016155201
-9.0227772295996882
-9.0227793779745227
-9.0227813427661552
-9.0227831305117245
-9.0227847551392468
-9.0227862352930579
-9.0227875921802134
-9.0227888479276146
-9.0227900243933945
-9.0227911423566489
-9.0227922210067444
-9.0227932776602984
-9.0227943276443998
-9.0227953842965576
-9.0227964590427749
-9.0227975615247153
-9.0227986997544924
-9.0227998802818696
-9.0228011083630886
-9.0228023881242621
-9.022803722714686
-9.0228051144474009
-9.0228065649256433
-9.0228080751549218
-9.0228096456408871
-9.0228112764739024
-9.0228129674011885
-9.0228147178878029
-9.0228165271676044
-9.022818394285455
-9.0228203181316946
-9.0228222974700909
-9.0228243309599918
-9.0228264171737909
-9.0228285546100935
-9.0228307417034941
-9.0228329768312925
-9.0228352583176363
-9.1107776624932448
-9.1107774100120178
-9.1107775256443748
-9.1107782084052431
-9.1107794586308621
-9.110781234814068
-9.1107834592209791
-9.110786024731361
-9.1107888126962706
-9.1107917056712502
-9.1107946019641037
-9.1107974198479962
-9.1108000995663048
-9.1108026026640818
-9.1108049093391799
-9.1108070149104918
-9.1108089261349576
-9.110810657797078
-9.1108122297911418
-9.1108136647786431
-9.110814986408311
-9.1108162180348398
-9.1108173818509766
-9.1108184983454752
-9.1108195860069472
-9.1108206612062048
-9.1108217382027092
-9.1108228292333351
-9.1108239446520756
-9.1108250930976986
-9.1108262816733383
-9.1108275161266814
-9.1108288010233895
-9.1108301399091296
-9.1108315354574891
-9.1108329896026117
-9.1108345036562675
-9.1108360784098306
-9.1108377142220096
-9.1108394110936093
-9.1108411687303672
-9.1108429865954168
-9.1108448639525292
-9.1108467999013723
-9.1108487934059372
-9.1108508433170279
-9.110852948389832
-9.1108551072971888
-9.1108573186392512
-9.1108595809500912
-9.1108618927016565
-9.1988010257519033
-9.1988007206106932
-9.1988008099523544
-9.1988015153226712
-9.1988028378504882
-9.1988047335455967
-9.1988071188964344
-9.198809877707987
-9.1988128799921203
-9.1988159998263406
-9.1988191238582946
-9.1988221633794254
-9.1988250527026647
-9.1988277493890216
-9.1988302313821677
-9.1988324931288314
-9.1988345415477948
-9.1988363923033205
-9.1988380666197322
-9.1988395887285517
-9.1988409839344012
-9.1988422772283904
-9.1988434923538271
-9.1988446512271711
-9.1988457736257683
-9.1988468770679344
-9.1988479768259239
-9.1988490860260743
-9.1988502158021159
-9.1988513754771084
-9.1988525727566888
-9.1988538139218328
-9.1988551040134805
-9.1988564470042071
-9.1988578459543398
-9.1988593031513926
-9.1988608202327367
-9.1988623982920856
-9.1988640379708482
-9.1988657395356501
-9.1988675029434557
-9.1988693278956273
-9.1988712138824731
-9.1988731602194154
-9.198875166076018
-9.1988772304989865
-9.1988793524299695
-9.1988815307189693
-9.19888376413404
-9.1988860513678627
-9.198888391041546
-9.2868239791282736
-9.2868236167267657
-9.2868236771545956
-9.2868244064352581
-9.2868258067510254
-9.2868278316552857
-9.2868303915899535
-9.2868333608355869
-9.2868365978553502
-9.2868399646814908
-9.2868433389898399
-9.2868466222925594
-9.2868497425911478
-9.2868526530411799
-9.2868553289891587
-9.2868577638127761
-9.2868599645132637
-9.2868619476466083
-9.286863735844026
-9.2868653550251317
-9.2868668322910715
-9.2868681944182629
-9.2868694668478486
-9.2868706730631434
-9.286871834257564
-9.2868729692107941
-9.2868740943079757
-9.2868752236518315
-9.2868763692307521
-9.2868775411162598
-9.2868787476713823
-9.2868799957572907
-9.2868812909303298
-9.2868826376243359
-9.286884039315888
-9.2868854986712357
-9.2868870176751948
-9.2868885977426157
-9.2868902398137561
-9.286891944434986
-9.2868937118263162
-9.2868955419374561
-9.2868974344937758
-9.3748464924064887
-9.374846067795005
-9.3748460963872553
-9.3748468507584217
-9.3748483344629729
-9.3748504986864631
-9.3748532475776134
-9.3748564453084509
-9.374859938100613
-9.3748635751728777
-9.3748672233190895
-9.3748707743375448
-9.3748741488614336
-9.374877295084648
-9.3748801853882568
-9.3748828118487726
-9.3748851814382803
-9.3748873116013627
-9.3748892264475909
-9.3748909537038116
-9.3748925224139654
-9.3748939612975608
-9.3748952976514293
-9.374896556676287
-9.3748977611203355
-9.3748989311494597
-9.3749000843719905
-9.374901235963268
-9.3749023988495725
-9.3749035839224941
-9.3749048002638418
-9.3749060553676138
-9.3749073553506346
-9.3749087051467335
-9.3749101086819913
-9.3749115690300453
-9.374913088547812
-9.3749146689925364
-9.374916311621595
-9.374918017276741
-9.3749197864544449
-9.374921619364093
-9.4628685331488978
-9.4628680410151471
-9.4628680345199392
-9.4628688149912179
-9.4628703877386275
-9.4628727017416949
-9.4628756546685171
-9.4628790999888892
-9.4628828708663235
-9.4628868029438227
-9.462890750313969
-9.4628945949368042
-9.4628982490423663
-9.4629016549817475
-9.4629047819592724
-9.4629076204430405
-9.4629101772116826
-9.4629124705794929
-9.4629145261986896
-9.4629163737212902
-9.4629180442848337
-9.4629195687180161
-9.4629209763418682
-9.4629222942368152
-9.4629235468567572
-9.462924755890441
-9.4629259402908659
-9.4629271164125317
-9.4629282982121552
-9.4629294974813174
-9.4629307240893681
-9.4629319862221912
-9.4629332906078503
-9.4629346427237877
-9.4629360469831347
-9.4629375068992694
-9.4629390252290833
-9.4629406040962412
-9.4629422450958884
-9.4629439493828631
-9.4629457177451712
-9.4629475506646568
-9.5508900666499272
-9.5508895013086139
-9.55088945610993
-9.5508902634603299
-9.5508919308787128
-9.5508944053811717
-9.5508975780353609
-9.5509012910408213
-9.5509053636181278
-9.550909616880082
-9.5509138912512981
-9.5509180567672853
-9.5509220183721411
-9.5509257099996905
-9.5509290980532491
-9.550932170933347
-9.5509349350206296
-9.5509374094598112
-9.5509396214950026
-9.5509416028164313
-9.5509433868086955
-9.5509450065831736
-9.5509464936639326
-9.5509478771854806
-9.5509491834711007
-9.5509504358817843
-9.5509516548489017
-9.5509528580240062
-9.5509540604971797
-9.5509552750492119
-9.5509565124140483
-9.5509577815358249
-9.550959089810986
-9.5509604433097994
-9.5509618469748716
-9.5509633047958644
-9.5509648199612212
-9.5509663949881531
-9.5509680318329568
-9.5509697319835958
-9.5509714965366843
-9.5509733262609728
-9.6389110559117075
-9.638910411298216
-9.6389103233797861
-9.6389111580865503
-9.6389129256805326
-9.6389155715494308
-9.638918980121348
-9.6389229818054591
-9.6389273809760585
-9.6389319831257243
-9.6389366140816168
-9.6389411312404967
-9.6389454284663678
-9.6389494348393505
-9.6389531107601609
-9.6389564425484391
-9.6389594361315769
-9.6389621113890573
-9.6389644971827835
-9.6389666273472834
-9.6389685376690171
-9.6389702637216317
-9.6389718394206447
-9.6389732961411134
-9.6389746622526236
-9.6389759629514273
-9.6389772202941604
-9.6389784533597869
-9.6389796784861552
-9.6389809095429193
-9.6389821582149384
-9.6389834342792255
-9.6389847458649811
-9.638986099690845
-9.6389875012768353
-9.6389889551302907
-9.6389904649068754
-9.6389920335481669
-9.638993663398093
-9.6389953563004251
-9.6389971136797747
-9.6389989366081679
-9.7269314616471796
-9.7269307313165498
-9.7269305962243973
-9.7269314583802817
-9.7269333314133721
-9.7269361595266925
-9.7269398205662512
-9.7269441326965058
-9.7269488845702874
-9.7269538649149681
-9.7269588836819967
-9.7269637845323285
-9.7269684501153098
-9.7269728017047452
-9.7269767945602581
-9.7269804121495067
-9.7269836596577228
-9.726986557559778
-9.7269891363491698
-9.7269914321006059
-9.7269934831567557
-9.7269953277362387
-9.7269970023422783
-9.7269985407886388
-9.726999973681858
-9.7270013282307364
-9.727002628278278
-9.727003894474807
-9.7270051445329955
-9.7270063935225473
-9.7270076541760044
-9.7270089371871205
-9.7270102514904142
-9.7270116045156279
-9.7270130024144006
-9.7270144502585971
-9.7270159522115787
-9.7270175116741946
-9.7270191314080883
-9.7270208136386493
-9.7270225601404992
-9.7270243723076319
-9.8149512423171181
-9.8149504194496888
-9.8149502322541018
-9.8149511214722338
-9.8149531048252694
-9.8149561259033575
-9.8149600561460133
-9.8149647011020793
-9.8149698328704229
-9.8149752222728086
-9.8149806620836788
-9.8149859809669842
-9.8149910494567152
-9.8149957796891396
-9.8150001211093301
-9.8150040539766401
-9.8150075822552196
-9.8150107269450562
-9.8150135200790594
-9.8150160000676063
-9.8150182079684747
-9.815020184824693
-9.8150219699288712
-9.8150235997430872
-9.8150251073152823
-9.8150265220589272
-9.815027869779664
-9.8150291728577503
-9.8150304505216077
-9.8150317191650007
-9.8150329926764801
-9.8150342827607933
-9.815035599239545
-9.8150369503244423
-9.81503834286009
-9.815039782535953
-9.815041274069003
-9.8150428213590519
-9.8150444276196076
-9.8150460954871104
-9.815047827111302
-9.8150496242295002
-9.9029703542078504
-9.9029694316231289
-9.9029691868809966
-9.9029701021869574
-9.9029722001897618
-9.9029754245872024
-9.9029796407318287
-9.9029846412933811
-9.9029901810426946
-9.9029960117688418
-9.903001907751559
-9.9030076812813004
-9.9030131895058151
-9.9030183344832761
-9.9030230589255677
-9.9030273392662451
-9.9030311778425446
-9.9030345959730042
-9.9030376271484908
-9.9030403121748005
-9.9030426949679047
-9.9030448195665244
-9.9030467282611916
-9.9030484603840367
-9.9030500516429019
-9.9030515338630636
-9.9030529350048653
-9.9030542793527445
-9.9030555878068558
-9.9030568782230795
-9.9030581657671881
-9.9030594632607301
-9.9030607815045357
-9.9030621295722607
-9.9030635150709294
-9.903064944367781
-9.9030664227855052
-9.9030679547679856
-9.9030695440195853
-9.9030711936212885
-9.9030729061267397
-9.9030746836410515
-9.9909887515571167
-9.9909877217377883
-9.9909874134567769
-9.990988353168051
-9.9909905694032979
-9.9909940068581058
-9.9909985252902587
-9.9910039043643195
-9.9910098808311467
-9.9910161863422644
-9.9910225753369222
-9.9910288423038391
-9.9910348296644322
-9.9910404282795806
-9.9910455730762902
-9.9910502359304569
-9.9910544173110551
-9.9910581382027281
-9.9910614336914421
-9.9910643469909743
-9.9910669249127491
-9.9910692146714624
-9.9910712617742305
-9.9910731086544189
-9.9910747939122899
-9.991076352007294
-9.9910778132619527
-9.9910792040557208
-9.9910805471327819
-9.9910818619645312
-9.9910831651292558
-9.991084470684001
-9.991085790512507
-9.9910871346406918
-9.9910885115165815
-9.9910899282533645
-9.9910913908387204
-9.9910929043119516
-9.99109447291268
-9.9910961002047625
-9.991097789178724
-9.9910995423356148
-10.079006386735944
-10.079005241864122
-10.079004863470569
-10.079005825064346
-10.07900816214309
-10.079011821481551
-10.0790166579384
-10.079022438219853
-10.079028880480225
-10.079035695177383
-10.079042615553755
-10.079049416819037
-10.079055925234085
-10.079062019177719
-10.079067624758101
-10.079072708357979
-10.079077267867872
-10.079081323961477
-10.079084912971702
-10.079088080397993
-10.079090876119761
-10.079093350671318
-10.079095552980075
-10.079097528813675
)
;

boundaryField
{
    hotWall
    {
        type            calculated;
        value           nonuniform List<scalar> 
41
(
-6.5579969168925025
-6.6460261429456455
-6.7340552156174169
-6.8220841381750237
-6.910112913308744
-6.9981415431173239
-7.0861700290924245
-7.1741983721018041
-7.2622265723706905
-7.3502546294610402
-7.4382825422483716
-7.5263103088963197
-7.6143379268282709
-7.7023653926917346
-7.790392702335458
-7.8784198506340744
-7.966446831752946
-8.0544736388254261
-8.1425002638784605
-8.2305266980143532
-8.3185529312093411
-8.4065789521579823
-8.4946047482723142
-8.5826303056262283
-8.6706556088479783
-8.7586806410359088
-8.8467053836611562
-8.9347298164738245
-9.0227539174093039
-9.1107776624932484
-9.1988010257519033
-9.2868239791282736
-9.3748464924064887
-9.4628685331488995
-9.5508900666499308
-9.6389110559117093
-9.7269314616471778
-9.8149512423171181
-9.9029703542078504
-9.9909887515571185
-10.079006386735967
)
;
    }
    coldWall
    {
        type            calculated;
        value           nonuniform List<scalar> 0();
    }
    bottomWall
    {
        type            calculated;
        value           nonuniform List<scalar> 0();
    }
    topWall
    {
        type            calculated;
        value           nonuniform List<scalar> 0();
    }
    front
    {
        type            empty;
    }
    back
    {
        type            empty;
    }
    procBoundary7to3
    {
        type            processor;
        value           nonuniform List<scalar> 
43
(
-10.079099319910885
-10.079100963604077
-10.079102492798681
-10.079103936178148
-10.079105318520927
-10.079106661083779
-10.079107982008111
-10.079109296719297
-10.079110618300597
-10.079111957832167
-10.079113324691619
-10.079114726815488
-10.079116170923839
-10.079117662709955
-10.079119206999277
-10.079120807882399
-10.079122468824545
-10.079124192755264
-10.167023210494694
-10.167021942502583
-10.167021486815655
-10.167022466786543
-10.167024926095445
-10.167028814890195
-10.167033984062456
-10.167040187619181
-10.167047124696333
-10.167054483584259
-10.167061974983916
-10.167069353301887
-10.167076427107132
-10.167083060880653
-10.167089170724376
-10.167094716582724
-10.167099692996734
-10.167104119958678
-10.16710803477098
-10.167111485210494
-10.167114524093295
-10.167117205565948
-10.167119582131029
-10.079099319910885
-10.167121703133439
)
;
    }
    procBoundary7to4
    {
        type            processor;
        value           nonuniform List<scalar> 
29
(
-8.8467838891627899
-8.846786179426962
-8.8467885036116432
-8.8467908596140852
-8.8467932452908862
-8.8467956584525833
-8.8467838891627899
-8.9348107921922715
-9.0228375844354076
-9.1108642523054257
-9.2868993890335343
-9.2869014049377991
-9.2869034814539777
-9.2869056177140035
-9.2869078127480194
-9.2869100654942009
-9.2869123748053646
-9.1988907817061314
-9.2869147394527261
-9.2868993890335343
-9.3749235159756239
-9.3749235159756239
-9.4629494483665795
-9.5509752216491162
-9.6390008258594069
-9.727026251210626
-9.8150514882270361
-9.9030765278849753
-9.9911013617554669
)
;
    }
    procBoundary7to8
    {
        type            processor;
        value           nonuniform List<scalar> 
57
(
-6.4699675336280444
-6.4699678304325898
-6.4699682705907264
-6.4699688376673317
-6.4699695327385029
-6.4699703526986401
-6.4699712899706574
-6.4699723322529303
-6.4699734623561582
-6.4699746594415952
-6.4699759012518072
-6.4699771665759016
-6.4699784373764615
-6.4699797002498105
-6.469980947115646
-6.4699821752038265
-6.469983386505346
-6.4699845868874322
-6.4699857850579834
-6.4699869915256469
-6.4699882176545813
-6.4699894748695295
-6.4699907740320981
-6.4699921249850023
-6.4699935362464389
-6.4699950148297054
-6.4699965661614334
-6.4699981940735398
-6.4699999008473688
-6.4700016872926289
-6.4700035528478166
-6.4700054956923481
-6.4700075128637229
-6.4700096003752963
-6.4700117533320416
-6.4700139660427682
-6.4700162321278105
-6.4700185446190916
-6.4700208960489975
-6.4700232785710501
-6.4700256841376955
-6.4700281043874481
-6.47003053085011
-6.4700329550229201
-6.4700353684444742
-6.4700377627642505
-6.4700401298101182
-6.4700424616512038
-6.470044750655366
-6.4700469895408306
-6.4700491714216231
-6.4700512898465412
-6.4700533388314376
-6.4700553128848126
-6.4700572070266595
-6.4700590168007199
-6.4700607382803215
)
;
    }
    procBoundary7to9
    {
        type            processor;
        value           nonuniform List<scalar> 
26
(
-6.5580886339683548
-6.6461150412824477
-6.734141582005118
-6.8221682480734112
-6.9101950314571639
-6.9982219242178951
-7.0862489185419566
-7.1742760067525104
-7.2623031813042269
-7.3503304347635972
-7.4383577597772605
-7.5263851490291227
-7.614412595192448
-7.7024400908690565
-7.7904676285255174
-7.8784952004225408
-7.9665227985396516
-8.0545504144960685
-8.1425780394691873
-8.2306056641120424
-8.3186332784717845
-8.4066608719112903
-8.4946884330367141
-8.5827159496339664
-8.6707434086176161
-8.7587707959960657
)
;
    }
}


// ************************************************************************* //
