/*--------------------------------*- C++ -*----------------------------------*\
  =========                 |
  \\      /  F ield         | OpenFOAM: The Open Source CFD Toolbox
   \\    /   O peration     | Website:  https://openfoam.org
    \\  /    A nd           | Version:  13
     \\/     M anipulation  |
\*---------------------------------------------------------------------------*/
FoamFile
{
    format      ascii;
    class       volScalarField;
    location    "1200";
    object      p_rgh;
}
// * * * * * * * * * * * * * * * * * * * * * * * * * * * * * * * * * * * * * //

dimensions      [1 -1 -2 0 0 0 0];

internalField   nonuniform List<scalar> 
1600
(
1.498768155365692e-06
1.650085208423887e-06
2.119629540701505e-06
2.86879190635297e-06
3.778961663240751e-06
4.762318815082322e-06
5.752139302966761e-06
6.70332580033098e-06
7.589999500816301e-06
8.401349893643232e-06
9.137384049815425e-06
9.80516723799862e-06
1.041580038201276e-05
1.098219405759692e-05
1.151756682358118e-05
1.20345256064071e-05
1.254456521608301e-05
1.305783563849269e-05
1.35830535615759e-05
1.412746690206085e-05
1.469681117373027e-05
1.529522179950422e-05
1.592508700028577e-05
1.658684302907824e-05
1.727872882043343e-05
1.799653166918073e-05
1.873336947355676e-05
1.947956731940938e-05
2.022269443190818e-05
2.094782844114513e-05
2.163810383003197e-05
2.22755777201797e-05
2.28424094767404e-05
2.332230726108124e-05
2.370215652282346e-05
2.397375817573805e-05
2.413579149023648e-05
2.419604915980482e-05
2.417192781322952e-05
2.410945398483007e-05
1.508984292587262e-06
1.807075469456959e-06
2.361529279428843e-06
3.146563698855381e-06
4.051748499930222e-06
5.006319585491232e-06
5.957625132283873e-06
6.869752663718805e-06
7.721939430985473e-06
8.505585452378367e-06
9.221031167421478e-06
9.874595175855127e-06
1.047611059477e-05
1.103705830272855e-05
1.156927365023824e-05
1.208412970315984e-05
1.25920720726045e-05
1.310238362446926e-05
1.36230770773187e-05
1.416083864399539e-05
1.472097009485045e-05
1.530729740182883e-05
1.592203137547633e-05
1.656558049085103e-05
1.723632971251735e-05
1.793041249664875e-05
1.864151639487501e-05
1.93607748590246e-05
2.007680678477382e-05
2.077596776385561e-05
2.14428690757568e-05
2.206119883562299e-05
2.261484360025986e-05
2.308926051719176e-05
2.347299342531082e-05
2.375921267146609e-05
2.394730179452595e-05
2.404382445840483e-05
2.405731725770399e-05
2.402230560521072e-05
1.167345108850359e-06
1.675212296093574e-06
2.384409073987724e-06
3.272907277826073e-06
4.234226586642337e-06
5.21053909215507e-06
6.161048461120711e-06
7.059233232325837e-06
7.891101755798553e-06
8.652523458950777e-06
9.346494758006061e-06
9.980662709541885e-06
1.056527829472688e-05
1.111166169470393e-05
1.163115831193127e-05
1.213449864288232e-05
1.263145089783465e-05
1.313065977361485e-05
1.363958367461192e-05
1.416446543760631e-05
1.471029260431077e-05
1.528072065271931e-05
1.587794673048887e-05
1.65025336728593e-05
1.715319589910494e-05
1.782657121137107e-05
1.851701581274223e-05
1.921647315547709e-05
1.991447832642096e-05
2.059836499662627e-05
2.125373687917706e-05
2.186524545033087e-05
2.24176774091461e-05
2.289729737626439e-05
2.329330883650579e-05
2.359925144580685e-05
2.381430471340226e-05
2.394329590750467e-05
2.398612026389693e-05
2.397154053582688e-05
4.518685465695582e-07
1.213867628258096e-06
2.133281417011541e-06
3.184935537613254e-06
4.262939307839009e-06
5.315499869428239e-06
6.309511776347163e-06
7.226407206750221e-06
8.059432190249882e-06
8.810476098643992e-06
9.48718032102054e-06
1.010051829093072e-05
1.066292612410683e-05
1.118699992371714e-05
1.168469161013325e-05
1.216688691850947e-05
1.264323991456712e-05
1.31221541109555e-05
1.361082608036473e-05
1.41152932214016e-05
1.464044841242258e-05
1.519000002354392e-05
1.576636756768908e-05
1.637051327707988e-05
1.700172010443358e-05
1.765733849566915e-05
1.833253825686016e-05
1.902011717919539e-05
1.971043245081576e-05
2.039153016747369e-05
2.104954673837475e-05
2.166943720566593e-05
2.223604415390596e-05
2.273545222582044e-05
2.31564678105048e-05
2.349199829112468e-05
2.37402892525229e-05
2.3904534798745e-05
2.397927123853737e-05
2.399289412083455e-05
-5.811567397673659e-07
4.694754698797949e-07
1.638775127581564e-06
2.894309012287036e-06
4.130615614200137e-06
5.298377146912039e-06
6.369366811116384e-06
7.331462575254865e-06
8.184829381466922e-06
8.937899944373083e-06
9.60394803165979e-06
1.019842375012596e-05
1.073706552443344e-05
1.123472516195145e-05
1.170476542794018e-05
1.215885966096045e-05
1.260703405626706e-05
1.305782616224658e-05
1.351847076882995e-05
1.399505664072692e-05
1.44926210245429e-05
1.501516436025856e-05
1.556557790075573e-05
1.614548512493441e-05
1.675500666081365e-05
1.739246985170521e-05
1.805409894390842e-05
1.873373957066749e-05
1.942268936167631e-05
2.010972057399275e-05
2.078138387690661e-05
2.142266662879172e-05
2.201803655699386e-05
2.255282524452714e-05
2.301478299302721e-05
2.339555644679307e-05
2.369204996199199e-05
2.390604768752618e-05
2.402914328917132e-05
2.409061130507956e-05
-1.88766697455182e-06
-5.282303988229361e-07
9.14803489562463e-07
2.400562598792706e-06
3.823891438472111e-06
5.135485759313068e-06
6.309674922581245e-06
7.339166224310243e-06
8.230255230451817e-06
8.997825455311613e-06
9.661156361357304e-06
1.024079388128133e-05
1.075647925045268e-05
1.122599895416882e-05
1.166473164986916e-05
1.20856521147824e-05
1.249958549258326e-05
1.291555869105438e-05
1.334114854415466e-05
1.37827676909949e-05
1.424585677562091e-05
1.473496799343e-05
1.525373443258667e-05
1.580472635631725e-05
1.638920310173517e-05
1.700678016253225e-05
1.76550465775511e-05
1.832918773501005e-05
1.902169090711497e-05
1.972223053585858e-05
2.041783997833893e-05
2.109346626447044e-05
2.173296438316836e-05
2.232050727563957e-05
2.284225198095015e-05
2.328800691753597e-05
2.365286150117969e-05
2.393706950002185e-05
2.413041320639869e-05
2.426300233508561e-05
-3.424294359908544e-06
-1.748051027629824e-06
-1.988628500994335e-08
1.710726090734952e-06
3.338855270646459e-06
4.813594102048502e-06
6.110037636859277e-06
7.224222514440341e-06
8.167583262412253e-06
8.960980560189861e-06
9.629637055956202e-06
1.019940341675143e-05
1.069437988820862e-05
1.113570063688596e-05
1.154117368508873e-05
1.192546009702437e-05
1.230052999166442e-05
1.267620837616365e-05
1.306069355263007e-05
1.346098298296786e-05
1.388317465295641e-05
1.433263023056824e-05
1.481399541426695e-05
1.533107826549004e-05
1.588659242853292e-05
1.648178214982285e-05
1.711596180435091e-05
1.778602456156956e-05
1.848600116092937e-05
1.920677602123392e-05
1.993608613300783e-05
2.065892706218616e-05
2.13584571164393e-05
2.201741096472547e-05
2.261988835414898e-05
2.315326922661448e-05
2.361020822278983e-05
2.398891870640641e-05
2.427743709256795e-05
2.450605232415168e-05
-5.14995722269226e-06
-3.157970268467378e-06
-1.142737063303491e-06
8.37976273097793e-07
2.679560713713036e-06
4.328604242108721e-06
5.759707441435701e-06
6.970961644422835e-06
7.977900820319876e-06
8.806664046252395e-06
9.488051443332749e-06
1.005311881274216e-05
1.053040907613021e-05
1.094459706824877e-05
1.131616713905038e-05
1.166173145053756e-05
1.199466745692738e-05
1.23258493766697e-05
1.266433572388122e-05
1.301793885465931e-05
1.339364208552112e-05
1.37978507355289e-05
1.423647261684898e-05
1.471482764719049e-05
1.523739065335538e-05
1.580737998240447e-05
1.642621984508414e-05
1.709292755218245e-05
1.780350713170543e-05
1.855046442736217e-05
1.932258775264715e-05
2.010514990056537e-05
2.088066581307726e-05
2.163026599340868e-05
2.233559290245312e-05
2.298099046357494e-05
2.355592631000615e-05
2.405576420222634e-05
2.446616982289985e-05
2.481673338592248e-05
-7.026812948796594e-06
-4.726863172168705e-06
-2.429734552630242e-06
-2.00945470230129e-07
1.855487302176569e-06
3.683284365031692e-06
5.255748017734818e-06
6.572002177121822e-06
7.650680709718672e-06
8.522386579151774e-06
9.222933888392377e-06
9.788264756333783e-06
1.025124553308572e-05
1.064011534378494e-05
1.097814934448042e-05
1.128407575162705e-05
1.157286714275781e-05
1.18566409689346e-05
1.214550819246142e-05
1.244828483418079e-05
1.277302784012146e-05
1.312738055837276e-05
1.351872267656348e-05
1.395412234814425e-05
1.444009052922117e-05
1.49821439060364e-05
1.558419666966182e-05
1.624782502726869e-05
1.697148216910394e-05
1.77497828609787e-05
1.857301857694928e-05
1.942709259821864e-05
2.029406041517604e-05
2.115339814198593e-05
2.198396565836911e-05
2.27664695164741e-05
2.348635548342618e-05
2.413514633324163e-05
2.469515376148749e-05
2.519435853995405e-05
-9.020130044407289e-06
-6.425037982134598e-06
-3.856523409509024e-06
-1.38723227271405e-06
8.798016949082153e-07
2.885450298568404e-06
4.60127873796845e-06
6.026662139752557e-06
7.182420067900544e-06
8.102762155600687e-06
8.827833129800541e-06
9.397993371821742e-06
9.850167503591769e-06
1.021605659825466e-05
1.052173970620713e-05
1.07881468761443e-05
1.103197118933416e-05
1.126671564130244e-05
1.150368944240797e-05
1.175285567641776e-05
1.202348612670366e-05
1.232460645537274e-05
1.266522514558765e-05
1.305434120341743e-05
1.350072540164431e-05
1.401247321605442e-05
1.45963389312876e-05
1.52568831927836e-05
1.599550266265077e-05
1.680945964737602e-05
1.769108561519732e-05
1.862738162252156e-05
1.960025818947961e-05
2.058761375688788e-05
2.156529832271022e-05
2.250982434518759e-05
2.340175924681321e-05
2.422771422338666e-05
2.49655332738415e-05
2.564069654595033e-05
-1.109803443102612e-05
-8.224456399677701e-06
-5.39909350063623e-06
-2.701077998114168e-06
-2.320094461457355e-07
1.946404345197751e-06
3.803827969069712e-06
5.339317539764368e-06
6.575069626197329e-06
7.548048825027911e-06
8.301983975220491e-06
8.881089374048378e-06
9.325980624569378e-06
9.671626013999745e-06
9.946844599643344e-06
1.0174791791541e-05
1.037395522079374e-05
1.055932059588008e-05
1.074349782409009e-05
1.093769538723627e-05
1.115249194135955e-05
1.139838525246451e-05
1.168610974304278e-05
1.202671424825879e-05
1.243138850472381e-05
1.291102646611046e-05
1.347552206842052e-05
1.413281348729676e-05
1.488772936716484e-05
1.574074665885143e-05
1.668684084280914e-05
1.771468240103108e-05
1.88064831626189e-05
1.993878134929878e-05
2.108431494667351e-05
2.221493160067546e-05
2.330549865950997e-05
2.433664062289807e-05
2.528061955928976e-05
2.615953157349259e-05
-1.323130829161753e-05
-1.009886787529863e-05
-7.034264350977469e-06
-4.122482601569359e-06
-1.463229022542986e-06
8.796261257528628e-07
2.873879201251584e-06
4.517873288018544e-06
5.834485305235016e-06
6.862620966719146e-06
7.648825309856118e-06
8.240545825851955e-06
8.681652457241138e-06
9.010118160037273e-06
9.257378594044244e-06
9.448787898521684e-06
9.604659329486273e-06
9.741519236011325e-06
9.873341601750283e-06
1.001263669357037e-05
1.01713349648901e-05
1.036144239667586e-05
1.05954558307085e-05
1.088652601933777e-05
1.124834992315214e-05
1.169476880971801e-05
1.223905111974489e-05
1.289285527978087e-05
1.366490407692768e-05
1.455946366704871e-05
1.557480634350109e-05
1.670193594069818e-05
1.792394149349047e-05
1.921636956529852e-05
2.054889308207189e-05
2.188834656946543e-05
2.32031553136298e-05
2.446692507811784e-05
2.564528083868472e-05
2.675602572818922e-05
-1.539325866072951e-05
-1.202390607046811e-05
-8.740032853887446e-06
-5.631854710504091e-06
-2.79675749128257e-06
-3.002852359367494e-07
1.823653113057284e-06
3.572436187321987e-06
4.9690363125034e-06
6.05354650757527e-06
6.874569989676409e-06
7.482140769364888e-06
7.92290166960646e-06
8.23751753841055e-06
8.459869458187608e-06
8.617441255813912e-06
8.732365427559444e-06
8.822732234469684e-06
8.903908524822913e-06
8.989725539467684e-06
9.093468366381273e-06
9.228638606842109e-06
9.409475653091896e-06
9.651220185415087e-06
9.970094061741605e-06
1.038296060112009e-05
1.090662524638533e-05
1.155674656325815e-05
1.234636040081338e-05
1.328408428388167e-05
1.437216879351226e-05
1.560469074800636e-05
1.696631313083048e-05
1.843211319483176e-05
1.996891064713365e-05
2.153832830873804e-05
2.310172000974619e-05
2.462471225194189e-05
2.606531561602362e-05
2.743607403373233e-05
-1.755964985122454e-05
-1.397717303784141e-05
-1.049583420357401e-05
-7.210466592092214e-06
-4.215765728350285e-06
-1.57844361877031e-06
6.661277906941387e-07
2.514224174020379e-06
3.988436264586602e-06
5.129365966932206e-06
5.986950495772251e-06
6.613161566051943e-06
7.056907546990059e-06
7.361195077851696e-06
7.562139588886704e-06
7.689247835382786e-06
7.766431023081326e-06
7.813335267483394e-06
7.84671870098774e-06
7.881721056310813e-06
7.93294964608522e-06
8.01534820835059e-06
8.144830612112068e-06
8.338658932908212e-06
8.615532752279217e-06
8.995340682350973e-06
9.49851343773671e-06
1.014491937305386e-05
1.095226972278239e-05
1.193406449507018e-05
1.30972208169624e-05
1.443968223980583e-05
1.594848659487382e-05
1.759891071902892e-05
1.935530285727065e-05
2.117404177977288e-05
2.300891542251401e-05
2.48166998303843e-05
2.654689312965245e-05
2.820573759888331e-05
-1.970867989435581e-05
-1.593831695010058e-05
-1.228274280936189e-05
-8.840798024045205e-06
-5.704190133049541e-06
-2.940313060138186e-06
-5.857191050689237e-07
1.354713392607382e-06
2.902818697352985e-06
4.099114906945272e-06
4.994201456412756e-06
5.641356143796317e-06
6.091235233974281e-06
6.38881009715223e-06
6.572185422586096e-06
6.672749482306259e-06
6.716119536625027e-06
6.723460584446162e-06
6.712893859865206e-06
6.700829046892102e-06
6.703135574386762e-06
6.736114167171769e-06
6.817247200184219e-06
6.965703551796591e-06
7.202557944295779e-06
7.550662928515764e-06
8.034091253390838e-06
8.677057455098449e-06
9.502244013800321e-06
1.052851658656035e-05
1.176813118302564e-05
1.322372037309849e-05
1.488557790196057e-05
1.672997836001065e-05
1.871934376182909e-05
2.080494812597744e-05
2.293266767090866e-05
2.504965937296617e-05
2.7096088957874e-05
2.907077615571168e-05
-2.182097899634834e-05
-1.788909890692883e-05
-1.40836245365646e-05
-1.050679124412363e-05
-7.247098407488112e-06
-4.37217911848457e-06
-1.919472201913187e-06
1.050044462315623e-07
1.72204830652528e-06
2.971592824653895e-06
3.904294590268724e-06
4.574139290750477e-06
5.033016880431356e-06
5.327468910567884e-06
5.497315637299888e-06
5.575653465153314e-06
5.589702494538862e-06
5.562082588467346e-06
5.512226484387979e-06
5.457754320816295e-06
5.415717067577923e-06
5.403664856721807e-06
5.440515500497291e-06
5.547195620663728e-06
5.74700835973573e-06
6.065653749889908e-06
6.530797805637578e-06
7.171064996852661e-06
8.014332079869554e-06
9.085251297241881e-06
1.040205208031499e-05
1.197287940624304e-05
1.379221505758452e-05
1.583823323431324e-05
1.807212151012414e-05
2.044035496206401e-05
2.288070687007083e-05
2.533006053159662e-05
2.77185108192385e-05
3.003626926459684e-05
-2.387961170858312e-05
-1.981344176025837e-05
-1.588324459113376e-05
-1.219403126464643e-05
-8.83094854639439e-06
-5.861482497671079e-06
-3.323674772501883e-06
-1.224622035413725e-06
4.552413123053499e-07
1.754857249051795e-06
2.724411682070457e-06
3.41804724301985e-06
3.8883896842311e-06
4.183148326029968e-06
4.343562687082346e-06
4.404235139504377e-06
4.393856578960905e-06
4.336412255009027e-06
4.252573893559236e-06
4.161095740668158e-06
4.080115337047597e-06
4.028310303200954e-06
4.025883593945902e-06
4.095347156058899e-06
4.262053149012199e-06
4.554388055131227e-06
5.003504814412457e-06
5.642432420800295e-06
6.504389180683397e-06
7.620161783528543e-06
9.014530523669236e-06
1.070195054386898e-05
1.268204362470288e-05
1.493585814648945e-05
1.742416048917395e-05
2.0089084755471e-05
2.286026341665071e-05
2.566377511990445e-05
2.841899603780136e-05
3.110630534079374e-05
-2.587006949112117e-05
-2.169745448082598e-05
-1.76683323845565e-05
-1.388986112727427e-05
-1.044375882358395e-05
-7.397039892497015e-06
-4.788089960384693e-06
-2.624994157721794e-06
-8.89539729293715e-07
4.559094016482717e-07
1.46062463417247e-06
2.178413354504829e-06
2.662167768190158e-06
2.960364899906074e-06
3.115351712605953e-06
3.163009814677455e-06
3.133342300384599e-06
3.051586364789016e-06
2.939561040190806e-06
2.817064275943082e-06
2.703215166740874e-06
2.617688715958455e-06
2.581813456021893e-06
2.619500364979427e-06
2.757948942643576e-06
3.028036862869744e-06
3.46424894317563e-06
4.103949700062805e-06
4.985770754340719e-06
6.14690106111035e-06
7.619176709948578e-06
9.424111338401523e-06
1.156740820396981e-05
1.403400418088308e-05
1.678514897781071e-05
1.975922434433365e-05
2.28778293874685e-05
2.605583734912769e-05
2.920136118684601e-05
3.228371934766784e-05
-2.778024481301983e-05
-2.352942704413387e-05
-1.942760337863951e-05
-1.558343826590954e-05
-1.207520191009016e-05
-8.969172181526668e-06
-6.303853292541318e-06
-4.088213285091883e-06
-2.305451474083693e-06
-9.194650186966111e-07
1.177460679076936e-07
8.592293449904399e-07
1.357713939921134e-06
1.662057483708293e-06
1.815395264809897e-06
1.854642195954088e-06
1.810931409594491e-06
1.710616155334222e-06
1.576552940422831e-06
1.429480332513242e-06
1.289386315395089e-06
1.176808839548744e-06
1.114038738952513e-06
1.126193106865533e-06
1.242103482637503e-06
1.494918612317411e-06
1.922260386134018e-06
2.565703175717937e-06
3.469291088956675e-06
4.676799953992153e-06
6.227543124547047e-06
8.150772177524665e-06
1.045917575795585e-05
1.314260140630597e-05
1.616374601851039e-05
1.945793230068556e-05
2.293896496591525e-05
2.65102435370395e-05
3.006818963353575e-05
3.356986618258653e-05
-2.960038123675627e-05
-2.529979206144394e-05
-2.115173695901609e-05
-1.726573503437897e-05
-1.371663119573257e-05
-1.056975362118187e-05
-7.863535765620773e-06
-5.607718766358778e-06
-3.786924339444386e-06
-2.366731533350464e-06
-1.300682827215091e-06
-5.368418454225141e-07
-2.30227221075921e-08
2.896489887869177e-07
4.447793361812389e-07
4.800576835840663e-07
4.275451214011794e-07
3.145542053187883e-07
1.648513346524032e-07
1.095265075429435e-14
-1.592626329185451e-07
-2.916728471358213e-07
-3.741413062159996e-07
-3.80539398062876e-07
-2.806257866764239e-07
-3.921760128184668e-08
3.842180895573453e-07
1.035290831189684e-06
1.963388719062375e-06
3.218975925074191e-06
4.849174352076058e-06
6.891569351474435e-06
9.366678699731876e-06
1.227026207163199e-05
1.55674560190998e-05
1.919129474464717e-05
2.304814134154956e-05
2.702978318611434e-05
3.102064931642302e-05
3.496442302736615e-05
-3.132299601228406e-05
-2.700104996406976e-05
-2.283330816254797e-05
-1.892948309715202e-05
-1.536104169653603e-05
-1.219218780474682e-05
-9.461127155157793e-06
-7.178266581388263e-06
-5.329623620019173e-06
-3.882539860299074e-06
-2.792290391912993e-06
-2.008326377393132e-06
-1.479329258816854e-06
-1.156739276056672e-06
-9.967870215785959e-07
-9.612738445315795e-07
-1.017428665429792e-06
-1.137155565349754e-06
-1.29592361808532e-06
-1.471473527335406e-06
-1.642446844113987e-06
-1.786993895041752e-06
-1.88139002409216e-06
-1.898688383577094e-06
-1.807462066156596e-06
-1.570741095885119e-06
-1.145330830225477e-06
-4.818023159611947e-07
4.744465834842725e-07
1.780589177444126e-06
3.491793689827409e-06
5.654480931215322e-06
8.297763385321941e-06
1.142426947585627e-05
1.500256913822855e-05
1.89642297060804e-05
2.320862001053321e-05
2.761590015417591e-05
3.205833842406871e-05
3.646521833697308e-05
-3.294277280122977e-05
-2.862765438625145e-05
-2.446666931888026e-05
-2.056905754354847e-05
-1.70029615960013e-05
-1.383130714576316e-05
-1.109193769604911e-05
-8.795822132194667e-06
-6.930319944054037e-06
-5.464559615038473e-06
-4.355666432727587e-06
-3.554682921309757e-06
-3.01142272992656e-06
-2.677933641418395e-06
-2.510572938783636e-06
-2.470898076690359e-06
-2.525657900145632e-06
-2.646166632302519e-06
-2.807292233213278e-06
-2.986223664183097e-06
-3.161118598871221e-06
-3.309685457301478e-06
-3.407726707661545e-06
-3.427667458919749e-06
-3.337117599190276e-06
-3.097571253823555e-06
-2.663437244866242e-06
-1.98171606895324e-06
-9.927760016909886e-07
3.672094185034661e-07
2.161597864826152e-06
4.446045574004223e-06
7.258932881165195e-06
1.061064893384589e-05
1.44741691839312e-05
1.878044426795251e-05
2.342237264848751e-05
2.826858648611366e-05
3.317915978514067e-05
3.806808743163967e-05
-3.445642261423853e-05
-3.017585363181324e-05
-2.604777537230427e-05
-2.218029228242896e-05
-1.863826364552653e-05
-1.548318294000673e-05
-1.275240364110122e-05
-1.045735214880034e-05
-8.586654626061068e-06
-7.11120580773786e-06
-5.990037147116556e-06
-5.17592058918639e-06
-4.620009317418315e-06
-4.275210375420414e-06
-4.098275932666906e-06
-4.050780642725012e-06
-4.099231893670126e-06
-4.214563694211941e-06
-4.371224611097295e-06
-4.546012199809877e-06
-4.716749215814324e-06
-4.860851584330169e-06
-4.953810920760413e-06
-4.967609921328527e-06
-4.869112227126881e-06
-4.618525800769243e-06
-4.168136603586187e-06
-3.461648467286582e-06
-2.43463180106802e-06
-1.016735285048594e-06
8.636364735687101e-07
3.271667245423517e-06
6.255573902298666e-06
9.834317252949291e-06
1.39862105408452e-05
1.864244889852795e-05
2.369004647531961e-05
2.898631260297133e-05
3.437922590259171e-05
3.976675535385239e-05
-3.586251118781474e-05
-3.164348306212872e-05
-2.757394413124763e-05
-2.376021385300488e-05
-2.02638788265223e-05
-1.714482340130837e-05
-1.443976951589436e-05
-1.216048513996627e-05
-1.02967676480447e-05
-8.821221953756473e-06
-7.694792455800461e-06
-6.872063473404271e-06
-6.305683998506987e-06
-5.949633174048861e-06
-5.761303676209233e-06
-5.702542132873366e-06
-5.739859878872066e-06
-5.844035460243209e-06
-5.989298116176541e-06
-6.152231439403169e-06
-6.310484757234469e-06
-6.441336898871695e-06
-6.520129670534207e-06
-6.518582230173473e-06
-6.403019345866309e-06
-6.132604919545674e-06
-5.65777650795395e-06
-4.919231909562913e-06
-3.848015376217358e-06
-2.367447006627967e-06
-3.977407616887814e-07
2.135992601948065e-06
5.292259138965446e-06
9.099306650691809e-06
1.354166418988063e-05
1.855163177471702e-05
2.401097883086911e-05
2.976599690637261e-05
3.565279629976092e-05
4.155274740012557e-05
-3.716125102702835e-05
-3.302970240587639e-05
-2.90435407009742e-05
-2.530667721308792e-05
-2.187738907124205e-05
-1.881372903358002e-05
-1.615160920666244e-05
-1.390299658295877e-05
-1.205874069454426e-05
-1.059307206688584e-05
-9.468818399938335e-06
-8.642417926529001e-06
-8.068131851348475e-06
-7.701192654505275e-06
-7.499860186640218e-06
-7.42650258102727e-06
-7.4478870740684e-06
-7.534875998982369e-06
-7.661697154132846e-06
-7.804914308652176e-06
-7.942176798270303e-06
-8.050786544802323e-06
-8.106093299895096e-06
-8.079720967575978e-06
-7.937647638906161e-06
-7.638220333589565e-06
-7.130294959968807e-06
-6.351862046848751e-06
-5.229744275042321e-06
-3.681193829868165e-06
-1.618378212694239e-06
1.043353144315837e-06
4.373119189861021e-06
8.409059926431556e-06
1.314273221164485e-05
1.850839440189298e-05
2.438326302596074e-05
3.060301646624572e-05
3.699224783244557e-05
4.341532698181448e-05
-3.835425618935603e-05
-3.433467210027455e-05
-3.045557528269048e-05
-2.681788629696165e-05
-2.347647396703877e-05
-2.048727143589144e-05
-1.788514320910877e-05
-1.568206876271029e-05
-1.386980028172323e-05
-1.242408501211144e-05
-1.130957998264296e-05
-1.048459293407802e-05
-9.905088616657097e-06
-9.527714124281009e-06
-9.311811844121012e-06
-9.220519702733513e-06
-9.2211205964736e-06
-9.284813841760855e-06
-9.38605985275275e-06
-9.501611032991223e-06
-9.609299079818978e-06
-9.686610168857409e-06
-9.709051615658883e-06
-9.64830365603907e-06
-9.470167246638621e-06
-9.132376096962576e-06
-8.582454209094746e-06
-7.755982921474561e-06
-6.575894206295858e-06
-4.953695105398382e-06
-2.793751857506431e-06
-1.729504362584267e-09
3.502282851259277e-06
7.766796347546362e-06
1.279113108993347e-05
1.851234945199759e-05
2.480386637380327e-05
3.149125901810619e-05
3.8388077248525e-05
4.534145932677629e-05
-3.944425742728781e-05
-3.555916483857518e-05
-3.180920750096393e-05
-2.829178736593579e-05
-2.505819248387823e-05
-2.216186847573919e-05
-1.963631687138307e-05
-1.749328336520236e-05
-1.572523505426835e-05
-1.430930490376881e-05
-1.321191172845166e-05
-1.239323809446444e-05
-1.181103507695673e-05
-1.142351989773018e-05
-1.11913316794936e-05
-1.107863085802314e-05
-1.105348522140713e-05
-1.108769674909823e-05
-1.115620500473752e-05
-1.123616860512374e-05
-1.130578664927448e-05
-1.134288467348457e-05
-1.132326127636382e-05
-1.121877939472169e-05
-1.099520049547709e-05
-1.06098151988048e-05
-1.000903868320461e-05
-9.126332082618018e-06
-7.881088363555625e-06
-6.179453985339787e-06
-3.918346873872316e-06
-9.939717387566517e-07
2.684388998114716e-06
7.175951102676316e-06
1.248844618905975e-05
1.856258245696714e-05
2.526880086613522e-05
3.242321523939855e-05
3.982893361265175e-05
4.731579782356293e-05
-4.043477441015673e-05
-3.670411371895328e-05
-3.310316105611254e-05
-2.97253385189395e-05
-2.661810058325372e-05
-2.383195302918862e-05
-2.139863312244515e-05
-1.93293377751113e-05
-1.761701800517065e-05
-1.624004134711774e-05
-1.516651640769335e-05
-1.435850963920156e-05
-1.377564816735307e-05
-1.337788282806478e-05
-1.312737226618318e-05
-1.29895613845536e-05
-1.293358155752944e-05
-1.293211154425501e-05
-1.296082205404137e-05
-1.299749569086253e-05
-1.302087671286529e-05
-1.300926866772818e-05
-1.293886878386628e-05
-1.278181348965252e-05
-1.250392037580399e-05
-1.206216415487879e-05
-1.140203887649742e-05
-1.045515860361199e-05
-9.137746676223308e-06
-7.351037859998838e-06
-4.984972691660268e-06
-1.926685233002688e-06
1.925174911536567e-06
6.640692996485444e-06
1.223656130213543e-05
1.865797978956675e-05
2.577334672227372e-05
3.339010895359635e-05
4.130167602351581e-05
4.932068716384453e-05
-4.132974065831798e-05
-3.777010789637317e-05
-3.433507204019781e-05
-3.111368790063061e-05
-2.814924453830774e-05
-2.548878140910801e-05
-2.316179182085361e-05
-2.117854361059705e-05
-1.95321995782437e-05
-1.820219447162783e-05
-1.715825764914646e-05
-1.636436255177888e-05
-1.578212007385011e-05
-1.537339532538565e-05
-1.510210313246919e-05
-1.493524437762727e-05
-1.484329751851241e-05
-1.4800091808137e-05
-1.478227477380506e-05
-1.476845757536031e-05
-1.473808628561957e-05
-1.467005133693508e-05
-1.454101733552567e-05
-1.432343859041932e-05
-1.398323309811315e-05
-1.34771361168369e-05
-1.274986706452418e-05
-1.17314469750976e-05
-1.033531725292079e-05
-8.458320600984966e-06
-5.984023261380832e-06
-2.79106677858714e-06
1.232140508466353e-06
6.166521664748245e-06
1.203816525317901e-05
1.879762418765436e-05
2.631232774122356e-05
3.438206081812156e-05
4.279144886353293e-05
5.133617343491407e-05
-4.213307674506758e-05
-3.875686109838887e-05
-3.55008231555125e-05
-3.244933690558569e-05
-2.964112944341631e-05
-2.711920360078908e-05
-2.491027963348872e-05
-2.302327184481332e-05
-2.145125472432759e-05
-2.017455467122233e-05
-1.916446126458815e-05
-1.838689644858444e-05
-1.780558344556131e-05
-1.738449959595272e-05
-1.708956264225117e-05
-1.688960222376311e-05
-1.675671964646311e-05
-1.666615215384568e-05
-1.659574573840434e-05
-1.652511340733106e-05
-1.64345215367218e-05
-1.630351155446372e-05
-1.610923338014293e-05
-1.582444805861114e-05
-1.541516089020846e-05
-1.483789025033317e-05
-1.403668581609658e-05
-1.294021302203921e-05
-1.145954344484207e-05
-9.487729330224804e-06
-6.90271624806846e-06
-3.575446632827976e-06
6.152694829647298e-07
5.760931489166608e-06
1.189732761654997e-05
1.898125252244908e-05
2.688043280109885e-05
3.538827692852606e-05
4.428176196707061e-05
5.334000563916055e-05
-4.284821105720859e-05
-3.966269753666145e-05
-3.659395126178036e-05
-3.37214175982872e-05
-3.107883530074265e-05
-2.870461129817829e-05
-2.662216829438119e-05
-2.483864012176701e-05
-2.334671131272923e-05
-2.21274291777251e-05
-2.115359467140255e-05
-2.039313451791797e-05
-1.981202498383343e-05
-1.937655795061481e-05
-1.905489405002058e-05
-1.881794547058682e-05
-1.863968162511703e-05
-1.84969650171452e-05
-1.836901401066742e-05
-1.823656359040127e-05
-1.80807620483065e-05
-1.78818066274469e-05
-1.761728992583664e-05
-1.726020821442496e-05
-1.677658345551075e-05
-1.612268977386214e-05
-1.524197769460204e-05
-1.406198792856928e-05
-1.249187150003161e-05
-1.042159013913449e-05
-7.724394880326245e-06
-4.264567607542765e-06
8.774777883487494e-08
5.434096090978874e-06
1.182011037971405e-05
1.920975290381954e-05
2.747256614127547e-05
3.639724547531927e-05
4.575455562311714e-05
5.530760572368589e-05
-4.347755988573077e-05
-4.048412229331535e-05
-3.760524941022978e-05
-3.491526157366529e-05
-3.244251883163425e-05
-3.022036487106595e-05
-2.826848275927069e-05
-2.659185693402086e-05
-2.518251689631911e-05
-2.40220818519107e-05
-2.308482657348693e-05
-2.234074038709164e-05
-2.175818334509545e-05
-2.130594051477955e-05
-2.095461704364885e-05
-2.067740925679874e-05
-2.04503363267228e-05
-2.025203175021008e-05
-2.006318445130142e-05
-1.986569505011524e-05
-1.964158088175681e-05
-1.937162930323407e-05
-1.903376781556595e-05
-1.860109798191679e-05
-1.8039538092155e-05
-1.730505341161851e-05
-1.634054773747268e-05
-1.507267947026932e-05
-1.340918456846986e-05
-1.123775278754199e-05
-8.428062951649557e-06
-4.839050983243976e-06
-3.334569969531501e-07
5.199461239733955e-06
1.181512977174113e-05
1.948563991586929e-05
2.808418359763561e-05
3.73969085119122e-05
4.719021897962664e-05
5.721197568975606e-05
-4.402200716212713e-05
-4.121556723184309e-05
-3.852270512214921e-05
-3.601245884183372e-05
-3.370756544051893e-05
-3.163603384034779e-05
-2.981354133533219e-05
-2.824268301358329e-05
-2.691464824323821e-05
-2.5811517567758e-05
-2.490900735362054e-05
-2.417920561815904e-05
-2.359294193860743e-05
-2.312160782242757e-05
-2.273837200770068e-05
-2.241882099342493e-05
-2.214110182440785e-05
-2.188565853742297e-05
-2.163464503222694e-05
-2.137107412621253e-05
-2.107773209490928e-05
-2.073585543370398e-05
-2.032353666204497e-05
-1.981380452723852e-05
-1.917232007253789e-05
-1.835465894778146e-05
-1.730323611626613e-05
-1.594410542924761e-05
-1.418417154817529e-05
-1.190980947269787e-05
-8.988465186747154e-06
-5.275347133332587e-06
-6.274263739285504e-07
5.074013420769884e-06
1.189388230625336e-05
1.981337101293682e-05
2.871152089339953e-05
3.837474564087343e-05
4.856751342153214e-05
5.902350317439009e-05
-4.448047799301163e-05
-4.184942679912226e-05
-3.933191088980809e-05
-3.699157591526392e-05
-3.484560705478883e-05
-3.291672027272115e-05
-3.121658998506471e-05
-2.974537684600898e-05
-2.849336189634715e-05
-2.744302440859324e-05
-2.657148123048982e-05
-2.585290096781096e-05
-2.526057914325726e-05
-2.476851168113483e-05
-2.435241739903733e-05
-2.399023743920855e-05
-2.36621821155196e-05
-2.335040866465143e-05
-2.303840507011858e-05
-2.271013347893261e-05
-2.234895826509614e-05
-2.193635351136615e-05
-2.145035686680496e-05
-2.08637164387659e-05
-2.014167255088337e-05
-1.923934048008845e-05
-1.809873591650968e-05
-1.664564437432321e-05
-1.478681865717237e-05
-1.240842618130554e-05
-9.377245696601836e-06
-5.546697562024919e-06
-7.700297361604119e-07
5.077779025827652e-06
1.207046342402079e-05
2.019921854871808e-05
2.935151431403493e-05
3.931764210071058e-05
4.986332033937866e-05
6.070962322228932e-05
-4.48497865080658e-05
-4.237651624554923e-05
-4.001703511406924e-05
-3.782959897069217e-05
-3.582646848946043e-05
-3.402553600782878e-05
-3.243481394560855e-05
-3.105221779234521e-05
-2.986718358413878e-05
-2.88625674119426e-05
-2.801681076109921e-05
-2.730605089237763e-05
-2.670590900454524e-05
-2.619281926599426e-05
-2.574485945436323e-05
-2.534211091999082e-05
-2.496661244515254e-05
-2.460198331007429e-05
-2.423278262162312e-05
-2.384365192855321e-05
-2.341826228957917e-05
-2.293805979870518e-05
-2.23807788231106e-05
-2.171867408939095e-05
-2.091641793029285e-05
-1.99286292124939e-05
-1.869706548620695e-05
-1.714764984126042e-05
-1.518775783534828e-05
-1.270459407883253e-05
-9.566043779626367e-06
-5.625990584827952e-06
-7.364401175803803e-07
5.231739814964195e-06
1.235996226555119e-05
2.065011520847253e-05
3.000098563286428e-05
4.021126459955999e-05
5.105205877564623e-05
6.223428474794339e-05
-4.512508618085756e-05
-4.278713540547531e-05
-4.056240365613344e-05
-3.850406118408104e-05
-3.662093425457807e-05
-3.492707190818793e-05
-3.342751921760239e-05
-3.211835950189633e-05
-3.098835396596417e-05
-3.002072022037622e-05
-2.91950729780112e-05
-2.848926834491579e-05
-2.788093357773599e-05
-2.734857412147087e-05
-2.68722309604391e-05
-2.643371691197098e-05
-2.601649079132846e-05
-2.560523646947434e-05
-2.518520575520522e-05
-2.474136605093331e-05
-2.425737108748833e-05
-2.371434968110009e-05
-2.308948649156672e-05
-2.235435360024101e-05
-2.147294775745156e-05
-2.039940508752205e-05
-1.907541977026239e-05
-1.742751240379663e-05
-1.53645138442555e-05
-1.277598946278389e-05
-9.53284037393028e-06
-5.491911905883085e-06
-5.068608953829058e-07
5.552773520197824e-06
1.277427473785542e-05
2.117044025037034e-05
3.06543542695223e-05
4.103852733638942e-05
5.210462909776934e-05
6.355727319201002e-05
-4.530155814992224e-05
-4.307311161222318e-05
-4.095488716575019e-05
-3.899594663372365e-05
-3.720434185940414e-05
-3.559177763670842e-05
-3.416131159393914e-05
-3.290775069102077e-05
-3.1819381880584e-05
-3.087970835547491e-05
-3.006923489017135e-05
-2.936710557198764e-05
-2.875242666701231e-05
-2.820519554586629e-05
-2.770682099482269e-05
-2.724026441675277e-05
-2.678985535021352e-05
-2.63408405559039e-05
-2.587871847654996e-05
-2.538839540860119e-05
-2.485318068534624e-05
-2.42536189047326e-05
-2.356614034808231e-05
-2.276149895518325e-05
-2.180296482631368e-05
-2.06442530051123e-05
-1.922721609212036e-05
-1.747942749040147e-05
-1.531196670741233e-05
-1.261802417673946e-05
-9.273390315871384e-06
-5.140436707197868e-06
-7.763742170828644e-08
6.043453152903123e-06
1.33133583851238e-05
2.175516297001298e-05
3.129885582351337e-05
4.177675458750437e-05
5.298702996620068e-05
6.463411670279168e-05
-4.537799559725479e-05
-4.323059094779856e-05
-4.118623766291812e-05
-3.929217703295715e-05
-3.755962589387963e-05
-3.59997854076163e-05
-3.46147782545025e-05
-3.339864790039557e-05
-3.233928860231514e-05
-3.142023889868277e-05
-3.062240010655819e-05
-2.992554843787863e-05
-2.930952399048171e-05
-2.87550437115717e-05
-2.824413376944706e-05
-2.776021107029712e-05
-2.728786262178302e-05
-2.681237604891282e-05
-2.631906838950388e-05
-2.579244756150065e-05
-2.521522534256496e-05
-2.456718524135251e-05
-2.38238955428945e-05
-2.295524939476601e-05
-2.192381353072892e-05
-2.068298129010573e-05
-1.917496494575447e-05
-1.732874490804416e-05
-1.505824495468741e-05
-1.226125325622459e-05
-8.819977368917805e-06
-4.604576892216903e-06
5.185908445284033e-07
6.672318597021656e-06
1.394693202359618e-05
2.237398545927003e-05
3.190193810148604e-05
4.238878830485584e-05
5.36551807889791e-05
6.541574428872795e-05
-4.536054918819434e-05
-4.325789259067282e-05
-4.12453987647265e-05
-3.937488036891794e-05
-3.766536435673767e-05
-3.612907741598387e-05
-3.476774913155779e-05
-3.357463448832691e-05
-3.253678924109083e-05
-3.163703344175756e-05
-3.085570959693349e-05
-3.017217199976591e-05
-2.956593379196903e-05
-2.901743733937756e-05
-2.850844978389533e-05
-2.802211412386602e-05
-2.754270298227036e-05
-2.70551269975179e-05
-2.654424508481722e-05
-2.599401322735015e-05
-2.538649535950184e-05
-2.470074707777744e-05
-2.391157259101616e-05
-2.29881496733185e-05
-2.189251938469955e-05
-2.057795196934145e-05
-1.898723617798405e-05
-1.705100994689957e-05
-1.468637506794369e-05
-1.179623840358742e-05
-8.270107978776203e-06
-3.987414735896883e-06
1.175290912029516e-06
7.331984947317164e-06
1.456926773588859e-05
2.292464000524556e-05
3.236585552595864e-05
4.278294718916118e-05
5.402612081080123e-05
6.58335609555045e-05
-4.528817978097218e-05
-4.318619172852024e-05
-4.116081345649338e-05
-3.927501750184816e-05
-3.75568154833972e-05
-3.601987938322072e-05
-3.466542512342657e-05
-3.348549288863406e-05
-3.246562242678682e-05
-3.158703848040634e-05
-3.082853134963488e-05
-3.016801521780808e-05
-2.958371588291549e-05
-2.90549616300563e-05
-2.856258193044268e-05
-2.808894639936423e-05
-2.761769398160538e-05
-2.713320823780537e-05
-2.661989097530984e-05
-2.606127673138301e-05
-2.543901827068722e-05
-2.473176126466013e-05
-2.391391709350037e-05
-2.295433846839034e-05
-2.181490606483404e-05
-2.044904988077854e-05
-1.880026361402507e-05
-1.680073472606579e-05
-1.437032108589613e-05
-1.14162703917985e-05
-7.83430131320018e-06
-3.511908343668953e-06
1.665096686495395e-06
7.801961230249489e-06
1.498027469265641e-05
2.324084805744566e-05
3.256787239052619e-05
4.288164745662239e-05
5.406280013565193e-05
6.58841499369924e-05
)
;

boundaryField
{
    hotWall
    {
        type            fixedFluxPressure;
        gradient        nonuniform List<scalar> 
40
(
-6.033869025112402e-05
-0.00018283808027128
-0.00030853964714047
-0.0004365922483937354
-0.0005652894959931636
-0.0006927420052498341
-0.0008171660437651837
-0.0009369844695386476
-0.001050846257392423
-0.001157614812950303
-0.001256346890036285
-0.001346270697890273
-0.0014267660262049
-0.001497346949059067
-0.001557646947750689
-0.001607406182706118
-0.001646460723832386
-0.001674733651908417
-0.001692228038149955
-0.001699021922364467
-0.001695265596253435
-0.001681181807298804
-0.0016570699478636
-0.001623315833744026
-0.00158040914845636
-0.001528970739896696
-0.001469791283661864
-0.001403880906683256
-0.001332525871944793
-0.001257343451793658
-0.001180320465037291
-0.001103816275125378
-0.00103050964574234
-0.0009632729752791473
-0.0009049681617670378
-0.0008581745346680776
-0.000824877570238753
-0.0008061643253306385
-0.0008019910148059358
-0.0008111247157991258
)
;
        value           nonuniform List<scalar> 
40
(
1.423344792551787e-06
1.280436692248162e-06
7.816705499247718e-07
-9.387176392261097e-08
-1.287768609758821e-06
-2.753594481114113e-06
-4.445751914615024e-06
-6.321187809615569e-06
-8.340370770537123e-06
-1.046714856059517e-05
-1.266846804357148e-05
-1.491414666398038e-05
-1.717671619348563e-05
-1.943133353754837e-05
-2.165573857904416e-05
-2.383023672473098e-05
-2.59376876133736e-05
-2.796348655600669e-05
-2.989552986070727e-05
-3.172415863971186e-05
-3.344207800760085e-05
-3.504425006035328e-05
-3.652776004906803e-05
-3.789165597999478e-05
-3.913676246259879e-05
-4.02654696142269e-05
-4.128149653186514e-05
-4.21896255435108e-05
-4.299539799824897e-05
-4.370475605980966e-05
-4.432361163850521e-05
-4.485733022963749e-05
-4.531014421930505e-05
-4.568456921211056e-05
-4.598099671027459e-05
-4.619780434919266e-05
-4.633265511272068e-05
-4.638570100391808e-05
-4.636303795670176e-05
-4.630208567572109e-05
)
;
    }
    coldWall
    {
        type            fixedFluxPressure;
        gradient        nonuniform List<scalar> 
40
(
1.026517482377977e-05
3.123978672461525e-05
5.373354558172435e-05
7.908352130779973e-05
0.0001087655934528686
0.0001442514537397175
0.0001868842637590685
0.0002377909571643526
0.0002978376960322225
0.0003676256006245298
0.0004475167613168027
0.0005376770591250187
0.0006381227328391305
0.0007487608987058647
0.0008694186769765547
0.0009998596759649512
0.001139789408084675
0.001288852535948651
0.001446624942194942
0.00161260298224691
0.001786191393190382
0.001966690534202781
0.002153283085781016
0.002345020064264278
0.002540805959826589
0.002739382903237399
0.002939313952739973
0.003138965862843841
0.003336492145386831
0.003529818108656758
0.003716631385409611
0.00389438523469846
0.004060329486957752
0.00421159878222268
0.004345415849259225
0.004459519785715518
0.004553023052812649
0.004628057147421639
0.004692778541096674
0.004766668384620488
)
;
        value           nonuniform List<scalar> 
40
(
2.412228545335979e-05
2.406135533861649e-05
2.403870746780404e-05
2.40917485224693e-05
2.422656829689564e-05
2.444331665226027e-05
2.473965765385052e-05
2.511397208237793e-05
2.556665565999433e-05
2.6100228546731e-05
2.67189275251386e-05
2.74281220520955e-05
2.823372744978125e-05
2.914168872226566e-05
3.015754950193238e-05
3.128609385955305e-05
3.253104210089958e-05
3.389478501760364e-05
3.537814736033023e-05
3.698017675517476e-05
3.869795757846103e-05
4.052645059939315e-05
4.245835921107864e-05
4.448402248045599e-05
4.659133443159772e-05
4.876568795582304e-05
5.098994026448785e-05
5.324439449239938e-05
5.55067886166476e-05
5.775227827498155e-05
5.99533949554479e-05
6.20799572331292e-05
6.40989150330874e-05
6.597412170006767e-05
6.76660545595176e-05
6.913167292415448e-05
7.03253955188075e-05
7.120081572300501e-05
7.169953413187541e-05
7.184248541776815e-05
)
;
    }
    bottomWall
    {
        type            fixedFluxPressure;
        gradient        uniform 0;
        value           nonuniform List<scalar> 
40
(
1.498768155365692e-06
1.650085208423887e-06
2.119629540701505e-06
2.86879190635297e-06
3.778961663240751e-06
4.762318815082322e-06
5.752139302966761e-06
6.70332580033098e-06
7.589999500816301e-06
8.401349893643232e-06
9.137384049815425e-06
9.80516723799862e-06
1.041580038201276e-05
1.098219405759692e-05
1.151756682358118e-05
1.20345256064071e-05
1.254456521608301e-05
1.305783563849269e-05
1.35830535615759e-05
1.412746690206085e-05
1.469681117373027e-05
1.529522179950422e-05
1.592508700028577e-05
1.658684302907824e-05
1.727872882043343e-05
1.799653166918073e-05
1.873336947355676e-05
1.947956731940938e-05
2.022269443190818e-05
2.094782844114513e-05
2.163810383003197e-05
2.22755777201797e-05
2.28424094767404e-05
2.332230726108124e-05
2.370215652282346e-05
2.397375817573805e-05
2.413579149023648e-05
2.419604915980482e-05
2.417192781322952e-05
2.410945398483007e-05
)
;
    }
    topWall
    {
        type            fixedFluxPressure;
        gradient        uniform 0;
        value           nonuniform List<scalar> 
40
(
-4.528817978097218e-05
-4.318619172852024e-05
-4.116081345649338e-05
-3.927501750184816e-05
-3.75568154833972e-05
-3.601987938322072e-05
-3.466542512342657e-05
-3.348549288863406e-05
-3.246562242678682e-05
-3.158703848040634e-05
-3.082853134963488e-05
-3.016801521780808e-05
-2.958371588291549e-05
-2.90549616300563e-05
-2.856258193044268e-05
-2.808894639936423e-05
-2.761769398160538e-05
-2.713320823780537e-05
-2.661989097530984e-05
-2.606127673138301e-05
-2.543901827068722e-05
-2.473176126466013e-05
-2.391391709350037e-05
-2.295433846839034e-05
-2.181490606483404e-05
-2.044904988077854e-05
-1.880026361402507e-05
-1.680073472606579e-05
-1.437032108589613e-05
-1.14162703917985e-05
-7.83430131320018e-06
-3.511908343668953e-06
1.665096686495395e-06
7.801961230249489e-06
1.498027469265641e-05
2.324084805744566e-05
3.256787239052619e-05
4.288164745662239e-05
5.406280013565193e-05
6.58841499369924e-05
)
;
    }
    front
    {
        type            empty;
    }
    back
    {
        type            empty;
    }
}


// ************************************************************************* //
