#              distance                     U_x                     U_y                     U_z                       T
  6.939740885162004e-18                       0                       0                       0       299.6667425761221
  0.0003906250000000001  -0.0004223309603211317  -1.361417387706878e-06                       0       299.6667440668549
  0.0007812500000000002   -0.000832467764577534  -5.204769754129128e-06                       0       299.6667515205157
            0.001171875   -0.001233865072476208   -1.04070994906297e-05                       0       299.6667688615872
              0.0015625   -0.001629436049469718  -1.651541414051571e-05                       0       299.6667927942623
            0.001953125   -0.002011111631899899  -2.356066593998059e-05                       0       299.6668418024309
             0.00234375   -0.002387472157720471  -3.048280518551812e-05                       0       299.6669040992388
            0.002734375   -0.002755860098626633   -3.72202756001648e-05                       0       299.6669863290056
               0.003125   -0.003113974722192549  -4.291030953179894e-05                       0       299.6671012626645
            0.003515625   -0.003466998516785284  -4.790730891748972e-05                       0       299.6672339746201
   0.003906250000000001   -0.003809932312825615  -5.117960660242042e-05                       0       299.6674050958775
            0.004296875   -0.004145284765993174  -5.275506824914661e-05                       0       299.6676089668449
              0.0046875   -0.004475582990579091  -5.319930587040603e-05                       0        299.667834670968
            0.005078125   -0.004792956256483017   -5.03249535685938e-05  -3.001409753340217e-29       299.6681209407946
   0.005468750000000001   -0.005104939838137632  -4.600009796992927e-05  -4.938202245379006e-29       299.6684335864439
   0.005859374999999999   -0.005408838893418277  -3.949948742598635e-05  -5.278068845459828e-29       299.6687857958271
                0.00625   -0.005701331116351075  -2.999553625509795e-05   -2.67302108273964e-29       299.6691945591368
            0.006640625   -0.005987924067889114  -1.899875485043583e-05                       0       299.6696324253046
             0.00703125   -0.006262326766196272  -5.033993137622943e-06                       0       299.6701301489952
   0.007421875000000001   -0.006526913383043518   1.103421714067454e-05                       0       299.6706748746782
              0.0078125   -0.006784955945583795   2.850472646262879e-05                       0       299.6712509350058
   0.008203125000000002   -0.007025432761048877   4.913291500508125e-05                       0       299.6719082529718
   0.008593750000000001   -0.007258393149626688   7.083530661307228e-05                       0       299.6725990188564
   0.008984374999999999   -0.007480078897873638   9.414900281937197e-05                       0       299.6733399566204
   0.009375000000000001   -0.007685786609427757   0.0001191521506631322                       0        299.674149273264
            0.009765625   -0.007883289777758798   0.0001448699007770154                       0       299.6749930618083
             0.01015625   -0.008063952809890487   0.0001717566083339244                       0       299.6759063590817
            0.010546875   -0.008231433576951313   0.0001990989341249274                       0       299.6768724207187
              0.0109375    -0.00839012616729823   0.0002267450054053276                       0        299.677873658598
            0.011328125     -0.0085261300497016    0.000254423288434658                       0       299.6789636340968
             0.01171875   -0.008652865618361346   0.0002818235425480395                       0       299.6800893658896
            0.012109375   -0.008765698716405652   0.0003088067532874994                       0       299.6812687321233
                 0.0125   -0.008859816732226496   0.0003346708972485537                       0       299.6825201172268
            0.012890625   -0.008944586644212998   0.0003598437427881993                       0       299.6838076597942
             0.01328125   -0.009010679223087566   0.0003833704614206727                       0       299.6851678134148
            0.013671875    -0.00906295432318233   0.0004053054121200928                       0       299.6865830083995
              0.0140625   -0.009106017770756685   0.0004261791841974557                       0       299.6880348976092
            0.014453125   -0.009126629857015112   0.0004438836329964016                       0       299.6895798375887
             0.01484375   -0.009138589014777525   0.0004601501222713723                       0       299.6911626971808
            0.015234375   -0.009137568779796931    0.000474259672260431                       0        299.692802436225
               0.015625   -0.009120069999411546   0.0004852321248685809                       0       299.6945198061752
    0.01601562500000001   -0.009094575481049909   0.0004945915038221416                       0       299.6962765412633
             0.01640625   -0.009053576556188058    0.000500635685538235                       0       299.6981131059965
            0.016796875   -0.009001768993026847   0.0005041230072493814                       0       299.7000114795205
              0.0171875   -0.008942755670999397   0.0005059057556238994                       0       299.7019510589052
            0.017578125   -0.008867205685388532    0.000503413002064885                       0       299.7039972787451
             0.01796875   -0.008785662035343717    0.000499243903408355                       0       299.7060877113538
            0.018359375   -0.008695127888647985   0.0004925602871055504                       0       299.7082444631157
                0.01875   -0.008593879898009131   0.0004826649550882854                       0       299.7104928219429
            0.019140625   -0.008487594677382885   0.0004712154865417977                       0       299.7127877528335
             0.01953125   -0.008371874380750282   0.0004567611875928809                       0       299.7151773649163
    0.01992187500000001   -0.008250023332221882   0.0004402513682342946                       0       299.7176400647362
              0.0203125   -0.008124085115763055   0.0004223712019359336                       0       299.7201514897179
    0.02070312500000001   -0.007989457495108418   0.0004014548787101953                       0       299.7227875489301
             0.02109375   -0.007851938455361553   0.0003794986757401063   1.291358006471393e-28       299.7254742329847
            0.021484375   -0.007710082286976031   0.0003559826531534733   4.519753022644605e-28       299.7282368542909
               0.021875   -0.007563545410783745   0.0003307629205697627   2.582716012943064e-28       299.7311013688425
            0.022265625   -0.007414924880647563   0.0003047894467489926  -1.149137294029033e-28       299.7340167282654
             0.02265625   -0.007262650442542625   0.0002775047179770748  -6.894823764174065e-28       299.7370335739296
            0.023046875   -0.007108345123278856   0.0002495355811853543  -7.365475013588771e-28       299.7401253597893
              0.0234375   -0.006952685883242573   0.0002211101723804345  -4.319436115852658e-28       299.7432671057813
    0.02382812500000001   -0.006794720472214568   0.0001920383399582811  -1.619788543442978e-28       299.7465302747834
             0.02421875   -0.006636222499669152    0.000162899612025597                       0       299.7498400135638
            0.024609375   -0.006476925684847555   0.0001336605408271108                       0       299.7532196070093
                  0.025    -0.00631726252769134   0.0001046512072734718  -3.411145866224186e-27       299.7566871788221
            0.025390625   -0.006157571519982188   7.584101015350465e-05  -6.736915832019621e-27       299.7601971855689
             0.02578125   -0.005998135452395903   4.759762112337306e-05  -6.310036329875693e-27       299.7637889536843
            0.026171875   -0.005839301828842226   2.000822487447944e-05  -5.898167987789978e-27       299.7674367013918
              0.0265625   -0.005680869834643685  -7.145176186923387e-06   -5.49630708574288e-27       299.7711217688307
            0.026953125   -0.005524042498385914  -3.287219801492454e-05  -5.121329251487406e-27       299.7748903335039
             0.02734375   -0.005368066004618265  -5.791361423809933e-05  -3.672256913200523e-27       299.7786881202246
            0.027734375   -0.005213365774585705  -8.192662205403406e-05  -6.120428188667552e-28       299.7825297400111
               0.028125   -0.005060727978407813   -0.000104379049238711                       0       299.7864211561393
            0.028515625   -0.004909198549425791  -0.0001260141797395214                       0       299.7903352891012
             0.02890625   -0.004760040155373305  -0.0001459407041361332                       0       299.7942904930961
            0.029296875    -0.00461285590290107  -0.0001645054469821241                       0        299.798270051639
    0.02968750000000001   -0.004466987744815808    -0.00018216233546104   1.669172342006805e-42       299.8022658465567
            0.030078125   -0.004324682299736891  -0.0001974652032203645   1.244776641650434e-28       299.8062918733434
             0.03046875   -0.004183891260995859  -0.0002118114544153893   1.955549885769416e-28       299.8103260834762
            0.030859375   -0.004045371831761556  -0.0002247227807639607   1.865318033584699e-28        299.814372568621
                0.03125   -0.003910023926745981  -0.0002357256069849036   9.236358315732971e-29       299.8184281967772
            0.031640625   -0.003776289235251732  -0.0002457832430852787                       0       299.8224867629143
             0.03203125   -0.003645835873624942  -0.0002539686188310627                       0       299.8265479380304
            0.032421875   -0.003517903204470093  -0.0002607979009979816                       0       299.8306067335647
    0.03281249999999999   -0.003391650996963279  -0.0002667231207789966                       0       299.8346639427176
            0.033203125   -0.003269664693900145  -0.0002704984062445148                       0        299.838710939972
    0.03359375000000001   -0.003149397855607551  -0.0002734678362259162                       0       299.8427517496019
            0.033984375   -0.003031710214470663  -0.0002752284829811334                       0       299.8467832777852
               0.034375    -0.00291746414183835  -0.0002755017060630381                       0       299.8507989990243
            0.034765625   -0.002804934095416374  -0.0002750653157552905                       0       299.8548061435103
             0.03515625   -0.002695826585331171  -0.0002732778955622465                       0       299.8587947879287
    0.03554687499999999   -0.002589256796885612   -0.000270585725353366                       0       299.8627680540222
              0.0359375   -0.002484378822866503   -0.000267290388467264                       0       299.8667310679025
            0.036328125   -0.002383659054187383  -0.0002626738844409554                       0       299.8706667317695
    0.03671875000000001   -0.002284565784337259  -0.0002576042926691933                       0       299.8745910490488
    0.03710937500000001   -0.002187912262730643  -0.0002518550692792522                       0       299.8784983464484
    0.03750000000000001   -0.002094423269659599  -0.0002453487369062749                       0       299.8823826303695
    0.03789062500000001   -0.002002491084478026  -0.0002385000118192498                       0       299.8862554332084
             0.03828125    -0.00191362160231863  -0.0002310388248590524                       0       299.8901053251736
            0.038671875   -0.001826963878971559  -0.0002232216723822934                       0       299.8939383769912
              0.0390625   -0.001741780661499405  -0.0002151672095611645                       0       299.8977602020505
    0.03945312500000001   -0.001660128550066965  -0.0002066807204456993                       0       299.9015548944334
    0.03984375000000001   -0.001579822281132822  -0.0001980806586317997                       0       299.9053392224636
            0.040234375   -0.001501534775946098  -0.0001893102377702446                       0       299.9091080039599
    0.04062500000000001   -0.001425797970533014  -0.0001804192894970247                       0        299.912857209758
            0.041015625      -0.001351299623438  -0.0001714915189623478                       0       299.9165969477305
    0.04140625000000001   -0.001279204409841939  -0.0001625369867935479                       0       299.9203183901639
            0.041796875   -0.001208796771090689  -0.0001536225663409561                       0       299.9240271347933
              0.0421875   -0.001139514182235992  -0.0001447348870325044                       0       299.9277274142236
            0.042578125    -0.00107284736211341  -0.0001359970101989977                       0       299.9314082984195
             0.04296875   -0.001007146338415222  -0.0001273452543861513   1.450094625118782e-30       299.9350821412906
            0.043359375  -0.0009428940093536064  -0.0001188226801042934   5.075331187917448e-30       299.9387454221696
                0.04375  -0.0008804095212428135  -0.0001105109777202377   2.662665070473116e-30       299.9423960492946
            0.044140625  -0.0008187675080818273  -0.0001023110339467602  -4.156673146041209e-31       299.9460407010067
             0.04453125  -0.0007587275537692363  -9.434725271779135e-05  -1.187620898864795e-31         299.94967410482
            0.044921875  -0.0006997637281274164  -8.657004353350008e-05                       0       299.9533000998136
    0.04531250000000001  -0.0006415173215994475  -7.891721571232744e-05                       0       299.9569211555973
            0.045703125  -0.0005848542464057623  -7.157628161356665e-05                       0        299.960531518833
             0.04609375  -0.0005287401331479915  -6.435506350381919e-05                       0        299.964138242449
            0.046484375  -0.0004734494627940796  -5.731341937759003e-05                       0       299.9677395066307
               0.046875  -0.0004190876963802235  -5.049144884164601e-05                       0       299.9713347159196
    0.04726562500000001  -0.0003651481078429241  -4.377227787318222e-05                       0        299.974927191811
             0.04765625  -0.0003119683268719034  -3.724463158436723e-05                       0       299.9785147890728
            0.048046875  -0.0002592316159162639  -3.083426558926705e-05                       0       299.9820995772861
              0.0484375  -0.0002067902849708822  -2.450208645664383e-05                       0       299.9856824928038
            0.048828125   -0.000154876230469783   -1.83145228679992e-05                       0       299.9892620984249
             0.04921875  -0.0001030886751906774  -1.216246740315348e-05                       0       299.9928409154568
            0.049609375  -5.149086874455838e-05  -6.063674124005728e-06                       0       299.9964185495998
                   0.05   2.267656872912377e-08   1.119346653129206e-08                       0       299.9999956607469
    0.05039062500000001   5.153626783414769e-05   6.086072678018643e-06  -4.150099560832281e-30       300.0035727725413
             0.05078125   0.0001031343040409184   1.218492406191769e-05  -2.490059736499306e-29       300.0071504099214
    0.05117187500000001   0.0001549222264571575   1.833707150359244e-05  -4.476359335394394e-29       300.0107292321338
    0.05156250000000001   0.0002068367396797124    2.45247496504514e-05  -6.403492146608685e-29       300.0143088442447
    0.05195312500000001   0.0002592787566668356   3.085709629998766e-05   -2.40130955497811e-29       300.0178917694981
             0.05234375   0.0003120162436150453   3.726764893536132e-05                       0       300.0214765687648
            0.052734375   0.0003651969355049075   4.379551054949383e-05                       0       300.0250641790701
    0.05312500000000001   0.0004191376122974694   5.051492964312988e-05  -8.164706337149612e-29       300.0286566706901
            0.053515625   0.0004735005548465474   5.733716301675569e-05  -1.653223103126603e-28       300.0322518970433
    0.05390625000000001   0.0005287925755190226   6.437909603084128e-05  -1.754632281610612e-28        300.035853181025
    0.05429687500000001   0.0005849081669505359   7.160061654774247e-05  -1.121997470627558e-28       300.0394599264959
              0.0546875    0.000641572805554784   7.894186206652587e-05                       0       300.0430703129826
    0.05507812500000001   0.0006998209833247089   8.659501230689622e-05                       0       300.0466913955344
             0.05546875   0.0007587866610190161   9.437254312663648e-05                       0       300.0503174187287
            0.055859375   0.0008188285885999177   0.0001023366448154343                       0       300.0539508528936
                0.05625   0.0008804727316353568   0.0001105368960404962                       0       300.0575955378736
            0.056640625   0.0009429594265996661   0.0001188488962682847                       0       300.0612461997184
    0.05703125000000001    0.001007214113825092   0.0001273717429707373                       0       300.0649095182736
            0.057421875    0.001072917605072376   0.0001360237421758711                       0       300.0685834010565
              0.0578125    0.001139586965667581   0.0001447618430494608                       0       300.0722643266611
    0.05820312500000001     0.00120887227041301   0.0001536496804805783                       0       300.0759646512308
    0.05859375000000001     0.00127928269250687   0.0001625642253706987  -9.221455737415789e-30       300.0796734425016
    0.05898437500000002    0.001351380790623383   0.0001715188314493246  -3.227509508095583e-29       300.0833949338244
    0.05937500000000001    0.001425882151946608   0.0001804465934380109  -4.147675978611001e-29       300.0871347236555
            0.059765625    0.001501622035243611   0.0001893374880965287  -4.030923454473569e-29       300.0908839827609
             0.06015625    0.001579912743229211   0.0001981077575243362  -1.151692415563865e-29       300.0946528204926
            0.060546875    0.001660222305488533   0.0002067075829532984   1.237177895833866e-29       300.0984372068823
    0.06093750000000001    0.001741877770597041    0.000215193779049702   3.299141055557441e-29       300.1022319590507
            0.061328125    0.001827064488312049   0.0002232477881096347   1.699493107019696e-28       300.1060538472722
             0.06171875    0.001913725769283545   0.0002310644150383051   2.773356580928488e-28       300.1098869635409
            0.062109375    0.002002598895139761   0.0002385249687700801   3.403646763504556e-28       300.1137369218774
                 0.0625    0.002094534837440543   0.0002453729026601635   1.764852400009774e-28       300.1176097934359
    0.06289062500000001    0.002188027644340517   0.0002518783614639541                       0       300.1214941471998
             0.06328125    0.002284685093192579   0.0002576265397642547                       0       300.1254015165506
    0.06367187499999999    0.002383782376474492   0.0002626949484713862                       0       300.1293259071588
    0.06406250000000002    0.002484506216043056   0.0002673101774497465                       0       300.1332616452808
            0.064453125    0.002589388408531806   0.0002706039954971425                       0       300.1372247352407
    0.06484375000000001    0.002695962476933897   0.0002732945446509668                       0       300.1411980779796
    0.06523437500000001    0.002805074359205821   0.0002750801904644154                       0       300.1451867998664
               0.065625    0.002917608907523793   0.0002755145945091055                       0       300.1491940224886
    0.06601562499999999    0.003031859549049215   0.0002752392779183868                       0       300.1532098220802
             0.06640625    0.003149551897358435   0.0002734763205547943                       0        300.157241428817
    0.06679687500000001    0.003269823554289902    0.000270504415120577                       0       300.1612823167655
    0.06718749999999998    0.003391814750303018   0.0002667265443059563                       0       300.1653293922029
            0.067578125    0.003518072051502253   0.0002607984645637049                       0       300.1693866784757
    0.06796875000000001    0.003646009901327677    0.000253966214167259                       0       300.1734455504668
            0.068359375    0.003776468574092074    0.000245777707789498                       0       300.1775068010083
    0.06875000000000001    0.003910208765093065   0.0002357167309569721                       0       300.1815654406798
    0.06914062500000001     0.00404556226755321    0.000224710461432061                       0       300.1856211412739
             0.06953125    0.004184087497613824   0.0002117954915923942                       0       300.1896676964627
    0.06992187500000002    0.004324884501002018    0.000197445456926773                       0       300.1937019744778
              0.0703125    0.004467196019941906   0.0001821387123771858                       0       300.1977280677106
    0.07070312500000001    0.004613070542932713   0.0001644777354211663                       0       300.2017239249381
             0.07109375    0.004760261283224789   0.0001459088299521772                       0       300.2057035439752
    0.07148437499999999    0.004909426349468858   0.0001259780317137333                       0       300.2096588057314
    0.07187499999999999    0.005060962707180464   0.0001043385038639796                       0       300.2135729925372
            0.072265625    0.005213607562229602   8.188162467309781e-05                       0        300.217464460514
    0.07265625000000001    0.005368315115160878   5.786406972899202e-05                       0       300.2213061280949
    0.07304687500000001    0.005524299132312557   3.281805885218754e-05                       0       300.2251039595307
              0.0734375    0.005681134125611295   7.086410686919461e-06                       0       300.2288725668765
    0.07382812500000001    0.005839574108621179  -2.007165241160886e-05                       0       300.2325576719242
             0.07421875    0.005998415849680199  -4.766570626512483e-05                       0       300.2362054553254
    0.07460937500000001     0.00615786022781276  -7.591374625112746e-05                       0       300.2397972562463
    0.07500000000000001    0.006317559788408116   -0.000104728545937726                       0       300.2433072922348
    0.07539062500000002    0.006477231613914304  -0.0001337424476077048                       0       300.2467748916077
    0.07578125000000002    0.006636537316600389  -0.0001629859975105794                       0       300.2501545094253
            0.076171875    0.006795044318232825  -0.0001921291057111108                       0       300.2534642705297
    0.07656250000000002    0.006953018852496429  -0.0002212052527767521                       0       300.2567274605029
    0.07695312500000001    0.007108687401099853  -0.0002496347597486693                       0       300.2598692246689
    0.07734374999999999    0.007263002078533124   -0.000277607887485812                       0       300.2629610278618
    0.07773437499999999    0.007415285949210962   -0.000304896446370795                       0       300.2659778895848
               0.078125    0.007563915953053829  -0.0003308734960196784                       0       300.2688932638983
    0.07851562500000001    0.007710462306817789  -0.0003560966678728563                       0       300.2717577928654
    0.07890625000000001    0.007852327927102894  -0.0003796158377793953                       0       300.2745204279296
    0.07929687499999999    0.007989856343193763    -0.00040157494300289                       0       300.2772071255536
    0.07968750000000001    0.008124493289822414  -0.0004224940051043873                       0       300.2798431982395
            0.080078125    0.008250440603132868   -0.000440376462725813                       0       300.2823546368895
    0.08046875000000001    0.008372300612304534  -0.0004568883808042051                       0       300.2848173506176
    0.08085937500000001    0.008488029665267877  -0.0004713444895680361                       0       300.2872069769579
    0.08125000000000002    0.008594323275314477  -0.0004827953601527604                       0       300.2895019227983
    0.08164062500000002    0.008695579447291516   -0.000492691885949403                       0       300.2917502969279
             0.08203125    0.008786121309909996  -0.0004993762707730086                       0       300.2939070648181
    0.08242187500000001    0.008867672251049431  -0.0005035458099676998                       0       300.2959975141955
    0.08281250000000001    0.008943229244536157  -0.0005060387854097819                       0       300.2980437512311
    0.08320312499999999     0.00900224873911332  -0.0005042557044374008                       0       300.2999833488442
    0.08359375000000001    0.009054062090257685  -0.0005007678282103172                       0       300.3018817409596
            0.083984375     0.00909506622625284  -0.0004947227591011823                       0       300.3037183248284
    0.08437500000000001     0.00912056508866642  -0.0004853620548615262                       0       300.3054750796332
    0.08476562500000001    0.009138067756298069  -0.0004743880610895157                       0       300.3071924695431
             0.08515625    0.009139090918383571   -0.000460276544318626                       0       300.3088322289371
    0.08554687500000001    0.009127133903022612  -0.0004440077830164232  -3.632512882982433e-28       300.3104151090231
    0.08593750000000001     0.00910652343603088  -0.0004263008586933529  -9.686701021278237e-28        300.311960069577
    0.08632812500000001    0.009063460203389538  -0.0004054241335560683  -9.615182855398504e-28       300.3134119793118
    0.08671875000000001    0.009011184723344782  -0.0003834860543328135   -4.83342076669751e-28       300.3148271946851
    0.08710937500000002    0.008945090872194739  -0.0003599559439805957   7.013707206222703e-28       300.3161873685109
    0.08750000000000002    0.008860318444620255  -0.0003347793927089205   9.251847990809926e-28       300.3174749308282
    0.08789062499999999     0.00876619728175998  -0.0003089113965862921   7.980492783219729e-28       300.3187263353672
    0.08828125000000001    0.008653359754184103  -0.0002819240619794166   2.280140795202004e-28       300.3199057204076
    0.08867187500000002    0.008526618776511587  -0.0002545195155344673                       0       300.3210314703914
    0.08906249999999999    0.008390608832108093  -0.0002268368278641421  -8.609865344427289e-44       300.3221214636742
    0.08945312499999999    0.008231908538881508  -0.0001991861350059934  -4.963249453692209e-28       300.3231227181558
             0.08984375    0.008064419417898228  -0.0001718391279153021  -7.817269336577085e-28        300.324088795871
    0.09023437499999999     0.00788374705527992  -0.0001449476494758047  -7.507444863291337e-28       300.3250021084365
    0.09062500000000001    0.007686233282435666  -0.0001192250651589572  -3.722739984321208e-28       300.3258459111652
    0.09101562499999999    0.007480514340640596  -9.421706568267117e-05  -7.963213583182896e-29        300.326655241414
    0.09140624999999999     0.00725881613326983  -7.089851144599821e-05  -4.777928149910719e-28       300.3273961916462
            0.091796875    0.007025842409951185  -4.919129935891905e-05  -6.163776233947803e-28       300.3280869691325
    0.09218750000000002    0.006785351676000343  -2.855831537156591e-05  -5.819118512951044e-28       300.3287442981103
    0.09257812500000001    0.006527293830828789  -1.108314169355953e-05  -2.182169442356603e-28       300.3293203680341
    0.09296875000000002     0.00626269143027839   4.989654572155055e-06                       0       300.3298651027603
    0.09335937500000001    0.005988272196659521   1.895888471943083e-05                       0       300.3303628346801
                0.09375    0.005701661807499485   2.995992998324487e-05                       0       300.3308007080532
    0.09414062500000001    0.005409151722764906    3.94680320202663e-05                       0       300.3312094780612
    0.09453125000000001    0.005105234011273965    4.59725460335738e-05                       0       300.3315616931825
    0.09492187500000002    0.004793231262431535   5.030109180018252e-05                       0       300.3318743439334
    0.09531249999999999    0.004475838488687709   5.317899206898725e-05                       0       300.3321606184104
            0.095703125    0.004145520048763194   5.273790860759487e-05                       0        300.332386326223
    0.09609375000000001    0.003810147154488458   5.116543161681971e-05                       0       300.3325902005475
            0.096484375    0.003467192578688431   4.789586433197019e-05                       0       300.3327613246398
    0.09687499999999999    0.003114147663487575   4.290123907798987e-05                       0       300.3328940388542
    0.09726562500000001    0.002756011774925041   3.721339848211865e-05                       0       300.3330089745042
             0.09765625    0.002387602332316724   3.047775448781624e-05                       0       300.3330912057742
    0.09804687500000001    0.002011220198587161   2.355716366164074e-05                       0       300.3331535037857
    0.09843750000000001    0.001629522937443524   1.651327494755086e-05                       0       300.3332025129716
    0.09882812499999999    0.001233930209576704   1.040585404158189e-05                       0       300.3332264461948
    0.09921875000000002   0.0008325111582341121   5.204232176299154e-06                       0       300.3332437877069
            0.099609375   0.0004223526216778528   1.361308872046095e-06                       0       300.3332512416088
                    0.1                       0                       0                       0       300.3332527323905
