#              distance                     U_x                     U_y                     U_z                       T
                      0  -2.029754794429075e-18   7.748790269107695e-21                       0       299.7148185849805
  0.0003906250000000001   -0.000115425132425438   4.483557959172269e-07                       0       299.7148185849788
  0.0007812500000000004  -0.0002308502648508773   8.967115918344592e-07                       0       299.7148185849799
   0.001171875000000001  -0.0003462753972763161   1.345067387751689e-06                       0       299.7148185849805
   0.001562500000000001  -0.0004443787110321265   2.992158525490789e-06                       0       299.7148462503104
            0.001953125  -0.0005381515701205325   4.938933498685364e-06                       0       299.7148808319747
   0.002343750000000001  -0.0006319244292089386   6.885708471879945e-06                       0        299.714915413639
   0.002734375000000001  -0.0007256972882973446   8.832483445074522e-06                       0       299.7149499953034
   0.003125000000000001  -0.0008194701473857508    1.07792584182691e-05                       0       299.7149845769677
            0.003515625  -0.0009132430064741568   1.272603339146368e-05                       0       299.7150191586321
             0.00390625  -0.0009989638855845532   1.504391887457916e-05                       0       299.7151241938732
            0.004296875   -0.001072606794727934     1.7918470122576e-05                       0       299.7153349094796
   0.004687500000000001   -0.001146249703871315   2.079302137057285e-05                       0        299.715545625086
   0.005078125000000001   -0.001219892613014696    2.36675726185697e-05                       0       299.7157563406923
   0.005468750000000001   -0.001293535522158077   2.654212386656652e-05                       0       299.7159670562987
   0.005859375000000001   -0.001367178431301458   2.941667511456338e-05                       0        299.716177771905
   0.006250000000000001   -0.001440821340444838   3.229122636256021e-05                       0       299.7163884875113
   0.006640625000000001   -0.001495992748413575   3.545741014203249e-05                       0       299.7168794155911
   0.007031250000000001   -0.001551164156382311   3.862359392150477e-05                       0       299.7173703436711
   0.007421875000000001   -0.001606335564351047   4.178977770097705e-05                       0        299.717861271751
   0.007812500000000002   -0.001661506972319784   4.495596148044935e-05                       0       299.7183521998309
            0.008203125    -0.00171667838028852   4.812214525992162e-05                       0       299.7188431279109
   0.008593750000000002   -0.001771849788257256   5.128832903939388e-05                       0       299.7193340559908
   0.008984375000000003   -0.001817045350941922   5.433955795178933e-05                       0       299.7200332349439
   0.009375000000000001   -0.001855590350103875   5.731415028613351e-05                       0       299.7208712478123
            0.009765625   -0.001894135349265828   6.028874262047769e-05                       0       299.7217092606807
             0.01015625   -0.001932680348427781   6.326333495482194e-05                       0       299.7225472735493
            0.010546875   -0.001971225347589733    6.62379272891661e-05                       0       299.7233852864177
              0.0109375   -0.002009770346751686   6.921251962351028e-05                       0        299.724223299286
            0.011328125   -0.002045386180408996    7.20963115768393e-05                       0       299.7251372939885
             0.01171875   -0.002069285352047737   7.461690200610763e-05                       0       299.7263552160272
            0.012109375   -0.002093184523686479   7.713749243537601e-05                       0       299.7275731380658
                 0.0125   -0.002117083695325221   7.965808286464437e-05                       0       299.7287910601045
            0.012890625   -0.002140982866963964    8.21786732939128e-05                       0       299.7300089821434
             0.01328125   -0.002164882038602706   8.469926372318113e-05                       0       299.7312269041821
            0.013671875   -0.002188781210241447   8.721985415244951e-05                       0       299.7324448262208
              0.0140625   -0.002202583886925941   8.927566551578318e-05                       0       299.7339695310648
            0.014453125   -0.002213862439871872   9.121528211263321e-05                       0       299.7355709316101
             0.01484375   -0.002225140992817802   9.315489870948324e-05                       0       299.7371723321555
            0.015234375   -0.002236419545763733   9.509451530633324e-05                       0       299.7387737327008
               0.015625   -0.002247698098709663   9.703413190318319e-05                       0       299.7403751332462
    0.01601562500000001   -0.002258976651655604   9.897374850003363e-05                       0       299.7419765337929
             0.01640625   -0.002265996936945652   0.0001006705840515512                       0       299.7437233735042
            0.016796875   -0.002266629820751902   0.0001020032480350712                       0       299.7456883719681
              0.0171875   -0.002267262704558153   0.0001033359120185912                       0        299.747653370432
            0.017578125   -0.002267895588364403   0.0001046685760021113                       0        299.749618368896
    0.01796875000000001   -0.002268528472170654   0.0001060012399856313                       0       299.7515833673598
            0.018359375   -0.002269161355976922   0.0001073339039691521                       0       299.7535483658261
                0.01875   -0.002269794239783158   0.0001086665679526714                       0        299.755513364288
            0.019140625    -0.00226162889535204   0.0001094276925365559                       0         299.75780500118
             0.01953125   -0.002253463550920915   0.0001101888171204401                       0       299.7600966380712
    0.01992187500000001   -0.002245298206489795   0.0001109499417043246                       0       299.7623882749631
              0.0203125   -0.002237132862058682   0.0001117110662882093                       0       299.7646799118558
    0.02070312500000001   -0.002228967517627583   0.0001124721908720949                       0       299.7669715487503
             0.02109375   -0.002220802173196446   0.0001132333154559785                       0       299.7692631856398
            0.021484375   -0.002208359925014124   0.0001136886141456163                       0       299.7717222497499
    0.02187500000000001    -0.00219306640766433   0.0001139400289057559                       0       299.7742929320048
            0.022265625   -0.002177772890314543   0.0001141914436658961                       0       299.7768636142607
             0.02265625   -0.002162479372964756   0.0001144428584260363                       0       299.7794342965167
            0.023046875   -0.002147185855614969   0.0001146942731861763                       0       299.7820049787725
              0.0234375   -0.002131892338265183   0.0001149456879463163                       0       299.7845756610284
            0.023828125   -0.002115467081913978   0.0001151078146050134                       0       299.7871917042175
             0.02421875   -0.002094514869557101   0.0001149127888579385                       0       299.7899891911393
            0.024609375   -0.002073562657200225   0.0001147177631108637                       0        299.792786678061
                  0.025   -0.002052610444843349   0.0001145227373637889                       0       299.7955841649828
            0.025390625   -0.002031658232486472   0.0001143277116167139                       0       299.7983816519044
    0.02578125000000001   -0.002010706020129598   0.0001141326858696392                       0       299.8011791388266
            0.026171875    -0.00198975380777274   0.0001139376601225654                       0        299.803976625751
              0.0265625   -0.001965287128478042   0.0001134262043868483                       0       299.8069140924509
            0.026953125   -0.001939941832448903   0.0001128356411539713                       0       299.8098865540975
             0.02734375    -0.00191459653641977   0.0001122450779210948                       0       299.8128590157448
    0.02773437500000001   -0.001889251240390637   0.0001116545146882183                       0       299.8158314773924
               0.028125   -0.001863905944361503   0.0001110639514553417                       0       299.8188039390397
            0.028515625    -0.00183856064833237   0.0001104733882224652                       0       299.8217764006871
             0.02890625   -0.001811886129149302   0.0001097384477310849                       0       299.8247998165708
            0.029296875   -0.001783217775235332   0.0001087869413519491                       0       299.8278996638089
              0.0296875   -0.001754549421321361   0.0001078354349728132                       0       299.8309995110469
            0.030078125   -0.001725881067407391   0.0001068839285936773                       0        299.834099358285
             0.03046875   -0.001697212713493423   0.0001059324222145414                       0       299.8371992055236
            0.030859375   -0.001668544359579449   0.0001049809158354053                       0        299.840299052761
                0.03125   -0.001639876005665483   0.0001040294094562697                       0       299.8433988999999
    0.03164062500000001   -0.001608772126201672    0.000102738433679888                       0       299.8465852929193
    0.03203125000000001   -0.001577668246737867   0.0001014474579035067                       0       299.8497716858395
            0.032421875   -0.001546564367274062   0.0001001564821271254                       0       299.8529580787596
              0.0328125   -0.001515460487810256   9.886550635074396e-05                       0       299.8561444716799
            0.033203125   -0.001484356608346455   9.757453057436267e-05                       0        299.859330864601
             0.03359375   -0.001453252728882652   9.628355479798145e-05                       0       299.8625172575217
    0.03398437500000001   -0.001421118985747984   9.479817940616199e-05                       0       299.8657358893238
               0.034375   -0.001388298666832757   9.318320427071804e-05                       0       299.8689760137164
    0.03476562500000001   -0.001355478347917528   9.156822913527402e-05                       0       299.8722161381089
    0.03515625000000001   -0.001322658029002312   8.995325399983088e-05                       0       299.8754562625046
    0.03554687500000001   -0.001289837710087075   8.833827886438622e-05                       0       299.8786963868951
              0.0359375   -0.001257017391171843   8.672330372894242e-05                       0       299.8819365112867
            0.036328125   -0.001223966700252283   8.504704813261741e-05                       0       299.8851824750721
    0.03671874999999999   -0.001189994521315398   8.312567069276786e-05                       0       299.8884517964281
            0.037109375   -0.001156022342378512   8.120429325291855e-05                       0       299.8917211177842
    0.03750000000000001   -0.001122050163441626   7.928291581306922e-05                       0       299.8949904391404
            0.037890625    -0.00108807798450474   7.736153837321989e-05                       0       299.8982597604965
             0.03828125   -0.001054105805567855   7.544016093337053e-05                       0       299.9015290818526
            0.038671875   -0.001020133626630974   7.351878349352155e-05                       0       299.9047984032103
              0.0390625  -0.0009855797382441777   7.137361622309128e-05                       0       299.9080776702643
    0.03945312500000001   -0.000950880422494909    6.91725014950162e-05                       0       299.9113594237446
             0.03984375  -0.0009161811067456418   6.697138676694121e-05                       0       299.9146411772251
    0.04023437500000001  -0.0008814817909963735    6.47702720388659e-05                       0       299.9179229307056
    0.04062500000000001  -0.0008467824752471048   6.256915731079101e-05                       0       299.9212046841857
            0.041015625  -0.0008120831594978413    6.03680425827162e-05                       0       299.9244864376676
    0.04140625000000001  -0.0007772137126732837   5.807108492447038e-05                       0       299.9277691563526
    0.04179687500000001  -0.0007420890692358061   5.563036287096937e-05                       0       299.9310533228498
              0.0421875  -0.0007069644257983208   5.318964081746808e-05                       0       299.9343374893435
    0.04257812499999999    -0.00067183978236084   5.074891876396654e-05                       0        299.937621655839
             0.04296875  -0.0006367151389233579   4.830819671046528e-05                       0       299.9409058223345
    0.04335937500000001  -0.0006015904954858757   4.586747465696403e-05                       0         299.94418998883
    0.04375000000000001  -0.0005664658520483954    4.34267526034626e-05                       0       299.9474741553263
            0.044140625  -0.0005311154172015012   4.080131362130157e-05                       0       299.9507561301159
             0.04453125  -0.0004957649823546082    3.81758746391403e-05                       0       299.9540381049063
            0.044921875  -0.0004604145475077151   3.555043565697905e-05                       0       299.9573200796967
    0.04531250000000001  -0.0004250641126608212   3.292499667481772e-05                       0       299.9606020544871
            0.045703125  -0.0003897136778139279   3.029955769265644e-05                       0       299.9638840292774
             0.04609375  -0.0003543632429670345   2.767411871049515e-05                       0       299.9671660040678
            0.046484375  -0.0003189506870511278   2.497861032118663e-05                       0       299.9704462555045
               0.046875  -0.0002834967170892121   2.223638899377993e-05                       0       299.9737253580386
    0.04726562500000001  -0.0002480427471272957   1.949416766637318e-05                       0       299.9770044605727
             0.04765625    -0.00021258877716538   1.675194633896647e-05                       0       299.9802835631067
            0.048046875  -0.0001771348072034643   1.400972501155974e-05                       0       299.9835626656408
              0.0484375  -0.0001416808372415486   1.126750368415302e-05                       0       299.9868417681749
            0.048828125  -0.0001062209608869825   8.517288231121074e-06                       0       299.9901206335233
    0.04921875000000001  -7.073745896181366e-05   5.735096275588215e-06                       0       299.9933985501289
            0.049609375  -3.525395703664549e-05   2.952904320055408e-06                       0       299.9966764667346
    0.05000000000000001   2.295448885226807e-07   1.707123645226005e-07                       0       299.9999543833418
    0.05039062500000001   3.571304681369308e-05  -2.611479591010674e-06                       0       300.0032322999475
             0.05078125   7.119654873886092e-05  -5.393671546543749e-06                       0       300.0065102165514
    0.05117187500000001   0.0001066800506640307  -8.175863502076973e-06                       0       300.0097881331571
              0.0515625   0.0001421410951734161  -1.092608038737941e-05                       0       300.0130670810771
    0.05195312500000001   0.0001775965253288582  -1.366830350512438e-05                       0       300.0163462868273
    0.05234375000000001   0.0002130519554842978  -1.641052662286915e-05                       0       300.0196254925742
            0.052734375   0.0002485073856397377  -1.915274974061402e-05                       0       300.0229046983229
    0.05312500000000001   0.0002839628157951817  -2.189497285835924e-05                       0       300.0261839040732
    0.05351562500000001   0.0003194182459506225  -2.463719597610421e-05                       0       300.0294631098217
             0.05390625   0.0003548328193058087  -2.733272209790295e-05                       0       300.0327435040578
    0.05429687500000001   0.0003901861074606152  -2.995820272578252e-05                       0       300.0360256810252
    0.05468750000000001   0.0004255393956154211  -3.258368335366205e-05                       0       300.0393078579926
    0.05507812500000001   0.0004608926837702257  -3.520916398154146e-05                       0       300.0425900349583
             0.05546875   0.0004962459719250309   -3.78346446094209e-05                       0       300.0458722119257
            0.055859375   0.0005315992600798368  -4.046012523730038e-05                       0       300.0491543888931
                0.05625   0.0005669525482346425  -4.308560586517986e-05                       0       300.0524365658605
            0.056640625   0.0006020813081120135  -4.552648199848504e-05                       0       300.0557210250959
    0.05703125000000001   0.0006372100679893852  -4.796735813179027e-05                       0       300.0590054843314
    0.05742187500000001   0.0006723388278667568  -5.040823426509549e-05                       0       300.0622899435669
    0.05781250000000002   0.0007074675877441336  -5.284911039840143e-05                       0       300.0655744028043
    0.05820312499999999   0.0007425963476214971  -5.528998653170595e-05                       0       300.0688588620376
             0.05859375   0.0007777251074988686   -5.77308626650113e-05                       0       300.0721433212731
    0.05898437500000001   0.0008125993171021073  -6.002810194898449e-05                       0       300.0754263796477
    0.05937500000000001   0.0008473038265225906  -6.222958333340293e-05                       0        300.078708504115
            0.059765625   0.0008820083359430727  -6.443106471782128e-05                       0       300.0819906285823
    0.06015625000000001   0.0009167128453635568  -6.663254610224007e-05                       0       300.0852727530499
    0.06054687500000001   0.0009514173547840387  -6.883402748665823e-05                       0       300.0885548775169
    0.06093750000000001   0.0009861218642045213  -7.103550887107641e-05                       0       300.0918370019843
            0.061328125    0.001020681114820997  -7.318110886799347e-05                       0       300.0951166525128
             0.06171875    0.001054659330221447  -7.510318331490366e-05                       0       300.0983864072859
    0.06210937499999999    0.001088637545621896  -7.702525776181379e-05                       0       300.1016561620592
                 0.0625    0.001122615761022352  -7.894733220872448e-05                       0        300.104925916834
    0.06289062500000002    0.001156593976422797  -8.086940665563441e-05                       0       300.1081956716056
    0.06328125000000001     0.00119057219182325  -8.279148110254508e-05                       0       300.1114654263798
    0.06367187500000002    0.001224550407223696    -8.4713555549455e-05                       0        300.114735181152
    0.06406250000000001    0.001257607586425892  -8.639087089619668e-05                       0       300.1179816133719
            0.064453125    0.001290434506578525  -8.800699646789619e-05                       0       300.1212222149534
    0.06484375000000001    0.001323261426731158  -8.962312203959576e-05                       0       300.1244628165349
            0.065234375    0.001356088346883791  -9.123924761129534e-05                       0       300.1277034181164
    0.06562500000000002    0.001388915267036426  -9.285537318299509e-05                       0       300.1309440196979
    0.06601562500000002    0.001421742187189066  -9.447149875469523e-05                       0       300.1341846212807
             0.06640625    0.001453882628913701  -9.595825175696172e-05                       0        300.137403739562
    0.06679687500000001     0.00148499335299636  -9.725094590507983e-05                       0       300.1405906328959
              0.0671875    0.001516104077079019  -9.854364005319824e-05                       0       300.1437775262304
    0.06757812500000002    0.001547214801161676  -9.983633420131629e-05                       0       300.1469644195639
    0.06796874999999999    0.001578325525244332  -0.0001011290283494341                       0       300.1501513128979
            0.068359375    0.001609436249326991  -0.0001024217224975523                       0        300.153338206232
    0.06875000000000001    0.001640546973409659  -0.0001037144166456711                       0       300.1565250995678
    0.06914062499999998    0.001669222045148903  -0.0001046683009086771                       0       300.1596254492674
             0.06953125    0.001697897116888159  -0.0001056221851716837                       0       300.1627257989689
    0.06992187500000001    0.001726572188627415  -0.0001065760694346904                       0       300.1658261486703
              0.0703125    0.001755247260366679  -0.0001075299536976975                       0       300.1689264983734
    0.07070312500000001    0.001783922332105923  -0.0001084838379607035                       0       300.1720268480732
             0.07109375    0.001812597403845177  -0.0001094377222237101                       0       300.1751271977746
    0.07148437500000002    0.001839278307645763  -0.0001101754693278387                       0       300.1781511051784
    0.07187500000000002    0.001864629766153902  -0.0001107691249927154                       0       300.1811240510503
            0.072265625     0.00188998122466204  -0.0001113627806575919                       0       300.1840969969223
    0.07265625000000001    0.001915332683170178  -0.0001119564363224685                       0       300.1870699427941
    0.07304687499999998    0.001940684141678315  -0.0001125500919873451                       0        300.190042888666
              0.0734375    0.001966035600186454  -0.0001131437476522216                       0        300.193015834538
    0.07382812499999999    0.001990508231544547   -0.000113658440106243                       0       300.1959537782632
             0.07421875    0.002011465554302459  -0.0001138572797168431                       0       300.1987517134017
    0.07460937500000001     0.00203242287706037  -0.0001140561193274434                       0       300.2015496485403
    0.07500000000000001    0.002053380199818292  -0.0001142549589380441                       0       300.2043475836805
            0.075390625    0.002074337522576193  -0.0001144537985486438                       0       300.2071455188174
    0.07578125000000001    0.002095294845334112  -0.0001146526381592444                       0        300.209943453957
            0.076171875    0.002116252168092039  -0.0001148514777698454                       0       300.2127413890977
    0.07656249999999999     0.00213268123792431  -0.0001146937022852908                       0       300.2153578407138
            0.076953125    0.002147978244525199  -0.0001144467730269489                       0       300.2179289214531
    0.07734374999999999    0.002163275251126088  -0.0001141998437686071                       0       300.2205000021925
    0.07773437500000002     0.00217857225772698  -0.0001139529145102658                       0       300.2230710829321
               0.078125    0.002193869264327873  -0.0001137059852519243                       0       300.2256421636721
    0.07851562500000001    0.002209166270928756   -0.000113459055993582                       0       300.2282132444107
    0.07890625000000001     0.00222161110628843  -0.0001130084669888893   -3.09245698894601e-27       300.2306726836904
    0.07929687499999999    0.002229777684786281  -0.0001122523883646697  -1.082359946131075e-26       300.2329646607808
    0.07968749999999999    0.002237944263284132    -0.00011149630974045  -1.855474193367604e-26       300.2352566378712
            0.080078125    0.002246110841781983  -0.0001107402311162306   -2.62858844060416e-26       300.2375486149616
    0.08046875000000001    0.002254277420279835   -0.000109984152492011   -3.40170268784069e-26        300.239840592052
    0.08085937500000002    0.002262443998777686  -0.0001092280738677914  -4.174816935077247e-26       300.2421325691425
    0.08124999999999999    0.002270610577275563   -0.000108471995243573  -4.947931182313806e-26       300.2444245462364
    0.08164062500000001    0.002269975995609531   -0.000107144764467228  -4.826824123211788e-26       300.2463898237002
             0.08203125    0.002269341413943526  -0.0001058175336908843  -4.705717064109827e-26       300.2483551011675
    0.08242187500000001     0.00226870683227752  -0.0001044903029145404   -4.58461000500786e-26       300.2503203786347
    0.08281250000000001    0.002268072250611514  -0.0001031630721381966  -4.463502945905893e-26        300.252285656102
            0.083203125    0.002267437668945509  -0.0001018358413618528  -4.342395886803935e-26       300.2542509335694
    0.08359375000000001    0.002266803087279514  -0.0001005086105855094  -4.221288827701989e-26        300.256216211038
            0.083984375    0.002259778934579176  -9.881730143202937e-05  -3.842584457221472e-26       300.2579632944528
    0.08437500000000001    0.002248495067855969  -9.688327336045921e-05  -3.292148545821926e-26       300.2595649151686
    0.08476562500000001    0.002237211201132762  -9.494924528888904e-05   -2.74171263442238e-26       300.2611665358844
             0.08515625    0.002225927334409555  -9.301521721731895e-05  -2.191276723022861e-26          300.2627681566
    0.08554687500000001    0.002214643467686353   -9.10811891457491e-05  -1.640840811623298e-26       300.2643697773163
              0.0859375     0.00220335960096315  -8.914716107417917e-05  -1.090404900223782e-26       300.2659713980326
    0.08632812500000001     0.00218955075726688  -8.709691253398863e-05  -6.477611762560908e-27       300.2674963125658
    0.08671875000000001    0.002165642005678329  -8.458178211931538e-05  -6.362862020159029e-27       300.2687144023653
    0.08710937499999999     0.00214173325408979  -8.206665170464279e-05  -6.248112277757173e-27       300.2699324921666
    0.08749999999999999    0.002117824502501251  -7.955152128996998e-05  -6.133362535355308e-27       300.2711505819677
    0.08789062499999999    0.002093915750912712  -7.703639087529735e-05  -6.018612792953354e-27       300.2723686717689
    0.08828124999999999    0.002070006999324173   -7.45212604606246e-05  -5.903863050551498e-27       300.2735867615701
    0.08867187500000001    0.002046098247735632  -7.200613004595174e-05  -5.789113308149638e-27       300.2748048513713
    0.08906249999999999    0.002010468955285352  -6.912743565592124e-05  -4.440937663436854e-27       300.2757189787893
    0.08945312499999999    0.001971909527619633  -6.615785027205107e-05  -2.784405543146207e-27       300.2765571156115
    0.08984374999999999    0.001933350099953916  -6.318826488818102e-05  -1.127873422855618e-27       300.2773952524337
    0.09023437500000001    0.001894790672288197  -6.021867950431082e-05   5.286586974354629e-28       300.2782333892561
    0.09062500000000001    0.001856231244622478  -5.724909412044067e-05   2.185190817726145e-27       300.2790715260783
            0.091015625    0.001817671816956761  -5.427950873657063e-05    3.84172293801677e-27       300.2799096629006
    0.09140625000000001    0.001772459685870155  -5.123296808280535e-05   4.771006281130622e-27       300.2806089516741
            0.091796875    0.001717268499652216  -4.807099452419748e-05   4.609416458479009e-27       300.2810999683746
    0.09218750000000001    0.001662077313434276  -4.490902096558949e-05   4.447826635827392e-27       300.2815909850751
    0.09257812500000001    0.001606886127216335  -4.174704740698151e-05   4.286236813175678e-27       300.2820820017756
    0.09296874999999999    0.001551694940998398   -3.85850738483737e-05   4.124646990524079e-27       300.2825730184761
    0.09335937500000001    0.001496503754780455  -3.542310028976556e-05   3.963057167872463e-27       300.2830640351767
    0.09374999999999999    0.001441312568562518  -3.226112673115776e-05   3.801467345220862e-27       300.2835550518772
    0.09414062500000001    0.001367644090205507  -2.938968776888252e-05   3.207488072530088e-27       300.2837658267443
    0.09453125000000001    0.001293975611848498  -2.651824880660739e-05   2.613508799839335e-27       300.2839766016114
            0.094921875    0.001220307133491491  -2.364680984433235e-05   2.019529527148604e-27       300.2841873764784
    0.09531250000000001    0.001146638655134482  -2.077537088205722e-05    1.42555025445781e-27       300.2843981513455
            0.095703125    0.001072970176777479  -1.790393191978222e-05   8.315709817670643e-28       300.2846089262135
    0.09609375000000002   0.0009993016984204686  -1.503249295750701e-05    2.37591709076277e-28       300.2848197010811
    0.09648437500000001    0.000913551489236703  -1.271665928698385e-05                       0       300.2849247788649
               0.096875   0.0008197467928351066  -1.077122914429532e-05                       0       300.2849593919287
    0.09726562500000002   0.0007259420964335036  -8.825799001606657e-06                       0       300.2849940049924
             0.09765625   0.0006321374000319095  -6.880368858918187e-06                       0       300.2850286180563
    0.09804687500000001   0.0005383327036303074  -4.934938716229539e-06                       0         300.28506323112
    0.09843750000000001   0.0004445280072287069  -2.989508573540901e-06                       0       300.2850978441852
            0.098828125   0.0003463914844757108  -1.343591680678257e-06                       0        300.285125534635
    0.09921875000000001   0.0002309276563171379  -8.957277871188276e-07                       0       300.2851255346349
            0.099609375   0.0001154638281585689  -4.478638935594139e-07                       0        300.285125534635
                    0.1                       0                       0                       0       300.2851255346349
