/*--------------------------------*- C++ -*----------------------------------*\
  =========                 |
  \\      /  F ield         | OpenFOAM: The Open Source CFD Toolbox
   \\    /   O peration     | Website:  https://openfoam.org
    \\  /    A nd           | Version:  13
     \\/     M anipulation  |
\*---------------------------------------------------------------------------*/
FoamFile
{
    format      ascii;
    class       volScalarField;
    location    "1600";
    object      T;
}
// * * * * * * * * * * * * * * * * * * * * * * * * * * * * * * * * * * * * * //

dimensions      [0 0 0 1 0 0 0];

internalField   nonuniform List<scalar> 
1600
(
300.4571594599237
300.3721514188492
300.2894290014773
300.2108788245358
300.1381903204811
300.072553093937
300.0145535792384
299.9642226919326
299.9211652700215
299.884711048266
299.8540493426027
299.8283312041197
299.8067373625492
299.7885175260606
299.7730087398203
299.7596399353229
299.7479282243524
299.7374708274662
299.7279351550633
299.7190485606743
299.7105886150853
299.7023743247511
299.6942584618329
299.6861210266426
299.677863784727
299.6694057831086
299.6606797365578
299.6516291755995
299.6422062586179
299.6323701697924
299.6220860543039
299.6113244861075
299.6000615268255
299.5882795220503
299.5759688947838
299.5631313245541
299.5497848070196
299.5359710726007
299.5217654724361
299.5072882587149
300.4567282498538
300.3707775335028
300.2870125357509
300.2074745008072
300.134010677379
300.0679045274177
300.0097593984487
299.9595646125859
299.9168531856448
299.8808772243708
299.8507579307559
299.825594397684
299.8045322452521
299.7868004962167
299.7717264342951
299.7587367389415
299.7473509584659
299.7371713306402
299.7278713995515
299.7191848127405
299.7108950082586
299.7028260989499
299.6948350346334
299.6868050035885
299.6786399781521
299.6702602876488
299.6615990989433
299.6525996915344
299.6432134259334
299.6333983202089
299.6231181721197
299.6123421983979
299.6010452167535
299.5892084806311
299.5768214016071
299.5638845615459
299.5504146044016
299.5364517306504
299.5220704285362
299.5073934010101
300.4561872976277
300.3690805456419
300.2840524932725
300.2032848665167
300.1288066766461
300.0620370192851
300.0036321547952
299.9535570504613
299.911270272381
299.875929633491
299.846565115652
299.8222005432857
299.8019267187787
299.7849374447679
299.7705409040466
299.758156558143
299.7473046640137
299.7375928596549
299.7287023546352
299.7203750227189
299.7124019579066
299.7046136520995
299.6968717522169
299.6890622695067
299.6810900896489
299.6728746370058
299.664346561833
299.6554453353704
299.6461176495116
299.6363165239725
299.626001027394
299.6151365275184
299.6036954137037
299.5916583031444
299.5790158741458
299.5657716839219
299.551946618894
299.5375859356321
299.5227700514916
299.5076301487629
300.4557169982772
300.3676121072631
300.2814904061998
300.1996282566117
300.1242099765805
300.0567941431568
299.9981136091954
299.9481370885884
299.9062704287367
299.8715886112248
299.8430326856015
299.8195475625946
299.8001629564835
299.7840309516396
299.770435215992
299.7587841078679
299.7485961332044
299.7394829218562
299.7311325340829
299.7232944133638
299.7157664465045
299.7083841546417
299.7010118496852
299.693535536577
299.685857352826
299.6778913726041
299.6695606403014
299.6607953248214
299.6515318938594
299.6417131945294
299.6312892962644
299.6202189154206
299.6084712207413
299.5960278487229
299.5828850799799
299.5690563806708
299.5545759110665
299.5395041112282
299.5239370019098
299.5080213145295
300.4554048651921
300.3666317027278
300.2797598833
300.1971159836955
300.1209983762395
300.0530886708037
299.9942051331074
299.9443438116631
299.902884497415
299.8688414536442
299.8410815630183
299.8184787218995
299.8000044785709
299.7847691530735
299.7720304193494
299.7611835591344
299.7517433045838
299.7433233194907
299.7356165502042
299.7283778841788
299.7214095401932
299.7145491150359
299.7076600179442
299.7006239940106
299.6933354826614
299.6856976251352
299.6776197954431
299.6690165645466
299.6598080064529
299.6499212126964
299.6392928014063
299.6278721042401
299.6156246208323
299.6025352965308
299.5886112700512
299.5738840188124
299.5584113415941
299.5422803462222
299.5256134677809
299.508580383557
300.4552865772931
300.3662413071205
300.2790260597541
300.1959825470685
300.1194819252335
300.0513037891876
299.9923497690155
299.9426591208846
299.9016098398223
299.8681798678937
299.8411817535334
299.8194321979269
299.8018529173258
299.7875166283101
299.7756563513217
299.7656538781381
299.7570187128002
299.7493644688267
299.7423864593482
299.7358421192081
299.7295347070236
299.7233001562586
299.7169967336174
299.7104971495559
299.7036828408488
299.6964402435663
299.6886589573262
299.6802317435125
299.6710562849283
299.6610385532913
299.6500974861614
299.6381704854176
299.6252190580104
299.611233796331
299.5962379329466
299.5802890009535
299.5634787569498
299.5459324739418
299.5278098513377
299.5093107633492
300.4553700870052
300.3664609194513
300.279316920714
300.1962687420294
300.1197241726388
300.0515337819534
299.9926740984417
299.9432366776026
299.9026175832029
299.8697815488583
299.8435077790422
299.8225720405196
299.8058572515711
299.7924049954692
299.7814266183876
299.7722909577724
299.7645012171169
299.7576688654136
299.7514888350494
299.7457179117512
299.7401568412068
299.7346360096071
299.7290043179099
299.7231208653363
299.7168491582873
299.7100536873237
299.702598817807
299.6943499864096
299.6851771626347
299.6749604074232
299.6635971393988
299.6510104253545
299.6371572992971
299.6220358755455
299.6056899809038
299.5882103244002
299.5697319506478
299.5504288771651
299.530508178405
299.5102067447904
300.4556493268514
300.3672699148449
300.2805936967089
300.1979207041697
300.1216652994553
300.0537233210524
299.9951346198964
299.9460471947717
299.9058906844248
299.8736371467338
299.8480526527836
299.8278887310314
299.8120015063707
299.7994089014703
299.7893043383974
299.7810447046713
299.7741260440036
299.7681556427526
299.7628253119582
299.7578880440498
299.753138688978
299.7483985370052
299.7435034244796
299.7382949768364
299.7326147241611
299.7263009763908
299.7191884678616
299.7111108323483
299.7019059179949
299.691423774544
299.6795368377536
299.6661514211185
299.6512191682336
299.6347467362576
299.6168018333657
299.5975139985767
299.5770693219872
299.5556996398906
299.5336682887271
299.5112554288651
300.4561116409373
300.3686289926185
300.2827877122643
300.2008421903187
300.1251888251759
300.0577456542636
299.9996032351771
299.9509668267315
299.9113114083576
299.8796339897856
299.8547060349526
299.835270870382
299.8201697947321
299.8084047679288
299.7991553028897
299.7917675556601
299.7857297141887
299.7806430028449
299.7761935857805
299.7721278459655
299.7682318389994
299.7643148766358
299.7601968859406
299.7556991836931
299.7506384422209
299.744823797911
299.7380571969422
299.7301371320394
299.7208658564901
299.7100599345335
299.6975635868626
299.6832637379354
299.6671050435139
299.6491026148733
299.6293498648723
299.6080191086469
299.5853534256713
299.5616498026334
299.5372353204579
299.5124390956556
300.4567416892249
300.3704915271891
300.2858192039326
300.2049214676019
300.1301567715257
300.0634452432053
300.0059156343525
299.9578291091638
299.9187146605352
299.887609014714
299.8633054850081
299.8445540123793
299.8301924652715
299.8192143679382
299.8107893794942
299.8042542900563
299.799088954077
299.7948869507292
299.7913266717114
299.7881456074899
299.7851188100672
299.7820415868611
299.778716130442
299.7749417727991
299.7705087007961
299.7651951672882
299.7587683998563
299.7509894827832
299.741622411711
299.7304472468622
299.7172767926973
299.7019755245113
299.6844786494218
299.6648084029907
299.6430842008444
299.619523380304
299.5944301975675
299.5681724588576
299.5411471591291
299.5137375820786
300.4575234384853
300.3728092698841
300.2896066268138
300.2100446721675
300.136427566807
300.0706602438988
300.0138977857847
299.9664544734385
299.927919411987
299.8973811046658
299.8736689741631
299.8555529171805
299.8418779512101
299.8316363626906
299.823992002714
299.8182738519196
299.8139532791906
299.810615070537
299.8079282635243
299.8056198351425
299.803452414729
299.801206200974
299.7986648705534
299.7956052358318
299.7917905656003
299.7869677046002
299.7808683255074
299.773214745602
299.7637306673912
299.7521568906003
299.7382714448382
299.7219127095768
299.7030030091667
299.6815691018666
299.6577552483635
299.6318245286973
299.6041450678023
299.5751598027105
299.5453407789414
299.51513032474
300.4584411395037
300.3755350962881
300.2940710329963
300.2161020919023
300.1438646907915
300.079233798704
300.0233798127072
299.976666345524
299.9387465202665
299.908770157345
299.8856148557534
299.8680822486334
299.8550341803004
299.8454685359892
299.8385474276657
299.8335938570577
299.8300709895129
299.8275542130562
299.8257022598014
299.8242306850786
299.8228890736018
299.8214422928592
299.8196556818665
299.8172840164403
299.8140642556069
299.8097123223702
299.8039244091567
299.7963834358954
299.7867712356876
299.7747867062048
299.7601694679008
299.7427274915675
299.7223657843634
299.699111798966
299.673132165984
299.6447351486586
299.6143542823165
299.5825109881371
299.5497568241389
299.516597855827
300.4594797779203
300.3786242378088
300.2991379481216
300.2229908251798
300.1523404494711
300.0890192314135
300.0342027324085
299.9882993643682
299.9510282585996
299.921607753857
299.8989735680196
299.8819692940633
299.869482373308
299.8605227841519
299.8542550432493
299.849998351478
299.8472084622267
299.8454513614752
299.8443751788697
299.8436838327631
299.8431139702976
299.8424156721639
299.8413369219058
299.8396117742806
299.8369523269691
299.8330448792764
299.8275509482804
299.8201140069965
299.8103727977216
299.7979817314285
299.7826380950075
299.7641144952365
299.7422932466629
299.7171975422254
299.6890127482458
299.6580907071388
299.6249310753166
299.5901365263266
299.5543422520482
299.5181226873766
300.4606252568806
300.3820347509458
300.3047380061669
300.2306156250037
300.1617372366766
300.0998819688015
300.0462212020806
300.0012030108734
299.9646128207069
299.935742523147
299.9135938717923
299.8970611286848
299.8850652163816
299.876634383079
299.8709398033864
299.8672994409522
299.8651629666297
299.8640875654064
299.8637110906518
299.86372622774
299.8638574044485
299.8638410672829
299.8634094397788
299.8622777946393
299.860135447565
299.8566409948971
299.8514226650951
299.8440849243229
299.8342225328588
299.821442927853
299.8053969419382
299.7858163474316
299.7625545908347
299.7356246690613
299.7052260423948
299.6717516624219
299.6357674108631
299.5979596596009
299.5590512530113
299.5196896435119
300.4618644448875
300.3857276095221
300.3108069811431
300.2388888545298
300.171947520399
300.1116997215948
300.0593040389666
300.0152425614464
299.9793657646535
299.951042123656
299.9293454265647
299.9132278528996
299.9016508246631
299.8936667249173
299.8884577505157
299.8853435728565
299.8837696302285
299.8832854732211
299.8835195585829
299.8841542573167
299.8849029668664
299.8854900884866
299.8856341000773
299.885033852043
299.8833583957085
299.880241006592
299.8752784847914
299.8680371819094
299.8580673583526
299.8449272088076
299.8282169762174
299.8076218256226
299.7829595698096
299.7542262705776
299.7216299720692
299.685601510401
299.6467725990721
299.6059155532608
299.5638448954459
299.5212857762671
300.463185155907
300.3896666113765
300.3172855302053
300.2477300155595
300.1828731902962
300.1243617437483
300.0733334955846
300.0302984669207
299.9951695653448
299.967393031114
299.9461188727095
299.9303630215963
299.9191335545764
299.9115125214041
299.9066975825643
299.9040134014795
299.9029035019956
299.9029114645612
299.9036576937431
299.9048155662992
299.9060889710325
299.9071921290282
299.9078320310341
299.907693708202
299.9064287396012
299.9036477933066
299.898918499319
299.8917704370645
299.8817093053652
299.868242173099
299.8509147772235
299.8293598683352
299.8033525289272
299.7728645534258
299.7381063262518
299.6995426493934
299.6578701873461
299.6139492340192
299.5686900076604
299.5229000244424
300.4645760945746
300.3938181920466
300.3241187986095
300.2570650747647
300.1944245890517
300.1377676047505
300.0882038337571
300.0462647918122
300.0119219773252
299.9846988776255
299.9638241922736
299.9483820585484
299.9374324818131
299.9300923267833
299.9255791710468
299.9232262229372
299.9224778038358
299.9228736058628
299.9240277009024
299.9256060903737
299.9273048913175
299.9288301545853
299.929879745499
299.9301275800568
299.9292107005724
299.9267201087929
299.9221968642873
299.9151355762501
299.9049978663677
299.8912383542299
299.8733448208198
299.8508920502463
299.8236052537448
299.7914242668072
299.7545549795984
299.7134915850301
299.6689942801739
299.6220130627589
299.57355774416
299.5245227583833
300.4660267822303
300.3981511890788
300.3312559568719
300.2668256958188
300.2065193915133
300.1518257085323
300.1038195041348
300.063047087608
300.0295336381548
300.002877820129
299.9823878713059
299.9672192282604
299.9564881781866
299.9493510908092
299.9450498373755
299.9429299029686
299.9424394276419
299.9431166347152
299.9445712798685
299.946463826549
299.9484844861128
299.9503332004011
299.9517010735774
299.9522536074132
299.9516162862264
299.9493635304334
299.9450127191343
299.9380257534771
299.9278212788398
299.9138008521788
299.8953915415486
299.8721051479557
299.8436101177909
299.809806526672
299.7708885040455
299.7273744433456
299.6800860462536
299.6300642804458
299.5784221547523
299.5261453151011
300.4675274709048
300.4026365764454
300.3386497017036
300.2769484288244
300.2190814159583
300.1664516878068
300.1200931097142
300.0805599271297
300.0479251839977
300.0218592519692
300.0017492216672
299.9868235752695
299.9762582623256
299.9692532977705
299.9650790409606
299.9630970637944
299.9627625679053
299.9636149926233
299.9652620305532
299.967360609832
299.9695969799897
299.9716670318699
299.9732574143349
299.9740278443347
299.9735951970893
299.9715204701392
299.9673004876862
299.9603671444328
299.9500978601548
299.9358413310293
299.9169620310749
299.8929045450014
299.8632741864408
299.8279236169295
299.7870276849699
299.7411232395332
299.6910907860732
299.6380629111231
299.5832589350773
299.5277595848391
300.4690690473851
300.4072471747647
300.346255730653
300.2873738771015
300.2320394075051
300.1815667430995
300.1369432570995
300.0987242390428
300.0670240503028
300.0415800633793
300.0218561031725
300.0071541130516
299.9967120576468
299.9897770885757
299.9856519522855
299.9837180900046
299.983441143489
299.9843646550677
299.9860967014618
299.9882928156029
299.9906372865111
299.9928239886907
299.9945373365342
299.9954337820732
299.9951244593261
299.9931601135108
299.9890203128612
299.9821100398905
299.9717678800635
299.9572907368689
299.9379796120538
299.9132086259788
299.8825143683987
299.8456948314634
299.8028980028255
299.7546729745727
299.701955644166
299.6459701061986
299.5880444227708
299.5293576735621
300.4706429254416
300.4119573315824
300.3540321823082
300.2980458358408
300.2453257988988
300.1970959504907
300.1542923437535
300.1174645169617
300.0867610577742
300.0619805757722
300.0426601958181
300.0281744396619
300.0178245672819
300.0109076152623
300.0067622078341
300.0047933047422
300.0044804185774
300.0053742282176
300.0070858063324
300.0092715588753
300.0116158756237
300.0138126311018
300.0155461397556
300.0164719836353
300.0161983075258
300.0142687317135
300.0101489708358
300.0032205114529
299.9927860871795
299.9780927416059
299.9583781986282
299.9329440017679
299.9012534186428
299.8630431550852
299.8184269014143
299.7679594240328
299.7126278812278
299.653746890338
299.5927548285501
299.5309316409605
300.4722409199082
300.4167425529881
300.3619390124318
300.3089103667308
300.2588754139652
300.2129665127155
300.1720642718395
300.1367059135874
300.1070668150387
300.0830002014638
300.0641118925116
300.0498468684189
300.0395698725885
300.0326297548817
300.0284039972809
300.0263244934456
300.0258880294651
300.0266555490543
300.0282438738608
300.0303126787083
300.0325485892022
300.0346474963574
300.0362956755237
300.0371501061558
300.0368185544929
300.0348405482615
300.0306713784096
300.0236726848484
300.0131148416846
299.9981977845885
299.9780972457462
299.9520413165441
299.9194165159105
299.8798925055661
299.8335415895457
299.7809174107378
299.7230535541384
299.6613532138192
299.5973656545783
299.5324733005305
300.4738550914635
300.4215790526931
300.3699372498817
300.3199147338613
300.2726240278421
300.2291058658816
300.1901820082574
300.1563711541253
300.1278678914402
300.1045728030435
300.0861548064747
300.0721260854569
300.0619139820699
300.0549202224861
300.0505635344838
300.0483058383286
300.0476644922564
300.0482138758924
300.0495794286427
300.0514266150043
300.053446517904
300.0553390797628
300.0567945379308
300.057473408644
300.0569855256423
300.0548692097152
300.0505727054357
300.0434415880181
300.0327177718136
300.0175575788065
299.9970771073422
299.9704314195487
299.936928175384
299.8961652932891
299.8481671477019
299.7934793651922
299.7331764521824
299.6687472087693
299.6018512437618
299.5339740644289
300.4754775466056
300.4264431700676
300.3779880484354
300.3310060831006
300.2865066390285
300.2454394807068
300.2085648266016
300.1763771141392
300.1490826248683
300.1266216438789
300.1087198142782
300.0949522839118
300.0848071060785
300.0777390797302
300.0732099252999
300.0707142890155
300.0697932259388
300.0700377101255
300.0710847482507
300.0726082246851
300.0743059862319
300.075884085119
300.0770386644978
300.0774357794708
300.0766895833228
300.0743398732527
300.0698310888077
300.062496549404
300.0515539039885
300.0361200028044
300.0152546950865
299.9880417667726
299.953709341973
299.9117801344678
299.8622247787806
299.8055740289193
299.7429371717322
299.6758845654331
299.6061844114842
299.5354248175968
300.4771001755399
300.4313106008416
300.3860514320112
300.3421297132977
300.300455257165
300.2618881298619
300.2271249874985
300.1966308223739
300.1706163474527
300.1490537496598
300.1317185011813
300.1182436922518
300.1081753245578
300.1010206510539
300.0962854813966
300.0934994471353
300.0922301886312
300.0920883589294
300.0927255109868
300.0938266505763
300.0950987532927
300.0962560428495
300.0970024343563
300.0970113587249
300.0959033042822
300.0932219626749
300.0884109877667
300.0807951733279
300.069572278538
300.0538243726328
300.0325594121264
300.0047930062229
299.9696745986992
299.9266496377769
299.8756301153939
299.8171252149988
299.7522722548209
299.6827179723973
299.6103361259395
299.5368158100071
300.4787143145774
300.4361553929451
300.3940846383251
300.3532267875906
300.3143959984941
300.2783643684166
300.2457635796683
300.2170246117755
300.1923557798998
300.1717534832478
300.1550358807451
300.1418884490841
300.1319116832108
300.1246639613961
300.1196956625243
300.116573202141
300.114893403541
300.1142895389165
300.1144306428448
300.1150155469236
300.1157627177839
300.1163965610135
300.116630500731
300.1161469622808
300.114574487677
300.1114627433698
300.106257307571
300.0982779991814
300.0867071394093
300.0705971643864
300.0489094135994
300.0205957783671
299.9847295008274
299.9406782552152
299.8882915585683
299.828050591266
299.76111335584
299.6891965912365
299.6142752183892
299.538136560748
300.4803103327038
300.4409486969738
300.4020400216361
300.3642314004739
300.328245353859
300.2947680491531
300.2643653204533
300.2374302231459
300.2141624370117
300.1945752445111
300.1785223947856
300.1657359412231
300.1558669515123
300.148523041144
300.1432990921029
300.1397996427671
300.1376529551511
300.1365176325278
300.1360829826153
300.1360642658773
300.1361936987846
300.1362077342708
300.1358308273759
300.1347557178427
300.1326203450953
300.1289820132669
300.1232905410153
300.1148640542003
300.1028738750978
300.0863483371726
300.0642083189293
300.0353478320857
299.9987681103431
299.953760245604
299.9001086720304
299.8382604915486
299.7693864309907
299.695265557511
299.6179681176458
299.5393757720348
300.481877166862
300.445657335724
300.4098625992227
300.3750670854808
300.3419057022859
300.3109809346568
300.282792380674
300.257691953991
300.2358651952642
300.2173355352516
300.2019855489152
300.1895880921566
300.1798406667459
300.1723978526132
300.1668985127948
300.1629861971361
300.16032246383
300.1585936275075
300.1575117856178
300.1568109868978
300.1562392121209
300.1555465507838
300.1544696781122
300.1527125667969
300.1499234327561
300.1456683831357
300.1394033249743
300.1304476333735
300.1179659930269
300.1009684974438
300.078342581782
300.0489316291047
300.0116708699533
299.9657778545914
299.910970701455
299.84765679507
299.7770109706375
299.7008655181169
299.6213786145202
299.5405212552939
300.483401867117
300.4502423716249
300.4174875259197
300.3856431372695
300.3552605185246
300.3268609205909
300.3008778149176
300.2776195101038
300.2572527723591
300.2398052491563
300.2251821680509
300.2131917167058
300.2035737080031
300.1960271957377
300.1902341289464
300.1858775054038
300.18265356324
300.1802782470132
300.1784885219114
300.1770391632926
300.1756955115604
300.1742224455539
300.1723695791187
300.1698525219254
300.1663300921535
300.1613777998896
300.1544589679807
300.1448967815199
300.1318535374467
300.1143272626904
300.0911798314709
300.0612127085963
300.0233030437223
299.9765998897359
299.9207553475886
299.8561319584426
299.7838993260232
299.7059322366038
299.6244676757364
299.5415598764498
300.4848692561296
300.4546579904414
300.4248380357201
300.3958515072205
300.368170243256
300.3422370308767
300.3184199303199
300.2969820473716
300.2780677458798
300.2617039408451
300.2478131398292
300.2362339074512
300.2267444418632
300.2190856833238
300.2129814420915
300.2081541109129
300.2043354097766
300.2012722088851
300.1987277880042
300.1964789637183
300.1943094179333
300.1919993633035
300.1893114595717
300.1859727381885
300.1816523223004
300.1759351199044
300.1682926593141
300.1580541106987
300.1443835232008
300.1262733474643
300.1025686639179
300.0720392422622
300.0335140980856
299.9860809974221
299.9293280268799
299.8635683642359
299.7899562385505
299.7103963368357
299.6271933509574
299.5424775361445
300.4862618457598
300.4588511487764
300.4318246378905
300.4055654257723
300.38047033723
300.3569070507015
300.3351797612414
300.3155058181524
300.2980047138045
300.2826988074466
300.2695234554181
300.2583432875723
300.2489712523084
300.241187532709
300.2347562211424
300.2294384719343
300.2250015587786
300.2212237616055
300.2178952814199
300.2148154581192
300.2117864929342
300.2086037098736
300.2050421928511
300.2008394871103
300.1956740693013
300.1891396396859
300.180716212257
300.1697407697911
300.1553831783459
300.1366371440979
300.1123406272911
300.0812434815517
300.0421386582319
299.9940621853702
299.9365420543853
299.8698383088097
299.7950787964098
299.7141833354274
299.6295108654457
299.5432592177333
300.4875601700754
300.4627624964816
300.4383464953273
300.4146411506463
300.391973409247
300.3706401538781
300.3508844103811
300.3328784974806
300.3167158840091
300.3024117767488
300.2899109500726
300.2791004540011
300.2698246284726
300.2619001415173
300.2551293299138
300.2493107484788
300.2442463858661
300.2397454050866
300.2356244942432
300.2317049807615
300.2278068033852
300.2237392930945
300.2192885391584
300.2142009798935
300.2081628637259
300.2007755345118
300.191527338118
300.1797646233242
300.1646671144479
300.1452369656684
300.120315591108
300.0886462665634
300.0490001406198
300.0003735715257
299.9422405678469
299.8748052659109
299.7991572801292
299.7172142774228
299.6313730898266
299.5438891700996
300.4887436701298
300.4663290213941
300.4442958252155
300.4229241442838
300.4024772154216
300.3831867958672
300.3652389328855
300.3487631654246
300.3338272420294
300.3204378918448
300.3085468499543
300.2980605284304
300.2888514581394
300.2807697729132
300.2736533897199
300.2673359946519
300.2616523590222
300.2564408173108
300.2515429157756
300.2468002924609
300.2420487980843
300.2371097448129
300.231778018287
300.2258066671221
300.2188875859441
300.210628178353
300.2005246426849
300.1879340562145
300.1720500522717
300.1518907542576
300.1263124201093
300.094066559775
300.0539189754997
300.0048411269124
299.9462617258971
299.8783276638547
299.8020778230106
299.7194076138784
299.6327317721809
299.5443513586657
300.4897921898383
300.4694886307647
300.4495657584729
300.430260396222
300.4117795508638
300.3942971856927
300.3779483155182
300.3628236494707
300.3489670436591
300.3363766652595
300.3250096162552
300.3147890375213
300.3056124199614
300.2973598891852
300.2899014683768
300.2831026358283
300.2768277872973
300.2709414347882
300.2653071004732
300.2597838976466
300.254220744143
300.2484480508178
300.2422666013084
300.2354332385869
300.22764297789
300.2185074025579
300.2075298657748
300.194079388741
300.1773675241025
300.1564360561943
300.1301680471116
300.0973392716719
300.0567287102398
300.0073005563304
299.9484500036111
299.8802675332814
299.8037286958031
299.72068358142
299.6335402859238
299.5446304427653
300.4906880181108
300.4721864903397
300.4540613837514
300.4365125309765
300.4196995920581
300.4037478090362
300.3887489225019
300.3747604684683
300.3618057014955
300.3498752517829
300.3389306745228
300.3289094242527
300.3197304901858
300.3112998906374
300.303515347589
300.2962696534773
300.2894524315595
300.2829501359509
300.2766442185094
300.2704074050442
300.2640979816018
300.2575519091607
300.2505724867073
300.2429172074936
300.234281466611
300.2242789883375
300.2124194198696
300.1980847278233
300.1805081297621
300.1587625374115
300.1317698142558
300.098346689216
300.0573055276637
300.0076237925318
299.9486786770302
299.8805084148203
299.8040136677639
299.7209735100899
299.6337593322273
299.5447137667871
300.4914182651627
300.4743824688512
300.4577128360036
300.4415790223725
300.4261034467551
300.4113732059968
300.3974460957677
300.3843536004838
300.3721028763899
300.3606788953225
300.3500471893863
300.3401571251861
300.330945355039
300.3223390014891
300.314258165025
300.3066174383049
300.299326212966
300.2922876453008
300.2853961893274
300.278533606857
300.2715633289795
300.2643229828873
300.2566148301721
300.248193817806
300.2387529729429
300.2279060658474
300.2151679638384
300.1999341119526
300.1814623676897
300.1588632342518
300.1311084028867
300.0970718092727
300.0556201881154
300.0057673845025
299.9468924651825
299.8789905268051
299.8028788989141
299.7202386434306
299.6333682919921
299.5445952648068
300.491977229617
300.476058616489
300.4604885411159
300.4454137275222
300.4309301970036
300.417098393866
300.4039524857115
300.3915059497086
300.3797550814829
300.368681536047
300.358254502939
300.3484327200197
300.3391662774563
300.3303980412632
300.3220644957339
300.3140958242401
300.3064150842765
300.2989363630327
300.2915618126518
300.28417745639
300.2766476305521
300.2688078894856
300.260456165112
300.2513419613473
300.2411534178121
300.2295022660146
300.2159071380279
300.1997765419883
300.1803943124013
300.1569126993863
300.1283615482427
300.093685811307
300.0518264165783
300.0018579843849
299.9431857211454
299.8757774771863
299.8003652265518
299.7185069915418
299.6323871766705
299.5442828930468
300.4923683232642
300.4772253489983
300.4624063566242
300.4480425293474
300.4342142951853
300.4209669245447
300.4083213180963
300.3962810470037
300.3848368032549
300.373969217536
300.3636506923874
300.3538466081607
300.3445160452788
300.3356120343219
300.3270812773087
300.3188632553643
300.3108886292105
300.3030768353863
300.2953327748689
300.2875424790026
300.2795676215375
300.2712387301335
300.2623469459193
300.252634203794
300.2417817911373
300.2293974427531
300.2150015325708
300.1980136577864
300.177742148954
300.1533809531225
300.1240209848783
300.0886861025153
300.04640618102
299.9963387195756
299.9379417256605
299.8711794045536
299.7967072215012
299.7159437378696
299.6309179882883
299.5438123393063
300.492605030641
300.4779248520671
300.4635403677572
300.4495742847723
300.4361011059106
300.423161049544
300.4107707770427
300.3989308856544
300.3876308000052
300.3768517845036
300.3665686661469
300.3567506697011
300.3473616001256
300.3383594823162
300.3296956837888
300.3213134919119
300.3131460831411
300.3051137991543
300.2971206286458
300.2890497816987
300.2807582370279
300.272070145302
300.2627689933134
300.2525884903081
300.2412022569521
300.2282126238447
300.2131392484754
300.1954089333874
300.174349092271
300.1491888702332
300.1190739766692
300.0831035217291
300.040398601418
299.9902110402728
299.9320733662865
299.8659742426788
299.7925163251425
299.7129825923695
299.6292202740767
299.5432711385996
300.492710157914
300.4782297657932
300.4640209620857
300.4502040027754
300.4368542530837
300.4240134613636
300.4116996410168
300.3999144871643
300.3886484356647
300.3778838424043
300.3675967772406
300.3577578209236
300.3483321246242
300.3392788783527
300.3305502468447
300.3220897682535
300.3138301671238
300.3056905034119
300.2975725599379
300.2893563599839
300.2808947059103
300.2720066432822
300.2624697926803
300.252011569852
300.2402994612978
300.226930778313
300.2114227373473
300.1932043851082
300.17161288466
300.1458980500278
300.1152406806338
300.0787918262116
300.0357406871128
299.9854167269921
299.9274243393328
299.8617938586491
299.7891111213372
299.7105653149191
299.6278458408532
299.5428397405814
)
;

boundaryField
{
    hotWall
    {
        type            fixedValue;
        value           uniform 300.5;
    }
    coldWall
    {
        type            fixedValue;
        value           uniform 299.5;
    }
    bottomWall
    {
        type            zeroGradient;
    }
    topWall
    {
        type            zeroGradient;
    }
    front
    {
        type            empty;
    }
    back
    {
        type            empty;
    }
}


// ************************************************************************* //
