#              distance                     U_x                     U_y                     U_z                       T
  1.387778780781448e-19   2.876867231421169e-20   3.874644784076676e-18    3.47698739260025e-55       300.5000000000016
  0.0003906250000000002   1.700551725023235e-06   0.0002143384618023878   9.786849453554102e-42       300.4905742565718
  0.0007812500000000002   3.401103450046472e-06   0.0004286769236047755   1.957369890710803e-41       300.4811485131437
            0.001171875    5.10165517506971e-06   0.0006430153854071634   2.936054836066196e-41       300.4717227697155
              0.0015625    1.04073071322474e-05    0.000807449802856318   2.740317846995119e-41        300.462301189278
            0.001953125   1.661423414746369e-05   0.0009594082092171645   2.250975374317425e-41        300.452880649588
             0.00234375   2.282116116267999e-05    0.001111366615578011   1.761632901639731e-41        300.443460109898
   0.002734375000000001   2.902808817789629e-05    0.001263325021938858   1.272290428962016e-41        300.434039570208
               0.003125   3.523501519311257e-05    0.001415283428299704   7.829479562843184e-42        300.424619030518
   0.003515625000000001   4.144194220832887e-05    0.001567241834660551   2.936054836066194e-42       300.4151984908281
             0.00390625   4.833333501456313e-05    0.001697881345634252                       0       300.4058276021788
            0.004296875   5.625142650732428e-05    0.001796542513527237                       0       300.3965311900905
   0.004687500000000001   6.416951800008548e-05    0.001895203681420221                       0       300.3872347780019
            0.005078125   7.208760949284647e-05    0.001993864849313205                       0       300.3779383659136
   0.005468750000000001   8.000570098560782e-05     0.00209252601720619                       0       300.3686419538252
   0.005859375000000002   8.792379247836907e-05    0.002191187185099173                       0       300.3593455417368
   0.006250000000000001   9.584188397113021e-05    0.002289848352992158                       0       300.3500491296485
   0.006640625000000001   0.0001029627190997189    0.002344327459599375                       0       300.3410689870778
   0.007031250000000001   0.0001100835542283074    0.002398806566206593                       0       300.3320888445073
   0.007421875000000001    0.000117204389356896    0.002453285672813811                       0       300.3231087019366
              0.0078125   0.0001243252244854845    0.002507764779421029                       0       300.3141285593661
            0.008203125   0.0001314460596140731    0.002562243886028247                       0       300.3051484167955
   0.008593750000000001   0.0001385668947426617    0.002616722992635464                       0        300.296168274225
   0.008984375000000001   0.0001442134466096536    0.002650237699230823                       0       300.2875076782821
   0.009375000000000001   0.0001488771429689139    0.002669776139151608                       0       300.2790601134243
            0.009765625   0.0001535408393281743    0.002689314579072393                       0       300.2706125485666
             0.01015625   0.0001582045356874347     0.00270885301899318                       0       300.2621649837089
            0.010546875   0.0001628682320466952    0.002728391458913965                       0       300.2537174188511
              0.0109375   0.0001675319284059556     0.00274792989883475                       0       300.2452698539934
            0.011328125   0.0001715915634526523    0.002762283260070567                       0       300.2369685289275
             0.01171875   0.0001732349532490941    0.002755896306566511                       0       300.2292521630287
            0.012109375   0.0001748783430455363    0.002749509353062456                       0       300.2215357971298
                 0.0125   0.0001765217328419782      0.0027431223995584                       0       300.2138194312311
            0.012890625   0.0001781651226384202    0.002736735446054344                       0       300.2061030653321
             0.01328125   0.0001798085124348622    0.002730348492550288                       0       300.1983866994333
            0.013671875   0.0001814519022313041    0.002723961539046232                       0       300.1906703335345
              0.0140625   0.0001807729487435087    0.002703396299601396                       0       300.1836593762145
            0.014453125   0.0001795134094346539    0.002679286488671366                       0       300.1768247710392
             0.01484375   0.0001782538701257991    0.002655176677741336                       0       300.1699901658639
            0.015234375   0.0001769943308169444    0.002631066866811306                       0       300.1631555606887
               0.015625   0.0001757347915080897    0.002606957055881275                       0       300.1563209555133
            0.016015625   0.0001744752521992351    0.002582847244951244                       0        300.149486350338
             0.01640625   0.0001722801856231469    0.002554418858039946                       0       300.1430390638872
            0.016796875    0.000168681828146205    0.002519512607156698                       0       300.1371727555174
              0.0171875   0.0001650834706692641    0.002484606356273463                       0       300.1313064471493
            0.017578125   0.0001614851131923229    0.002449700105390229                       0       300.1254401387812
    0.01796875000000001   0.0001578867557153823    0.002414793854506994                       0        300.119573830413
            0.018359375   0.0001542883982384416     0.00237988760362376                       0       300.1137075220449
                0.01875   0.0001506900407615011    0.002344981352740532                       0       300.1078412136775
            0.019140625   0.0001455362396233198    0.002304702391200394                       0        300.102963871015
             0.01953125   0.0001403824384851391    0.002264423429660264                       0       300.0980865283533
    0.01992187500000001   0.0001352286373469582    0.002224144468120133                       0       300.0932091856918
              0.0203125   0.0001300748362087778    0.002183865506580003                       0       300.0883318430301
            0.020703125   0.0001249210350705966    0.002143586545039872                       0       300.0834545003684
             0.02109375   0.0001197672339324158    0.002103307583499742                       0       300.0785771577067
            0.021484375   0.0001141723477938593    0.002062160209934929                       0        300.074271463468
    0.02187500000000001   0.0001082834049883847    0.002020433895020327                       0       300.0703468681776
            0.022265625   0.0001023944621829103    0.001978707580105726                       0       300.0664222728873
             0.02265625   9.650551937743549e-05    0.001936981265191125                       0       300.0624976775971
            0.023046875   9.061657657196121e-05    0.001895254950276524                       0       300.0585730823067
              0.0234375   8.472763376648694e-05    0.001853528635361923                       0       300.0546484870163
            0.023828125   7.883855749603383e-05    0.001812032126301728                       0       300.0508988228099
             0.02421875   7.294894736566279e-05      0.0017714548406591                       0       300.0478488829293
            0.024609375   6.705933723529273e-05    0.001730877555016485                       0       300.0447989430507
                  0.025   6.116972710492169e-05    0.001690300269373863                       0       300.0417490031709
            0.025390625   5.528011697455181e-05    0.001649722983731245                       0        300.038699063292
             0.02578125   4.939050684418094e-05    0.001609145698088626                       0       300.0356491234129
            0.026171875   4.350089671381059e-05    0.001568568412446008                       0       300.0325991835338
              0.0265625   3.807589925405057e-05    0.001530127881039277                       0       300.0301661744309
            0.026953125   3.276705496194308e-05    0.001492221538191518                       0        300.027887398022
             0.02734375   2.745821066983559e-05    0.001454315195343758                       0       300.0256086216131
            0.027734375   2.214936637772826e-05    0.001416408852496006                       0       300.0233298452055
               0.028125   1.684052208562086e-05    0.001378502509648244                       0       300.0210510687961
    0.02851562500000001   1.153167779351302e-05    0.001340596166800481                       0       300.0187722923862
             0.02890625   6.617017530990566e-06     0.00130404624207814   2.415251796772853e-28       300.0167562850226
            0.029296875   2.293633312843991e-06    0.001269530944543924   8.453381288704638e-28       300.0151344312261
    0.02968750000000001  -2.029750905302216e-06    0.001235015647009708   1.449151078063658e-27       300.0135125774298
            0.030078125  -6.353135123448389e-06    0.001200500349475499   2.052964027256857e-27       300.0118907236351
    0.03046875000000001  -1.067651934159437e-05    0.001165985051941277   2.656776976450026e-27       300.0102688698373
            0.030859375  -1.499990355974035e-05    0.001131469754407062     3.2605899256432e-27        300.008647016041
                0.03125  -1.932328777788636e-05    0.001096954456872847    3.86440287483638e-27       300.0070251622448
            0.031640625  -2.242767615106254e-05    0.001065995527039535   4.630016796618945e-27         300.00594636761
             0.03203125  -2.553206452423763e-05    0.001035036597206223   5.395630718401479e-27       300.0048675729754
            0.032421875  -2.863645289741322e-05    0.001004077667372912   6.161244640184023e-27       300.0037887783407
    0.03281249999999999   -3.17408412705881e-05   0.0009731187375396023   6.926858561966536e-27       300.0027099837066
            0.033203125  -3.484522964376375e-05   0.0009421598077062893   7.692472483749095e-27       300.0016311890715
             0.03359375  -3.794961801693897e-05   0.0009112008778729781   8.458086405531614e-27       300.0005523944369
            0.033984375  -4.027202276346066e-05   0.0008822620655634496   7.942675851659196e-27        299.999735672411
               0.034375  -4.207310509221328e-05   0.0008546699982697772   6.573248980683487e-27       299.9990936654579
            0.034765625  -4.387418742096589e-05    0.000827077930976105   5.203822109707778e-27       299.9984516585047
    0.03515625000000001  -4.567526974971789e-05   0.0007994858636824322   3.834395238731993e-27       299.9978096515516
    0.03554687500000001  -4.747635207847035e-05   0.0007718937963887599   2.464968367756275e-27       299.9971676445984
              0.0359375  -4.927743440722338e-05   0.0007443017290950881    1.09554149678058e-27       299.9965256376453
            0.036328125   -5.08251442012077e-05   0.0007173037481941108                       0       299.9959520008616
    0.03671874999999999  -5.135936385611938e-05   0.0006926821128639169                       0       299.9956518447557
            0.037109375  -5.189358351103109e-05   0.0006680604775337224                       0       299.9953516886498
    0.03750000000000001  -5.242780316594278e-05   0.0006434388422035276                       0        299.995051532544
            0.037890625  -5.296202282085366e-05   0.0006188172068733334                       0       299.9947513764382
             0.03828125  -5.349624247576574e-05    0.000594195571543139                       0       299.9944512203323
    0.03867187499999999   -5.40304621306772e-05   0.0005695739362129451                       0       299.9941510642264
              0.0390625  -5.365402902811299e-05   0.0005469264744910883                       0       299.9940583655929
    0.03945312500000001  -5.304993273617641e-05   0.0005247725561713156                       0       299.9940175313275
    0.03984375000000001   -5.24458364442423e-05   0.0005026186378515438                       0       299.9939766970621
            0.040234375  -5.184174015230676e-05   0.0004804647195317723                       0       299.9939358627967
    0.04062500000000001   -5.12376438603723e-05   0.0004583108012120003                       0       299.9938950285313
            0.041015625  -5.063354756843726e-05   0.0004361568828922291                       0       299.9938541942659
    0.04140625000000001  -4.965221605540855e-05    0.000414771444240698                       0       299.9938887372736
    0.04179687500000001  -4.810503171073947e-05   0.0003945387250915299                       0       299.9940363461911
              0.0421875  -4.655784736607042e-05   0.0003743060059423622                       0       299.9941839551086
            0.042578125  -4.501066302140131e-05   0.0003540732867931942                       0        299.994331564026
             0.04296875    -4.3463478676732e-05   0.0003338405676440263                       0       299.9944791729436
    0.04335937500000001  -4.191629433206267e-05   0.0003136078484948581                       0       299.9946267818611
                0.04375  -4.036910998739339e-05   0.0002933751293456903                       0       299.9947743907787
            0.044140625  -3.811980702291562e-05    0.000274507482633409                       0       299.9950493274239
             0.04453125  -3.587050405843915e-05    0.000255639835921128                       0       299.9953242640693
            0.044921875  -3.362120109396203e-05   0.0002367721892088469                       0       299.9955992007146
    0.04531250000000001  -3.137189812948484e-05   0.0002179045424965651                       0       299.9958741373599
            0.045703125  -2.912259516500831e-05   0.0001990368957842836                       0       299.9961490740051
             0.04609375  -2.687329220053053e-05   0.0001801692490720021                       0       299.9964240106503
            0.046484375  -2.436479792263512e-05   0.0001617900375865565                       0       299.9967430253262
               0.046875   -2.16835094357942e-05    0.000143736449585668                       0       299.9970914253555
    0.04726562500000001  -1.900222094895325e-05   0.0001256828615847791                       0       299.9974398253847
    0.04765625000000001  -1.632093246211237e-05   0.0001076292735838907                       0       299.9977882254157
            0.048046875  -1.363964397527155e-05   8.957568558300223e-05                       0       299.9981366254434
    0.04843750000000001  -1.095835548843078e-05   7.152209758211411e-05                       0        299.998485025476
    0.04882812499999999   -8.24790654272984e-06   5.352262152892242e-05                       0       299.9988382320653
    0.04921875000000001  -5.420815761584535e-06   3.573959326651669e-05                       0       299.9992106649107
    0.04960937500000001  -2.593724980439911e-06   1.795656500411131e-05                       0       299.9995830977562
                   0.05   2.333658007046114e-07   1.735367417065792e-07                       0       299.9999555306033
    0.05039062500000001   3.060456581849855e-06  -1.760949152069956e-05                       0       300.0003279634499
             0.05078125   5.887547362994844e-06  -3.539251978310412e-05                       0       300.0007003962931
    0.05117187500000001   8.714638144139986e-06  -5.317554804550963e-05                       0        300.001072829138
              0.0515625    1.14253283918058e-05  -7.117435776485269e-05                       0       300.0014261358868
    0.05195312500000001   1.410691850610263e-05  -8.922711284843058e-05                       0       300.0017746611115
             0.05234375   1.678850862039937e-05  -0.0001072798679320078                       0       300.0021231863362
            0.052734375   1.947009873469629e-05  -0.0001253326230155862                       0       300.0024717115626
    0.05312500000000001    2.21516888489931e-05   -0.000143385378099164                       0       300.0028202367873
            0.053515625   2.483327896328986e-05  -0.0001614381331827414                       0        300.003168762012
             0.05390625    2.73421750748645e-05  -0.0001798161762982894                       0       300.0034879535007
            0.054296875   2.959203018235632e-05  -0.0001986821514617955                       0       300.0037631443894
              0.0546875   3.184188528984815e-05  -0.0002175481266253017                       0       300.0040383352781
    0.05507812500000001   3.409174039734002e-05  -0.0002364141017888081                       0       300.0043135261667
             0.05546875   3.634159550483212e-05  -0.0002552800769523155                       0        300.004588717057
            0.055859375   3.859145061232385e-05  -0.0002741460521158205                       0       300.0048639079441
                0.05625   4.084130571981577e-05  -0.0002930120272793267                       0       300.0051390988328
            0.056640625   4.238918921392832e-05  -0.0003132422286958099                       0       300.0052870983609
    0.05703125000000001   4.393707270804021e-05  -0.0003334724301122911                       0       300.0054350978867
            0.057421875   4.548495620215302e-05  -0.0003537026315287734                       0       300.0055830974138
    0.05781250000000001   4.703283969626553e-05  -0.0003739328329452556                       0       300.0057310969407
            0.058203125   4.858072319037802e-05  -0.0003941630343617373                       0       300.0058790964678
             0.05859375   5.012860668448991e-05  -0.0004143932357782192                       0       300.0060270959947
            0.058984375   5.111063093370959e-05  -0.0004357756482569244                       0       300.0060621173799
               0.059375    5.17154156863324e-05  -0.0004579262014437785                       0       300.0060218200035
            0.059765625   5.232020043895583e-05  -0.0004800767546306323                       0       300.0059815226272
    0.06015624999999999   5.292498519157875e-05  -0.0005022273078174854                       0        300.005941225251
    0.06054687499999999   5.352976994420312e-05  -0.0005243778610043396                       0       300.0059009278747
    0.06093750000000001   5.413455469682688e-05  -0.0005465284141911943                       0       300.0058606304985
            0.061328125   5.451163161528355e-05  -0.0005691723449637098                       0       300.0057685002071
             0.06171875   5.397787719707022e-05  -0.0005937897860788542                       0       300.0054690382456
            0.062109375   5.344412277885722e-05  -0.0006184072271940017                       0       300.0051695762857
                 0.0625   5.291036836064423e-05  -0.0006430246683091491                       0       300.0048701143258
    0.06289062499999999   5.237661394243086e-05  -0.0006676421094242961                       0       300.0045706523659
             0.06328125   5.184285952421807e-05  -0.0006922595505394439                       0       300.0042711904061
            0.063671875    5.13091051060059e-05  -0.0007168769916545916                       0       300.0039717284463
    0.06406250000000001   4.976147053978455e-05  -0.0007438701605306586  -7.284454056507901e-28       300.0033989193089
            0.064453125   4.796036593656113e-05  -0.0007714572613469546  -1.639002162714237e-27       300.0027577733772
    0.06484375000000001   4.615926133333793e-05  -0.0007990443621632553  -2.549558919777716e-27        300.002116627447
            0.065234375   4.435815673011464e-05  -0.0008266314629795521    -3.4601156768412e-27       300.0014754815153
               0.065625   4.255705212689148e-05  -0.0008542185637958487  -4.370672433904685e-27       300.0008343355835
    0.06601562500000001   4.075594752366832e-05  -0.0008818056646121453  -5.281229190968171e-27       300.0001931896518
             0.06640625   3.843320323634316e-05  -0.0009107392496709372  -7.685307266818926e-27        299.999377397294
    0.06679687500000001   3.532799942286474e-05  -0.0009416925610934731  -1.232966732085079e-26       299.9982996352969
    0.06718749999999998   3.222279560938633e-05   -0.000972645872516002   -1.69740273748823e-26       299.9972218732981
    0.06757812499999999   2.911759179590807e-05   -0.001003599183938544  -2.161838742891433e-26       299.9961441113026
    0.06796875000000001   2.601238798242957e-05   -0.001034552495361075  -2.626274748294611e-26       299.9950663493039
            0.068359375   2.290718416895143e-05    -0.00106550580678361  -3.090710753697774e-26       299.9939885873068
    0.06874999999999999   1.980198035547272e-05   -0.001096459118206144  -3.555146759100949e-26       299.9929108253098
    0.06914062499999998   1.547666233626985e-05   -0.001130968359323005  -3.239477157601932e-26       299.9912901709708
             0.06953125    1.11513443170672e-05   -0.001165477600439869  -2.923807556102852e-26       299.9896695166319
    0.06992187499999999   6.826026297864285e-06   -0.001199986841556731  -2.608137954603807e-26        299.988048862293
              0.0703125   2.500708278661211e-06   -0.001234496082673593  -2.292468353104756e-26        299.986428207954
    0.07070312500000001  -1.824609740541876e-06   -0.001269005323790455  -1.976798751605703e-26        299.984807553615
    0.07109375000000001  -6.149927759744963e-06   -0.001303514564907318  -1.661129150106651e-26       299.9831868992761
    0.07148437499999999  -1.106737744742822e-05   -0.001340058374114776  -1.326700486339194e-26       299.9811721795809
    0.07187500000000001  -1.637958158076559e-05   -0.001377958562049293  -9.797657810594013e-27       299.9788947496453
            0.072265625  -2.169178571410259e-05   -0.001415858749983807  -6.328310757796333e-27       299.9766173197098
    0.07265624999999999  -2.700398984744035e-05   -0.001453758937918318  -2.858963704998672e-27       299.9743398897734
            0.073046875  -3.231619398077711e-05   -0.001491659125852834   6.103833477991424e-28       299.9720624598381
              0.0734375  -3.762839811411435e-05   -0.001529559313787351   4.079730400596922e-27       299.9697850299029
    0.07382812499999999   -4.30570878625141e-05   -0.001567993769076374   5.970630997026796e-27       299.9673533886496
             0.07421875   -4.89517200711647e-05   -0.001608565293783436   1.547745767985428e-27       299.9643049021255
    0.07460937500000001  -5.484635227981539e-05   -0.001649136818490487  -2.875139461056015e-27       299.9612564155993
    0.07500000000000001  -6.074098448846627e-05   -0.001689708343197552  -7.298024690097384e-27        299.958207929076
    0.07539062499999999  -6.663561669711602e-05   -0.001730279867904598  -1.172090991913861e-26       299.9551594425492
    0.07578125000000001  -7.253024890576666e-05   -0.001770851392611656  -1.614379514818018e-26       299.9521109560242
            0.076171875   -7.84248811144169e-05   -0.001811422917318711  -2.056668037722145e-26       299.9490624694992
    0.07656250000000001  -8.432038660267773e-05    -0.00185291450667491   -2.51382369063523e-26       299.9453142930457
    0.07695312500000001  -9.021611041084116e-05   -0.001894636112193393  -2.974696126050551e-26       299.9413911941102
    0.07734374999999999  -9.611183421900418e-05   -0.001936357717711874   -3.43556856146584e-26       299.9374680951747
    0.07773437500000001  -0.0001020075580271677    -0.00197807932323036  -3.896440996881192e-26       299.9335449962393
               0.078125  -0.0001079032818353309   -0.002019800928748848  -4.357313432296492e-26       299.9296218973046
    0.07851562499999998  -0.0001137990056434937   -0.002061522534267323  -4.818185867711776e-26       299.9256987983683
    0.07890625000000001  -0.0001194013303407152   -0.002102665941027728   -4.77628999590095e-26       299.9213945830317
            0.079296875  -0.0001245635563715233   -0.002142942049651013  -3.980241663250815e-26       299.9165186930942
    0.07968750000000001  -0.0001297257824023312   -0.002183218158274285  -3.184193330600645e-26       299.9116428031548
    0.08007812499999999  -0.0001348880084331388   -0.002223494266897562  -2.388144997950507e-26       299.9067669132164
    0.08046874999999999  -0.0001400502344639465   -0.002263770375520841  -1.592096665300338e-26        299.901891023278
    0.08085937500000001  -0.0001452124604947551   -0.002304046484144122   -7.96048332650141e-27       299.8970151333396
                0.08125  -0.0001503746865255631   -0.002344322592767401  -1.041110262596507e-41       299.8921392434012
    0.08164062500000001  -0.0001539827278468518   -0.002379228736217005  -3.905733068763587e-26       299.8862742426986
             0.08203125  -0.0001575907691681413   -0.002414134879666607  -7.811466137527036e-26        299.880409241996
    0.08242187500000001  -0.0001611988104894305   -0.002449041023116212  -1.171719920629063e-25       299.8745442412934
              0.0828125  -0.0001648068518107194   -0.002483947166565819   -1.56229322750541e-25       299.8686792405913
    0.08320312499999999  -0.0001684148931320084   -0.002518853310015418  -1.952866534381751e-25       299.8628142398883
    0.08359374999999999  -0.0001720229344532974   -0.002553759453465023  -2.343439841258108e-25       299.8569492391859
    0.08398437499999999  -0.0001742280359943743    -0.00258218989329588  -2.596658404368128e-25       299.8505031133726
    0.08437500000000001   -0.000175497844348643   -0.002606303197380908  -2.758307138300597e-25       299.8436695708189
    0.08476562500000001  -0.0001767676527029116   -0.002630416501465936  -2.919955872233061e-25       299.8368360282652
             0.08515625    -0.00017803746105718   -0.002654529805550963  -3.081604606165517e-25       299.8300024857116
    0.08554687499999999  -0.0001793072694114487   -0.002678643109635994  -3.243253340097978e-25       299.8231689431585
              0.0859375  -0.0001805770777657174   -0.002702756413721025  -3.404902074030444e-25       299.8163354006053
    0.08632812499999999   -0.000181266234342024   -0.002723325998860499  -3.423776653014677e-25       299.8093254417459
             0.08671875  -0.0001796327838064807   -0.002729720708217733   -2.87155461220584e-25       299.8016098176607
    0.08710937499999999  -0.0001779993332709384   -0.002736115417574981  -2.319332571397042e-25       299.7938941935769
    0.08750000000000001  -0.0001763658827353969   -0.002742510126932245  -1.767110530588223e-25       299.7861785694948
    0.08789062500000001  -0.0001747324321998535   -0.002748904836289483  -1.214888489779381e-25         299.77846294541
    0.08828125000000001  -0.0001730989816643108   -0.002755299545646727  -6.626664489705803e-26       299.7707473213257
    0.08867187500000001  -0.0001714655311287682   -0.002761694255003975  -1.104444081617603e-26        299.763031697242
              0.0890625  -0.0001674147542778578   -0.002747352320817241                       0       299.7547308347853
    0.08945312500000001  -0.0001627596458481053    -0.00272782622574451                       0       299.7462836627353
             0.08984375  -0.0001581045374183529   -0.002708300130671779                       0       299.7378364906854
    0.09023437499999999  -0.0001534494289886007   -0.002688774035599049                       0       299.7293893186355
    0.09062500000000001  -0.0001487943205588482   -0.002669247940526326                       0       299.7209421465864
    0.09101562499999999  -0.0001441392121290958    -0.00264972184545359                       0       299.7124949745357
    0.09140625000000001  -0.0001385003470781328   -0.002616221308492354                       0       299.7038346452628
    0.09179687499999999  -0.0001313858470953526   -0.002561759108698319                       0       299.6948545801501
    0.09218750000000001  -0.0001242713471125723   -0.002507296908904291                       0       299.6858745150388
    0.09257812500000001  -0.0001171568471297922   -0.002452834709110268                       0        299.676894449928
    0.09296874999999999  -0.0001100423471470124   -0.002398372509316245                       0       299.6679143848166
    0.09335937500000001   -0.000102927847164233   -0.002343910309522241                       0       299.6589343197087
                0.09375  -9.581334718145219e-05   -0.002289448109728192                       0        299.649954254594
    0.09414062500000001  -8.789886442950193e-05   -0.002190808246908826  -5.997590324163011e-26       299.6406576955939
    0.09453125000000001  -7.998438167755088e-05   -0.002092168384089437   -1.19951806483258e-25       299.6313611365903
    0.09492187499999999  -7.206989892560088e-05   -0.001993528521270068  -1.799277097248817e-25       299.6220645775882
    0.09531249999999999  -6.415541617365036e-05   -0.001894888658450692  -2.399036129665076e-25       299.6127680185862
    0.09570312499999999  -5.624093342170017e-05    -0.00179624879563132  -2.998795162081335e-25       299.6034714595843
    0.09609374999999999  -4.832645066974969e-05   -0.001697608932811944  -3.598554194497615e-25       299.5941749005824
    0.09648437500000001  -4.143708995516084e-05   -0.001566993429695902  -3.817079683184046e-25       299.5848038021264
    0.09687500000000002  -3.523114393214676e-05   -0.001415060833048755  -3.781449476050612e-25       299.5753830107011
    0.09726562500000001  -2.902519790913318e-05   -0.001263128236401623  -3.745819268917181e-25       299.5659622192775
    0.09765625000000001  -2.281925188611888e-05    -0.00111119563975447  -3.710189061783725e-25        299.556541427852
    0.09804687499999999  -1.661330586310519e-05  -0.0009592630431073327  -3.674558854650273e-25       299.5471206364268
    0.09843750000000001  -1.040735984009081e-05   -0.000807330446460175  -3.638928647516796e-25       299.5376998449998
    0.09882812500000002  -5.102440332824673e-06  -0.0006429228460710532  -3.384772951696887e-25       299.5282780111199
    0.09921874999999999  -3.401626888549824e-06  -0.0004286152307140406  -2.256515301131278e-25       299.5188520074122
    0.09960937499999999  -1.700813444274943e-06  -0.0002143076153570241  -1.128257650565649e-25       299.5094260037062
    0.09999999999999998                       0                       0                       0                   299.5
