#              distance                     U_x                     U_y                     U_z                       T
  6.939740885162004e-18                       0                       0                       0       299.6667110159019
  0.0003906250000000001  -0.0004230029604649773  -1.363417056762265e-06                       0       299.6667124977391
  0.0007812500000000002   -0.000833674865173303   -5.21460210092922e-06                       0       299.6667199069222
            0.001171875   -0.001235513977693792  -1.043008798663471e-05                       0       299.6667371834152
              0.0015625   -0.001631464562089044  -1.655510776669912e-05                       0       299.6667610381113
            0.001953125   -0.002013383114925159  -2.362592699302896e-05                       0       299.6668099587026
             0.00234375   -0.002389939774478629  -3.057711152874245e-05                       0       299.6668721720241
            0.002734375   -0.002758453594108129  -3.734884402853156e-05                       0       299.6669543244407
               0.003125   -0.003116615972996682  -4.307991922859386e-05                       0       299.6670691999719
            0.003515625   -0.003469652203788431  -4.812127020047181e-05                       0       299.6672018651582
   0.003906250000000001   -0.003812535282933983  -5.144438155934004e-05                       0       299.6673729658563
            0.004296875     -0.0041478001887467  -5.307518122241278e-05                       0       299.6675768384966
              0.0046875   -0.004477986312337734  -5.357777308829141e-05                       0       299.6678025591141
            0.005078125   -0.004795202213346536  -5.076865513755876e-05  -3.001629943923689e-29       299.6680888829549
   0.005468750000000001   -0.005107016132392109  -4.651147735122821e-05  -4.938747789237565e-29       299.6684015965423
   0.005859374999999999   -0.005410727078492839  -4.008220981150086e-05  -5.279097486630919e-29       299.6687538947491
                0.00625   -0.005703016872735569  -3.065379202090486e-05  -2.673583713056434e-29       299.6691627705522
            0.006640625    -0.00598940246789488  -1.973444763424626e-05                       0        299.669600759635
             0.00703125   -0.006263592418578836  -5.850547114204627e-06                       0       299.6700986242568
   0.007421875000000001   -0.006527967950137644   1.013485263217953e-05                       0       299.6706434994212
              0.0078125   -0.006785800535612658   2.752125186279248e-05                       0       299.6712197149305
   0.008203125000000002   -0.007026078065304213   4.806317062892749e-05                       0        299.671877193474
   0.008593750000000001   -0.007258846008901577     6.9678880156664e-05                       0       299.6725681185399
   0.008984374999999999   -0.007480349573357697   9.290527582680361e-05                       0       299.6733092133913
   0.009375000000000001   -0.007685892774217335   0.0001178212171656396                       0       299.6741186775837
            0.009765625   -0.007883241001002078   0.0001434520369359748                       0       299.6749626073899
             0.01015625    -0.00806376969508386    0.000170252824763606                       0       299.6758760303167
            0.010546875   -0.008231133038266421   0.0001975106611507481                       0       299.6768422020322
              0.0109375   -0.008389719480849506   0.0002250731965775652                       0        299.677843539607
            0.011328125   -0.008525646717905767   0.0002526714010844904                       0        299.678933583717
             0.01171875   -0.008652317560499544   0.0002799933619415819                       0       299.6800593701957
            0.012109375   -0.008765103811399581   0.0003069009573239252                       0       299.6812387702272
                 0.0125   -0.008859198331424713   0.0003326937926043671                       0       299.6824901593909
            0.012890625   -0.008943956143598761   0.0003577976467167203                       0       299.6837776909269
             0.01328125   -0.009010058855245334   0.0003812603362586765                       0       299.6851378028886
            0.013671875   -0.009062359520858293   0.0004031354040833344                       0       299.6865529332048
              0.0140625   -0.009105458822448306    0.000423952057429772                       0       299.6880047424062
            0.014453125   -0.009126129863601083   0.0004416068851046887                       0       299.6895495647563
             0.01484375   -0.009138155996237483   0.0004578269372032458                       0       299.6911322921657
            0.015234375    -0.00913721476610033   0.0004718948259373139                       0       299.6927718771971
               0.015625    -0.00911980834027494   0.0004828322533975555                       0       299.6944890651976
    0.01601562500000001    -0.00909441213942358   0.0004921599669873909                       0       299.6962456046504
             0.01640625   -0.009053522034156585   0.0004981792863694092                       0        299.698081946943
            0.016796875   -0.009001828979274363   0.0005016468986042478                       0       299.6999800786106
              0.0171875   -0.008942933957981991    0.000503413372740969                       0       299.7019194031947
            0.017578125   -0.008867508123515637   0.0005009128967844262                       0       299.7039653365828
             0.01796875   -0.008786089556413147   0.0004967394357478634                       0        299.706055470153
            0.018359375   -0.008695681890356469   0.0004900564970912703                       0       299.7082119039963
                0.01875   -0.008594559582275244   0.0004801683537292358                       0       299.7104599194487
            0.019140625    -0.00848839903305732   0.0004687292566385645                       0       299.7127544940715
             0.01953125   -0.008372800161317241   0.0004542915493387877                       0       299.7151437237711
    0.01992187500000001   -0.008251066462670657    0.000437802712324841                       0       299.7176060209307
              0.0203125   -0.008125242879419839   0.0004199464555014527                       0       299.7201170297341
    0.02070312500000001   -0.007990720740929443   0.0003990608179866734                       0       299.7227526376842
             0.02109375   -0.007853302742277815   0.0003771377653616116     1.2937726965455e-28       299.7254388559694
            0.021484375   -0.007711540953384026   0.0003536585900711083   4.528204437903954e-28       299.7282009897455
               0.021875   -0.007565088354977377   0.0003284800939037981   2.587545393091277e-28       299.7310649870856
            0.022265625   -0.007416546833452707    0.000302549906706356  -1.151446855850706e-28       299.7339798144098
             0.02265625   -0.007264340428968882   0.0002753122762652056  -6.908681135104114e-28       299.7369960981094
            0.023046875    -0.00711009451227855   0.0002473926445607206  -7.380395224521264e-28       299.7400872999619
              0.0234375    -0.00695448892078392   0.0002190183453473484  -4.328429187383649e-28       299.7432284472516
    0.02382812500000001   -0.006796562512348924   0.0001900008645672358    -1.6231609452671e-28       299.7464909824159
             0.02421875   -0.006638097729681769    0.000160917477455255                       0        299.749800074398
            0.024609375   -0.006478825385666306    0.000131735230845466                       0       299.7531790016046
                  0.025   -0.006319175433783584   0.0001027840975427639  -3.408647313940997e-27       299.7566458843937
            0.025390625   -0.006159492146509533   7.403264391806373e-05  -6.732001603222806e-27       299.7601551917438
             0.02578125   -0.006000053125537421   4.584879569827986e-05  -6.305536479926691e-27       299.7637462417548
            0.026171875   -0.005841209130670076   1.831913067750682e-05  -5.894082968461034e-27       299.7673932610411
              0.0265625   -0.005682761819872643  -8.774412210593548e-06   -5.49263719821549e-27        299.771077593181
            0.026953125   -0.005525907969916073  -3.444188284089995e-05  -5.118074212480364e-27       299.7748454125095
             0.02734375   -0.005369901003969144  -5.942409484010866e-05  -3.670002315779397e-27       299.7786424530351
            0.027734375   -0.005215164364036583  -8.337841889267035e-05  -6.116670526299011e-28       299.7824833253514
               0.028125   -0.005062483349357561  -0.0001057732483427674                       0       299.7863739990867
            0.028515625   -0.004910907582261882  -0.0001273514072964074                       0       299.7902873939512
             0.02890625   -0.004761697180246758  -0.0001472223788666935                       0       299.7942418719534
            0.029296875   -0.004614457519247944  -0.0001657328370473679                       0       299.7982207188915
    0.02968750000000001   -0.004468531685593477  -0.0001833362863016402   1.675177565787911e-42       299.8022158117965
            0.030078125   -0.004326164277292651  -0.0001985880938038963   1.249255006228191e-28       299.8062411692308
             0.03046875   -0.004185310084394085  -0.0002128843136889733   1.962719796558495e-28       299.8102747263939
            0.030859375   -0.004046725714598811  -0.0002257471521482776   1.872499263035443e-28       299.8143205831427
                0.03125   -0.003911311460746227  -0.0002367036490855719    9.27227578164836e-29       299.8183756218448
            0.031640625   -0.003777509937489845  -0.0002467160480250259                       0       299.8224336193977
             0.03203125   -0.003646989220676464  -0.0002548583964951798                       0       299.8264942704661
            0.032421875   -0.003518989393661127  -0.0002616463141458673                       0       299.8305525790422
    0.03281249999999999   -0.003392670159844558  -0.0002675312779169166                       0       299.8346093259634
            0.033203125   -0.003270618012720653  -0.0002712690394175017                       0       299.8386559280172
    0.03359375000000001   -0.003150286091741229  -0.0002742020062281526                       0       299.8426963709559
            0.033984375   -0.003032534509978421  -0.0002759277810038932                       0        299.846727575212
               0.034375   -0.002918226491754561  -0.0002761681627474027                       0       299.8507430321459
            0.034765625   -0.002805635590053598  -0.0002756999183364304                       0       299.8547499425941
             0.03515625   -0.002696469590905258  -0.0002738825623397607                       0       299.8587384144214
    0.03554687499999999   -0.002589843294748595      -0.000271161798617                       0       299.8627115548169
              0.0359375   -0.002484910133919734  -0.0002678387630768481                       0       299.8666744742611
            0.036328125   -0.002384138714377261  -0.0002631966223813968                       0       299.8706101223144
    0.03671875000000001   -0.002284995261198202  -0.0002581021449702377                       0       299.8745344550932
    0.03710937500000001   -0.002188293757564276  -0.0002523291624855183                       0       299.8784418149618
    0.03750000000000001   -0.002094759751841246  -0.0002458004217984833                       0       299.8823262231257
    0.03789062500000001   -0.002002784031504752  -0.0002389299258076982                       0        299.886199180753
             0.03828125   -0.001913873954803377  -0.0002314481668042118                       0       299.8900492879151
            0.038671875   -0.001827177780225833  -0.0002236112289324257                       0       299.8938825988796
              0.0390625   -0.001741957540397545  -0.0002155375051484443                       0       299.8977047123859
    0.03945312500000001   -0.001660271818563907   -0.000207032883682858                       0       299.9014997637403
    0.03984375000000001    -0.00157993322145526  -0.0001984150708253886                       0         299.90528447771
            0.040234375   -0.001501615311434068   -0.000189627470880091                       0       299.9090536855977
    0.04062500000000001   -0.001425850471465653  -0.0001807199728314878                       0       299.9128033690001
            0.041015625    -0.00135132522095363  -0.0001717759358286125                       0       299.9165436094577
    0.04140625000000001   -0.001279205258214708  -0.0001628056411119941                       0       299.9202656026873
            0.041796875   -0.001208774312537326  -0.0001538757484513619                       0       299.9239749320769
              0.0421875   -0.001139469378234316  -0.0001449727904947217                       0       299.9276758189099
            0.042578125   -0.001072782315248752   -0.000136219984170806                       0        299.931357363238
             0.04296875   -0.001007061766971912  -0.0001275533892521235   1.815989204202184e-30       299.9350318857666
            0.043359375  -0.0009427909907581416  -0.0001190161114412887   6.355962214709326e-30       299.9386958755912
                0.04375  -0.0008802892461160342  -0.0001106897970829807   4.137854080189119e-30       299.9423472475867
            0.044140625  -0.0008186305109781248  -0.0001024752671424669   8.852824256073573e-31       299.9459926613595
             0.04453125  -0.0007585747822853359  -9.449691142060137e-05   2.529378358882363e-31        299.949626860069
            0.044921875  -0.0006995957148413154  -8.670508349755752e-05                       0        299.953253672314
    0.04531250000000001  -0.0006413344215631435  -7.903760744039504e-05                       0       299.9568755602528
            0.045703125  -0.0005846570596700025   -7.16818743243302e-05                       0       299.9604867892191
             0.04609375   -0.000528528789036332  -6.444577050067362e-05                       0       299.9640943905718
            0.046484375  -0.0004732241552918549  -5.738911061562777e-05                       0        299.967696550499
               0.046875   -0.000418848472045879  -5.055190680994979e-05                       0       299.9712926768006
    0.04726562500000001  -0.0003648949392825375  -4.381738488390944e-05                       0       299.9748860796795
             0.04765625  -0.0003117010579513396  -3.727413439706477e-05                       0       299.9784746225603
            0.048046875  -0.0002589499842965474  -3.084795345871959e-05                       0       299.9820603684761
              0.0484375  -0.0002064941157593626  -2.449981888604117e-05                       0       299.9856442497518
            0.048828125  -0.0001545648549550438  -1.829592265494355e-05                       0       299.9892248382667
             0.04921875  -0.0001027617372139209  -1.212738143562931e-05                       0        299.992804643913
            0.049609375  -5.114783406758816e-05   -6.01187273398974e-06                       0        299.996383275251
                   0.05   3.826971957774634e-07   8.002708813111883e-08                       0       299.9999613920605
    0.05039062500000001   5.191375972637671e-05   6.172097875439194e-06  -4.167603271224661e-30       300.0035395133869
             0.05078125   0.0001035303192088741   1.228846140301449e-05  -2.500561962734734e-29       300.0071181673096
    0.05117187500000001   0.0001553376780163952   1.845834919945282e-05  -4.468716004050441e-29       300.0106980096796
    0.05156250000000001   0.0002072722363739357   2.466391984180028e-05  -6.359771649168306e-29       300.0142786443579
    0.05195312500000001   0.0002597360243724159   3.101452177520118e-05  -2.384914368437969e-29       300.0178625955612
             0.05234375   0.0003124960540362047   3.744346436489255e-05                       0        300.021448421089
            0.052734375   0.0003657004461979799   4.398991793902241e-05                       0       300.0250370581219
    0.05312500000000001   0.0004196665301891995   5.072817192010195e-05  -7.979250927366738e-29       300.0286305750121
            0.053515625   0.0004740557747134841   5.756935385445892e-05  -1.615476110447441e-28       300.0322268253819
    0.05390625000000001   0.0005293759695406171   6.463044719498014e-05  -1.713605735318501e-28       300.0358291298231
    0.05429687500000001   0.0005855212649593826   7.187126047124644e-05  -1.095535990791754e-28       300.0394368914789
              0.0546875   0.0006422166274392794    7.92318870380146e-05                       0       300.0430482913009
    0.05507812500000001   0.0007004982915035176   8.690459106422239e-05                       0       300.0466703773097
             0.05546875   0.0007594986467024665   9.470172443205242e-05                       0       300.0502973988688
            0.055859375   0.0008195770386035022   0.0001026855018123185                       0       300.0539318237605
                0.05625   0.0008812602024706529   0.0001109054843303504                       0       300.0575774869062
            0.056640625   0.0009437872401297588   0.0001192372331429958                       0       300.0612291200141
    0.05703125000000001    0.001008085000990744   0.0001277798419963521                       0       300.0648933947834
            0.057421875    0.001073833743765555   0.0001364515828533581                       0       300.0685682205363
              0.0578125    0.001140549807816264   0.0001452094117127989                       0       300.0722500802814
    0.05820312500000001    0.001209885657004841   0.0001541168948903211                       0        300.075951313495
    0.05859375000000001    0.001280348240857887   0.0001630510352916617  -9.575275479781812e-30       300.0796610017749
    0.05898437500000002    0.001352500926707644   0.0001720251615287308  -3.351346417923682e-29       300.0833833726542
    0.05937500000000001    0.001427060261379193   0.0001809723136924933    -4.2878984170825e-29       300.0871240157635
            0.059765625    0.001502859844757177   0.0001898825277882147  -4.152475811970609e-29       300.0908741142235
             0.06015625    0.001581213774139308   0.0001986719636851028  -1.186421660563014e-29       300.0946437618925
            0.060546875    0.001661589285289126   0.0002072908294631035   1.262195900393177e-29       300.0984289337131
    0.06093750000000001     0.00174331251761744   0.0002157959818285175     3.3658557343823e-29       300.1022244549747
            0.061328125     0.00182857165998373    0.000223868729129355   1.767344266224442e-28       300.1060470672438
             0.06171875    0.001915307257056158   0.0002317040088956348   2.876376305018634e-28       300.1098808878222
            0.062109375    0.002004257536187778   0.0002391830873600761   3.502818362824805e-28       300.1137315208615
                 0.0625    0.002096274432489203   0.0002460493893384126   1.814053387192906e-28       300.1176050241626
    0.06289062500000001    0.002189850086620888   0.0002525731441705833                       0       300.1214899873169
             0.06328125    0.002286594154903696   0.0002583394869041858                       0       300.1253979196096
    0.06367187499999999    0.002385780824971209   0.0002634259882658434                       0       300.1293228357433
    0.06406250000000002    0.002486595896228608   0.0002680592620462125                       0       300.1332590744467
            0.064453125    0.002591573752758778    0.000271371063000204                       0       300.1372225984713
    0.06484375000000001    0.002698245151601817   0.0002740795980136278                       0       300.1411963470993
    0.06523437500000001    0.002807456863913986   0.0002758832341161819                       0       300.1451854326119
               0.065625     0.00292009428549957   0.0002763356974228699                       0       300.1491929596429
    0.06601562499999999    0.003034449228705954   0.0002760784917123016                       0       300.1532090334105
             0.06640625    0.003152248549122176   0.0002743337827285768                       0       300.1572408526095
    0.06679687500000001    0.003272628834591917   0.0002713802822098287                       0       300.1612819052177
    0.06718749999999998    0.003394729763430819   0.0002676209206677447                       0       300.1653291134465
            0.067578125    0.003521098863944691   0.0002617116993664316                       0       300.1693864510418
    0.06796875000000001    0.003649149013868819    0.000254898480206603                       0       300.1734453413978
            0.068359375     0.00377972073790802   0.0002467292642589778                       0       300.1775065608679
    0.06875000000000001     0.00391357423344232     0.00023668798120681                       0       300.1815651036188
    0.06914062500000001     0.00404904095640498   0.0002257016183719048                       0       300.1856206746112
             0.06953125    0.004187678817586428   0.0002128070035106124                       0       300.1896670353227
    0.06992187500000002    0.004328587311572255   0.0001984776808107347                       0       300.1937010716795
              0.0703125    0.004471009560760976   0.0001831918862184703                       0          300.1977268918
    0.07070312500000001    0.004616991649905165   0.0001655524619167228                       0       300.2017224010547
             0.07109375     0.00476428815259748   0.0001470053405616209                       0        300.205701644224
    0.07148437499999999    0.004913556275612075   0.0001270966736264873                       0       300.2096564882702
    0.07187499999999999    0.005065190958772813   0.0001054796919833954                       0       300.2135702067414
            0.072265625    0.005217931486418769   8.304554661742365e-05                       0       300.2174611826139
    0.07265625000000001    0.005372728831859011    5.90510610678698e-05                       0       300.2213023136359
    0.07304687500000001    0.005528797371496971   3.402828709160177e-05                       0       300.2250995804743
              0.0734375     0.00568571337393353   8.319987497526524e-06                       0       300.2288676045302
    0.07382812500000001    0.005844224191072007  -1.881462988021664e-05                       0       300.2325520893206
             0.07421875    0.006003132173527848  -4.638528828702678e-05                       0       300.2361992418518
    0.07460937500000001    0.006162635903959567  -7.461000823744265e-05                       0        300.239790395984
    0.07500000000000001    0.006322384690767621  -0.0001034017974303659                       0       300.2432997726104
    0.07539062500000002    0.006482100480026573  -0.0001323929025233059                       0       300.2467667085069
    0.07578125000000002    0.006641439222712157  -0.0001616142019737772                       0       300.2501456589628
            0.076171875    0.006799970608874196  -0.0001907356642928932                       0       300.2534547561358
    0.07656250000000002    0.006957963757354141  -0.0002197905685244446                       0       300.2567172844645
    0.07695312500000001    0.007113635994085802  -0.0002482001881274441                       0       300.2598584026653
    0.07734374999999999    0.007267948313502972  -0.0002761541160843218                       0       300.2629495697914
    0.07773437499999999      0.0074202207569482  -0.0003034245065720193                       0       300.2659658102958
               0.078125     0.00756882736544272  -0.0003293850601422043                       0       300.2688805895419
    0.07851562500000001    0.007715344444704841  -0.0003545926463227324                       0       300.2717445378491
    0.07890625000000001    0.007857169241989887  -0.0003780981998622289                       0       300.2745066237318
    0.07929687499999999    0.007994648718722165  -0.0004000453835031785                       0       300.2771927989689
    0.07968750000000001    0.008129231315086537  -0.0004209536538784621                       0       300.2798283671312
            0.080078125    0.008255112045853583  -0.0004388284912005865                       0       300.2823393498779
    0.08046875000000001    0.008376901248391437  -0.0004553341867163875                       0        300.284801628238
    0.08085937500000001     0.00849255315858536   -0.000469786169522693                       0       300.2871908500132
    0.08125000000000002    0.008598762798780012  -0.0004812359430340698                       0       300.2894854336467
    0.08164062500000002    0.008699932056367985  -0.0004911329369003143                       0       300.2917334668878
             0.08203125    0.008790382053531443  -0.0004978210214811412                       0       300.2938899368046
    0.08242187500000001    0.008871838985013709  -0.0005019968093576107                       0       300.2959801203855
    0.08281250000000001    0.008947300539375168  -0.0005044977327645089                       0       300.2980261130759
    0.08320312499999999    0.009006223845741406  -0.0005027270050931087                       0       300.2999655194228
    0.08359375000000001    0.009057941893875123  -0.0004992532841051507                       0       300.3018637411379
            0.083984375    0.009098852054660038  -0.0004932250731423584                       0       300.3037001859051
    0.08437500000000001    0.009124261126046954  -0.0004838848597652226                       0       300.3054568423834
    0.08476562500000001    0.009141676690983128  -0.0004729331666717659                       0       300.3071741540689
             0.08515625    0.009142619319514321  -0.0004588475571273875                       0       300.3088138748728
    0.08554687500000001    0.009130588405246989  -0.0004426073444517281  -3.635843883136584e-28       300.3103967450755
    0.08593750000000001    0.009109908462447514  -0.0004249307296885561  -9.695583688355945e-28       300.3119417148842
    0.08632812500000001    0.009066789418453668  -0.0004040885342045339  -9.623635332518141e-28       300.3133936796685
    0.08671875000000001    0.009014464496046554  -0.0003821865686349339  -4.837689805262844e-28       300.3148089673946
    0.08710937500000002    0.008948330756019375  -0.0003586949479369594   7.019251479105917e-28        300.316169239528
    0.08750000000000002    0.008863532615679914  -0.0003335597843655135   9.259018806050551e-28       300.3174569322139
    0.08789062499999999     0.00876939307306043   -0.000307734542577622   7.986473141614457e-28       300.3187084823566
    0.08828125000000001    0.008656552321636261  -0.0002807925307975279   2.281849469029077e-28       300.3198880418811
    0.08867187500000002    0.008529819810848976  -0.0002534349449547961                       0       300.3210139850711
    0.08906249999999999    0.008393826127153057  -0.0002258003097369796  -8.615294218290358e-44       300.3221041840414
    0.08945312499999999     0.00823516132298485  -0.0001981998568889873  -4.966378986403458e-28       300.3231056695178
             0.08984375    0.008067714918088335  -0.0001709037276352926   -7.82214379242205e-28       300.3240719855901
    0.09023437499999999    0.007887096112099369  -0.0001440640837730521  -7.511987327903694e-28       300.3249855475564
    0.09062500000000001    0.007689648612393483  -0.0001183941039474875  -3.724978017504135e-28       300.3258296081459
    0.09101562499999999    0.007484001644430169  -9.343896221413944e-05  -7.967605744217973e-29       300.3266391987695
    0.09140624999999999     0.00726238549715571  -7.017350881299874e-05  -4.780563446531754e-28        300.327380410973
            0.091796875    0.007029498694546098  -4.851917674902557e-05  -6.167121978096712e-28       300.3280714461931
    0.09218750000000002    0.006789098121712772   -2.79389255764942e-05  -5.822184282634714e-28       300.3287290300797
    0.09257812500000001    0.006531132711784768  -1.051544372919205e-05   -2.18331910598798e-28       300.3293053386771
    0.09296875000000002    0.006266620758275009   5.506342268018668e-06                       0       300.3298503020455
    0.09335937500000001    0.005992288989392421   1.942558449009107e-05                       0       300.3303482475603
                0.09375    0.005705755086564595   3.037851960319481e-05                       0        300.330786308073
    0.09414062500000001     0.00541331393173862    3.98395734815514e-05                       0       300.3311952506782
    0.09453125000000001    0.005109445902865923   4.629940952988297e-05                       0       300.3315476066821
    0.09492187500000002    0.004797471219283006   5.058540319644242e-05                       0       300.3318603717994
    0.09531249999999999    0.004480092099226202   5.342216860848232e-05                       0       300.3321467429654
            0.095703125    0.004149737672012314   5.294403095544399e-05                       0       300.3323725013703
    0.09609375000000001    0.003814302853954575   5.133632628067272e-05                       0       300.3325764083925
            0.096484375    0.003471247449631095   4.803427107330186e-05                       0       300.3327475383404
    0.09687499999999999    0.003118036515745578   4.301114832558253e-05                       0        300.332880226816
    0.09726562500000001    0.002759698446712612   3.729687349241066e-05                       0       300.3329951228695
             0.09765625    0.002391007366651988    3.05390578577787e-05                       0       300.3330772907079
    0.09804687500000001    0.002014272835327212     2.3599628092215e-05                       0       300.3331395162621
    0.09843750000000001    0.001632176003159756   1.653912223936451e-05                       0       300.3331884469733
    0.09882812499999999    0.001236046971777917   1.042080765409312e-05                       0       300.3332123074636
    0.09921875000000002   0.0008340296464321976   5.210623902842884e-06                       0       300.3332295884393
            0.099609375   0.0004231798801406467   1.362636402624734e-06                       0       300.3332370000992
                    0.1                       0                       0                       0       300.3332384824325
