#              distance                     U_x                     U_y                     U_z                       T
  6.939827610207933e-18   1.152540487859156e-22    1.18361923669579e-19                       0       300.5000000000001
  0.0003906250000000001   2.628946218535384e-06     0.00129380502670789                       0       300.4817658200418
  0.0007812500000000002   1.051813589852102e-05    0.002449811341429231                       0       300.4635332100785
            0.001171875   2.177244595002501e-05    0.003508267935531368                       0       300.4453163141231
              0.0015625   3.527016958254165e-05    0.004501691382554115                       0       300.4271098941811
            0.001953125   5.226612989912691e-05    0.005341800189747335  -1.904685411079172e-26       300.4089738108843
             0.00234375   6.986535113829083e-05    0.006124264262543862  -2.992877283224358e-26        300.390889879483
   0.002734375000000001   8.836946376132286e-05    0.006820261233745347  -2.856328846968887e-26       300.3728841759244
               0.003125   0.0001067954602988539    0.007408475425303202  -2.721301670002177e-26       300.3550404263826
            0.003515625   0.0001249031696617549    0.007944735944218566  -2.891794425442031e-26        300.337293715769
             0.00390625   0.0001418158464116369    0.008380964552207571   -4.28284565121915e-26       300.3197732068509
            0.004296875   0.0001571386550396497    0.008748185653963202  -3.860244250965568e-26       300.3024732944307
   0.004687500000000002   0.0001714015515864166    0.009069401751563261  -2.228541100024902e-26       300.2853204463423
            0.005078125   0.0001821052709213085    0.009285931317243177  -8.357029125093335e-27       300.2686212981227
   0.005468750000000001   0.0001911184326394313    0.009464798010021997                       0       300.2521372112788
            0.005859375   0.0001975957579323997    0.009587170393449175                       0       300.2359757164984
   0.006249999999999999   0.0002003432315286149    0.009642697805096337  -8.089130956839691e-27       300.2203075340447
   0.006640625000000002   0.0002011814967330201    0.009666906997334223  -1.595814728758633e-26       300.2049003179852
   0.007031250000000001   0.0001981127800669364    0.009632688283715021  -1.485757415711685e-26       300.1900436551764
   0.007421875000000001   0.0001920966639481861    0.009560820082807687  -9.010840565580546e-27       300.1756371797141
   0.007812500000000002   0.0001841156148609918    0.009463852223708271                       0       300.1615308291496
   0.008203124999999999   0.0001713611620931886    0.009314036773588731                       0       300.1482260014747
   0.008593750000000001   0.0001568089482482668    0.009146836404848521                       0        300.135257523135
   0.008984375000000001   0.0001395600927876678    0.008953558658177301                       0       300.1227935687979
   0.009375000000000001   0.0001190283307325958    0.008732518802627058                       0       300.1110239585186
            0.009765625   9.695003861644001e-05    0.008499208055529945                       0        300.099604481974
             0.01015625   7.196853285042084e-05    0.008244575851124366                       0       300.0888911963103
            0.010546875   4.512879454783075e-05    0.007978324151821155                       0       300.0787093699178
              0.0109375   1.705023455419267e-05    0.007704326122586186                       0       300.0688818497063
            0.011328125  -1.356033176368263e-05    0.007417453864266071                       0       300.0599321552034
             0.01171875  -4.495302471083977e-05     0.00712770859689522                       0       300.0513264617099
            0.012109375     -7.751890760192e-05    0.006833653815948414                       0        300.043236769737
                 0.0125  -0.0001111929991378232    0.006537778753639045                       0       300.0358139297047
            0.012890625  -0.0001453115043501001    0.006241824561378657                       0       300.0287177804743
             0.01328125  -0.0001800994556230496    0.005947374130676766                       0       300.0222615425101
            0.013671875  -0.0002150804000890904    0.005656120611640592                       0        300.016261537063
              0.0140625   -0.000250190006683859     0.00536699836704823                       0       300.0105656866276
            0.014453125  -0.0002851480224048198    0.005086001093648326                       0       300.0055862850717
             0.01484375  -0.0003198751815274738    0.004809136130016518                       0        300.000874639393
            0.015234375  -0.0003542560557526673    0.004538469631036857                       0       299.9965646275299
               0.015625  -0.0003878755858634291    0.004277410445352587                       0       299.9927509506799
            0.016015625  -0.0004210499822705621     0.00402139787758948   3.148686587355702e-30       299.9891754802117
             0.01640625  -0.0004532051879776892    0.003775964468216634     1.8892119524134e-29       299.9860565003255
            0.016796875  -0.0004844336551835724    0.003538953515512407   1.361084121299876e-28       299.9832500636095
              0.0171875  -0.0005150442967219592    0.003307557533920586   3.209732778485669e-28        299.980651989007
            0.017578125  -0.0005438896840310436    0.003090670257863846    1.20364979193212e-28       299.9785259922765
             0.01796875  -0.0005719595055306365    0.002879660092681136                       0       299.9765699025013
            0.018359375  -0.0005988659783159925    0.002677465593809481                       0       299.9748686731588
                0.01875  -0.0006241171645761733    0.002486982995900588   4.178679631216848e-28       299.9734710212818
            0.019140625   -0.000648522560145523     0.00230230740429433     7.2198976668525e-28        299.972216576247
             0.01953125  -0.0006712000794769362    0.002129147936936676   1.532589688949961e-28       299.9712313812167
            0.019921875   -0.000692548378975951     0.00196438763918018  -4.645250725889012e-28        299.970423965016
              0.0203125  -0.0007130105319200331    0.001805226787824455  -1.115011276535243e-27        299.969735068035
    0.02070312500000001  -0.0007312327175952038    0.001659551160361987  -4.181292287007086e-28       299.9693050104943
             0.02109375  -0.0007485597580154219    0.001519029595279902                       0       299.9689646589613
            0.021484375  -0.0007645440805531696    0.001386239123768297                       0       299.9687588664235
    0.02187500000000001  -0.0007787579333954064     0.00126322795996291                       0       299.9687071419161
            0.022265625  -0.0007920952850594769    0.001144966385658614   1.443442775438981e-28       299.9687266854398
    0.02265625000000001  -0.0008036971017064144    0.001035923861652488   8.660656652633603e-28       299.9688772330642
            0.023046875  -0.0008140327157480961    0.000933362646879761    1.14894447013942e-27       299.9691103937456
              0.0234375  -0.0008235241947196065   0.0008351223049292991   1.139261553119871e-27       299.9693986297983
            0.023828125  -0.0008309766762063727   0.0007469559452944928   4.272230824199638e-28       299.9698011320748
             0.02421875  -0.0008376458712358371   0.0006625300258648901                       0       299.9702409731971
            0.024609375  -0.0008431401365793475   0.0005837147667430938                       0       299.9707368225876
                  0.025  -0.0008471380191390326   0.0005118138645011383   5.162408512910656e-28       299.9712924917648
            0.025390625  -0.0008504062164208573    0.000443232911254573   1.149319015676505e-27       299.9718747926858
             0.02578125  -0.0008522520553752596   0.0003810173971098546   1.733505581148476e-27       299.9725038008624
            0.026171875  -0.0008530884036362465    0.000323180758270916   1.578543946910757e-27       299.9731592130225
              0.0265625  -0.0008532517581016235   0.0002682633696358304   9.308168462000172e-28        299.973832227838
            0.026953125  -0.0008518294454729004   0.0002200168447417997   3.490563173250033e-28       299.9745367171901
             0.02734375  -0.0008498116056734452   0.0001742013897376931                       0       299.9752494559467
            0.027734375  -0.0008469004751178945   0.0001320325395684727                       0       299.9759745688104
               0.028125  -0.0008428749221793358   9.427982127796145e-05                       0       299.9767087179401
    0.02851562500000001   -0.000838310927163062   5.863095176601742e-05                       0       299.9774457940127
             0.02890625  -0.0008327075862190323   2.698134548964445e-05                       0       299.9781855416236
            0.029296875  -0.0008263794542172629  -1.959580040435084e-06                       0       299.9789232576372
    0.02968750000000001  -0.0008195681281769983  -2.909471840631959e-05                       0       299.9796596192526
            0.030078125  -0.0008116368202962323  -5.216402566926524e-05                       0       299.9803869676524
             0.03046875  -0.0008032912796512048  -7.377243714060184e-05                       0       299.9811088501325
            0.030859375   -0.000794324389859855  -9.318950492453279e-05                       0       299.9818225337597
                0.03125  -0.0007845934378800275   -0.000109988622005319                       0        299.982522254774
            0.031640625  -0.0007744957378159083  -0.0001255482645499049   5.547734653089862e-29       299.9832143888057
             0.03203125  -0.0007636951076031077  -0.0001387679596528289   3.328640791853747e-28       299.9838901375199
            0.032421875  -0.0007524106092205783  -0.0001504228145158683    4.26931991125691e-28       299.9845521801843
              0.0328125  -0.0007408035320582288  -0.0001610344425523189   3.987873559232377e-28       299.9852050854823
            0.033203125  -0.0007284579833230118  -0.0001693260012331432   3.723893771566537e-28       299.9858333677001
             0.03359375  -0.0007158425462802272  -0.0001767939137644119   3.467052218569561e-28       299.9864512912656
            0.033984375  -0.0007028222767760918  -0.0001830263570713459   3.220918017576202e-28       299.9870536768522
               0.034375  -0.0006893099011728118  -0.0001878001122617428   1.585845588688732e-28       299.9876346767713
            0.034765625  -0.0006755625773767281  -0.0001918870012583226                       0       299.9882048922657
             0.03515625  -0.0006613675669085748  -0.0001946851135961705                       0       299.9887533557284
    0.03554687499999999  -0.0006468677443457637  -0.0001966311352095235                       0       299.9892854246401
              0.0359375  -0.0006321647137198462  -0.0001980090963398803                       0       299.9898065638514
            0.036328125  -0.0006170014649969214  -0.0001981378969375968                       0       299.9903005208655
             0.03671875  -0.0006016718020126569  -0.0001978281665594087                       0       299.9907837556306
            0.037109375  -0.0005860925176363836  -0.0001968606397173625                       0       299.9912509070219
    0.03750000000000001  -0.0005702129976029131  -0.0001951250649319158                       0       299.9916970735483
            0.037890625  -0.0005541908568924297  -0.0001930297077635296                       0       299.9921328957734
             0.03828125  -0.0005378984691310957  -0.0001902632690067858                       0       299.9925483256574
            0.038671875  -0.0005214240486748711  -0.0001870580577725638                       0        299.992948988765
              0.0390625  -0.0005048282730887178  -0.0001835603315533572                       0       299.9933398073547
    0.03945312500000001  -0.0004879606583123586  -0.0001794265635973662                       0       299.9937070084037
             0.03984375  -0.0004709958552301907  -0.0001750720430191255                       0       299.9940651975913
    0.04023437500000001  -0.0004538852696893103  -0.0001703863935075084                       0       299.9944098689865
               0.040625  -0.0004366014102683749  -0.0001653186132410067                       0       299.9947374482789
    0.04101562500000001  -0.0004192357289803488  -0.0001600728340909554  -5.960227833248348e-30       299.9950567267824
    0.04140625000000001  -0.0004017160341040196  -0.0001544971901615903  -3.576136699948876e-29        299.995359894233
            0.041796875   -0.000384094002087186  -0.0001487085995369996   -4.43275133421245e-29       299.9956517437423
              0.0421875  -0.0003664037453100168  -0.0001427780444489247  -3.873699780235806e-29       299.9959360479575
            0.042578125   -0.000348562939342771  -0.0001365429791965491  -1.452637417588391e-29       299.9962028033102
             0.04296875  -0.0003306692108797517  -0.0001302037905304425                       0       299.9964630769084
    0.04335937500000001  -0.0003126960986730717  -0.0001237084167437394                       0       299.9967136278749
    0.04375000000000001  -0.0002946304537043452  -0.0001170357981167076                       0       299.9969523092867
            0.044140625  -0.0002765215821849573  -0.0001102813550098396                       0       299.9971853328439
    0.04453125000000001   -0.000258332337224976  -0.0001033768588239527                       0       299.9974075945394
            0.044921875  -0.0002400911606289129   -9.63777358095013e-05                       0       299.9976226231298
    0.04531250000000001   -0.000221815362942126  -8.931552824267387e-05                       0       299.9978328296503
            0.045703125  -0.0002034657923296746  -8.212190489043776e-05                       0       299.9980323870361
             0.04609375  -0.0001850914291083276  -7.488502104946566e-05                       0       299.9982282496146
    0.04648437500000001  -0.0001666798769736336  -6.758324647539059e-05                       0       299.9984185699826
               0.046875  -0.0001482274951074898  -6.021152733687929e-05                       0       299.9986026336047
    0.04726562500000001  -0.0001297567452995251  -5.280856146411411e-05                       0       299.9987838525661
             0.04765625  -0.0001112533534557154  -4.535055321876469e-05                       0       299.9989599495913
            0.048046875  -9.273127529190637e-05  -3.786143686773851e-05  -3.704926596243108e-31       299.9991330571323
    0.04843749999999999  -7.419673958142894e-05  -3.035158177959497e-05  -9.879804256647487e-31       299.9993041716793
            0.048828125  -5.564027360859823e-05  -2.280556095937036e-05   -9.20637337157847e-31       299.9994717243727
    0.04921875000000001  -3.707859436539164e-05  -1.525098731021257e-05  -6.601736130398047e-31       299.9996384207033
            0.049609375  -1.850909521661932e-05  -7.683584417656683e-06  -1.100289355067488e-31       299.9998038324895
                   0.05   6.386451470840347e-08  -1.104760240659003e-07                       0       299.9999686684009
    0.05039062499999999   1.863682579990194e-05   7.462670602077275e-06                       0       300.0001335005947
             0.05078125   3.720633271801396e-05   1.503026465739294e-05                       0       300.0002988937923
    0.05117187500000001   5.576802558014611e-05   2.258514541270501e-05                       0       300.0004655603973
    0.05156250000000001   7.432450907162534e-05   3.013155063468014e-05                       0       300.0006330759404
            0.051953125   9.285907601524606e-05   3.764198753582838e-05                       0       300.0008041348294
    0.05234375000000001   0.0001113811932735691   4.513176718536419e-05                       0       300.0009771793488
    0.05273437500000001   0.0001298846360039419   5.259056095748054e-05                       0       300.0011532023034
    0.05312500000000001   0.0001483554587459414   5.999448211717203e-05                       0       300.0013343325095
            0.053515625   0.0001668079265421523   6.736724357092495e-05                       0       300.0015183000988
             0.05390625   0.0001852195945435518   7.467023881333504e-05                       0       300.0017085098959
            0.054296875   0.0002035941031650254   8.190848493771134e-05                       0       300.0019042511052
              0.0546875   0.0002219438388665492   8.910356498339753e-05                       0       300.0021036799226
    0.05507812500000001   0.0002402198645860188   9.616748079942087e-05                       0       300.0023137400868
    0.05546875000000001   0.0002584613006381847    0.000103168419924485                       0       300.0025286153058
            0.055859375   0.0002766508521893928   0.0001100748940131111                       0       300.0027507131063
    0.05624999999999999   0.0002947601071275306   0.0001168315473860718                       0       300.0029835589705
    0.05664062499999999   0.0003128261777879265   0.0001235064971914618                       0       300.0032220558568
    0.05703125000000001   0.0003307998079504205    0.000130004453442239                       0       300.0034724087693
            0.057421875   0.0003486941362064558   0.0001363464290375132                       0       300.0037324743997
              0.0578125   0.0003665355965248524   0.0001425844175291185                       0       300.0039990151753
            0.058203125   0.0003842266668212612   0.0001485182664893033                       0       300.0042830887366
             0.05859375   0.0004018495857867831   0.0001543103125315917                       0       300.0045747013604
    0.05898437500000001    0.000419370277755985   0.0001598896541970384                       0       300.0048776225846
               0.059375   0.0004367371237545164    0.000165139483610849                       0       300.0051966428736
            0.059765625   0.0004540222371714208   0.0001702114985163096                       0       300.0055239580772
    0.06015625000000001   0.0004711342662325406   0.0001749017676400306                       0       300.0058683539137
    0.06054687500000001   0.0004881006721922584   0.0001792612232697677                       0       300.0062262593908
    0.06093750000000001   0.0005049699960843544   0.0001834001365701743                       0       300.0065931712816
            0.061328125   0.0005215677762273132   0.0001869035825367058                       0       300.0069836879666
             0.06171875   0.0005380443317460598   0.0001901147644852304                       0       300.0073840444437
    0.06210937500000001   0.0005543390503285006   0.0001928875504067479                       0       300.0077991606152
                 0.0625   0.0005703638081469085   0.0001949898027024814                       0       300.0082346605381
    0.06289062500000001   0.0005862460948566166   0.0001967325590398108                       0       300.0086805007083
    0.06328125000000001   0.0006018284578955646   0.0001977078651693136                       0       300.0091473181229
            0.063671875    0.000617161452958257   0.0001980258633551669  -1.626811473124985e-28       300.0096302139895
    0.06406249999999999   0.0006323282027034771    0.000197905656245264  -4.338163928333048e-28       300.0101238288394
    0.06445312500000001   0.0006470351890211314   0.0001965371747493638  -4.735171453970026e-28       300.0106446192273
    0.06484375000000001   0.0006615391618948017   0.0001946010179968157   -3.73003197701406e-28        300.011176337323
            0.065234375   0.0006757386146025352   0.0001918133483593052   -6.21671996169008e-29       300.0117244469973
               0.065625   0.0006894907947019348    0.000187737738032607                       0       300.0122943062573
    0.06601562499999999   0.0007030082395834403   0.0001829756968590041                       0       300.0128749491449
             0.06640625   0.0007160340162017034   0.0001767558729869706                       0        300.013476976956
    0.06679687500000001   0.0007286553054573745   0.0001693013139043331                       0       300.0140945436115
              0.0671875   0.0007410069364713173   0.0001610235980146265                       0       300.0147224694967
            0.067578125   0.0007526206965091419    0.000150427132244696                       0       300.0153750225595
    0.06796875000000002   0.0007639121269396158   0.0001387880075603251                       0       300.0160367157761
    0.06835937500000001   0.0007747200629591566   0.0001255848945043114                       0       300.0167121192603
    0.06875000000000001   0.0007848255819793618   0.0001100430530393467                       0       300.0174039162727
    0.06914062500000001   0.0007945646122640413   9.326236797149895e-05  -1.512261293905006e-28       300.0181033051027
    0.06953125000000002   0.0008035401046058637   7.386503690105895e-05  -9.073567763429065e-28       300.0188166676419
    0.06992187500000001   0.0008118946459979918   5.227740628156163e-05  -1.251620845039894e-27       300.0195382397444
              0.0703125   0.0008198352200903238   2.922957596269349e-05  -1.321307194899982e-27       300.0202652848891
    0.07070312499999999   0.0008266564778840748   2.117765396311067e-06  -4.954901980875347e-28       300.0210013654633
    0.07109374999999998   0.0008329948056066277  -2.679904772188195e-05                       0       300.0217388112346
    0.07148437500000002    0.000838608738222383   -5.84233646677961e-05                       0       300.0224783048017
    0.07187499999999999   0.0008431838414612528  -9.404528821369591e-05  -8.349418906712558e-28       300.0232151526208
            0.072265625     0.00084722075609816  -0.0001317702109962417  -1.684441197874986e-27       300.0239490875242
    0.07265625000000001   0.0008501437457040916  -0.0001739095241253713  -1.757228280537083e-27       300.0246740165139
            0.073046875   0.0008521737965797564  -0.0002196940753671991  -1.116464446001199e-27       300.0253865978686
              0.0734375   0.0008536085549685764  -0.0002679087853508274                       0        300.026090947467
    0.07382812500000001   0.0008534581857645459   -0.000322791987751758                       0       300.0267638733243
             0.07421875   0.0008526350142881305  -0.0003805934585140339                       0       300.0274192197109
    0.07460937500000001    0.000850802639403136  -0.0004427723318183416                       0       300.0280481968915
    0.07500000000000001   0.0008475482289061023  -0.0005113146244653977                       0       300.0286305193183
            0.075390625   0.0008435642762267355  -0.0005831758455237163                       0       300.0291862378462
    0.07578125000000002     0.00083808419043017  -0.0006619493608843743                       0       300.0296821955667
            0.076171875   0.0008314292972308988  -0.0007463319696948383                       0       300.0301221943533
    0.07656250000000001    0.000823991199096521  -0.0008344539741385464                       0       300.0305248871953
    0.07695312500000001   0.0008145141811353069   -0.000932647340683461                       0       300.0308134049195
    0.07734374999999999   0.0008041930012942128   -0.001035160540004741                       0       300.0310468873682
    0.07773437500000001   0.0007926055786332932   -0.001144153488490598                       0       300.0311978169034
               0.078125   0.0007792824364859471   -0.001262363450201186                       0       300.0312178299492
    0.07851562500000002   0.0007650826644510657   -0.001385322001381743                       0       300.0311666206285
    0.07890625000000001   0.0007491120923523688   -0.001518057897217197                       0       300.0309614382904
            0.079296875   0.0007317984342374247   -0.001658523496298165                       0       300.0306217736477
    0.07968750000000001    0.000713589385444989   -0.001804142230876154                       0       300.0301924541377
            0.080078125   0.0006931395382314903   -0.001963244058316602                       0       300.0295044316029
    0.08046875000000001   0.0006718031189538599   -0.002127944576275238                       0       300.0286979475707
    0.08085937500000001   0.0006491368415800108   -0.002301043130011079                       0       300.0277137712825
    0.08125000000000002   0.0006247416411109047   -0.002485656537837369                       0       300.0264604658736
    0.08164062499999999   0.0005995000758928893   -0.002676076390496694                       0       300.0250640150701
             0.08203125   0.0005726019747747653   -0.002878207168398835                       0       300.0233641119426
    0.08242187500000001    0.000544539433956764    -0.00308915314426543                       0       300.0214094442762
    0.08281250000000001   0.0005157006000055138   -0.003305975918774989                       0        300.019284933584
    0.08320312500000002   0.0004850944395269303   -0.003537307132729257                       0       300.0166885059035
    0.08359375000000002   0.0004538695267893378   -0.003774253448726802                       0       300.0138837797446
            0.083984375   0.0004217164856632337    -0.00401962241778925                       0        300.010766605868
    0.08437500000000001   0.0003885422198172075   -0.004275571346824003                       0       300.0071930645681
    0.08476562500000001   0.0003549217635421171   -0.004536567445885742                       0       300.0033813766547
    0.08515624999999999   0.0003205377702706828   -0.004807172265083142                       0       299.9990734697113
    0.08554687500000001   0.0002858057508555724   -0.005083977106327972                       0       299.9943640080134
              0.0859375   0.0002508417140113491   -0.005364915295604385                       0        299.989386843146
    0.08632812500000001   0.0002157230714656029   -0.005653981965394617                       0       299.9836933434242
    0.08671875000000001   0.0001807318635793484   -0.005945181706595496                       0       299.9776957253227
    0.08710937499999999   0.0001459318076823321   -0.006239581054912327                       0       299.9712419296512
    0.08749999999999999   0.0001117987551136147   -0.006535488592107953                       0       299.9641482742858
            0.087890625   7.810891353921546e-05   -0.006831319430102786                       0       299.9567279476049
    0.08828124999999999   4.552491261379167e-05   -0.007125335282415635                       0       299.9486407953559
    0.08867187500000001   1.411243289302784e-05    -0.00741504625882618                       0       299.9400376401778
    0.08906249999999999  -1.651903269129025e-05   -0.007701887317968465                       0       299.9310904830475
    0.08945312500000001  -4.462100458058056e-05   -0.007975862988085013                       0       299.9212654596129
    0.08984374999999999  -7.148501604900484e-05   -0.008242096297839447                       0       299.9110860977709
    0.09023437500000001  -9.649208688613477e-05   -0.008496716067050778                       0       299.9003752283184
    0.09062500000000001   -0.000118597308950626   -0.008730023139659406                       0       299.8889580713966
            0.091015625  -0.0001391565780679445   -0.008951063888898807                       0       299.8771907247055
    0.09140625000000002  -0.0001564338841692415   -0.009144352041265959                       0       299.8647289064725
            0.091796875  -0.0001710149006422992   -0.009311570443143374                       0       299.8517624475416
    0.09218750000000001  -0.0001837983906965325   -0.009461409011360989                       0       299.8384595614787
    0.09257812500000001  -0.0001918084233916419   -0.009558413383336675                       0       299.8243549283741
    0.09296874999999999  -0.0001978532360438421    -0.00963032366658039                       0       299.8099500717783
    0.09335937499999999  -0.0002009502186316826   -0.009664592816726363                       0       299.7950948799523
                0.09375  -0.0002001391176446675   -0.009640445500731407                       0       299.7796889269892
    0.09414062500000002  -0.0001974181327530925   -0.009584985733496105                       0       299.7640219030302
    0.09453125000000001  -0.0001909656958181369   -0.009462692627440395                       0       299.7478613562266
            0.094921875  -0.0001819758899535135   -0.009283914024024285                       0       299.7313780638871
    0.09531250000000001  -0.0001712945048024452   -0.009067478422367926                       0        299.714679607857
    0.09570312500000001  -0.0001570509375712723   -0.008746371082305313                       0       299.6975272140127
    0.09609374999999998  -0.0001417461299082245   -0.008379264711549053                       0       299.6802276715978
    0.09648437500000001  -0.0001248494615973571   -0.007943159794752158                       0        299.662707406327
               0.096875  -0.0001067549812412216   -0.007407035113662922                       0       299.6449607989221
    0.09726562500000002  -8.834083037812248e-05   -0.006818962917999917                       0       299.6271170903961
             0.09765625  -6.984580953245381e-05   -0.006123120428334615                       0       299.6091113195139
    0.09804687500000001  -5.225375543777506e-05   -0.005340820578763931                       0       299.5910272646176
    0.09843750000000002  -3.526367917709327e-05   -0.004500882489256551                       0       299.5728910203854
            0.098828125  -2.176908311718215e-05   -0.003507646801619648                       0       299.5546843853284
    0.09921875000000001  -1.051703986582847e-05   -0.002449385130875704                       0       299.5364672655188
    0.09960937500000001  -2.628825827310934e-06   -0.001293584485471243                       0       299.5182344185807
                    0.1                       0                       0                       0       299.4999999999999
