#              distance                     U_x                     U_y                     U_z                       T
  6.939827610207933e-18   2.764701241856512e-25   1.917797655041371e-21                       0       300.5000000000001
  0.0003906250000000001   8.180549707752649e-09    2.12981681924357e-05                       0        300.495492500002
  0.0007812500000000002   3.514273219789709e-08   4.147708552990447e-05                       0        300.490985400087
            0.001171875   7.658258064278627e-08   6.084550476353966e-05                       0       300.4864790303942
              0.0015625   1.276742063908402e-07   7.967359192795387e-05                       0       300.4819731475239
            0.001953125   1.990263645535799e-07   9.719995503799461e-05  -1.778955467467121e-28        300.477469316444
             0.00234375   2.770202467592852e-07   0.0001142248554716837  -2.829562744039042e-28       300.4729666458169
   0.002734375000000001    3.64976715029442e-07   0.0001304975618908451  -2.787647734268458e-28       300.4684657158685
               0.003125   4.638777684431019e-07   0.0001458051831449787  -2.746112189184731e-28       300.4639677956751
            0.003515625   5.676960486533461e-07   0.0001606395610543943  -3.036608462256499e-28       300.4594715543546
             0.00390625    6.80238650906417e-07    0.000174546050749965   -4.65485254326317e-28       300.4549790187705
            0.004296875   7.977820685731933e-07   0.0001877840326138463  -4.285032861527539e-28       300.4504897881916
   0.004687500000000002   9.186593631824423e-07   0.0002005763425899347  -2.589837337963758e-28       300.4460027609496
            0.005078125   1.045507974805023e-06   0.0002122993302735342  -9.711890017364038e-29         300.44152212177
   0.005468750000000001   1.173879411124109e-06   0.0002236121991757011                       0       300.4370443900896
            0.005859375    1.30453508448793e-06   0.0002343098899057189                       0       300.4325710196578
   0.006249999999999999   1.436658684414955e-06   0.0002442218899013428  -1.196780568772764e-28        300.428104167522
   0.006640625000000002   1.569158869177124e-06    0.000253749510862362  -2.385890542847452e-28       300.4236407495509
   0.007031250000000001   1.701697466716598e-06   0.0002625253064193568  -2.347537569356437e-28       300.4191845499432
   0.007421875000000001    1.83329964957771e-06   0.0002707621146267928  -1.457622737475001e-28       300.4147342852811
   0.007812500000000002   1.964277555986589e-06   0.0002786395979345229                       0       300.4102879772497
   0.008203124999999999    2.09225703209532e-06   0.0002856593659984711                       0       300.4058524205843
   0.008593750000000001   2.218527497814958e-06   0.0002923519336661842                       0       300.4014215039218
   0.008984375000000001   2.342234447950965e-06   0.0002985537007395447                       0       300.3969975472634
   0.009375000000000001   2.461629088073462e-06   0.0003041321242015932                       0       300.3925835387973
            0.009765625   2.578673753652347e-06   0.0003094064596634566                       0       300.3881746683537
             0.01015625   2.690630831070262e-06   0.0003140877867358925                       0       300.3837764018065
            0.010546875   2.798275512588431e-06   0.0003183465619389737                       0       300.3793865693198
              0.0109375   2.903045263506751e-06   0.0003223236358958186                       0       300.3750023595402
            0.011328125   2.999933581264419e-06   0.0003256325438123614                       0       300.3706329886354
             0.01171875   3.093442171418514e-06   0.0003286882488320786                       0       300.3662698574103
            0.012109375   3.181881170167381e-06   0.0003313641495065647                       0        300.361916085711
                 0.0125   3.263201394082112e-06   0.0003335610230111177                       0        300.357575382708
            0.012890625   3.340894661012388e-06   0.0003355250391967035                       0       300.3532413562896
             0.01328125   3.411198874838897e-06    0.000337036653276353                       0       300.3489209675126
            0.013671875   3.475820952102195e-06   0.0003382283660693459                       0        300.344611217355
              0.0140625   3.536654938323355e-06   0.0003392068113379014                       0       300.3403085596103
            0.014453125    3.58788144548668e-06   0.0003396834694733779                       0       300.3360242880548
             0.01484375   3.635245856010225e-06    0.000339971583102897                       0       300.3317476208998
            0.015234375   3.676817121574089e-06   0.0003399768799734797                       0       300.3274823603452
               0.015625   3.710691936418848e-06   0.0003396286617485692                       0       300.3232327830372
            0.016015625   3.740740567735082e-06   0.0003391093874342023  -1.899217980321819e-29       300.3189911593306
             0.01640625   3.763180915657204e-06   0.0003382594038575788  -1.139530788193079e-28         300.31476566685
            0.016796875   3.780022441032641e-06   0.0003371779162992872  -1.501806613138637e-28       300.3105525882031
              0.0171875   3.793131418043709e-06   0.0003359420927532169  -1.472526994607382e-28       300.3063477854454
            0.017578125   3.797150191430951e-06   0.0003343470156496478  -5.521976229777655e-29       300.3021641627428
             0.01796875   3.797651659393824e-06   0.0003326184882333333                       0       300.2979891936568
            0.018359375   3.792877169220068e-06    0.000330689785347901                       0       300.2938272049954
                0.01875   3.781345261872678e-06   0.0003285139192565519   -6.71168659526759e-29       300.2896828569955
            0.019140625   3.766512650763226e-06     0.00032621921545814  -1.175146923123611e-28       300.2855474050622
             0.01953125   3.745234641780165e-06   0.0003236963240375027  -3.391949434746168e-29       300.2814298968344
            0.019921875   3.719379232076801e-06   0.0003210159550723289   4.664640522502405e-29       300.2773260504933
              0.0203125   3.690472221893247e-06   0.0003182306010774638   1.251927725359028e-28        300.273231312077
    0.02070312500000001   3.654396086811478e-06   0.0003152046147538631   4.694728970096268e-29       300.2691596445191
             0.02109375   3.615646957729117e-06    0.000312090733653645                       0       300.2650973098958
            0.021484375   3.572888337645667e-06   0.0003088450103884832                       0       300.2610489746577
    0.02187500000000001   3.525190344207457e-06    0.000305439472281611                       0       300.2570194825492
            0.022265625   3.475127663694453e-06   0.0003019578368015995  -1.369941551401045e-29       300.2529994482945
    0.02265625000000001   3.420545608236928e-06    0.000298331626670748  -8.219649308405999e-29       300.2489984023317
            0.023046875   3.362896263332725e-06   0.0002946078706881714  -1.081691414618232e-28       300.2450116823234
              0.0234375   3.303202058797486e-06   0.0002908190841377781  -1.057921703780615e-28       300.2410345129516
            0.023828125   3.238940432019795e-06   0.0002868849654530422   -3.96720638917742e-29       300.2370813211386
             0.02421875   3.173071122631409e-06    0.000282899257238531                       0       300.2331377446604
            0.024609375   3.104790289326973e-06   0.0002788361647293564                       0       300.2292085911837
                  0.025   3.033732317694834e-06   0.0002746822810264243  -4.744054810560146e-29       300.2252986849773
            0.025390625   2.961394512587665e-06   0.0002704859266628412  -1.058724587683916e-28       300.2213983985789
             0.02578125   2.886714511908348e-06   0.0002662104808504735   -1.60829271554344e-28       300.2175173442092
            0.026171875   2.810599553243265e-06   0.0002618839836413014  -1.472611001263089e-28       300.2136506787402
              0.0265625   2.733527955920887e-06    0.000257523452167593   -8.80096058889584e-29       300.2097936058716
            0.026953125   2.654590200295026e-06   0.0002530907825257733  -3.300360220835909e-29       300.2059604168971
             0.02734375   2.575110699280882e-06   0.0002486341103887062                       0       300.2021367269913
            0.027734375   2.494818580184135e-06   0.0002441414345087685                       0       300.1983272856889
               0.028125   2.413839338075866e-06   0.0002396098197503189                       0       300.1945367030835
    0.02851562500000001   2.332611868923613e-06    0.000235060845605633                       0       300.1907555074593
             0.02890625   2.251078614606796e-06   0.0002304813727945405                       0       300.1869930010965
            0.029296875   2.169589422422437e-06   0.0002258848972293315                       0       300.1832443624976
    0.02968750000000001   2.088129604993271e-06   0.0002212770864947117                       0       300.1795049690749
            0.030078125   2.007175903785207e-06   0.0002166499764760292                       0       300.1757884038332
             0.03046875    1.92658782191703e-06   0.0002120184709374804                       0       300.1720808417899
            0.030859375   1.846548169059058e-06   0.0002073803721191507                       0       300.1683867845713
                0.03125   1.767545073643182e-06   0.0002027395634110116                       0       300.1647104499974
            0.031640625   1.689131065848614e-06   0.0001980987821491322  -7.591014719707231e-30       300.1610428990536
             0.03203125   1.612036851096473e-06   0.0001934608205621024  -4.554608831824105e-29       300.1573927599851
            0.032421875   1.536127679472578e-06   0.0001888287192088473  -5.971665048638575e-29       300.1537554270307
              0.0328125   1.461008536600949e-06   0.0001842005246781086  -5.803087170093814e-29       300.1501266314857
            0.033203125   1.388160176389015e-06   0.0001795876905513228  -5.638266758368101e-29       300.1465187261991
             0.03359375   1.316326282327341e-06   0.0001749829865733142  -5.474900967494153e-29       300.1429189833102
            0.033984375   1.246014087490752e-06   0.0001703904778184709  -5.313717107898366e-29       300.1393314840172
               0.034375   1.177918454768001e-06   0.0001658177154813307   -2.64074016798955e-29        300.135759898087
            0.034765625   1.110971774779236e-06   0.0001612555806912834                       0       300.1321961601745
             0.03515625   1.046404343612813e-06   0.0001567162096719051                       0       300.1286479009707
    0.03554687499999999   9.837245628219182e-07   0.0001521958358964878                       0       300.1251109080055
              0.0359375   9.223032156147835e-07   0.0001476881269503778                       0       300.1215814258662
            0.036328125    8.64168652899857e-07   0.0001432147449761808                       0       300.1180701225068
             0.03671875    8.07392625380222e-07   0.0001387559516005737                       0       300.1145658409854
            0.037109375   7.526544006532652e-07   0.0001343190411228513                       0        300.111072092221
    0.03750000000000001   7.006962356920302e-07   0.0001299126249874039                       0       300.1075918679244
            0.037890625   6.501377801464253e-07   0.0001255216901812518                       0       300.1041182713133
             0.03828125   6.023981024973715e-07   0.0001211621863500058                       0       300.1006576609754
            0.038671875   5.567837140624109e-07   0.0001168266864024142                       0       300.0972063731188
              0.0390625   5.125861851037442e-07   0.0001125071890439256                       0       300.0937613002495
    0.03945312500000001   4.719205100527243e-07   0.0001082279856120125                       0       300.0903310479611
             0.03984375   4.326522203413224e-07   0.0001039648517527201                       0        300.086906428994
    0.04023437500000001   3.954800086390415e-07   9.972582225235821e-05                       0       300.0834902600084
               0.040625   3.610501729516751e-07    9.55185283027321e-05                       0       300.0800847524371
    0.04101562500000001   3.279732267182791e-07   9.132692893735339e-05   3.207980573962009e-30        300.076684420642
    0.04140625000000001   2.975654622856763e-07   8.716637235822949e-05   1.924788344377134e-29       300.0732941305392
            0.041796875   2.690898127050395e-07   8.302837528251167e-05   2.490986455192744e-29       300.0699108967316
              0.0421875   2.419022396923038e-07   7.890541787573117e-05   2.365323115231526e-29       300.0665323671209
            0.042578125   2.177950814037876e-07   7.481854014391737e-05   8.869961682118001e-30       300.0631647905614
             0.04296875   1.948553383385325e-07   7.074536969561376e-05                       0       300.0598012663815
    0.04335937500000001   1.736667181081971e-07   6.669276017257539e-05                       0       300.0564438207709
    0.04375000000000001   1.546669250502471e-07    6.26659010758985e-05                       0       300.0530938114371
            0.044140625   1.367212287227029e-07   5.865145207379875e-05                       0       300.0497473506539
    0.04453125000000001   1.208030921436275e-07    5.46608930236464e-05                       0       300.0464076477965
            0.044921875   1.062741957368915e-07   5.068672282270126e-05                       0       300.0430724979188
    0.04531250000000001   9.267145944524064e-08   4.672347852122729e-05                       0       300.0397403833609
            0.045703125   8.114928505136479e-08    4.27848025186969e-05                       0       300.0364149879961
             0.04609375   7.035977666228766e-08   3.885478509477105e-05                       0       300.0330919291349
    0.04648437500000001   6.066926728079306e-08   3.493775553875176e-05                       0       300.0297723750295
               0.046875   5.223514821254999e-08   3.103558403013842e-05                       0       300.0264567854618
    0.04726562500000001   4.437489672890903e-08   2.714020103617322e-05                       0       300.0231429997568
             0.04765625   3.755372527034608e-08   2.325711405339227e-05                       0       300.0198324649237
            0.048046875    3.13437172337025e-08   1.938126438694875e-05   -3.42726573963479e-30       300.0165238298405
    0.04843749999999999   2.554115147853559e-08   1.551023959806335e-05  -9.139375305692404e-30        300.013216461253
            0.048828125   2.047022328120353e-08   1.164788729585533e-05  -6.862996120667274e-30       300.0099113574111
    0.04921875000000001   1.557523519324278e-08   7.787624706845741e-06  -4.122876457239002e-30       300.0066067976912
            0.049609375   1.094415726970746e-08   3.930496687633893e-06   -6.87146076206504e-31       300.0033030541543
                   0.05   6.429210747176476e-09   7.476144873464007e-08                       0       299.9999996738936
    0.05039062499999999   1.913198941294423e-09   -3.78097640360305e-06                       0       299.9966962939106
             0.05078125  -2.723205398013652e-09  -7.638117490007944e-06                       0       299.9933925517629
    0.05117187500000001  -7.626718613854252e-09  -1.149840100264411e-05                       0       299.9900879942638
    0.05156250000000001  -1.270830441384754e-08  -1.536077946610091e-05                       0       299.9867828931971
            0.051953125  -1.852686839016609e-08  -1.923184356402822e-05                       0       299.9834755287642
    0.05234375000000001  -2.475501644714904e-08  -2.310773783088371e-05                       0       299.9801668983905
    0.05273437500000001  -3.159754062523648e-08  -2.699087735113088e-05                       0       299.9768563690953
    0.05312500000000001  -3.948344283441079e-08  -3.088632355134535e-05                       0       299.9735425899806
            0.053515625  -4.794536597405888e-08  -3.478856362750537e-05                       0        299.970227007563
             0.05390625   -5.76679948043145e-08  -3.870567252747382e-05                       0       299.9669074616804
            0.054296875  -6.849287411026725e-08  -4.263577747457388e-05                       0        299.963584411835
              0.0546875  -8.005258706648996e-08  -4.657454645309495e-05                       0       299.9602590260147
    0.05507812500000001  -9.369830848051132e-08   -5.05378975512149e-05                       0       299.9569269222995
    0.05546875000000001  -1.082723803435755e-07  -5.451218016337078e-05                       0       299.9535917837739
            0.055859375  -1.242389778804728e-07  -5.850286004658042e-05                       0       299.9502520930318
    0.05624999999999999  -1.422375400669548e-07  -6.251744130524598e-05                       0       299.9469056453583
    0.05664062499999999  -1.612924075145857e-07  -6.654443842429781e-05                       0       299.9435556496245
    0.05703125000000001  -1.825405313581022e-07  -7.059719760943884e-05                       0       299.9401982185814
            0.057421875  -2.055431176708105e-07  -7.467052662823854e-05                       0       299.9368347096728
              0.0578125  -2.297153456295616e-07  -7.875756886947735e-05                       0       299.9334671488537
            0.058203125  -2.569735819558712e-07   -8.28807059581522e-05                       0       299.9300886361173
             0.05859375  -2.855221421103309e-07  -8.701888892584272e-05                       0       299.9267054196158
    0.05898437500000001  -3.160061880068277e-07  -9.117964071205874e-05                       0       299.9233151474735
               0.059375  -3.491639264037586e-07  -9.537144800902397e-05                       0        299.919914834478
            0.059765625    -3.8367681254011e-07  -9.957895633412296e-05                       0       299.9165093461035
    0.06015625000000001  -4.209365971344962e-07  -0.0001038182132610202                       0       299.9130931971059
    0.06054687500000001  -4.602958562647784e-07  -0.0001080815845968199                       0       299.9096685986915
    0.06093750000000001  -5.010547650855933e-07  -0.0001123610322052164                       0       299.9062383673195
            0.061328125  -5.453511883076785e-07  -0.0001166807909542885                       0       299.9027933162485
             0.06171875  -5.910667312117586e-07  -0.0001210165593750177                       0       299.8993420505113
    0.06210937500000001  -6.389109536386851e-07  -0.0001253763423032354                       0       299.8958814627812
                 0.0625  -6.895784575889345e-07   -0.000129767570787918                       0       299.8924078893732
    0.06289062500000001  -7.416479160879742e-07  -0.0001341742880024673                       0       299.8889276885635
    0.06328125000000001  -7.965019112593265e-07  -0.0001386115145800201                       0       299.8854339638314
            0.063671875  -8.533970385609704e-07  -0.0001430706356674888    3.38821931031902e-29       299.8819297066889
    0.06406249999999999   -9.11652920616153e-07  -0.0001475443530949085   9.035251494183537e-29        299.878418427955
    0.06445312500000001  -9.732010735797839e-07  -0.0001520524174538002   9.337160781136786e-29       299.8748889709663
    0.06484375000000001  -1.036009823052435e-06  -0.0001565731548798103   7.138729764981371e-29       299.8713520033201
            0.065234375  -1.100709467288422e-06  -0.0001611129019065068   1.189788294163558e-29       299.8678037697039
               0.065625   -1.16779260854283e-06  -0.0001656754297106741                       0       299.8642400576636
    0.06601562499999999  -1.236026803364568e-06  -0.0001702485937039582                       0       299.8606684977302
             0.06640625  -1.306481715437734e-06  -0.0001748415216762398                       0       299.8570810246488
    0.06679687500000001  -1.378461361010267e-06  -0.0001794466584761332                       0       299.8534813080777
              0.0671875  -1.451457495582284e-06   -0.000184059934494434                       0       299.8498734291802
            0.067578125  -1.526729311522062e-06  -0.0001886885943427831                       0       299.8462446601217
    0.06796875000000002  -1.602793043266422e-06  -0.0001933211706967883                       0       299.8426073536291
    0.06835937500000001  -1.680044648717799e-06   -0.000197959621809301                       0       299.8389572410221
    0.06875000000000001  -1.758619657581755e-06  -0.0002026009126124372                       0       299.8352897164452
    0.06914062500000001  -1.837785513439446e-06  -0.0002072422410381652   1.723930739681056e-29       299.8316134081812
    0.06953125000000002  -1.917991353859379e-06  -0.0002118808802636136   1.034358443808523e-28       299.8279193771052
    0.06992187500000001  -1.998748041160775e-06  -0.0002165129422501496   1.401305938977855e-28        299.824211841025
              0.0703125  -2.079871959716446e-06  -0.0002211406194107438   1.438241517699853e-28       299.8204953016087
    0.07070312499999999  -2.161505744613997e-06  -0.0002257490249260118   5.393405691374901e-29       299.8167559336056
    0.07109374999999998   -2.24317028209988e-06  -0.0002303461067015558                       0       299.8130073202204
    0.07148437500000002  -2.324880948468485e-06  -0.0002349262028675147                       0       299.8092448387624
    0.07187499999999999  -2.406288320108742e-06  -0.0002394758240004502    8.11984804547558e-29       299.8054636675524
            0.072265625  -2.487448638430082e-06  -0.0002440080977638769   1.632073603119037e-28       299.8016731090871
    0.07265625000000001  -2.567924038204897e-06  -0.0002485014570822909   1.672593573238371e-28       299.7978636913525
            0.073046875  -2.647588243390527e-06   -0.000252958831603031   1.055500975803815e-28       299.7940400245224
              0.0734375  -2.726711652183403e-06  -0.0002573922162586554                       0       299.7902068582953
    0.07382812500000001  -2.803970866975064e-06  -0.0002617534953890326                       0       299.7863498072544
             0.07421875  -2.880274055830144e-06  -0.0002660807537530219                       0       299.7824831632063
    0.07460937500000001  -2.955143205780636e-06  -0.0002703569809674306                       0       299.7786021296475
    0.07500000000000001   -3.02767102098245e-06  -0.0002745541446401473                       0       299.7747018631845
            0.075390625  -3.098919337574179e-06  -0.0002787088518408931                       0       299.7707919764309
    0.07578125000000002  -3.167390994474753e-06  -0.0002827727966954758                       0       299.7668628414527
            0.076171875  -3.233451187574875e-06  -0.0002867593796195369                       0        299.762919282693
    0.07656250000000001  -3.297903738141502e-06  -0.0002906943879232618                       0       299.7589661080905
    0.07695312500000001  -3.357788450066912e-06  -0.0002944841026202275                       0       299.7549889545588
    0.07734374999999999  -3.415627922637681e-06   -0.000298208802678645                       0       299.7510022498124
    0.07773437500000001  -3.470399536176742e-06  -0.0003018359807792407                       0       299.7470012182437
               0.078125   -3.52065057791856e-06  -0.0003053186171587642                       0         299.74298119717
    0.07851562500000002  -3.568536222592399e-06  -0.0003087251729069546                       0       299.7389517176302
    0.07890625000000001  -3.611480850791499e-06  -0.0003119719478508419                       0       299.7349033936902
            0.079296875  -3.650414416144252e-06  -0.0003150869070173351                       0       299.7308410693784
    0.07968750000000001  -3.686673939599408e-06  -0.0003181139889989011                       0       299.7267694114876
            0.080078125  -3.715761147926282e-06  -0.0003209004841138006                       0       299.7226746810423
    0.08046875000000001  -3.741795251090621e-06  -0.0003235820129983096                       0       299.7185708419893
    0.08085937500000001  -3.763249696511083e-06  -0.0003261060925372216                       0       299.7144533400149
    0.08125000000000002  -3.778255279873523e-06  -0.0003284020233265508                       0        299.710317892954
    0.08164062499999999  -3.789958315108923e-06  -0.0003305791361756135                       0       299.7061735490732
             0.08203125  -3.794900019896147e-06  -0.0003325091260133399                       0       299.7020115631324
    0.08242187500000001  -3.794562501753506e-06  -0.0003342389715575008                       0        299.697836595693
    0.08281250000000001  -3.790705501657558e-06  -0.0003358353875726183                       0       299.6936529739212
    0.08320312500000002  -3.777752323234424e-06  -0.0003370726037732229                       0       299.6894481703019
    0.08359375000000002  -3.761064001728411e-06  -0.0003381555062255859                       0       299.6852350900796
            0.083984375  -3.738772965598035e-06  -0.0003390069380555868                       0       299.6810095949526
    0.08437500000000001  -3.708868068108574e-06  -0.0003395277066486054                       0       299.6767679671926
    0.08476562500000001  -3.675134107327277e-06  -0.0003398774425677816                       0       299.6725183851164
    0.08515624999999999  -3.633697754738202e-06   -0.000339873711028571                       0        299.668253118409
    0.08554687500000001  -3.586463551368975e-06  -0.0003395871997196414                       0         299.66397644408
              0.0859375  -3.535364114146315e-06  -0.0003391121685642326                       0       299.6596921646702
    0.08632812500000001  -3.474648980993183e-06  -0.0003381354141200912                       0       299.6553894974165
    0.08671875000000001  -3.410142339925728e-06  -0.0003369454186073191                       0       299.6510797371114
    0.08710937499999999  -3.339948436986814e-06  -0.0003354355614916011                       0       299.6467593372287
    0.08749999999999999  -3.262358430384768e-06  -0.0003334733571025104                       0       299.6424252984797
            0.087890625  -3.181137899330105e-06  -0.0003312783233135346                       0       299.6380845825487
    0.08828124999999999  -3.092791374128157e-06  -0.0003286043191983909                       0       299.6337307967564
    0.08867187500000001  -2.999369755984468e-06  -0.0003255505549511664                       0       299.6293676506153
    0.08906249999999999  -2.902564742546326e-06  -0.0003222436172825552                       0       299.6249982642419
    0.08945312500000001  -2.797869053229142e-06  -0.0003182685900232791                       0       299.6206140377103
    0.08984374999999999  -2.690294737730321e-06  -0.0003140118932558992                       0        299.616224187996
    0.09023437500000001  -2.578402482958937e-06  -0.0003093326922263624                       0       299.6118259035077
    0.09062500000000001   -2.46141531811547e-06   -0.000304060548713992                       0       299.6074170142588
            0.091015625  -2.342074552725814e-06  -0.0002984843507922619                       0       299.6030029865597
    0.09140625000000002  -2.218414295224143e-06  -0.0002922848777159939                       0       299.5985790098874
            0.091796875  -2.092185296475299e-06  -0.0002855946573950083                       0       299.5941480726851
    0.09218750000000001  -1.964243803561629e-06  -0.0002785772722442099                       0       299.5897124951292
    0.09257812500000001  -1.833295537515787e-06  -0.0002707022642755367                       0       299.5852661654404
    0.09296874999999999  -1.701719845802187e-06  -0.0002624679698501937                       0       299.5808158788538
    0.09335937499999999  -1.569203015586958e-06  -0.0002536947457398507                       0        299.576359656927
                0.09375  -1.436718761700214e-06  -0.0002441697761997105                       0       299.5718962161946
    0.09414062500000002  -1.304608312298941e-06  -0.0002342604684210284                       0       299.5674293410967
    0.09453125000000001   -1.17396050451105e-06  -0.0002235655531179775                       0        299.562955947343
            0.094921875  -1.045593453160655e-06  -0.0002122555245910542                       0       299.5584781921299
    0.09531250000000001  -9.187469061019215e-07  -0.0002005354205815496                       0       299.5539975292771
    0.09570312500000001  -7.978667995966758e-07  -0.0001877461069554688                       0       299.5495104781018
    0.09609374999999998  -6.803190383595743e-07   -0.000174511168362441                       0       299.5450212235181
    0.09648437500000001   -5.67769795024632e-07  -0.0001606077923189873                       0       299.5405286638223
               0.096875  -4.639427490287717e-07  -0.0001457766257638484                       0       299.5360323983032
    0.09726562500000002  -3.650321274485031e-07  -0.0001304722657198466                       0       299.5315344538802
             0.09765625  -2.770650061916267e-07  -0.0001142029222320918                       0       299.5270334996592
    0.09804687500000001   -1.99060506268616e-07  -9.718146415041301e-05                       0       299.5225308047463
    0.09843750000000002  -1.276977539015308e-07  -7.965859633945625e-05                       0        299.518026949379
            0.098828125   -7.65972644824361e-08  -6.083414224386395e-05                       0       299.5135210422456
    0.09921875000000001  -3.514994101367054e-08  -4.146941345112232e-05                       0       299.5090146483124
    0.09960937500000001  -8.182366470398459e-09  -2.129427261265736e-05                       0       299.5045075241796
                    0.1                       0                       0                       0       299.4999999999999
