#              distance                     U_x                     U_y                     U_z                       T
  1.387778780781448e-19    2.87117827427261e-20   3.871236575776663e-18   3.475301203191941e-55       300.5000000000016
  0.0003906250000000002   1.697203515232424e-06   0.0002141546191275587   9.782103252309764e-42       300.4905808003117
  0.0007812500000000002   3.394407030464851e-06   0.0004283092382551175   1.956420650461936e-41       300.4811616006235
            0.001171875   5.091610545697278e-06   0.0006424638573826763   2.934630975692895e-41       300.4717424009352
              0.0015625   1.038594322894687e-05    0.000806738587218049   2.738988910646704e-41        300.462327489531
            0.001953125   1.657955820420075e-05   0.0009585433447303752   2.249883748031228e-41       300.4529136501978
             0.00234375   2.277317317945464e-05    0.001110348102242702    1.76077858541575e-41       300.4434998108646
   0.002734375000000001   2.896678815470853e-05    0.001262152859755028   1.271673422800253e-41       300.4340859715314
               0.003125   3.516040312996238e-05    0.001413957617267354   7.825682601847715e-42       300.4246721321983
   0.003515625000000001   4.135401810521628e-05    0.001565762374779681   2.934630975692893e-42       300.4152582928651
             0.00390625   4.823033070600603e-05    0.001696260105578187                       0        300.405894160591
            0.004296875   5.613068974509952e-05    0.001794797296305964                       0       300.3966045889055
   0.004687500000000001   6.403104878419307e-05    0.001893334487033741                       0       300.3873150172197
            0.005078125   7.193140782328638e-05    0.001991871677761518                       0       300.3780254455341
   0.005468750000000001   7.983176686238009e-05    0.002090408868489295                       0       300.3687358738485
   0.005859375000000002    8.77321259014737e-05    0.002188946059217072                       0       300.3594463021629
   0.006250000000000001   9.563248494056719e-05    0.002287483249944849                       0       300.3501567304774
   0.006640625000000001   0.0001027363279910277    0.002341867796269424                       0       300.3411833850699
   0.007031250000000001   0.0001098401710414881    0.002396252342594001                       0       300.3322100396625
   0.007421875000000001   0.0001169440140919486    0.002450636888918577                       0       300.3232366942551
              0.0078125    0.000124047857142409    0.002505021435243153                       0       300.3142633488476
            0.008203125   0.0001311517001928695    0.002559405981567729                       0       300.3052900034402
   0.008593750000000001     0.00013825554324333    0.002613790527892304                       0       300.2963166580328
   0.008984375000000001   0.0001438875671958305    0.002647227005533186                       0       300.2876626485528
   0.009375000000000001   0.0001485383784163574    0.002666698104051603                       0        300.279221529691
            0.009765625   0.0001531891896368843    0.002686169202570021                       0       300.2707804108293
             0.01015625   0.0001578400008574113    0.002705640301088439                       0       300.2623392919677
            0.010546875   0.0001624908120779383    0.002725111399606857                       0       300.2538981731061
              0.0109375   0.0001671416232984652    0.002744582498125275                       0       300.2454570542444
            0.011328125   0.0001711894014033986    0.002758873186718473                       0        300.237162034943
             0.01171875   0.0001728250470459572    0.002752442235610791                       0       300.2294514138831
            0.012109375   0.0001744606926885162    0.002746011284503109                       0        300.221740792823
                 0.0125    0.000176096338331075    0.002739580333395427                       0       300.2140301717631
            0.012890625   0.0001777319839736338    0.002733149382287744                       0        300.206319550703
             0.01328125   0.0001793676296161926    0.002726718431180061                       0        300.198608929643
            0.013671875   0.0001810032752587514    0.002720287480072378                       0        300.190898308583
              0.0140625   0.0001803204177004404    0.002699693408550319                       0       300.1838922823023
            0.014453125    0.000179057934341912    0.002675558556924664                       0       300.1770624047164
             0.01484375   0.0001777954509833836     0.00265142370529901                       0       300.1702325271305
            0.015234375   0.0001765329676248554    0.002627288853673356                       0       300.1634026495447
               0.015625   0.0001752704842663271    0.002603154002047701                       0       300.1565727719588
            0.016015625   0.0001740080009077989    0.002579019150422046                       0       300.1497428943728
             0.01640625   0.0001718114677685966     0.00255057175589748                       0        300.143299836816
            0.016796875   0.0001682138599583798    0.002515655547024498                       0       300.1374370092969
              0.0171875   0.0001646162521481639     0.00248073933815153                       0       300.1315741817796
            0.017578125   0.0001610186443379477    0.002445823129278563                       0       300.1257113542623
    0.01796875000000001   0.0001574210365277321    0.002410906920405594                       0       300.1198485267448
            0.018359375   0.0001538234287175163    0.002375990711532626                       0       300.1139856992274
                0.01875   0.0001502258209073008    0.002341074502659665                       0       300.1081228717109
            0.019140625   0.0001450751452793713    0.002300797829403902                       0       300.1032476421822
             0.01953125   0.0001399244696514423    0.002260521156148147                       0       300.0983724126544
    0.01992187500000001   0.0001347737940235132    0.002220244482892391                       0       300.0934971831265
              0.0203125   0.0001296231183955846    0.002179967809636636                       0       300.0886219535987
            0.020703125   0.0001244724427676551     0.00213969113638088                       0       300.0837467240709
             0.02109375   0.0001193217671397261    0.002099414463125124                       0        300.078871494543
            0.021484375   0.0001137307451326359    0.002058275670138476                       0       300.0745670819931
    0.02187500000000001   0.0001078461588727707    0.002016562130664565                       0        300.070643214095
            0.022265625   0.0001019615726129056    0.001974848591190655                       0        300.066719346197
             0.02265625   9.607698635304013e-05    0.001933135051716745                       0        300.062795478299
            0.023046875   9.019240009317519e-05    0.001891421512242834                       0       300.0588716104009
              0.0234375   8.430781383331026e-05    0.001849707972768925                       0       300.0549477425029
            0.023828125   7.842318389702526e-05    0.001808226147633331                       0       300.0511985409769
             0.02421875   7.253837925505758e-05    0.001767671179850949                       0       300.0481480049297
            0.024609375   6.665357461309086e-05    0.001727116212068579                       0       300.0450974688846
                  0.025   6.076876997112317e-05    0.001686561244286203                       0       300.0420469328383
            0.025390625   5.488396532915663e-05     0.00164600627650383                       0       300.0389963967928
             0.02578125   4.899916068718909e-05    0.001605451308721457                       0       300.0359458607471
            0.026171875   4.311435604522208e-05    0.001564896340939085                       0       300.0328953247014
              0.0265625   3.769421171384303e-05    0.001526485366057642                       0       300.0304607517404
            0.026953125   3.239023246011092e-05    0.001488610389401432                       0       300.0281801695505
             0.02734375   2.708625320637881e-05    0.001450735412745221                       0       300.0258995873606
            0.027734375   2.178227395264685e-05    0.001412860436089017                       0       300.0236190051721
               0.028125   1.647829469891483e-05    0.001374985459432805                       0       300.0213384229817
    0.02851562500000001   1.117431544518236e-05    0.001337110482776591                       0        300.019057840791
             0.02890625   6.264516533305081e-06    0.001300595397220608   2.291561374714726e-28       300.0170395998487
            0.029296875   1.945988134208389e-06    0.001266120148314963   8.020464811501212e-28        300.015414870777
    0.02968750000000001  -2.372540264887935e-06    0.001231644899409317   1.374936824828785e-27       300.0137901417054
            0.030078125  -6.691068663984228e-06    0.001197169650503679   1.947827168507453e-27       300.0121654126356
    0.03046875000000001  -1.100959706308033e-05    0.001162694401598028   2.520717512186092e-27       300.0105406835625
            0.030859375  -1.532812546217643e-05    0.001128219152692384   3.093607855864736e-27       300.0089159544909
                0.03125  -1.964665386127256e-05    0.001093743903786739   3.666498199543386e-27       300.0072912254195
            0.031640625  -2.274606138085377e-05    0.001062833251362928   4.435561718888492e-27        300.006208633802
             0.03203125   -2.58454689004339e-05    0.001031922598939117    5.20462523823357e-27       300.0051260421845
            0.032421875  -2.894487642001455e-05    0.001001011946515306   5.973688757578655e-27        300.004043450567
    0.03281249999999999  -3.204428393959446e-05   0.0009701012940914966   6.742752276923712e-27         300.00296085895
            0.033203125  -3.514369145917515e-05    0.000939190641667684   7.511815796268813e-27       300.0018782673321
             0.03359375  -3.824309897875542e-05   0.0009082799892438731   8.280879315613875e-27       300.0007956757146
            0.033984375  -4.056031763046931e-05   0.0008793940043681772   7.783332405537665e-27       299.9999746904396
               0.034375  -4.235607703693891e-05   0.0008518577978578922   6.441378542513945e-27       299.9993281093929
            0.034765625  -4.415183644340851e-05   0.0008243215913476073   5.099424679490224e-27       299.9986815283462
    0.03515625000000001  -4.594759584987748e-05    0.000796785384837322   3.757470816466428e-27       299.9980349472995
    0.03554687500000001  -4.774335525634692e-05    0.000769249178327037   2.415516953442697e-27       299.9973883662528
              0.0359375  -4.953911466281694e-05   0.0007417129718167526    1.07356309041899e-27       299.9967417852062
            0.036328125    -5.1081392638554e-05   0.0007147721971745881                       0       299.9961634462445
    0.03671874999999999   -5.16097448913615e-05   0.0006902131500049088                       0       299.9958580756231
            0.037109375  -5.213809714416903e-05   0.0006656541028352288                       0       299.9955527050017
    0.03750000000000001  -5.266644939697655e-05   0.0006410950556655488                       0       299.9952473343802
            0.037890625  -5.319480164978326e-05   0.0006165360084958694                       0       299.9949419637589
             0.03828125  -5.372315390259119e-05   0.0005919769613261897                       0       299.9946365931375
    0.03867187499999999  -5.425150615539848e-05   0.0005674179141565103                       0       299.9943312225161
              0.0390625  -5.386867116447857e-05   0.0005448375936860023                       0       299.9942328994514
    0.03945312500000001   -5.32580393626234e-05   0.0005227519548902871                       0       299.9941863382759
    0.03984375000000001   -5.26474075607707e-05   0.0005006663160945726                       0       299.9941397771004
            0.040234375  -5.203677575891656e-05   0.0004785806772988585                       0       299.9940932159249
    0.04062500000000001  -5.142614395706351e-05   0.0004564950385031438                       0       299.9940466547494
            0.041015625  -5.081551215520987e-05   0.0004344093997074299                       0        299.994000093574
    0.04140625000000001  -4.982737225041522e-05   0.0004130940504565354                       0       299.9940287529707
    0.04179687500000001   -4.82729701912092e-05   0.0003929341355228725                       0       299.9941702432261
              0.0421875   -4.67185681320032e-05   0.0003727742205892101                       0       299.9943117334813
            0.042578125  -4.516416607279713e-05   0.0003526143056555473                       0       299.9944532237366
             0.04296875  -4.360976401359087e-05   0.0003324543907218847                       0       299.9945947139918
    0.04335937500000001  -4.205536195438459e-05   0.0003122944757882217                       0       299.9947362042471
                0.04375  -4.050095989517834e-05   0.0002921345608545591                       0       299.9948776945025
            0.044140625   -3.82438550439475e-05   0.0002733429937757975                       0       299.9951462359553
             0.04453125  -3.598675019271794e-05   0.0002545514266970362                       0       299.9954147774082
            0.044921875  -3.372964534148776e-05   0.0002357598596182748                       0       299.9956833188611
    0.04531250000000001   -3.14725404902575e-05   0.0002169682925395127                       0       299.9959518603139
            0.045703125  -2.921543563902791e-05    0.000198176725460751                       0       299.9962204017668
             0.04609375  -2.695833078779705e-05   0.0001793851583819891                       0       299.9964889432196
            0.046484375  -2.444179918191812e-05   0.0001610832149312222                       0       299.9968014638171
               0.046875  -2.175231640627339e-05   0.0001431076872324518                       0       299.9971433038443
    0.04726562500000001  -1.906283363062862e-05   0.0001251321595336811                       0       299.9974851438715
    0.04765625000000001  -1.637335085498393e-05   0.0001071566318349107                       0       299.9978269839003
            0.048046875  -1.368386807933929e-05   8.918110413614042e-05                       0       299.9981688239259
    0.04843750000000001   -1.09943853036947e-05   7.120557643737043e-05                       0       299.9985106639564
    0.04882812499999999  -8.275714221464543e-06   5.328429367590192e-05                       0       299.9988572995463
    0.04921875000000001  -5.440289912888428e-06   3.557999066363963e-05                       0       299.9992231174029
    0.04960937500000001  -2.604865604312994e-06    1.78756876513777e-05                       0       299.9995889352595
                   0.05   2.305587042623393e-07   1.713846391164185e-07                       0       299.9999547531178
    0.05039062500000001   3.065983012838395e-06  -1.753291837314627e-05                       0       300.0003205709756
             0.05078125   5.901407321414197e-06  -3.523722138540738e-05                       0         300.00068638883
    0.05117187500000001   8.736831629990154e-06  -5.294152439766944e-05                       0       300.0010522066862
              0.0515625   1.145574727200931e-05  -7.086213409058496e-05                       0       300.0013989418488
    0.05195312500000001   1.414553574739012e-05  -8.883682045366426e-05                       0       300.0017409063381
             0.05234375   1.683532422277083e-05  -0.0001068115068167429                       0       300.0020828708273
            0.052734375   1.952511269815173e-05  -0.0001247861931798228                       0       300.0024248353182
    0.05312500000000001   2.221490117353252e-05   -0.000142760879542902                       0       300.0027667998074
            0.053515625   2.490468964891326e-05  -0.0001607355659059808                       0       300.0031087642967
             0.05390625   2.742162885582873e-05  -0.0001790363290628203                       0       300.0034214606954
            0.054296875   2.967929416004664e-05  -0.0001978262074103031                       0       300.0036902549624
              0.0546875   3.193695946426457e-05   -0.000216616085757786                       0       300.0039590492295
    0.05507812500000001   3.419462476848254e-05  -0.0002354059641052691                       0       300.0042278434964
             0.05546875   3.645229007270073e-05  -0.0002541958424527532                       0        300.004496637765
            0.055859375   3.870995537691855e-05  -0.0002729857208002348                       0       300.0047654320305
                0.05625   4.096762068113658e-05  -0.0002917755991477177                       0       300.0050342262975
            0.056640625   4.252273477452604e-05   -0.000311932969697984                       0       300.0051761051178
    0.05703125000000001   4.407784886791484e-05  -0.0003320903402482485                       0       300.0053179839359
            0.057421875   4.563296296130457e-05  -0.0003522477107985138                       0       300.0054598627552
    0.05781250000000001   4.718807705469401e-05  -0.0003724050813487792                       0       300.0056017415744
            0.058203125   4.874319114808342e-05   -0.000392562451899044                       0       300.0057436203937
             0.05859375   5.029830524147223e-05   -0.000412719822449309                       0       300.0058854992129
            0.058984375   5.128715382146648e-05  -0.0004340321125466094                       0       300.0059146346512
               0.059375   5.189849205919563e-05  -0.0004561143490086002                       0       300.0058686078353
            0.059765625   5.250983029692539e-05  -0.0004781965854705905                       0       300.0058225810195
    0.06015624999999999   5.312116853465467e-05  -0.0005002788219325801                       0       300.0057765542037
    0.06054687499999999   5.373250677238537e-05  -0.0005223610583945709                       0       300.0057305273879
    0.06093750000000001   5.434384501011548e-05   -0.000544443294856562                       0        300.005684500572
            0.061328125   5.472734294984377e-05   -0.000567020044771509                       0       300.0055867432634
             0.06171875   5.419947969756314e-05  -0.0005915748484982646                       0       300.0052820639738
            0.062109375   5.367161644528284e-05  -0.0006161296522250231                       0       300.0049773846859
                 0.0625   5.314375319300253e-05  -0.0006406844559517814                       0       300.0046727053979
    0.06289062499999999   5.261588994072187e-05  -0.0006652392596785393                       0       300.0043680261099
             0.06328125   5.208802668844179e-05  -0.0006897940634052981                       0        300.004063346822
            0.063671875   5.156016343616232e-05   -0.000714348867132057                       0        300.003758667534
    0.06406250000000001   5.001798977845351e-05  -0.0007412847694060951  -7.138341565259308e-28       300.0031811534114
            0.064453125   4.822223851938762e-05  -0.0007688159463169525  -1.606126852183305e-27       300.0025354305802
    0.06484375000000001   4.642648726032193e-05  -0.0007963471232278144   -2.49841954784071e-27       300.0018897077506
            0.065234375   4.463073600125616e-05  -0.0008238783001386726  -3.390712243498119e-27       300.0012439849194
               0.065625   4.283498474219052e-05  -0.0008514094770495304  -4.283004939155529e-27       300.0005982620881
    0.06601562500000001   4.103923348312487e-05  -0.0008789406539603884  -5.175297634812941e-27        299.999952539257
             0.06640625   3.872170877408473e-05  -0.0009078213420262416  -7.531406238921535e-27       299.9991324810078
    0.06679687500000001   3.562152389008258e-05  -0.0009387262968245892   -1.20832387057071e-26       299.9980509196315
    0.06718749999999998   3.252133900608044e-05  -0.0009696312516229301  -1.663507117249232e-26       299.9969693582535
    0.06757812499999999   2.942115412207846e-05   -0.001000536206421283  -2.118690363927804e-26       299.9958877968786
    0.06796875000000001   2.632096923807623e-05   -0.001031441161219626  -2.573873610606352e-26       299.9948062355007
            0.068359375   2.322078435407435e-05   -0.001062346116017972  -3.029056857284885e-26       299.9937246741243
    0.06874999999999999   2.012059947007191e-05   -0.001093251070816319   -3.48424010396343e-26        299.992643112748
    0.06914062499999998   1.580018402068223e-05   -0.001127720165632802  -3.167383620111048e-26       299.9910195816866
             0.06953125   1.147976857129276e-05   -0.001162189260449288  -2.850527136258601e-26       299.9893960506251
    0.06992187499999999   7.159353121903038e-06   -0.001196658355265771   -2.53367065240619e-26       299.9877725195637
              0.0703125   2.838937672513151e-06   -0.001231127450082256  -2.216814168553774e-26       299.9861489885023
    0.07070312500000001   -1.48147777687675e-06    -0.00126559654489874  -1.899957684701357e-26       299.9845254574409
    0.07109375000000001   -5.80189322626665e-06   -0.001300065639715224  -1.583101200848939e-26       299.9829019263794
    0.07148437499999999  -1.071442909088111e-05   -0.001336574499700087  -1.253902153328883e-26       299.9808849726436
    0.07187500000000001  -1.602171189897928e-05   -0.001374443203130528  -9.164747300303369e-27       299.9786057371219
            0.072265625  -2.132899470707707e-05   -0.001412311906560967  -5.790473067318147e-27       299.9763265016003
    0.07265624999999999  -2.663627751517563e-05   -0.001450180609991403   -2.41619883433295e-27       299.9740472660779
            0.073046875  -3.194356032327318e-05   -0.001488049313421844   9.580753986524003e-28       299.9717680305565
              0.0734375  -3.725084313137123e-05   -0.001525918016852286   4.332349631637715e-27       299.9694887950351
    0.07382812499999999  -4.267462147402433e-05   -0.001564322792900657   6.132175203762257e-27       299.9670555906158
             0.07421875  -4.856438195489856e-05   -0.001604871859420762   1.634206132444076e-27       299.9640065106058
    0.07460937500000001  -5.445414243577288e-05   -0.001645420925940856   -2.86376293887418e-27       299.9609574305937
    0.07500000000000001  -6.034390291664739e-05   -0.001685969992460965   -7.36173201019236e-27       299.9579083505843
    0.07539062499999999  -6.623366339752077e-05   -0.001726519058981053   -1.18597010815104e-26       299.9548592705717
    0.07578125000000001  -7.212342387839504e-05   -0.001767068125501155  -1.635767015282879e-26       299.9518101905606
            0.076171875  -7.801318435926893e-05   -0.001807617192021253  -2.085563922414687e-26       299.9487611105497
    0.07656250000000001   -8.39041696370853e-05   -0.001849093939879828   -2.54403291688147e-26       299.9450134022123
    0.07695312500000001  -8.979546111413726e-05   -0.001890802608073021  -3.004669933181993e-26       299.9410910367933
    0.07734374999999999   -9.56867525911888e-05   -0.001932511276266211  -3.465306949482482e-26       299.9371686713745
    0.07773437500000001  -0.0001015780440682409   -0.001974219944459406  -3.925943965783036e-26       299.9332463059556
               0.078125  -0.0001074693355452926   -0.002015928612652603  -4.386580982083536e-26       299.9293239405375
    0.07851562499999998  -0.0001133606270223438   -0.002057637280845787  -4.847217998384021e-26       299.9254015751176
    0.07890625000000001  -0.0001189590086431604   -0.002098771938029411  -4.803375195154105e-26       299.9210986493663
            0.079296875   -0.000124118025479623   -0.002139045578698678  -4.002812662628445e-26       299.9162248831171
    0.07968750000000001  -0.0001292770423160854   -0.002179319219367934  -3.202250130102749e-26       299.9113511168662
    0.08007812499999999  -0.0001344360591525477   -0.002219592860037194  -2.401687597577085e-26       299.9064773506161
    0.08046874999999999  -0.0001395950759890099   -0.002259866500706456   -1.60112506505139e-26       299.9016035843661
    0.08085937500000001  -0.0001447540928254732   -0.002300140141375719  -8.005625325256668e-27       299.8967298181161
                0.08125  -0.0001499131096619357   -0.002340413782044981   -1.04701415011823e-41       299.8918560518661
    0.08164062500000001  -0.0001535203129663537   -0.002375329695039752  -3.910636964008432e-26       299.8859945478739
             0.08203125  -0.0001571275162707725   -0.002410245608034524  -7.821273928016724e-26       299.8801330438818
    0.08242187500000001  -0.0001607347195751909   -0.002445161521029295  -1.173191089202515e-25       299.8742715398897
              0.0828125  -0.0001643419228796091   -0.002480077434024071  -1.564254785603348e-25       299.8684100358981
    0.08320312499999999  -0.0001679491261840272   -0.002514993347018837  -1.955318482004173e-25       299.8625485319056
    0.08359374999999999  -0.0001715563294884455    -0.00254990926001361  -2.346382178405015e-25       299.8566870279137
    0.08398437499999999  -0.0001737628093913688     -0.0025783585235608  -2.599707429272492e-25       299.8502451503849
    0.08437500000000001  -0.0001750354736932955   -0.002602496687476271  -2.761207049784402e-25       299.8434163571649
    0.08476562500000001  -0.0001763081379952221   -0.002626634851391741  -2.922706670296306e-25        299.836587563945
             0.08515625  -0.0001775808022971484   -0.002650773015307212  -3.084206290808203e-25       299.8297587707252
    0.08554687499999999  -0.0001788534665990752   -0.002674911179222685  -3.245705911320104e-25       299.8229299775059
              0.0859375  -0.0001801261309010019   -0.002699049343138159  -3.407205531832011e-25       299.8161011842864
    0.08632812499999999  -0.0001808191047458503   -0.002719647586088755  -3.425892564859011e-25       299.8090961794072
             0.08671875  -0.0001791933167623845   -0.002726086145179829   -2.87332924794625e-25       299.8013863278881
    0.08710937499999999  -0.0001775675287789197   -0.002732524704270916  -2.320765931033526e-25       299.7936764763705
    0.08750000000000001  -0.0001759417407954557   -0.002738963263362018  -1.768202614120783e-25       299.7859666248546
    0.08789062500000001  -0.0001743159528119898   -0.002745401822453096  -1.215639297208015e-25       299.7782567733358
    0.08828125000000001  -0.0001726901648285246   -0.002751840381544178  -6.630759802952902e-26       299.7705469218177
    0.08867187500000001  -0.0001710643768450594   -0.002758278940635265  -1.105126633825452e-26       299.7628370703001
              0.0890625  -0.0001670253858588957   -0.002743999585516757                       0       299.7545425457187
    0.08945312500000001  -0.0001623830941220573    -0.00272454075184585                       0       299.7461018528712
             0.08984375   -0.000157740802385219   -0.002705081918174943                       0       299.7376611600238
    0.09023437499999999  -0.0001530985106483808   -0.002685623084504036                       0       299.7292204671765
    0.09062500000000001  -0.0001484562189115425   -0.002666164250833136                       0       299.7207797743299
    0.09101562499999999  -0.0001438139271747041   -0.002646705417162223                       0       299.7123390814817
    0.09140625000000001  -0.0001381895290580397   -0.002613283073234454                       0       299.7036853736343
    0.09179687499999999  -0.0001310919713716347   -0.002558915463921351                       0       299.6947121432815
    0.09218750000000001  -0.0001239944136852296   -0.002504547854608255                       0       299.6857389129303
    0.09257812500000001  -0.0001168968559988247   -0.002450180245295163                       0       299.6767656825795
    0.09296874999999999  -0.0001097992983124203   -0.002395812635982072                       0       299.6677924522281
    0.09335937500000001   -0.000102701740626016      -0.002341445026669                       0       299.6588192218801
                0.09375  -9.560418293961046e-05   -0.002287077417355883                       0       299.6498459915255
    0.09414062500000001  -8.770740399574085e-05   -0.002188561716975611  -5.995114945909755e-26       299.6405563134338
    0.09453125000000001  -7.981062505187045e-05   -0.002090046016595317  -1.199022989181929e-25       299.6312666353386
    0.09492187499999999  -7.191384610800113e-05   -0.001991530316215041   -1.79853448377284e-25        299.621976957245
    0.09531249999999999  -6.401706716413124e-05   -0.001893014615834759  -2.398045978363774e-25       299.6126872791514
    0.09570312499999999   -5.61202882202617e-05   -0.001794498915454482  -2.997557472954707e-25       299.6033976010579
    0.09609374999999999  -4.822350927639189e-05     -0.0016959832150742  -3.597068967545662e-25       299.5941079229645
    0.09648437500000001  -4.134921195218979e-05   -0.001565509795207811  -3.815478616866705e-25       299.5847436222165
    0.09687500000000002  -3.515656904109987e-05   -0.001413731229017358  -3.779820369341176e-25       299.5753295730323
    0.09726562500000001  -2.896392613001046e-05   -0.001261952662826919   -3.74416212181565e-25       299.5659155238497
    0.09765625000000001  -2.277128321892032e-05   -0.001110174096636459  -3.708503874290098e-25       299.5565014746654
    0.09804687499999999   -1.65786403078308e-05  -0.0009583955304460147   -3.67284562676455e-25       299.5470874254812
    0.09843750000000001  -1.038599739674058e-05    -0.00080661696425555  -3.637187379238978e-25       299.5376733762953
    0.09882812500000002   -5.09239037612696e-06  -0.0006423694793467371  -3.383119482392361e-25       299.5282582533902
    0.09921874999999999  -3.394926917418015e-06  -0.0004282463195644966  -2.255412988261594e-25       299.5188388355925
    0.09960937499999999  -1.697463458709039e-06  -0.0002141231597822521  -1.127706494130807e-25       299.5094194177963
    0.09999999999999998                       0                       0                       0                   299.5
