#              distance                     U_x                     U_y                     U_z                       T
  6.939740885162004e-18                       0                       0                       0       299.6667264049059
  0.0003906250000000001  -0.0004225329899038315  -1.363332995719519e-06                       0       299.6667279008044
  0.0007812500000000002  -0.0008327336090073545  -5.213819478596125e-06                       0       299.6667353802944
            0.001171875   -0.001234110624352706  -1.042788708502181e-05                       0       299.6667527745426
              0.0015625   -0.001629605237192599  -1.655100877381343e-05                       0       299.6667767786261
            0.001953125   -0.002011097796942146  -2.361860194997028e-05                       0       299.6668259119898
             0.00234375   -0.002387244374678188  -3.056602911379803e-05                       0       299.6668883567793
            0.002734375   -0.002755371979393976   -3.73332072591323e-05                       0       299.6669707687073
               0.003125   -0.003113184604610164  -4.305876036039321e-05                       0       299.6670859288304
            0.003515625   -0.003465889829799991  -4.809414681183288e-05                       0       299.6672188883592
   0.003906250000000001   -0.003808480434384046  -5.141049170806182e-05                       0       299.6673902973222
            0.004296875   -0.004143481823024929  -5.303407635264005e-05                       0       299.6675944812848
              0.0046875   -0.004473423734370565  -5.352915416278736e-05                       0       299.6678205152627
            0.005078125   -0.004790441934628064  -5.071203808482782e-05   -3.00071647091114e-29       299.6681071470322
   0.005468750000000001   -0.005102075535798695  -4.644676344111201e-05  -4.937143128899696e-29       299.6684201629028
   0.005859374999999999   -0.005405632238339022  -4.000925094876186e-05  -5.277135067498557e-29       299.6687727549254
                0.00625   -0.005697799428192714  -3.057253671372953e-05  -2.672566727610809e-29       299.6691819077764
            0.006640625   -0.005984077357532341  -1.964489159714509e-05                       0       299.6696201645039
             0.00703125   -0.006258187757502667   -5.75272469703305e-06                       0        299.670118275926
   0.007421875000000001   -0.006522502047319269   1.024090315685018e-05                       0       299.6706633801705
              0.0078125   -0.006780285597033025   2.763550497991464e-05                       0       299.6712398129465
   0.008203125000000002    -0.00702053995394797   4.818563054658553e-05                       0       299.6718974771696
   0.008593750000000001   -0.007253293256548594   6.980960904088529e-05                       0       299.6725885749406
   0.008984374999999999   -0.007474794977677782   9.304436692662922e-05                       0        299.673329823035
   0.009375000000000001   -0.007680349943052675   0.0001179689724199285                       0       299.6741394146043
            0.009765625   -0.007877715929382091   0.0001436086624010959                       0       299.6749834590137
             0.01015625   -0.008058272755284035   0.0001704188427261758                       0       299.6758969713144
            0.010546875   -0.008225669770487458    0.000197686648320082                       0       299.6768632142173
              0.0109375   -0.008384293578558534   0.0002252595374265402                       0       299.6778646108551
            0.011328125   -0.008520264017998033   0.0002528693760112602                       0       299.6789546851279
             0.01171875   -0.008646979178065653   0.0002802036064136091                       0       299.6800804907576
            0.012109375   -0.008759811419075451   0.0003071244245424039                       0       299.6812598934222
                 0.0125   -0.008853952004149387   0.0003329319750888998                       0       299.6825112641069
            0.012890625    -0.00893875545199758   0.0003580513363046605                       0       299.6837987667603
             0.01328125   -0.009004902006880616   0.0003815312077798356                       0       299.6851588293366
            0.013671875   -0.009057243988603613   0.0004034248122105244                       0       299.6865738950628
              0.0140625   -0.009100382921552713   0.0004242609052782007                       0       299.6880256295381
            0.014453125   -0.009121087775321791   0.0004419375202306691                       0       299.6895703515923
             0.01484375    -0.00913314489594471    0.000458180301984521                       0       299.6911529681857
            0.015234375   -0.009132230416849404    0.000472272333940499                       0       299.6927924266209
               0.015625   -0.009114844387088589   0.0004832357286772737                       0       299.6945094660535
    0.01601562500000001   -0.009089465299074645   0.0004925902897371828                       0       299.6962658456576
             0.01640625   -0.009048585528713671    0.000498638153308814                       0       299.6981020049503
            0.016796875   -0.008996897612886221   0.0005021354395228927                       0       299.6999999352831
              0.0171875   -0.008938004266747785    0.000503932340831939                       0       299.7019390463093
            0.017578125    -0.00886257158394785   0.0005014638661746016                       0       299.7039847340176
             0.01796875   -0.008781142933497578   0.0004973228884121838                       0       299.7060746085426
            0.018359375   -0.008690720331571804   0.0004906731559921444                       0       299.7082307632929
                0.01875   -0.008589577181940727   0.0004808188495097914                       0       299.7104784722834
            0.019140625   -0.008483393026084014   0.0004694138147126886                       0       299.7127727267407
             0.01953125   -0.008367765393030153   0.0004550104407188988                       0       299.7151616088288
    0.01992187500000001   -0.008245999745467622   0.0004385558601013274                       0       299.7176235382614
              0.0203125   -0.008120142088232746   0.0004207338084012402                       0       299.7201341659273
    0.02070312500000001   -0.007985581840223702    0.000399881779218842                       0       299.7227693610045
             0.02109375   -0.007848124668087344   0.0003779919142103156   1.293429491593449e-28       299.7254551548707
            0.021484375   -0.007706322109759703    0.000354545295462579    4.52700322057179e-28       299.7282168469086
               0.021875   -0.007559827754333054     0.00032939817253776   2.586858983187177e-28       299.7310803825816
            0.022265625   -0.007411244267559803   0.0003034986894498861  -1.151212366542091e-28        299.733994739268
             0.02265625   -0.007258996052499214   0.0002762902698868876  -6.907274199252424e-28        299.737010536376
            0.023046875   -0.007104709272851432   0.0002483985265777617  -7.378961868627018e-28       299.7401012431822
              0.0234375    -0.00694906345014556   0.0002200512341045534  -4.327733429113857e-28        299.743241889789
    0.02382812500000001   -0.006791099694874227   0.0001910582753125996  -1.622900035915922e-28       299.7465039167139
             0.02421875   -0.006632599195618866    0.000161998328562754                       0       299.7498125002251
            0.024609375   -0.006473293580387395   0.0001328378998760648                       0       299.7531909186134
                  0.025   -0.006313614459561442   0.0001039062959097229  -3.413870583972928e-27       299.7566572978402
            0.025390625   -0.006153904233662808   7.517320825862526e-05  -6.742450463741448e-27       299.7601661056618
             0.02578125   -0.005994443093067944   4.700536114815301e-05   -6.31599694271924e-27       299.7637566670249
            0.026171875   -0.005835581031057826   1.948990093731368e-05  -5.904541765921382e-27       299.7674032098068
              0.0265625   -0.005677118354770934  -7.590634673771587e-06  -5.503085485272897e-27       299.7710870735381
            0.026953125   -0.005520256456602054  -3.324807773017836e-05  -5.128490032738084e-27       299.7748544506869
             0.02734375   -0.005364244529706262  -5.822143046273449e-05  -3.677799570912829e-27       299.7786510615752
            0.027734375   -0.005209507559720003  -8.216864770951419e-05  -6.129665951521396e-28       299.7824915230674
               0.028125   -0.005056832588816388  -0.0001045586304004345                       0       299.7863818143439
            0.028515625   -0.004905266074814937  -0.0001261330477977373                       0       299.7902948415244
             0.02890625   -0.004756071389340233  -0.0001460024385764396                       0        299.794248982578
            0.029296875   -0.004608852287893738  -0.0001645128499923382                       0       299.7982275166844
    0.02968750000000001   -0.004462950242466186  -0.0001821172751663735    1.67708558519725e-42       299.8022223128357
            0.030078125   -0.004320614585747953  -0.0001973724587236938   1.250677901835062e-28       299.8062474143037
             0.03046875   -0.004179795253842246   -0.000211672949940422   1.965050096317668e-28       299.8102807315997
            0.030859375    -0.00404125040915523  -0.0002245414026462579   1.874963729765042e-28       299.8143263726302
                0.03125   -0.003905881697018576  -0.0002355051753054921   9.284732282266752e-29       299.8183812265532
            0.031640625   -0.003772128664069215  -0.0002455256495317126                       0       299.8224390542997
             0.03203125   -0.003641662215319555  -0.0002536776100725313                       0       299.8264995645143
            0.032421875   -0.003513720792190196  -0.0002604762043674639                       0       299.8305577520039
    0.03281249999999999   -0.003387462719474444  -0.0002663725544984786                       0       299.8346143910164
            0.033203125   -0.003265478279739656  -0.0002701233417299276                       0        299.838660914261
    0.03359375000000001   -0.003145216543199185  -0.0002730699414004038                       0       299.8427012883163
            0.033984375   -0.003027538861450088  -0.0002748102597294122                       0       299.8467324385778
               0.034375   -0.002913309415590119  -0.0002750663132579989                       0       299.8507478577158
            0.034765625   -0.002800799353543409  -0.0002746142860245654                       0       299.8547547375279
             0.03515625   -0.002691718590860605  -0.0002728142005434726                       0       299.8587431911602
    0.03554687499999999   -0.002585180629413875  -0.0002701114491099299                       0        299.862716319875
              0.0359375   -0.002480337868791215  -0.0002668069203747568                       0       299.8666792319815
            0.036328125   -0.002379661695820764  -0.0002621844544422396                       0       299.8706148789799
    0.03671875000000001   -0.002280615307333225  -0.0002571100958608705                       0       299.8745392114749
    0.03710937500000001   -0.002184013595570066  -0.0002513578983062251                       0       299.8784465722166
    0.03750000000000001   -0.002090582790417009  -0.0002448507915333855                       0       299.8823309795529
    0.03789062500000001   -0.001998711921344782  -0.0002380023455705543                       0       299.8862039347639
             0.03828125   -0.001909909889985644  -0.0002305434520659337                       0        299.890054034856
            0.038671875    -0.00182332400438279  -0.0002227299692901848                       0       299.8938873332917
              0.0390625   -0.001738215549284163  -0.0002146800936670217                       0       299.8977094306298
    0.03945312500000001   -0.001656645111944944   -0.000206200269826654                       0       299.9015044538813
    0.03984375000000001   -0.001576423108130794  -0.0001976076218448076                       0       299.9052891340237
            0.040234375   -0.001498223754604219  -0.0001888457376507396                       0        299.909058299498
    0.04062500000000001   -0.001422579914535652  -0.0001799646650746383                       0       299.9128079275127
            0.041015625   -0.001348176843714747  -0.0001710474020225211                       0       299.9165481058077
    0.04140625000000001    -0.00127618133642679  -0.0001621045654484139                       0       299.9202700227494
            0.041796875   -0.001205876431137307  -0.0001532026237187354                       0       299.9239792646697
              0.0421875   -0.001136698593846819  -0.0001443279452186772                       0        299.927680056579
            0.042578125    -0.00107014107106679  -0.0001356042028405209                       0       299.9313614868112
             0.04296875   -0.001004550962242715  -0.0001269669694939375   1.893383021443849e-30       299.9350358875292
            0.043359375  -0.0009404119743525529  -0.0001184594996947113    6.62684057505511e-30       299.9386997439711
                0.04375  -0.0008780436620783206  -0.0001101635529955649   4.439076383157105e-30       299.9423509673814
            0.044140625  -0.0008165191429041888  -0.0001019796607624506   1.141543095455825e-30       299.9459962250984
             0.04453125   -0.000756599120514519  -9.403246329338277e-05    3.26155170130639e-31       299.9496302530728
            0.044921875  -0.0006977567618872484  -8.627215200513256e-05                       0       299.9532568841686
    0.04531250000000001  -0.0006396328457682471  -7.863643150409439e-05                       0       299.9568785840155
            0.045703125  -0.0005830943392275955  -7.131299340574391e-05                       0       299.9604896088338
             0.04609375  -0.0005271054377366018  -6.410937554454065e-05                       0       299.9640970002455
            0.046484375  -0.0004719409438200818  -5.708548803905661e-05                       0       299.9676989415424
               0.046875  -0.0004177062719444525  -5.028138566488714e-05                       0       299.9712948390759
    0.04726562500000001  -0.0003638941470262397  -4.358011577468181e-05                       0       299.9748880085198
             0.04765625  -0.0003108423878969104  -3.707039068903145e-05                       0       299.9784763094347
            0.048046875  -0.0002582338534815947  -3.067789672268221e-05                       0       299.9820618082879
              0.0484375  -0.0002059208022089582  -2.436355683586748e-05                       0       299.9856454391033
            0.048828125  -0.0001541348544342451  -1.819365084766487e-05                       0       299.9892257709454
             0.04921875  -0.0001024751676594166  -1.205914371492233e-05                       0       299.9928053183635
            0.049609375  -5.100487238441152e-05  -5.977734865369527e-06                       0       299.9963836891404
                   0.05   3.819709807466562e-07   8.003408095793612e-08                       0       299.9999615449469
    0.05039062500000001   5.176934691569941e-05   6.137972681293345e-06  -4.120642914177551e-30       300.0035394053726
             0.05078125   0.0001032423050396738   1.222022980088551e-05  -2.472385748506468e-29       300.0071177992455
    0.05117187500000001   0.0001549062460344065    1.83560825909377e-05  -4.419067288551275e-29       300.0106973837356
    0.05156250000000001   0.0002066975089429817   2.452766582796363e-05   -6.28998888390001e-29       300.0142777619806
    0.05195312500000001   0.0002590185068587374   3.084447476994709e-05   -2.35874583146236e-29       300.0178614628123
             0.05234375   0.0003116360280775202   3.723973207082536e-05                       0        300.021447041326
            0.052734375   0.0003646983342508671    4.37526619100486e-05                       0       300.0250354363812
    0.05312500000000001   0.0004185230535367602   5.045766571676141e-05  -7.883348493392467e-29       300.0286287197627
            0.053515625   0.0004727713332144651   5.726574819773866e-05  -1.595857046794737e-28       300.0322247412627
    0.05390625000000001   0.0005279514413469022   6.429407140828833e-05  -1.691793787376539e-28       300.0358268269196
    0.05429687500000001   0.0005839574254470218   7.150240127511529e-05  -1.081355302255713e-28       300.0394343784433
              0.0546875   0.0006405139935256387   7.883073557946559e-05                       0       300.0430455739014
    0.05507812500000001   0.0006986583486985894   8.647168752052691e-05                       0       300.0466674715384
             0.05546875   0.0007575220660501157   9.423730810788071e-05                       0       300.0502943116416
            0.055859375   0.0008174648266695263   0.0001021899316646759                       0       300.0539285654507
                0.05625   0.0008790138544945975   0.0001103792818948692                       0       300.0575740721367
            0.056640625   0.0009414075420180769    0.000118680669025531                       0       300.0612255562261
    0.05703125000000001    0.001005573601129701     0.00012719347708469                       0       300.0648896971183
            0.057421875     0.00107119199382055   0.0001358358647231943                       0       300.0685644005171
              0.0578125    0.001137778608897565   0.0001445646387479305                       0       300.0722461455899
    0.05820312500000001    0.001206987456122541   0.0001534438538443656                       0        300.075947283217
    0.05859375000000001    0.001277324095800624   0.0001623500557516574  -9.669575719855412e-30       300.0796568833277
    0.05898437500000002    0.001349352424158372   0.0001712967378752352  -3.384351501949438e-29        300.083379177164
    0.05937500000000001    0.001423789678648987   0.0001802171325604406  -4.326391762205566e-29       300.0871197572769
            0.059765625    0.001499468362205517   0.0001891009389591775  -4.186834081910234e-29       300.0908697994751
             0.06015625    0.001577703835893039   0.0001978646796504376  -1.196238309117188e-29       300.0946394037747
            0.060546875    0.001657962854426966   0.0002064584034227299   1.270060506092766e-29        300.098424540749
    0.06093750000000001    0.001739570902858537   0.0002149387825823821   3.386828016247899e-29       300.1022200328466
            0.061328125    0.001824718359727829   0.0002229877104228165   1.833576898097283e-28       300.1060426277766
             0.06171875    0.001911343766027953   0.0002307995656659335   2.982294865892247e-28       300.1098764346094
            0.062109375    0.002000186096474309   0.0002382558120130724   3.611748640670917e-28       300.1137270592929
                 0.0625     0.00209209823510264   0.0002451001013982664   1.868819697813209e-28       300.1176005587997
    0.06289062500000001     0.00218557078046271   0.0002516022618487378                       0       300.1214855197023
             0.06328125    0.002282215144567655   0.0002573478635222539                       0        300.125393451352
    0.06367187499999999    0.002381304833756338   0.0002624142933688166                       0       300.1293183656166
    0.06406250000000002    0.002482024739667595   0.0002670279419974184                       0       300.1332546016335
            0.064453125     0.00258691226939071   0.0002703212917778156                       0       300.1372181165752
    0.06484375000000001    0.002693495403242882    0.000273011872630782                       0        300.141191851734
    0.06523437500000001    0.002802621943288465   0.0002747983000925838                       0       300.1451809171983
               0.065625    0.002915178580954374    0.000275234613217257                       0       300.1491884116579
    0.06601562499999999     0.00302945500302353   0.0002749618052949189                       0       300.1532044456553
             0.06640625    0.003147180465085398   0.0002732026275216668                       0       300.1572362088112
    0.06679687500000001    0.003267490599781225   0.0002702355728012962                       0       300.1612771904404
    0.06718749999999998    0.003389523849566508   0.0002664632667828596                       0       300.1653243177331
            0.067578125    0.003515831802654339   0.0002605427467721877                       0       300.1693815452279
    0.06796875000000001    0.003643823555986079   0.0002537189410980791                       0       300.1734403122859
            0.068359375    0.003774341009683374   0.0002455402069287917                       0       300.1775013886615
    0.06875000000000001    0.003908145998884077   0.0002354909471488957                       0       300.1815597593438
    0.06914062500000001    0.004043567156998484   0.0002244974094195473                       0        300.185615143288
             0.06953125    0.004182165455264742    0.000211597285503018                       0       300.1896612860072
    0.06992187500000002    0.004323039038808893   0.0001972637996008562                       0       300.1936950802333
              0.0703125    0.004465429479204948   0.0001819747390416098                       0       300.1977206421309
    0.07070312500000001    0.004611387702572307   0.0001643344531106083                       0       300.2017158524193
             0.07109375     0.00475866355971015    0.000145787494158039                       0       300.2056947805713
    0.07148437499999999    0.004907915867503809   0.0001258805256731175                       0       300.2096492855236
    0.07187499999999999    0.005059541181493967   0.0001042674051680988                       0       300.2135626342384
            0.072265625    0.005212275540509596   8.183822688457562e-05                       0       300.2174532256205
    0.07265625000000001    0.005367073073430152   5.785096950711052e-05                       0       300.2212939438791
    0.07304687500000001    0.005523146418058353   3.283717620897335e-05                       0       300.2250907792203
              0.0734375    0.005680070303825106   7.139025630390355e-06                       0       300.2288583592899
    0.07382812500000001    0.005838596299389461  -1.998246428751639e-05                       0       300.2325423740157
             0.07421875    0.005997522153234715  -4.753879878093818e-05                       0       300.2361890484518
    0.07460937500000001    0.006157047794501153  -7.574740013763774e-05                       0       300.2397797124432
    0.07500000000000001    0.006316823294420607  -0.0001045207092435328                       0       300.2432885881813
    0.07539062500000002    0.006476568018992267  -0.0001334921728844691                       0       300.2467550192225
    0.07578125000000002    0.006635939783519108  -0.0001626915469163459                       0        300.250133459703
            0.076171875    0.006794506626083545  -0.0001917894657997329                       0       300.2534420473458
    0.07656250000000002    0.006952536854006645  -0.0002208197479174656                       0        300.256704066441
    0.07695312500000001    0.007108249038658626  -0.0002492022696037971                       0       300.2598446831183
    0.07734374999999999    0.007262601932422014  -0.0002771282221861752                       0        300.262935354414
    0.07773437499999999    0.007414915889852308  -0.0003043693211126253                       0       300.2659511076272
               0.078125     0.00756356415880737    -0.00033029909945767                       0       300.2688654156321
    0.07851562500000001    0.007710122686904157  -0.0003554752463329144                       0       300.2717289017129
    0.07890625000000001    0.007851987940044894  -0.0003789481879104463                       0       300.2744905453785
    0.07929687499999999    0.007989506274988624  -0.0004008621372256209                       0       300.2771762957635
    0.07968750000000001    0.008124126664468285  -0.0004217367583659223                       0       300.2798114506501
            0.080078125    0.008250041154262129  -0.0004395773652035917                       0       300.2823220519098
    0.08046875000000001    0.008371861993156532   -0.000456048785501947                       0       300.2847839622069
    0.08085937500000001    0.008487542355701625  -0.0004704664259913201                       0        300.287172836055
    0.08125000000000002     0.00859377530215787  -0.0004818821417457297                       0       300.2894670992213
    0.08164062500000002    0.008694965106173203  -0.0004917453101088339                       0       300.2917148257029
             0.08203125    0.008785429756516663  -0.0004984002136418633                       0       300.2938710162313
    0.08242187500000001    0.008866896500852105  -0.0005025435538213518                       0       300.2959609404671
    0.08281250000000001    0.008942364641182192  -0.0005050125184318133                       0       300.2980066871746
    0.08320312499999999    0.009001286034983897  -0.0005032114231681807                       0       300.2999458796459
    0.08359375000000001     0.00905299871836528   -0.000499708094396768                       0       300.3018438997013
            0.083984375    0.009093898336116162  -0.0004936514153636872                       0       300.3036801611325
    0.08437500000000001    0.009119290113100682  -0.0004842844432044006                       0       300.3054366574139
    0.08476562500000001    0.009136685114366426  -0.0004733068775820165                       0       300.3071538201787
             0.08515625    0.009137600853523447  -0.0004591972312334674                       0       300.3087934140266
    0.08554687500000001    0.009125538836549311  -0.0004429344032255629  -3.634335861507895e-28       300.3103761730547
    0.08593750000000001    0.009104824982154609  -0.0004252361207780963  -9.691562297346135e-28       300.3119210422097
    0.08632812500000001    0.009061666249178112  -0.0004043746166684779  -9.619542036238112e-28         300.31337293192
    0.08671875000000001     0.00900929997005331  -0.0003824542494264041  -4.835643408934267e-28       300.3147881547172
    0.08710937500000002    0.008943122371705886  -0.0003589455874856391   7.016072767650588e-28       300.3161483771394
    0.08750000000000002    0.008858278614904475   -0.000333795063485619   9.254769848778897e-28       300.3174360406446
    0.08789062499999999    0.008764093043485355  -0.0003079552556422761   7.982733232774665e-28       300.3186875720268
    0.08828125000000001    0.008651206372052508  -0.0002810001744850052   2.280780923646285e-28       300.3198671339412
    0.08867187500000002    0.008524429638399649  -0.0002536304741607635                       0       300.3209930960739
    0.08906249999999999    0.008388392863266897  -0.0002259843610585483  -8.610837243091883e-44       300.3220833250223
    0.08945312499999999      0.0082296908430998  -0.0001983737111243193  -4.963809715127557e-28       300.3230848694446
             0.08984375    0.008062210929861566  -0.0001710677684394372  -7.818078619029519e-28       300.3240512566166
    0.09023437499999999    0.007881564177016645  -0.0001442188866285829  -7.508036306133446e-28       300.3249649079128
    0.09062500000000001     0.00768409912809596  -0.0001185401876396043  -3.723013921781229e-28       300.3258090831266
    0.09101562499999999     0.00747844061776569  -9.357653061003226e-05  -7.963408158348181e-29       300.3266188011806
    0.09140624999999999    0.007256826557874472  -7.030285859622864e-05  -4.778044895009878e-28       300.3273601667454
            0.091796875    0.007023954653941032  -4.864039602941252e-05  -6.163905348007125e-28       300.3280513748348
    0.09218750000000002    0.006783577520645835   -2.80520730939182e-05  -5.819203383555526e-28       300.3287091445959
    0.09257812500000001    0.006525661430987335  -1.062051340908575e-05   -2.18220126883329e-28        300.329285670725
    0.09296875000000002    0.006261211008856767   5.409380616863922e-06                       0       300.3298308634657
    0.09335937500000001    0.005986959088017895   1.933677615448829e-05                       0       300.3303290561141
                0.09375    0.005700533154700932   3.029790910692689e-05                       0       300.3307673846491
    0.09414062500000001    0.005408214910235366    3.97671617556642e-05                       0       300.3311766047001
    0.09453125000000001    0.005104501433654113   4.623515577477708e-05                       0       300.3315292549549
    0.09492187500000002    0.004792707376294753   5.052916748962759e-05                       0       300.3318423228096
    0.09531249999999999    0.004475526265082919   5.337385766829836e-05                       0       300.3321290023707
            0.095703125    0.004145416354098196   5.290317416568263e-05                       0       300.3323550746159
    0.09609375000000001     0.00381024535439953   5.130262975149753e-05                       0       300.3325592934403
            0.096484375    0.003467482721629994   4.800729396995814e-05                       0       300.3327307321332
    0.09687499999999999    0.003114603082958257   4.299009823967796e-05                       0       300.3328637154157
    0.09726562500000001    0.002756615053217964   3.728131251637564e-05                       0       300.3329788965149
             0.09765625    0.002388310465105753   3.052802676972712e-05                       0       300.3330613242931
    0.09804687500000001    0.002011986285618531   2.359233536630739e-05                       0        300.333123781753
    0.09843750000000001     0.00163031571188139    1.65350401917079e-05                       0       300.3331729256806
    0.09882812499999999     0.00123464290482691   1.041861563789211e-05                       0       300.3331969363329
    0.09921875000000002   0.0008330879239145946   5.209844240132388e-06                       0       300.3332143356981
            0.099609375    0.000422709682215515    1.36255257645711e-06                       0       300.3332218180892
                    0.1                       0                       0                       0       300.3332233145687
