#              distance                     U_x                     U_y                     U_z                       T
  6.939740885162004e-18                       0                       0                       0        299.669126247287
  0.0003906250000000001   -0.000437039182248427  -1.340172680480495e-06                       0       299.6691274167325
  0.0007812500000000002  -0.0008578341356377103  -5.099776659017836e-06                       0        299.669133263957
            0.001171875   -0.001267394693253516  -1.015921972951361e-05                       0       299.6691478105651
              0.0015625   -0.001669465653686992  -1.608522219464821e-05                       0       299.6691681567586
            0.001953125   -0.002054419129586841  -2.284526454274155e-05                       0       299.6692119037626
             0.00234375   -0.002433097377860317  -2.943972278006195e-05                       0       299.6692683493462
            0.002734375   -0.002802362784694235  -3.578580485122309e-05                       0       299.6693438427992
               0.003125   -0.003159996130535049  -4.099799704966465e-05                       0       299.6694509600687
            0.003515625   -0.003511975895196106  -4.547417831522515e-05                       0       299.6695753314812
   0.003906250000000001   -0.003852973396131329  -4.814020572198184e-05                       0       299.6697370956555
            0.004296875   -0.004186002402897693  -4.904779838969858e-05                       0       299.6699308807648
              0.0046875   -0.004513719080218363  -4.878310123139142e-05                       0       299.6701460131798
            0.005078125   -0.004828232013887662  -4.510383556285219e-05  -3.051500425346455e-29       299.6704205459324
   0.005468750000000001   -0.005137353495584208  -3.993914978164102e-05  -5.019894257829603e-29       299.6707210098641
   0.005859374999999999   -0.005438387799321621  -3.254633383142197e-05  -5.363628201011868e-29       299.6710603705643
                0.00625   -0.005728167494965923  -2.208838248399225e-05  -2.716187494825832e-29       299.6714554476533
            0.006640625   -0.006012149527224101  -1.010885584251029e-05                       0       299.6718792243839
             0.00703125   -0.006284195514031203   4.891836577971665e-06                       0        299.672362083309
   0.007421875000000001    -0.00654665931523684   2.202933355460733e-05                       0       299.6728914163444
              0.0078125   -0.006802734992707804   4.059136690201194e-05                       0       299.6734517321032
   0.008203125000000002   -0.007041662168804446   6.235613143270775e-05                       0       299.6740925222798
   0.008593750000000001   -0.007273236734555521   8.520917663951708e-05                       0         299.67476648601
   0.008984374999999999   -0.007493782384788298   0.0001096946428604977                       0       299.6754902100723
   0.009375000000000001   -0.007698649960983253   0.0001358905313329018                       0       299.6762818364252
            0.009765625   -0.007895452085082539   0.0001628098991767523                       0       299.6771077112992
             0.01015625     -0.0080756704748371   0.0001909127622549605                       0       299.6780026779718
            0.010546875   -0.008242857869729715   0.0002194778581985351                       0       299.6789501266743
              0.0109375    -0.00840135793471437   0.0002483511093856884                       0       299.6799325633967
            0.011328125   -0.008537344079308692   0.0002772612130297332                       0       299.6810032862379
             0.01171875   -0.008664098997800128    0.000305892822505326                       0       299.6821095772989
            0.012109375    -0.00877700707713723   0.0003341066907282429                       0       299.6832692206893
                 0.0125   -0.008871207649407263   0.0003611962103201451                       0       299.6845004582677
            0.012890625   -0.008956047623415354      0.0003875907304527                       0       299.6857676200765
             0.01328125   -0.009022152711444714   0.0004123296013789421                       0        299.687106884687
            0.013671875   -0.009074350957330984   0.0004354663326430622                       0       299.6885007211129
              0.0140625   -0.009117277975121327   0.0004575349707990771                       0       299.6899309387316
            0.014453125   -0.009137534289735965    0.000476411328095279                       0       299.6914532385209
             0.01484375   -0.009149025149021217   0.0004938380870266487                       0        299.693012983456
            0.015234375   -0.009147367825313411   0.0005090904484108252                       0       299.6946288961426
               0.015625   -0.009128965268759727   0.0005211770305000717                       0       299.6963212997111
    0.01601562500000001   -0.009102425446204133   0.0005316347022134987                       0       299.6980524489682
             0.01640625   -0.009060081792486758   0.0005387425117185582                       0       299.6998620900969
            0.016796875   -0.009006687574285721   0.0005432625047720318                       0       299.7017323924678
              0.0171875   -0.008945926313095577   0.0005460572868577838                       0       299.7036431356668
            0.017578125   -0.008868208791151647   0.0005445159203755118                       0       299.7056583897008
             0.01796875   -0.008784328317526771   0.0005412700357485307                       0       299.7077169339286
            0.018359375   -0.008691203416380487   0.0005354673739044849                       0        299.709840413447
                0.01875   -0.008587033324725542   0.0005263883334301862                       0       299.7120535585158
            0.019140625   -0.008477664578876788   0.0005157206623636674                       0       299.7143122949126
             0.01953125   -0.008358546406761532   0.0005019748475585232                       0       299.7166637310756
    0.01992187500000001   -0.008233081328261841   0.0004861119456074648                       0       299.7190867880034
              0.0203125   -0.008103384978839293   0.0004688376522258027                       0       299.7215575921113
    0.02070312500000001   -0.007964681992523995   0.0004484137854836998                       0       299.7241507061368
             0.02109375   -0.007822981490734749   0.0004269005634816856   1.318674328218589e-28       299.7267936000063
            0.021484375   -0.007676784715734274   0.0004037533085897844   4.615360148759575e-28       299.7295111636304
               0.021875   -0.007525742508505733   0.0003787959196694342   2.637348656437472e-28       299.7323291706903
            0.022265625   -0.007372547258164519   0.0003530299766990962  -1.178768213676382e-28       299.7351973738828
             0.02265625   -0.007215585267600743   0.0003258399515572689  -7.072609282058154e-28       299.7381659181722
            0.023046875   -0.007056548845711367   0.0002978771316924964  -7.560463699940723e-28       299.7412088131791
              0.0234375   -0.006896129469604965   0.0002693991153457633  -4.444327017493415e-28       299.7443012753328
    0.02382812500000001   -0.006733401399016482   0.0002401231624301252  -1.666622631558164e-28       299.7475146788454
             0.02421875   -0.006570167638929845   0.0002107189720918153                       0       299.7507746729249
            0.024609375   -0.006406175344595907   0.0001811224256194913                       0       299.7541045528524
                  0.025   -0.006241924444783786   0.0001516335089652311  -3.647479728881506e-27       299.7575228894558
            0.025390625   -0.006077712281973581   0.0001222833523681189  -7.210028737948815e-27       299.7609840076543
             0.02578125    -0.00591391367264923   9.338060618153023e-05  -6.785375138877642e-27       299.7645277955573
            0.026171875   -0.005750871415966653   6.504593956792281e-05  -6.375655493940034e-27       299.7681285500557
              0.0265625   -0.005588333394378651   3.708999266963552e-05  -5.975891818424592e-27       299.7717672822874
            0.026953125   -0.005427708264593582   1.042586571913534e-05   -5.60287521874935e-27       299.7754916210245
             0.02734375   -0.005268074994422887  -1.560207762674819e-05   -4.03429894420808e-27       299.7792461873605
            0.027734375   -0.005109929513673656  -4.067574556570698e-05  -6.723831573680148e-28         299.78304609509
               0.028125   -0.004954157558431121  -6.427719775195441e-05                       0       299.7868980776187
            0.028515625   -0.004799655127398614  -8.710256663414116e-05                       0       299.7907739675788
             0.02890625   -0.004647857267700234  -0.0001082958180528005                       0       299.7946934125063
            0.029296875   -0.004498295574719931  -0.0001281749376645827                       0        299.798639180741
    0.02968750000000001   -0.004350224659551816  -0.0001471779694051181   1.888183122779172e-42       299.8026024978568
            0.030078125   -0.004206164928813808  -0.0001638892787174347   1.408102798760786e-28       299.8065994243137
             0.03046875   -0.004063800667506207  -0.0001796618482058505   2.220767475317506e-28       299.8106058928922
            0.030859375   -0.003923979610344117  -0.0001940263079584121    2.14027496856031e-28        299.814626674646
                0.03125   -0.003787689981107843  -0.0002065038855261082   1.062088233603725e-28       299.8186592758407
            0.031640625    -0.00365319171529248  -0.0002180436155282687                       0       299.8226961303226
             0.03203125   -0.003522327475235811  -0.0002277188374531972                       0       299.8267381785782
            0.032421875   -0.003394239791999876  -0.0002360338005149104                       0       299.8307796846086
    0.03281249999999999   -0.003268003146644499  -0.0002434419243344855                       0       299.8348208291619
            0.033203125   -0.003146439851761329  -0.0002486775533474192                       0       299.8388546107731
    0.03359375000000001    -0.00302674992164542  -0.0002530925652450563                       0       299.8428832451058
            0.033984375     -0.0029098700386803  -0.0002562766514697401                       0       299.8469041585112
               0.034375   -0.002796719083159715  -0.0002579334985012042                       0        299.850911127001
            0.034765625   -0.002685422313408131  -0.0002588585761570643                       0       299.8549103918402
             0.03515625   -0.002577813359288022  -0.0002583838155037282                       0       299.8588927869924
    0.03554687499999999   -0.002472923748561329  -0.0002569619825468393                       0       299.8628608480836
              0.0359375   -0.002369847033430266  -0.0002549087680542513                       0       299.8668193531374
            0.036328125   -0.002271201718341204   -0.000251456075618313                       0       299.8707519504704
    0.03671875000000001   -0.002174280375977576  -0.0002475165595279895                       0       299.8746736611978
    0.03710937500000001   -0.002079944992702112  -0.0002428468079560898                       0       299.8785790420183
    0.03750000000000001   -0.001988945902079074  -0.0002373490091218227                       0       299.8824621044718
    0.03789062500000001   -0.001899583902136532  -0.0002314728044581482                       0       299.8863339803464
             0.03828125   -0.001813433972263426   -0.000224911023739195                       0       299.8901834282494
            0.038671875   -0.001729591843599746  -0.0002179377120195215                       0        299.894016250702
              0.0390625   -0.001647288249075716  -0.0002106900462993721                       0       299.8978379895274
    0.03945312500000001   -0.001568650851207775  -0.0002029179022832028                       0       299.9016327300255
    0.03984375000000001   -0.001491404094944269  -0.0001949957596221244                       0       299.9054170802991
            0.040234375   -0.001416243301087388  -0.0001868486189936788                       0       299.9091858452308
    0.04062500000000001   -0.001343705971373932  -0.0001785100718326947                       0        299.912934844241
            0.041015625   -0.001272439704467388  -0.0001700999411511153                       0       299.9166742510596
    0.04140625000000001   -0.001203634224645365  -0.0001615948829197317                       0       299.9203950550996
            0.041796875   -0.001136549548568204  -0.0001530813118412325                       0       299.9241028594738
              0.0421875   -0.001070612074987628  -0.0001445620655313244                       0       299.9278019974076
            0.042578125   -0.001007331270324949  -0.0001361163783289515                       0       299.9314811450998
             0.04296875  -0.0009450276949893548  -0.0001277284327982096   1.686197198178648e-29       299.9351529873744
            0.043359375  -0.0008841899636443734  -0.0001194270997749121   5.901690193625175e-29       299.9388138715175
                0.04375  -0.0008251347539048267  -0.0001112844171591496   6.441709097709393e-29       299.9424615422192
            0.044140625  -0.0007669277089608286  -0.0001032285707626115   5.371300727366996e-29       299.9461029547264
             0.04453125  -0.0007103308015935802   -9.53614188354339e-05   1.534657350676308e-29       299.9497325478966
            0.044921875  -0.0006548122382083212  -8.764891086255293e-05                       0       299.9533543087984
    0.04531250000000001   -0.000600012570811058  -8.003949885920333e-05                       0        299.956970848191
            0.045703125   -0.000546795213345423  -7.269499454985764e-05                       0       299.9605760193638
             0.04609375  -0.0004941251328561271  -6.545392210963797e-05                       0       299.9641773005107
            0.046484375  -0.0004422759678313277  -5.836799747310566e-05                       0       299.9677727466139
               0.046875  -0.0003913508557926261  -5.147420395122856e-05                       0       299.9713616906712
    0.04726562500000001  -0.0003408453553021387  -4.467069106546193e-05                       0       299.9749476941839
             0.04765625  -0.0002910942480185111   -3.80361696094951e-05                       0        299.978528437631
            0.048046875  -0.0002417822957383598  -3.150576467411258e-05                       0       299.9821061427847
              0.0484375  -0.0001927631134605294  -2.504477075245339e-05                       0        299.985681822413
            0.048828125  -0.0001442656677895755  -1.871264251048723e-05                       0       299.9892539147244
             0.04921875  -9.589311300596095e-05  -1.241218602368891e-05                       0       299.9928251522158
            0.049609375  -4.770789455335225e-05  -6.159237169641924e-06                       0       299.9963951074717
                   0.05   3.948056822812447e-07   7.254562572997846e-08                       0       299.9999645002473
    0.05039062500000001   4.849803265307534e-05   6.304491687593726e-06  -2.121296871737609e-30       300.0035338974704
             0.05078125   9.668588478148377e-05   1.255825687409953e-05  -1.272778123042533e-29       300.0071038749649
    0.05117187500000001    0.000145062646844912   1.886000813886847e-05  -1.673827407266281e-29       300.0106751481113
    0.05156250000000001   0.0001935653488650235   2.519375012247996e-05  -1.635143923726661e-29       300.0142472850358
    0.05195312500000001   0.0002425923881003768   3.165711699927752e-05  -6.131789713974606e-30       300.0178230318907
             0.05234375    0.000291913224415918   3.819017586850625e-05                       0       300.0214008134775
            0.052734375   0.0003416747563517627   4.482777272638457e-05                       0       300.0249816471807
    0.05312500000000001   0.0003921927008129361   5.163486292514113e-05    2.01617303131242e-29       300.0285677597768
            0.053515625   0.0004431312557064087   5.853246616145806e-05   4.214039806989024e-29       300.0321568224322
    0.05390625000000001     0.00049499583980378   6.562262820714236e-05   5.122508528811435e-29       300.0357524064431
    0.05429687500000001   0.0005476827832530478   7.286819298284874e-05   3.428685010962499e-29       300.0393538403383
              0.0546875   0.0006009179662702862   8.021735957857509e-05                       0       300.0429591741797
    0.05507812500000001   0.0006557377925188795   8.783173291798384e-05                       0       300.0465759016906
             0.05546875   0.0007112774153201613   9.554926550971282e-05                       0       300.0501978611659
            0.055859375   0.0007678967329504956   0.0001034215369799248                       0       300.0538276685949
                0.05625   0.0008261279174661807   0.0001114825058122328                       0       300.0574693167939
            0.056640625   0.0008852081120959659   0.0001196302789325278                       0       300.0611172340003
    0.05703125000000001   0.0009460724802969631   0.0001279365718426969                       0       300.0647783865325
            0.057421875     0.00100840387002454   0.0001363292727849351                       0       300.0684505138663
              0.0578125    0.001071713274103186   0.0001447795790818879                       0        300.072129957738
    0.05820312500000001    0.001137681202907313   0.0001533029174105879                       0       300.0758294198814
    0.05859375000000001    0.001204797032706703   0.0001618202924842479  -2.425114776744591e-29        300.079537559701
    0.05898437500000002    0.001273634713998995   0.0001703287226753487  -8.487901718605678e-29       300.0832587160351
    0.05937500000000001    0.001344934490877168   0.0001787414913479142  -1.012862902015516e-28       300.0869984974049
            0.059765625    0.001417505962860963   0.0001870822696477886  -9.237199066666875e-29        300.090747881952
             0.06015625    0.001492702119681547   0.0001952307479754577   -2.63919973333302e-29       300.0945170542095
            0.060546875    0.001569985090318988   0.0002031534390874108   2.323436936036429e-29       300.0983018275443
    0.06093750000000001    0.001648659270167703   0.0002109256053888912   6.195831829433049e-29       300.1020970016042
            0.061328125    0.001731000963914223   0.0002181717829353876   6.614297250803446e-28       300.1059191987597
             0.06171875    0.001814881680912862   0.0002251429269067751   1.046586163109406e-27       300.1097524886924
            0.062109375    0.001901070932789666   0.0002317015205154977   1.110270148002993e-27       300.1136024177873
                 0.0625    0.001990473165033325   0.0002375730358910014   5.615034724908201e-28       300.1174747911475
    0.06289062500000001    0.002081512928465546   0.0002430653611760179                       0       300.1213583586359
             0.06328125    0.002175889836285045   0.0002477280043322938                       0       300.1252642583592
    0.06367187499999999    0.002272853306293454   0.0002516590960809381                       0       300.1291864962329
    0.06406250000000002    0.002371541151094548   0.0002551024868911693                       0        300.133119626216
            0.064453125    0.002474661357035966   0.0002571440765041852                       0       300.1370786734148
    0.06484375000000001    0.002579594832097652   0.0002585533124332695                       0       300.1410472785767
    0.06523437500000001    0.002687248210839572   0.0002590140178364393                       0       300.1450302206628
               0.065625    0.002798590144540079   0.0002580728759158056                       0       300.1490300320429
    0.06601562499999999    0.002911786635318246   0.0002563989498163465                       0       300.1530375457387
             0.06640625    0.003028712799448506   0.0002531957343253902                       0       300.1570589994062
    0.06679687500000001    0.003148449585515419   0.0002487600441031168                       0       300.1610881666742
    0.06718749999999998    0.003270060119540246   0.0002435027040599774                       0       300.1651224763572
            0.067578125    0.003396345003602305   0.0002360703037105718                       0       300.1691641305552
    0.06796875000000001    0.003524481347472058   0.0002277300595399444                       0        300.173206136404
            0.068359375    0.003655394881053053   0.0002180280496374629                       0       300.1772486697022
    0.06875000000000001    0.003789943336701817   0.0002064595976679919                       0       300.1812859847167
    0.06914062500000001    0.003926283618218186   0.0001939523582389053                       0       300.1853190330404
             0.06953125    0.004066156281137646   0.0001795564110383618                       0       300.1893402329187
    0.06992187500000002     0.00420857290642896   0.0001637510917659982                       0       300.1933470948642
              0.0703125    0.004352685506634817   0.0001470061911124252                       0        300.197344398188
    0.07070312500000001    0.004500810620761377   0.0001279676851304281                       0       300.2013080467743
             0.07109375    0.004650427065430416   0.0001080524434692428                       0       300.2052541271181
    0.07148437499999999    0.004802280505913256    8.68220982892742e-05                       0       300.2091738551027
    0.07187499999999999    0.004956839647860566   6.395858347704919e-05                       0       300.2130499879587
            0.072265625    0.005112668879251402   4.031852782909262e-05                       0       300.2169021932355
    0.07265625000000001    0.005270872766951441   1.520547847044847e-05                       0       300.2207022832928
    0.07304687500000001    0.005430565269518656   -1.08622031806759e-05                       0       300.2244570023338
              0.0734375     0.00559125018199744  -3.756630636011913e-05                       0       300.2281814740373
    0.07382812500000001    0.005753849277284006  -6.556241648964324e-05                       0        300.231820292523
             0.07421875    0.005916953068282845  -9.393714826770727e-05                       0       300.2354211162609
    0.07460937500000001    0.006080813902849931   -0.000122879812518585                       0       300.2389649478668
    0.07500000000000001    0.006245089051390569  -0.0001522693312574136                       0        300.242426080064
    0.07539062500000002    0.006409403263632119  -0.0001817972401591828                       0       300.2458444171207
    0.07578125000000002    0.006573459416703136  -0.0002114318552247299                       0       300.2491742729977
            0.076171875    0.006736757242373407  -0.0002408731446327286                       0       300.2524342290269
    0.07656250000000002    0.006899549516443448  -0.0002701855502690359                       0       300.2556475851684
    0.07695312500000001    0.007060033030553439  -0.0002986979491739282                       0       300.2587399843451
    0.07734374999999999    0.007219133371497931      -0.000326694148119                       0       300.2617828132779
    0.07773437499999999    0.007376158952693977  -0.0003539160471243417                       0       300.2647512868352
               0.078125    0.007529416915002499  -0.0003797115255889735                       0       300.2676194191324
    0.07851562500000001    0.007680521271799547  -0.0004046972044176975                       0       300.2704373565865
    0.07890625000000001    0.007826778825440039   -0.000427870105243595                       0       300.2731548560012
    0.07929687499999999    0.007968538673840639  -0.0004494067846888031                       0       300.2757976933025
    0.07968750000000001    0.008107300052081911  -0.0004698526498802537                       0       300.2783907558835
            0.080078125    0.008237051684294928  -0.0004871449975154596                       0       300.2808615262301
    0.08046875000000001    0.008362570497149677  -0.0005030242777771789                       0       300.2832845579505
    0.08085937500000001     0.00848174008096687  -0.0005167839569786567                       0       300.2856359817268
    0.08125000000000002    0.008591156509295768  -0.0005274619881836088                       0       300.2878947247256
    0.08164062500000002    0.008695372257425728  -0.0005365496102273617                       0       300.2901078860791
             0.08203125    0.008788538440251164  -0.0005423572436230417                       0       300.2922314017322
    0.08242187500000001     0.00887245642793924  -0.0005456053492009176                       0       300.2942899968918
    0.08281250000000001    0.008950208952202398  -0.0005471471029002575                       0       300.2963053117224
    0.08320312499999999    0.009010998134652275  -0.0005443481134671702                       0       300.2982161391892
    0.08359375000000001    0.009064417130051126  -0.0005398220959638143                       0       300.3000865343929
            0.083984375    0.009106780844873421  -0.0005327055363550583                       0        300.301896281202
    0.08437500000000001    0.009133333845990329  -0.0005222355711984265                       0       300.3036275510834
    0.08476562500000001    0.009151746001151572  -0.0005101349588844662                       0       300.3053200821108
             0.08515625     0.00915340548619554  -0.0004948651634890869                       0       300.3069361346498
    0.08554687500000001    0.009141910832006533  -0.0004774185579703286  -3.675846590087508e-28       300.3084960266677
    0.08593750000000001    0.009121646751662417  -0.0004585207457026599  -9.802257573558254e-28       300.3100184783453
    0.08632812500000001    0.009078701486524189  -0.0004364269224446186  -9.727763806864445e-28        300.311448856359
    0.08671875000000001    0.009026480614146813  -0.0004132636519654891  -4.890080500281913e-28         300.31284285519
    0.08710937500000002    0.008960346330910557  -0.0003884962106547192   7.092387116120746e-28       300.3141822852414
    0.08750000000000002    0.008875468110293164   -0.000362070727838613   9.355045821510525e-28       300.3154496139148
    0.08789062499999999    0.008781224714482205  -0.0003349491374128066   8.068559628175676e-28       300.3166810184305
    0.08828125000000001    0.008668264555281238   -0.000306701158053654    2.30530275090365e-28       300.3178408278008
    0.08867187500000002    0.008541450532440898  -0.0002780341946079893                       0       300.3189472825114
    0.08906249999999999     0.00840540060050776  -0.0002490879084379906  -8.704547240493485e-44       300.3200181674523
    0.08945312499999999    0.008246825029713245   -0.000220176914062902  -5.017829850728215e-28       300.3210007601372
             0.08984375    0.008079557489556631  -0.0001915736643122776  -7.903785642018799e-28       300.3219483616012
    0.09023437499999999    0.007899251995356866  -0.0001634320314983577  -7.591930344193845e-28       300.3228434762337
    0.09062500000000001     0.00770235369015587  -0.0001364735111456371  -3.764779642318586e-28       300.3236694915025
    0.09101562499999999     0.00749738547155297   -0.000110238389145809  -8.062439027052269e-29       300.3244612542352
    0.09140624999999999    0.007276730410345328   -8.57137480963716e-05  -4.837463416232358e-28        300.325185106255
            0.091796875    0.007045040165364858  -6.282189900505507e-05  -6.242467693952518e-28       300.3258591911849
    0.09218750000000002    0.006805993131202222   -4.10185778858153e-05  -5.896661814471131e-28       300.3265000980435
    0.09257812500000001    0.006549787783569168  -2.241913312678426e-05  -2.211248180426639e-28       300.3270605188394
    0.09296875000000002    0.006287190685749164  -5.244882140947883e-06                       0       300.3275899522077
    0.09335937500000001    0.006015005962648529   9.791578185095719e-06                       0       300.3280729044246
                0.09375    0.005730878615639997    2.18051901857928e-05                       0       300.3284967651854
    0.09414062500000001    0.005440950500613923   3.229630320444747e-05                       0       300.3288919217329
    0.09453125000000001     0.00513976193742621   3.972026862027275e-05                       0       300.3292313529099
    0.09492187500000002    0.004830482405785388   4.491438051652603e-05                       0        300.329531880919
    0.09531249999999999    0.004515808895175417   4.862192339972696e-05                       0       300.3298064734562
            0.095703125    0.004187926342409774   4.891172930875374e-05                       0       300.3300216556228
    0.09609375000000001    0.003854729752648835   4.802788527921893e-05                       0       300.3302154867625
            0.096484375    0.003513562107394991   4.538356634184148e-05                       0        300.330377291362
    0.09687499999999999     0.00316140959328434   4.092624042168216e-05                       0       300.3305016963463
    0.09726562500000001    0.002803602388662277   3.573145699005292e-05                       0        300.330608843907
             0.09765625    0.002434161290851479   2.939985049532743e-05                       0       300.3306843613894
    0.09804687500000001    0.002055306511440828   2.281765006210643e-05                       0       300.3307408267739
    0.09843750000000001    0.001670175944297034   1.606838700322276e-05                       0       300.3307845907729
    0.09882812499999999    0.001267927274798895   1.014942827677431e-05                       0       300.3308049475569
    0.09921875000000002   0.0008581890264183844   5.095563773624501e-06                       0       300.3308195024365
            0.099609375   0.0004372164097143082   1.339340605422991e-06                       0        300.330825354416
                    0.1                       0                       0                       0       300.3308265248132
