#              distance                     U_x                     U_y                     U_z                       T
  6.939740885162004e-18                       0                       0                       0       299.7160432901246
  0.0003906250000000001  -0.0001149518928450742   1.693982065000407e-07                       0       299.7160417048686
  0.0007812500000000002  -0.0002254527212465535   7.340568815134822e-07                       0       299.7160337785858
            0.001171875  -0.0003326701818552449   1.608945896978238e-06                       0       299.7160274517471
              0.0015625  -0.0004376987306020744    2.69065513941052e-06                       0       299.7160221912009
            0.001953125   -0.000537346164197491    4.21672305193771e-06                       0        299.716029671433
             0.00234375  -0.0006348778207186303    5.89316090662809e-06                       0       299.7160460626275
            0.002734375   -0.000729235811628354   7.795153674563264e-06                       0       299.7160758202655
               0.003125  -0.0008194367418817521   9.954609757400892e-06                       0       299.7161305788775
            0.003515625  -0.0009075781575158033   1.223242236634917e-05                       0        299.716199516618
   0.003906250000000001  -0.0009916385753288119   1.472619776483792e-05                       0       299.7163001699051
            0.004296875   -0.001072696723032392   1.735284542189703e-05                       0       299.7164292903583
              0.0046875    -0.00115175335732974   2.006807458467056e-05                       0       299.7165773889378
            0.005078125    -0.00122590637107201   2.295970523316402e-05   1.020122765039278e-30       299.7167801348663
   0.005468750000000001   -0.001298139164269709   2.590520315921088e-05   1.665507871804046e-30       299.7170073802336
   0.005859374999999999   -0.001367491626650551   2.893150200158784e-05    1.74878649115688e-30       299.7172713747589
                0.00625   -0.001433088515723175   3.203473546892719e-05   8.827211075138159e-31       299.7175891700292
            0.006640625   -0.001496829442214307   3.516936865793925e-05                       0       299.7179349473902
             0.00703125   -0.001556902091687771   3.835266610868147e-05                       0       299.7183388523857
   0.007421875000000001   -0.001614290790606552   4.155311313724003e-05                       0       299.7187892468606
              0.0078125   -0.001669890189155455   4.476499321767387e-05                       0       299.7192706343048
   0.008203125000000002   -0.001721131274385493   4.797622361709529e-05                       0       299.7198337518803
   0.008593750000000001   -0.001770676067872543   5.117667490791269e-05                       0        299.720431035484
   0.008984374999999999   -0.001817676423745125   5.436095753582442e-05                       0       299.7210795681317
   0.009375000000000001   -0.001861380180366709   5.750491895604555e-05                       0       299.7217989421698
            0.009765625   -0.001903460053681699    6.06245778824557e-05                       0       299.7225542577642
             0.01015625   -0.001942340993021342   6.368734804131371e-05                       0       299.7233824981983
            0.010546875   -0.001978897043026328   6.669660593732569e-05                       0       299.7242666859227
              0.0109375   -0.002013903166808208   6.967018899144035e-05                       0       299.7251881718406
            0.011328125   -0.002045159739181686   7.253902013610127e-05                       0       299.7262044965296
             0.01171875   -0.002074967010887537    7.53606761545348e-05                       0       299.7272592035538
            0.012109375   -0.002102600331591945   7.811156948362711e-05                       0       299.7283714840804
                 0.0125   -0.002127436609501118    8.07593533888036e-05                       0       299.7295610587647
            0.012890625   -0.002150899807299112   8.335381014851407e-05                       0       299.7307893262365
             0.01328125   -0.002171667727448097   8.583806775029425e-05                       0       299.7320950707687
            0.013671875   -0.002190490436336506   8.823551672016751e-05                       0       299.7334588140728
              0.0140625   -0.002208016337717735   9.057509326876426e-05                       0       299.7348612232071
            0.014453125   -0.002222426793918285   9.276482517883791e-05                       0       299.7363597286048
             0.01484375   -0.002235641354998929   9.489319542511489e-05                       0       299.7378963002323
            0.015234375   -0.002247062073399963   9.692952317570749e-05                       0       299.7394899712378
               0.015625   -0.002256190600876976   9.884143088099183e-05                       0        299.741158760388
    0.01601562500000001   -0.002264197627270877   0.0001006909592055383                       0       299.7428647926506
             0.01640625   -0.002270010840256346   0.0001024153900524426                       0       299.7446446792184
            0.016796875   -0.002274251384004762   0.0001040461571255273                       0        299.746478836987
              0.0171875   -0.002277443481595145    0.000105614481682732                       0       299.7483491755561
            0.017578125    -0.00227813352899431   0.0001070279205727516                       0       299.7503078401597
             0.01796875   -0.002277869453202546     0.00010838021497567                       0       299.7523008911814
            0.018359375   -0.002276174192624386   0.0001096407926479367                       0       299.7543455218301
                0.01875   -0.002272662054995258   0.0001107812289255565                       0       299.7564568708989
            0.019140625   -0.002268263779373238   0.0001118622363721787                       0       299.7586010291213
             0.01953125   -0.002262137828830645   0.0001128256698894599                       0       299.7608097055428
    0.01992187500000001   -0.002254781308269689   0.0001137030881482476                       0       299.7630650263251
              0.0203125   -0.002246604407696519   0.0001145231629013743                       0       299.7653514433517
    0.02070312500000001   -0.002236482218874191   0.0001152037717213543                       0       299.7677125618988
             0.02109375   -0.002225622947893817   0.0001158302233136884  -5.377067565592005e-30       299.7701023023396
            0.021484375    -0.00221365805367629   0.0001163754390645494  -1.881973647954262e-29       299.7725349756092
               0.021875   -0.002200298539714188   0.0001168156684384379  -1.075413513118627e-29       299.7750223078466
            0.022265625   -0.002186260961318918   0.0001172042378356696   5.317382052875732e-30       299.7775363110345
             0.02265625   -0.002170905744935577   0.0001174911537032462    3.19042923172464e-29       299.7801023390581
            0.023046875   -0.002154618095231684   0.0001177042907845336    3.44998895429121e-29       299.7827053860751
              0.0234375   -0.002137708823314103   0.0001178682420082951   2.110127807612847e-29       299.7853331124227
    0.02382812500000001   -0.002119335238248734   0.0001179132086619959     7.9129792785351e-30       299.7880191847875
             0.02421875   -0.002100410525387526    0.000117912105689081                       0       299.7907272545305
            0.024609375    -0.00208065912083254   0.0001178418982762419                       0       299.7934683203385
                  0.025   -0.002059872067662181   0.0001176824349177598   3.464243799116286e-28       299.7962507130582
            0.025390625   -0.002038583199868844    0.000117479017782732   6.933723729067155e-28       299.7990531091795
             0.02578125    -0.00201632272219897    0.000117189041487166   6.959904383239884e-28       299.8018941919961
            0.026171875   -0.001993379660110263   0.0001168360180639541   6.980088143484243e-28       299.8047623396411
              0.0265625   -0.001969981541742357   0.0001164409632223132   6.996273974442791e-28       299.8076485305083
            0.026953125   -0.001945519518142817   0.0001159436908715291   7.002535015443826e-28       299.8105766430989
             0.02734375   -0.001920660190583972   0.0001154065718084807   5.254718730033228e-28       299.8135202805341
            0.027734375   -0.001895204907086136   0.0001148096826770333   8.757864550055401e-29       299.8164872052312
               0.028125   -0.001869009099894043   0.0001141349773279678                       0        299.819482762325
            0.028515625   -0.001842455954480132   0.0001134217847829249                       0       299.8224920508781
             0.02890625    -0.00181521397987347   0.0001126324596716073                       0       299.8255276329126
            0.029296875   -0.001787492394784462   0.0001117871632746461                       0       299.8285812448508
    0.02968750000000001   -0.001759451069373946   0.0001109045526872591  -1.489149713796349e-43       299.8316468767342
            0.030078125   -0.001730669202134822   0.0001099303346274126  -1.110525697675687e-29       299.8347398554267
             0.03046875   -0.001701613513525596   0.0001089200741964364  -1.767239634271767e-29       299.8378427396839
            0.030859375   -0.001672147092861178   0.0001078557502087647  -1.743235929230394e-29       299.8409604822811
                0.03125   -0.001642175608627353   0.0001067204244544126  -8.692175941091902e-30       299.8440960696954
            0.031640625   -0.001611961695688749   0.0001055498451423127                       0       299.8472401136903
             0.03203125   -0.001581283131500808   0.0001043092533659265                       0       299.8504001392574
            0.032421875   -0.001550284796292082   0.0001030168432298142                       0       299.8535708325008
    0.03281249999999999   -0.001519073280402865   0.0001016898875205533                       0        299.856748637535
            0.033203125   -0.001487374077341847   0.0001002776673587767                       0       299.8599421578064
    0.03359375000000001   -0.001455496888110102   9.883177349840019e-05                       0       299.8631411921323
            0.033984375   -0.001423352719622218   9.733536909011943e-05                       0       299.8663484975306
               0.034375   -0.001390884766065109   9.577249195288676e-05                       0       299.8695653941273
            0.034765625   -0.001358262480367902   9.417660602461663e-05                       0       299.8727867537275
             0.03515625   -0.001325346651179527   9.251515766115063e-05                       0       299.8760163741421
    0.03554687499999999   -0.001292231920078469    9.08052648787185e-05                       0       299.8792512713096
              0.0359375     -0.0012589845877023   8.906307581697516e-05                       0       299.8824896863155
            0.036328125   -0.001225438860040551   8.724146097419547e-05                       0       299.8857354937736
    0.03671875000000001   -0.001191786113780332   8.538865317371534e-05                       0       299.8889837479448
    0.03710937500000001   -0.001157972839622414   8.348905593668528e-05                       0       299.8922356721874
    0.03750000000000001   -0.001123968449002734   8.152834900265964e-05                       0       299.8954915677834
    0.03789062500000001   -0.001089873803513497   7.953744079238097e-05                       0       299.8987492423909
             0.03828125   -0.001055609255007721   7.748683717408292e-05                       0        299.902010061668
            0.038671875   -0.001021231948867795   7.539263695228563e-05                       0        299.905272688425
              0.0390625  -0.0009867794709717916   7.326937232815731e-05                       0       299.9085365201752
    0.03945312500000001  -0.0009521615156352418   7.107561011860827e-05                       0       299.9118025563972
    0.03984375000000001  -0.0009174855805874743   6.885460097065841e-05                       0       299.9150691933879
            0.040234375  -0.0008827226759728643   6.659272141510727e-05                       0       299.9183367315264
    0.04062500000000001  -0.0008478587575014144   6.427843241822201e-05                       0       299.9216049893461
            0.041015625  -0.0008129477156027908   6.193850593294582e-05                       0       299.9248735054898
    0.04140625000000001   -0.000777949193852497   5.954843893545137e-05                       0       299.9281423353143
            0.041796875  -0.0007428942057089328   5.712260792157429e-05                       0       299.9314111494195
              0.0421875  -0.0007078015733031957   5.467293423010972e-05                       0       299.9346799530485
            0.042578125   -0.000672628481617713   5.216695466239977e-05                       0       299.9379483956216
             0.04296875  -0.0006374280696861493    4.96398642593303e-05  -3.515337838507824e-30        299.941216590857
            0.043359375  -0.0006021866773854525   4.708110760322031e-05    -1.2303682434774e-29       299.9444844150809
                0.04375  -0.0005668992570057359   4.448312926831846e-05  -1.392265575807625e-29       299.9477515960207
            0.044140625   -0.000531590717854606   4.186633243465176e-05  -1.206096514188588e-29       299.9510184312633
             0.04453125  -0.0004962437316968396   3.921348328472052e-05  -3.445990040538165e-30       299.9542845270005
            0.044921875  -0.0004608728875244983   3.653609172265739e-05                       0       299.9575500315455
    0.04531250000000001  -0.0004254861380091098   3.384233855250705e-05                       0       299.9608151419657
            0.045703125  -0.0003900668518919984   3.111202800340734e-05                       0       299.9640792592768
             0.04609375  -0.0003546370608154038   2.836890063974625e-05                       0       299.9673429950134
            0.046484375  -0.0003191915122995764   2.560654805424345e-05                       0       299.9706061583835
               0.046875  -0.0002837293068438563   2.282229427189705e-05                       0       299.9738686224932
    0.04726562500000001  -0.0002482597191056801   2.002804899706049e-05                       0       299.9771307598177
             0.04765625  -0.0002127772591776448   1.721573894911249e-05                       0       299.9803922893289
            0.048046875  -0.0001772876327418514   1.439282263138933e-05                       0        299.983653448472
              0.0484375  -0.0001417932286342218    1.15628354671496e-05                       0       299.9869143607064
            0.048828125  -0.0001062905692027149   8.720160481549917e-06                       0       299.9901748200659
             0.04921875  -7.078595209361339e-05   5.874430734831618e-06                       0       299.9934351703051
            0.049609375   -3.52783984681176e-05   3.024118846434923e-06                       0       299.9966953568588
                   0.05   2.305391673402312e-07   1.717678694969403e-07                       0       299.9999554767122
    0.05039062500000001   3.573954904827432e-05  -2.680582600239194e-06  -6.241099583873141e-30       300.0032156017226
             0.05078125    7.12474639011487e-05  -5.530891952625772e-06   -3.74465975032379e-29        300.006475814062
    0.05117187500000001   0.0001067526583391501  -8.376618009522952e-06  -6.389462573494378e-29       300.0097362055176
    0.05156250000000001   0.0001422560391672388  -1.121928853609409e-05  -8.717100750820863e-29       300.0129967163942
    0.05195312500000001   0.0001777515227288973  -1.404927054074559e-05  -3.268912781557624e-29       300.0162577057118
             0.05234375   0.0002132423705792262  -1.687218214864422e-05                       0       300.0195189520881
            0.052734375   0.0002487262648625764  -1.968448816141488e-05                       0        300.022780584071
    0.05312500000000001   0.0002841975675274531  -2.247873223423507e-05  -1.054269477256662e-28       300.0260428439666
            0.053515625   0.0003196616271555055   -2.52629868301897e-05  -2.154287949262205e-28        300.029305440614
    0.05390625000000001   0.0003551093062547541  -2.802534545863145e-05  -2.383032923007393e-28       300.0325687563648
    0.05429687500000001   0.0003905414315076101  -3.076848492090965e-05  -1.546581820315809e-28       300.0358326590923
              0.0546875   0.0004259631875295664  -3.349881160574801e-05                       0       300.0390969531609
    0.05507812500000001   0.0004613527391113362  -3.619259510087186e-05                       0       300.0423622642536
             0.05546875   0.0004967265149746049  -3.887002450873295e-05                       0       300.0456279788275
            0.055859375   0.0005320766272601357  -4.152292278570053e-05                       0       300.0488942986301
                0.05625   0.0005673885445794535  -4.413978786978409e-05                       0       300.0521613761849
            0.056640625   0.0006026794671694139  -4.673784512904506e-05                       0        300.055428808413
    0.05703125000000001   0.0006379246058082697  -4.929670428190543e-05                       0       300.0586969016488
            0.057421875   0.0006731289407307643  -5.182391845330703e-05                       0       300.0619653787551
              0.0578125   0.0007083060731756944  -5.433003597040392e-05                       0       300.0652341117783
    0.05820312500000001   0.0007434030292075565  -5.677988944078433e-05                       0       300.0685032265017
    0.05859375000000001   0.0007784624491881842  -5.920591965647141e-05   3.852962199657275e-30        300.071772359638
    0.05898437500000002   0.0008134655650919643  -6.159621499011849e-05   1.348536769879563e-29       300.0750415203937
    0.05937500000000001   0.0008483814070906242  -6.393641428691501e-05   1.560758983905943e-29       300.0783103826215
            0.059765625   0.0008832502258711805  -6.625099979344348e-05   1.382791451957166e-29         300.08157899389
             0.06015625   0.0009180182256845565  -6.851322617575944e-05   3.950832719873711e-30       300.0848468998866
            0.060546875    0.000952699393384385  -7.073462440092306e-05  -3.120686873642135e-30       300.0881139149357
    0.06093750000000001   0.0009873226730085366  -7.292880385465289e-05  -8.321831663072012e-30       300.0913803360265
            0.061328125    0.001021780689076973  -7.505256383171026e-05  -5.995236084350031e-28       300.0946445685868
             0.06171875    0.001056163612596284  -7.714729377440544e-05   -9.62536808735847e-28       300.0979076021114
            0.062109375    0.001090433897291899  -7.919847866555719e-05  -9.832671443300055e-28       300.1011688370792
                 0.0625    0.001124534424169922  -8.119004318766642e-05  -4.937066057243878e-28       300.1044269383568
    0.06289062500000001    0.001158544765345336  -8.315144553155995e-05                       0       300.1076832658882
             0.06328125    0.001192364121527848  -8.505181953162345e-05                       0       300.1109356321117
    0.06367187499999999    0.001226023037731352  -8.690546982101938e-05                       0        300.114184335087
    0.06406250000000002    0.001259574993948892  -8.872797096997399e-05                       0       300.1174305959058
            0.064453125    0.001292828682960157  -9.047116363564112e-05                       0       300.1206694743591
    0.06484375000000001    0.001325949814284601  -9.218210998143591e-05                       0       300.1239048385322
    0.06523437500000001    0.001358872109078724  -9.384468684741563e-05                       0       300.1271349312639
               0.065625    0.001391500931732364  -9.544180710891964e-05                       0       300.1303567692324
    0.06601562499999999    0.001423975453825674  -9.700597291902963e-05                       0       300.1335741469621
             0.06640625    0.001456126245818164  -9.850377752803927e-05                       0       300.1367819385028
    0.06679687500000001    0.001488010087060054  -9.995115931247918e-05                       0       300.1399814619288
    0.06718749999999998    0.001519715961134947  -0.0001013649258805437                       0       300.1431754732926
            0.067578125    0.001550934173590134  -0.0001026935806148991                       0       300.1463537730072
    0.06796875000000001    0.001581939206485625  -0.0001039877532134889                       0       300.1495249618671
            0.068359375    0.001612624470041431  -0.0001052302026084215                       0       300.1526854844176
    0.06875000000000001    0.001642845065722454  -0.0001064027707986396                       0       300.1558300261783
    0.06914062500000001    0.001672823219494026  -0.0001075401520476469                       0       300.1589661114642
             0.06953125    0.001702296273502766  -0.0001086066667365314                       0       300.1620843516752
    0.06992187500000002    0.001731358553082922  -0.0001096192218743208                       0       300.1651877325687
              0.0703125    0.001760146983044016  -0.0001105958039780467                       0       300.1682812072506
    0.07070312500000001    0.001788194774209049  -0.0001114809556372153                       0       300.1713473322183
             0.07109375    0.001815922775324545  -0.0001123288651124412                       0        300.174401435597
    0.07148437499999999    0.001843171091365768  -0.0001131209113117541                       0       300.1774375065976
    0.07187499999999999    0.001869730456038825   -0.000113836970754787                       0       300.1804472798453
            0.072265625    0.001895932415506276  -0.0001145146161992436                       0       300.1834433192693
    0.07265625000000001    0.001921393705519298  -0.0001151145924056623                       0       300.1864107211197
    0.07304687500000001    0.001946258911918449  -0.0001156549091614684                       0       300.1893548311589
              0.0734375    0.001970726729241729  -0.0001161554529502025                       0       300.1922834133308
    0.07382812500000001     0.00199413039681957  -0.0001165539633719402                       0       300.1951700651321
             0.07421875    0.002017078897166953   -0.000116910515587117                       0       300.1980386698769
    0.07460937500000001     0.00203934464666859  -0.0001172041304924484                       0       300.2008802040269
    0.07500000000000001    0.002060638537185807   -0.000117411331034752                       0       300.2036830430611
    0.07539062500000002    0.002081430481498827  -0.0001175746496036907                       0       300.2064658743197
    0.07578125000000002    0.002101186499979289  -0.0001176488546421885                       0       300.2092073695655
            0.076171875    0.002120115597108772  -0.0001176540596858719                       0       300.2119158614651
    0.07656250000000002     0.00213849341333768  -0.0001176132647330178                       0       300.2146023511447
    0.07695312500000001    0.002155406496352601  -0.0001174536543587162                       0       300.2172304819738
    0.07734374999999999    0.002171697773802565  -0.0001172449234175277                       0       300.2198339281145
    0.07773437499999999    0.002187056342905027  -0.0001169625116260041                       0       300.2224003472125
               0.078125    0.002201096875917681  -0.0001165785713452709                       0       300.2249147303392
    0.07851562500000001    0.002214459137426348  -0.0001161430320212097                       0       300.2274024368467
    0.07890625000000001     0.00222642634900941  -0.0001156026250130738                       0       300.2298354729222
    0.07929687499999999    0.002237287590210921  -0.0001149810658172591                       0       300.2322255673388
    0.07968750000000001    0.002247411517824897  -0.0001143054051630004                       0       300.2345870340048
            0.080078125    0.002255589537135984  -0.0001134904080506133                       0       300.2368737842106
    0.08046875000000001    0.002262946911620458  -0.0001126181148446402                       0       300.2391294321463
    0.08085937500000001    0.002269073318864974  -0.0001116598774982862                       0       300.2413384266716
    0.08125000000000002    0.002273471487684583  -0.0001105841515030237                       0       300.2434828908852
    0.08164062500000002    0.002276983228247873  -0.0001094490367373154                       0       300.2455945398668
             0.08203125    0.002278677494211579   -0.000108193855538769                       0       300.2476394583363
    0.08242187500000001    0.002278940101662148  -0.0001068470055229475                       0       300.2496327881588
    0.08281250000000001    0.002278248270103958   -0.000105439042962276                       0       300.2515917255496
    0.08320312499999999    0.002275053556310823  -0.0001038762598195279                       0       300.2534623220484
    0.08359375000000001    0.002270810046652101  -0.0001022510539286539                       0       300.2552967319027
            0.083984375    0.002264993343194995   -0.000100532213915591                       0       300.2570768617899
    0.08437500000000001     0.00225698209348394  -9.868830273818644e-05                       0       300.2587831259348
    0.08476562500000001     0.00224784896802853  -9.678202186630591e-05                       0       300.2604521413231
             0.08515625    0.002236422885849656  -9.475133338086232e-05                       0       300.2620460274281
    0.08554687500000001     0.00222320236237369  -9.262860084346891e-05   9.720126772658309e-30       300.2635828060643
    0.08593750000000001    0.002208785544699714  -9.044450560477794e-05   2.592033806040219e-29       300.2650815130615
    0.08632812500000001    0.002191252244587728  -8.811054426676194e-05   2.552412343299634e-29       300.2664841107687
    0.08671875000000001    0.002172421706644819  -8.571869410439017e-05   1.281678499660523e-29       300.2678480376301
    0.08710937500000002    0.002151645311955486  -8.324001070548291e-05   -1.83572391532333e-29       300.2691539582179
    0.08750000000000002    0.002128172749018525  -8.065107920894272e-05  -2.421594579665324e-29       300.2703823921648
    0.08789062499999999    0.002103326653422798   -7.80087919530253e-05  -2.085986665885894e-29       300.2715721286041
    0.08828125000000001    0.002075682595440392  -7.526332975726037e-05  -5.959961902523505e-30       300.2726845617605
    0.08867187500000002    0.002045863875771428  -7.244704301535883e-05                       0       300.2737394148848
    0.08906249999999999    0.002014595381644786  -6.958353990936753e-05   2.306284557571852e-45       300.2747558813244
    0.08945312499999999    0.001979576117933245  -6.661516020213835e-05   1.329482531085903e-29       300.2756774986818
             0.08984375    0.001943006427759818  -6.361104701486315e-05    2.10354993143244e-29       300.2765618139413
    0.09023437499999999    0.001904111097893561  -6.055333360751884e-05   2.044494635677137e-29       300.2773901760541
    0.09062500000000001    0.001862015808631334  -5.743859646851161e-05   1.016341788263765e-29       300.2781456059506
    0.09101562499999999    0.001818296117348802  -5.429948491254952e-05   2.292063909986729e-30       300.2788650906871
    0.09140624999999999    0.001771278777381408  -5.111989942044242e-05   1.375238345992299e-29        300.279513727066
            0.091796875    0.001721716195337627  -4.792401741137429e-05   1.794906931290944e-29        300.280111109444
    0.09218750000000002    0.001670456785242853  -4.471727105766348e-05   1.730333270126676e-29       300.2806743224769
    0.09257812500000001    0.001614837692948443   -4.15096399120145e-05   6.488749762974924e-30       300.2811557975392
    0.09296875000000002    0.001557428741744159  -3.831333908700711e-05                       0       300.2816062766323
    0.09335937500000001    0.001497335002175016  -3.513403374296089e-05                       0       300.2820102617616
                0.09375    0.001433571846816859  -3.200317019314295e-05                       0       300.2823561135124
    0.09414062500000001    0.001367952154069628  -2.890359100604869e-05                       0       300.2826739803305
    0.09453125000000001    0.001298575727555271  -2.588070747562493e-05                       0       300.2829380408234
    0.09492187500000002     0.00122631808336249   -2.29384337467911e-05                       0       300.2831653480773
    0.09531249999999999     0.00115213962738399  -2.004989988568203e-05                       0       300.2833681531452
            0.095703125    0.001073056044294701  -1.733743017763934e-05                       0       300.2835163041028
    0.09609375000000001   0.0009919703331891358  -1.471340000678074e-05                       0       300.2836454742208
            0.096484375   0.0009078814300591669  -1.222202914169863e-05                       0       300.2837461730794
    0.09687499999999999   0.0008197102741489958  -9.946324157098996e-06                       0       300.2838151508624
    0.09726562500000001   0.0007294789691056589  -7.788824307377551e-06                       0       300.2838699467079
             0.09765625    0.000635089320309885  -5.888479116686964e-06                       0       300.2838997358795
    0.09804687500000001   0.0005375250201513649  -4.213450151459961e-06                       0       300.2839161541675
    0.09843750000000001   0.0004378442857510374  -2.688632003208912e-06                       0       300.2839236585463
    0.09882812499999999   0.0003327807494536311  -1.607774709684685e-06                       0       300.2839184144465
    0.09921875000000002   0.0002255276062667343  -7.335374216795028e-07                       0       300.2839121008584
            0.099609375    0.000114990052745599  -1.692301419529541e-07                       0       300.2839041829943
                    0.1                       0                       0                       0       300.2839025994228
