#              distance                     U_x                     U_y                     U_z                       T
  6.939827610207933e-18   1.097246471668719e-24   2.452197984690744e-21                       0       300.5000000000001
  0.0003906250000000001   3.173031736244308e-08   2.725043421739475e-05                       0       300.4956511850339
  0.0007812500000000002   1.384741243705389e-07   5.329356397971006e-05                       0       300.4913023271459
            0.001171875    3.04790920625188e-07    7.84601611820759e-05                       0       300.4869534343571
              0.0015625   5.108230430442118e-07   0.0001030424033444772                       0       300.4826045183091
            0.001953125   8.032898876094254e-07   0.0001262113903841631  -1.901873215343755e-28       300.4782556219376
             0.00234375    1.12546954026178e-06    0.000148833493951654   -3.02431787281337e-28       300.4739067978184
   0.002734375000000001   1.492218405044852e-06   0.0001706352723108523  -2.977619693472091e-28       300.4695580820771
               0.003125   1.910713023893773e-06   0.0001913792647954338  -2.931435125173079e-28       300.4652097010487
            0.003515625   2.353222110504476e-06   0.0002116031443465181  -3.240998871152514e-28       300.4608615490872
             0.00390625   2.840043314096442e-06   0.0002308043580382296  -4.973042263203242e-28       300.4565139786809
            0.004296875   3.354847075842839e-06     0.00024926428654286  -4.580557572013856e-28       300.4521670685931
   0.004687500000000002    3.88830587635886e-06   0.0002672300249227698  -2.771720825331114e-28       300.4478205987178
            0.005078125    4.46021025487483e-06   0.0002840021390041844  -1.039395309499162e-28       300.4434756624585
   0.005468750000000001   5.044431876428988e-06   0.0003003131539152384                       0       300.4391315345425
            0.005859375   5.647129362540378e-06   0.0003159325200707517                       0        300.434788619141
   0.006249999999999999    6.26875821446571e-06   0.0003306616309215971  -1.270910437695748e-28       300.4304477494087
   0.006640625000000002   6.898528657374319e-06    0.000344953415070483  -2.533391247684844e-28       300.4261080185508
   0.007031250000000001   7.541934098401969e-06   0.0003583861477161986  -2.491243109150914e-28       300.4217707975212
   0.007421875000000001   8.191889026789094e-06   0.0003711974523661813  -1.546489908585819e-28       300.4174358304373
   0.007812500000000002   8.846210280082549e-06   0.0003835944716856754                       0       300.4131023659841
   0.008203124999999999    9.50579556128318e-06   0.0003949929925559177                       0       300.4087733117389
   0.008593750000000001   1.016540950501225e-05   0.0004060066515508472                       0        300.404446294914
   0.008984375000000001   1.082506644253398e-05   0.0004164430177328074                       0       300.4001223342194
   0.009375000000000001   1.148098069562039e-05   0.0004261380486239771                       0       300.3958030151938
            0.009765625   1.213415861435291e-05   0.0004354693395697672                       0       300.3914861628679
             0.01015625   1.278013388010506e-05   0.0004440870060248281                       0       300.3871745356713
            0.010546875    1.34183567080353e-05   0.0004521897347167762                       0       300.3828672748144
              0.0109375   1.405141124408426e-05   0.0004599491715666493                       0       300.3785629248509
            0.011328125   1.466801754371587e-05   0.0004668833506499828                       0       300.3742666102581
             0.01171875   1.527678242118124e-05   0.0004735002866176035                       0       300.3699738163635
            0.012109375    1.58737851653977e-05   0.0004796413579116653                       0       300.3656863035226
                 0.0125   1.645286436724358e-05   0.0004851730106827286                       0       300.3614064486316
            0.012890625   1.702248897090212e-05   0.0004904060592382476                       0       300.3571305769465
             0.01328125   1.757221872418169e-05   0.0004950541094545883                       0       300.3528629801357
            0.013671875   1.810574032675496e-05   0.0004992812437334613                       0       300.3486020502369
              0.0140625   1.862845649552402e-05   0.0005032277673873566                       0       300.3443455649463
            0.014453125     1.9122315682673e-05   0.0005065016872770733                       0       300.3401009523058
             0.01484375   1.960400844554844e-05   0.0005095178174431725                       0       300.3358613890863
            0.015234375   2.006745157201355e-05   0.0005121472630238456                       0       300.3316293999979
               0.015625   2.050552837811444e-05   0.0005142830022592638                       0       300.3274080996646
            0.016015625   2.093071374214206e-05   0.0005161772000668652  -1.983691356467926e-29       300.3231922878372
             0.01640625   2.132969965824541e-05   0.0005175989385085691  -1.190214813880742e-28       300.3189877413442
            0.016796875    2.17085515009668e-05   0.0005186818014772035  -1.567863576727566e-28       300.3147920644918
              0.0171875   2.207398062810039e-05   0.0005195387474637915  -1.536047729316389e-28       300.3106023007333
            0.017578125   2.240526326297386e-05   0.0005198559117971672  -5.760178984936432e-29       300.3064279983027
             0.01796875    2.27227322195352e-05   0.0005199668619824114                       0       300.3022601417794
            0.018359375   2.301948065862821e-05   0.0005197684909454585                       0       300.2981019541168
                0.01875    2.32884408843978e-05   0.0005191764825417073  -7.019339080876978e-29       300.2939571589027
            0.019140625   2.354350112966515e-05   0.0005183922031445719  -1.230171599999782e-28       300.2898191790437
             0.01953125   2.377074966625425e-05   0.0005172324771408707  -3.616905191222782e-29       300.2856950682569
            0.019921875    2.39772161385273e-05   0.0005158043638986974   4.773588379143482e-29       300.2815816974326
              0.0203125   2.416982790125634e-05    0.000514197325830876   1.296787045723746e-28       300.2774754865832
    0.02070312500000001   2.432807399465205e-05   0.0005121642381622351   4.862951421463956e-29       300.2733877051128
             0.02109375   2.447273416384222e-05    0.000509968945790529                       0       300.2693074927742
            0.021484375   2.459701544672276e-05   0.0005075303463641967                       0       300.2652386341165
    0.02187500000000001   2.469453899401446e-05   0.0005047831958725958                       0       300.2611852783561
            0.022265625   2.477880806959188e-05    0.000501885593509233  -1.421519314533119e-29       300.2571397573724
    0.02265625000000001   2.483681699390118e-05   0.0004986947347241031  -8.529115887198437e-29       300.2531100726056
            0.023046875   2.487555945477707e-05    0.000495294988360937  -1.121843718114023e-28       300.2490924907273
              0.0234375   2.490145760669748e-05   0.0004917559836124134  -1.096224162259962e-28       300.2450829774414
            0.023828125   2.489604048392889e-05   0.0004878865751783491  -4.110840608474973e-29       300.2410939702552
             0.02421875   2.487844356203501e-05   0.0004838918340712161                       0       300.2371132823286
            0.024609375   2.484257694145317e-05   0.0004797090939544799                       0       300.2331450732913
                  0.025    2.47830913715244e-05   0.0004752888199107289  -4.894787682319259e-29       300.2291937017112
            0.025390625   2.471199155866024e-05    0.000470752932823657  -1.092020135977576e-28       300.2252507897678
             0.02578125   2.461805372340616e-05   0.0004659921274904229  -1.657333133546295e-28       300.2213248789809
            0.026171875   2.450759779765466e-05   0.0004610717165526171  -1.516689517723259e-28       300.2174118151065
              0.0265625   2.438612981157132e-05   0.0004560449018784301  -9.054081596391553e-29       300.2135073158403
            0.026953125   2.423818169624105e-05   0.0004507665991865263  -3.395280598646801e-29       300.2096243432875
             0.02734375   2.408007138633363e-05   0.0004453932687238736                       0       300.2057500094591
            0.027734375   2.390671778456017e-05   0.0004398773966050983                       0       300.2018886337174
               0.028125   2.371391322228841e-05   0.0004341821334702523                       0       300.1980445553792
    0.02851562500000001   2.351160357743172e-05   0.0004283997264022025                       0       300.1942091217045
             0.02890625   2.329072456273543e-05   0.0004224481346174577                       0       300.1903909693137
            0.029296875   2.305658198827432e-05   0.0004163769746323673                       0       300.1865857388602
    0.02968750000000001   2.281359704063706e-05   0.0004102261025137133                       0       300.1827891230313
            0.030078125    2.25496098381572e-05   0.0004038876090655496                       0       300.1790139341643
             0.03046875   2.227766021083573e-05   0.0003974785204662716                       0       300.1752472545714
            0.030859375   2.199376694625419e-05   0.0003909635391403571                       0       300.1714933389162
                0.03125   2.169481588761283e-05   0.0003843158668090052                       0         300.16775628398
            0.031640625   2.138854934031346e-05   0.0003776038752141651   -7.70827001025782e-30       300.1640276113532
             0.03203125   2.106807863244065e-05   0.0003707672975708117  -4.624962006154456e-29       300.1603156072442
            0.032421875   2.073758260185949e-05   0.0003638430732892229  -6.060938143957609e-29       300.1566159350624
              0.0328125    2.04004030228063e-05   0.0003568604179154772  -5.884808370210455e-29       300.1529244841654
            0.033203125   2.004753671066435e-05   0.0003497408799573302  -5.713094202277927e-29       300.1492532626986
             0.03359375   1.968879366857403e-05   0.0003425700898604609  -5.543091733445548e-29       300.1455899873221
            0.033984375   1.932123553156061e-05   0.0003353224215555079  -5.375656813263919e-29       300.1419386310806
               0.034375   1.894269598687698e-05   0.0003279789099110192   -2.67108491461374e-29       300.1383028441172
            0.034765625   1.855885234214801e-05   0.0003205890599952801                       0       300.1346747533968
             0.03515625   1.816477370490839e-05   0.0003131097003340757                       0       300.1310618783716
    0.03554687499999999   1.776355832099449e-05   0.0003055677231940983                       0       300.1274601276029
              0.0359375   1.735758510596453e-05    0.000297984001068272                       0       300.1238657930058
            0.036328125   1.694058118747922e-05   0.0002903030658218125                       0       300.1202894836321
             0.03671875   1.651949599334439e-05   0.0002825859616676612                       0       300.1167201643626
            0.037109375    1.60922888857348e-05   0.0002748146041519716                       0       300.1131613302495
    0.03750000000000001   1.565755156857484e-05    0.000266976068181448                       0       300.1096160096088
            0.037890625   1.521919973476859e-05   0.0002591051678510854                       0       300.1060773225994
             0.03828125   1.477392004392715e-05   0.0002511719885362017                       0       300.1025516566411
            0.038671875     1.4323873679797e-05   0.0002431955897004663                       0       300.0990353687241
              0.0390625   1.387064953347483e-05   0.0002351903778508297                       0       300.0955253328343
    0.03945312500000001   1.341015892888648e-05   0.0002271186581628935                       0        300.092030251473
             0.03984375    1.29470181861293e-05   0.0002190224352404907                       0        300.088540870572
    0.04023437500000001   1.247990223611826e-05    0.000210889457466387                       0        300.085060040361
               0.040625   1.200796998919037e-05   0.0002027114662379702                       0       300.0815900272847
    0.04101562500000001   1.153374355916532e-05   0.0001945119181113698   3.220268622455353e-30       300.0781252718602
    0.04140625000000001   1.105515669366818e-05   0.0001862711558463499    1.93216117347314e-29       300.0746707299083
            0.041796875   1.057362104131886e-05   0.0001780021969445156   2.500990088948527e-29       300.0712233813251
              0.0421875   1.009011953106793e-05   0.0001697144402848051   2.375615407255823e-29        300.067780828321
            0.042578125   9.602206781860891e-06   0.0001613840027936778   8.908557777209112e-30       300.0643494646047
             0.04296875   9.112718554206631e-06   0.0001530381409276252                       0       300.0609222486584
    0.04335937500000001   8.620867108881578e-06   0.0001446691424991845                       0        300.057501254367
    0.04375000000000001   8.126219500663141e-06   0.0001362724490541796                       0       300.0540878848247
            0.044140625   7.630257095232984e-06   0.0001278626641567709                       0       300.0506781565518
    0.04453125000000001   7.131831663847903e-06    0.000119428208466312                       0       300.0472753686079
            0.044921875   6.631793851004271e-06   0.0001109774301622127                       0       300.0438772633323
    0.04531250000000001   6.130681117188606e-06   0.0001025157701156861                       0       300.0404822798357
            0.045703125   5.627249886091901e-06    9.40304093554687e-05                       0       300.0370942159905
             0.04609375   5.123030663223778e-06   8.553692379599822e-05                       0       300.0337085611993
    0.04648437500000001   4.617629452699227e-06   7.703125103764755e-05                       0       300.0303265199896
               0.046875   4.110916838395365e-06   6.851196010250888e-05                       0       300.0269485707939
    0.04726562500000001   3.603611625750983e-06   5.998650113057712e-05                       0       300.0235724842922
             0.04765625   3.095247423523378e-06   5.144998818825577e-05                       0       300.0201997565128
            0.048046875    2.58627076388276e-06   4.290706672709937e-05  -3.344191119503806e-30       300.0168289934197
    0.04843749999999999   2.076885799300487e-06    3.43598729200526e-05  -8.917842985343123e-30        300.013459540113
            0.048828125   1.566773231072753e-06   2.580508149629727e-05  -6.692086776651894e-30       300.0100924315919
    0.04921875000000001   1.056484069060788e-06   1.724846909301732e-05  -4.017474788577752e-30       300.0067258874736
            0.049609375   5.459300163731969e-07    8.68912522045069e-06  -6.695791314296227e-31       300.0033601899596
                   0.05   3.524828905657972e-08   1.285572523941595e-07                       0       299.9999948722547
    0.05039062499999999  -4.754411764342447e-07  -8.432019820314469e-06                       0        299.996629557038
             0.05078125  -9.860339199911068e-07   -1.69914092161434e-05                       0       299.9932638719654
    0.05117187500000001  -1.496384958206863e-06  -2.554809446219171e-05                       0         299.98989734773
    0.05156250000000001  -2.006574859528134e-06  -3.410297694171912e-05                       0       299.9865302640524
            0.051953125  -2.516075701994939e-06  -4.265030735556249e-05                       0       299.9831608479127
    0.05234375000000001  -3.025183598870223e-06  -5.119338365506017e-05                       0       299.9797901268755
    0.05273437500000001  -3.533702077358355e-06  -5.973007878303795e-05                       0       299.9764174484818
    0.05312500000000001   -4.04119212837993e-06  -6.825575643349607e-05                       0       299.9730414209718
            0.053515625  -4.548104813024853e-06  -7.677528430294309e-05                       0       299.9696635355684
             0.05390625  -5.053736459628497e-06  -8.528123052585104e-05                       0        299.966281567634
            0.054296875  -5.558208715430405e-06   -9.37750169813599e-05                       0       299.9628959930912
              0.0546875  -6.061908044030773e-06  -0.0001022606969252692                       0       299.9595080141429
    0.05507812500000001  -6.563326190135629e-06  -0.0001107227219406762                       0        299.956113126894
    0.05546875000000001  -7.063684181887082e-06  -0.0001191738835580984                       0       299.9527151222845
            0.055859375   -7.56245194210893e-06  -0.0001276087500785432                       0       299.9493124416334
    0.05624999999999999  -8.058785849123798e-06  -0.0001360189825635608                       0       299.9459028292162
    0.05664062499999999   -8.55381944453264e-06  -0.0001444161419941995                       0       299.9424895797353
    0.05703125000000001  -9.046085646726071e-06    -0.00015278564324275                       0       299.9390687137667
            0.057421875  -9.536009873729848e-06   -0.000161132035618573                       0       299.9356416320933
              0.0578125  -1.002437278394036e-05  -0.0001694630220792444                       0       299.9322104066165
            0.058203125  -1.050835924630094e-05  -0.0001777513739746596                       0       299.9287680013283
             0.05859375  -1.099039349957483e-05  -0.0001860209466695428                       0       299.9253208040581
    0.05898437500000001  -1.146949943921856e-05  -0.0001942623505636321                       0       299.9218664188216
               0.059375  -1.194427166014282e-05  -0.0002024625775441992                       0       299.9184018269181
            0.059765625  -1.241676289952313e-05  -0.0002106412662686877                       0       299.9149319806477
    0.06015625000000001  -1.288446393145015e-05   -0.000218774978882412                       0        299.911451323617
    0.06054687500000001  -1.334820881736584e-05  -0.0002268719647474234                       0       299.9079621203476
    0.06093750000000001  -1.380931627260667e-05  -0.0002349444661132832                       0       299.9044672195724
            0.061328125  -1.426318813531219e-05  -0.0002429505066485097                       0       299.9009573711056
             0.06171875  -1.471389417659763e-05   -0.000250927753044778                       0        299.897441273098
    0.06210937500000001  -1.515985148575296e-05  -0.0002588618082326144                       0       299.8939158007856
                 0.0625  -1.559890403910052e-05  -0.0002667336223377063                       0        299.890377311901
    0.06289062500000001  -1.603435340887519e-05  -0.0002745730910737975                       0       299.8868321914962
    0.06328125000000001  -1.646229480016713e-05  -0.0002823454194166343                       0       299.8832735615891
            0.063671875  -1.688413026092609e-05  -0.0002900635230696718   3.380961122775769e-29       299.8797044490891
    0.06406249999999999  -1.730189510133052e-05  -0.0002977454769295245   9.015896327401533e-29       299.8761283482092
    0.06445312500000001  -1.770865466257037e-05  -0.0003053302656733979   9.326739989432489e-29       299.8725342257285
    0.06484375000000001  -1.811066605137446e-05  -0.0003128733287240695   7.134934639988116e-29       299.8689326882414
            0.065234375  -1.850555518152546e-05  -0.0003203538032349565   1.189155773331349e-29       299.8653200282612
               0.065625  -1.889022756345926e-05   -0.000327744806773677                       0       299.8616921543746
    0.06601562499999999  -1.926960468649832e-05  -0.0003350894914762523                       0       299.8580565849985
             0.06640625  -1.963801752217671e-05  -0.0003423383718064148                       0       299.8544054475705
    0.06679687500000001  -1.999762722219379e-05  -0.0003495104033031142                       0       299.8507423915024
              0.0671875  -2.035136816510316e-05  -0.0003566312022441709                       0       299.8470713896741
            0.067578125  -2.068944077603241e-05  -0.0003636151678129881                       0       299.8433801585445
    0.06796875000000002    -2.1020836561801e-05  -0.0003705407220781398                       0       299.8396807058733
    0.06835937500000001  -2.134221710983106e-05  -0.0003773786593878384                       0       299.8359689209262
    0.06875000000000001   -2.16494056211382e-05  -0.0003840920504363077                       0       299.8322404664172
    0.06914062500000001  -2.194928436319481e-05  -0.0003907411421680287   1.746655371822219e-29       299.8285036289476
    0.06953125000000002  -2.223411606496992e-05  -0.0003972575828939426   1.047993223093219e-28       299.8247499291638
    0.06992187500000001  -2.250701113291776e-05  -0.0004036681610530639   1.420727331062732e-28       299.8209834638399
              0.0703125  -2.277194844498067e-05  -0.0004100081641676567   1.459732387071313e-28       299.8172084881558
    0.07070312499999999  -2.301589334977169e-05  -0.0004161605964863272   5.473996451517881e-29       299.8134120821595
    0.07109374999999998  -2.325099906955864e-05   -0.000422233336991386                       0       299.8096070599317
    0.07148437500000002  -2.347284601183993e-05  -0.0004281865397760282                       0       299.8057891133566
    0.07187499999999999  -2.367612841953206e-05  -0.0004339705986952446    8.28388084310364e-29       299.8019538817744
            0.072265625  -2.386990776785308e-05  -0.0004396675341591039   1.665410122995924e-28       299.7981100035346
    0.07265625000000001   -2.40442394132803e-05  -0.0004451851196669591    1.70857989487163e-28       299.7942488236718
            0.073046875  -2.420332900180195e-05  -0.0004505601944677609   1.078654877263694e-28        299.790374682197
              0.0734375  -2.435225721905329e-05  -0.0004558402621305272                       0       299.7864918996479
    0.07382812500000001  -2.447470531440155e-05  -0.0004608688936087597                       0       299.7825875839408
             0.07421875  -2.458614051911176e-05  -0.0004657911421819807                       0       299.7786747008316
    0.07460937500000001  -2.468105638786542e-05  -0.0004705538163976858                       0        299.774748966619
    0.07500000000000001  -2.475313088580072e-05   -0.000475091614220683                       0       299.7708062252693
            0.075390625  -2.481358904051086e-05  -0.0004795138199733102                       0       299.7668550211708
    0.07578125000000002  -2.485042319314178e-05  -0.0004836985338372172                       0       299.7628869732489
            0.076171875  -2.486898257090324e-05  -0.0004876952803543445                       0       299.7589064413894
    0.07656250000000001  -2.487535876541936e-05   -0.000491566715306971                       0       299.7549175869161
    0.07695312500000001  -2.485040907370583e-05  -0.0004951077995614893                       0       299.7509082175426
    0.07734374999999999  -2.481260996826912e-05  -0.0004985096467092303                       0       299.7468907759143
    0.07773437500000001  -2.475553674224805e-05  -0.0005017026381968055                       0       299.7428612259037
               0.078125  -2.467219144243317e-05  -0.0005046024159820504                       0       299.7388158321007
    0.07851562500000002  -2.457558528499004e-05  -0.0005073517632948636                       0       299.7347625996863
    0.07890625000000001  -2.445220777082519e-05  -0.0005097926024202108                       0       299.7306938565778
            0.079296875  -2.430843989698187e-05  -0.0005119901667663369                       0       299.7266137538073
    0.07968750000000001  -2.415107845001963e-05  -0.0005140255479263195                       0       299.7225260779311
            0.080078125   -2.39593301529161e-05  -0.0005156349334721572                       0       299.7184199625296
    0.08046875000000001  -2.375371786967904e-05  -0.0005170654158657899                       0       299.7143066830553
    0.08085937500000001    -2.3527309607241e-05  -0.0005182275435310981                       0        299.710182657462
    0.08125000000000002  -2.327306952152851e-05   -0.000519014268099175                       0       299.7060447545489
    0.08164062499999999  -2.300491902175188e-05  -0.0005196087434712711                       0        299.701900032093
             0.08203125  -2.270895868900393e-05  -0.0005198096251569037                       0       299.6977419089189
    0.08242187500000001  -2.239226054477246e-05  -0.0005197012185183805                       0       299.6935741106769
    0.08281250000000001  -2.206173719288521e-05  -0.0005193866196637538                       0       299.6893998623897
    0.08320312500000002  -2.169703682163026e-05  -0.0005185322942375949                       0       299.6852101425001
    0.08359375000000002  -2.131890088565727e-05  -0.0005174520739742422                       0       299.6810145054549
            0.083984375  -2.092061160260716e-05  -0.0005160330114550983                       0       299.6768099926758
    0.08437500000000001  -2.049609599394366e-05  -0.0005141415341133707                       0       299.6725942065789
    0.08476562500000001  -2.005867523654942e-05   -0.000512008537687951                       0       299.6683729280105
    0.08515624999999999  -1.959586020984651e-05  -0.0005093818797503484                       0       299.6641409528744
    0.08554687500000001  -1.911477387119207e-05  -0.0005063685711022165                       0        299.659901397898
              0.0859375  -1.862150665790335e-05  -0.0005030974953137322                       0       299.6556567896947
    0.08632812500000001  -1.809934531115618e-05  -0.0004991538727009093                       0       299.6514002996272
    0.08671875000000001  -1.756636333088979e-05  -0.0004949296624620742                       0       299.6471393614033
    0.08710937499999999  -1.701715040034461e-05   -0.000490284570784221                       0       299.6428717509446
    0.08749999999999999  -1.644801169675718e-05  -0.0004850545272812768                       0       299.6385958588191
            0.087890625  -1.586940284454244e-05  -0.0004795259029688606                       0       299.6343159801745
    0.08828124999999999  -1.527283917086077e-05  -0.0004733879072436482                       0         299.63002843712
    0.08867187500000001  -1.466448977151142e-05  -0.0004667740826922568                       0       299.6257356084363
    0.08906249999999999  -1.404828322171712e-05  -0.0004598430389234141                       0       299.6214392560003
    0.08945312500000001  -1.341558913198169e-05  -0.0004520867981174171                       0       299.6171348610418
    0.08984374999999999  -1.277771113754971e-05  -0.0004439872902102454                       0       299.6128275525285
    0.09023437500000001   -1.21320572860726e-05  -0.0004353728816513094                       0       299.6085158736832
    0.09062500000000001  -1.147916998884745e-05  -0.0004260448991035434                       0       299.6041989648068
            0.091015625   -1.08235311260592e-05  -0.0004163532021493529                       0         299.59987958687
    0.09140625000000002  -1.016411944676924e-05  -0.0004059202215583877                       0       299.5955555627889
            0.091796875  -9.504728837677196e-06  -0.0003949099878653313                       0       299.5912284795422
    0.09218750000000001  -8.845352275383603e-06  -0.0003835149187708789                       0       299.5868993568517
    0.09257812500000001  -8.191204642230468e-06  -0.0003711214192174728                       0       299.5825658194424
    0.09296874999999999  -7.541410002504607e-06   -0.000358313662331043                       0        299.578230777813
    0.09335937499999999  -6.898144852919732e-06  -0.0003448845194450844                       0         299.57389347986
                0.09375  -6.268489729739083e-06  -0.0003305963828181227                       0       299.5695536693369
    0.09414062500000002  -5.646964206133699e-06  -0.0003158709488543129                       0       299.5652127186734
    0.09453125000000001    -5.0443470544251e-06  -0.0003002553192841154                       0       299.5608697200189
            0.094921875  -4.460190228450399e-06  -0.0002839480873123624                       0       299.5565255074113
    0.09531250000000001  -3.888340286298307e-06  -0.0002671797870729064                       0       299.5521804855015
    0.09570312500000001  -3.354913254154163e-06   -0.000249217942638132                       0       299.5478339280559
    0.09609374999999998  -2.840133645286335e-06  -0.0002307619413416238                       0       299.5434869298073
    0.09648437500000001   -2.35332517133277e-06   -0.000211564704752508                       0       299.5391392703542
               0.096875  -1.910816817300671e-06  -0.0001913448714319945                       0       299.5347910284859
    0.09726562500000002  -1.492317825044014e-06  -0.0001706049604293102                       0       299.5304425571926
             0.09765625  -1.125556159968095e-06  -0.0001488073354293582                       0       299.5260937506081
    0.09804687500000001  -8.033603025463888e-07   -0.000126189441288436                       0       299.5217448353824
    0.09843750000000002  -5.108749835608889e-07  -0.0001030247010535398                       0       299.5173958477362
            0.098828125  -3.048243567470231e-07  -7.844680285969259e-05                       0        299.513046840209
    0.09921875000000001  -1.384913792689861e-07  -5.328459004544277e-05                       0        299.508697855922
    0.09960937500000001  -3.173487579469081e-08  -2.724590530058992e-05                       0       299.5043489064958
                    0.1                       0                       0                       0       299.4999999999999
