/*--------------------------------*- C++ -*----------------------------------*\
  =========                 |
  \\      /  F ield         | OpenFOAM: The Open Source CFD Toolbox
   \\    /   O peration     | Website:  https://openfoam.org
    \\  /    A nd           | Version:  13
     \\/     M anipulation  |
\*---------------------------------------------------------------------------*/
FoamFile
{
    format      ascii;
    class       volVectorField;
    location    "1700";
    object      U;
}
// * * * * * * * * * * * * * * * * * * * * * * * * * * * * * * * * * * * * * //

dimensions      [0 1 -1 0 0 0 0];

internalField   nonuniform List<vector> 
1600
(
(-9.325013766395557e-06 9.131118072395115e-06 0)
(-5.914830777633739e-05 1.369348940125001e-05 0)
(-0.0001246219585031602 1.310040196831332e-05 0)
(-0.0001877836091019787 1.019397363029711e-05 0)
(-0.0002393414522118247 6.848489899236813e-06 0)
(-0.0002773898791639059 3.82188307265756e-06 0)
(-0.0003029138244790989 1.457007146464009e-06 0)
(-0.0003182945079400296 -1.792029349215127e-07 0)
(-0.0003263248350379792 -1.156754959126913e-06 0)
(-0.0003296387531989968 -1.602538090481246e-06 0)
(-0.0003304345386569211 -1.656408661217878e-06 0)
(-0.0003303817355077609 -1.447261493919947e-06 0)
(-0.0003306359664956209 -1.081698486415488e-06 0)
(-0.0003319088504849056 -6.409438345323607e-07 0)
(-0.0003345571069340681 -1.827761823353739e-07 0)
(-0.0003386687930662579 2.540011007197734e-07 0)
(-0.0003441353525730425 6.443256282860682e-07 0)
(-0.0003507056745556776 9.719850642421843e-07 1.886972515796318e-41)
(-0.0003580230191953672 1.225632456531026e-06 1.950747074355214e-41)
(-0.0003656481178203673 1.395897950937646e-06 0)
(-0.000373072730425593 1.473579127606704e-06 0)
(-0.0003797280700751511 1.448808435183229e-06 0)
(-0.0003849922212635866 1.311086356676315e-06 0)
(-0.0003882002358086059 1.050088228918302e-06 0)
(-0.0003886600739430619 6.571670198985311e-07 0)
(-0.0003856769474427631 1.274609923492102e-07 0)
(-0.0003785878309741702 -5.375381021372643e-07 0)
(-0.0003668068382156244 -1.327194253191796e-06 0)
(-0.0003498807473570278 -2.219071037802696e-06 0)
(-0.0003275522336512876 -3.17687749839839e-06 0)
(-0.0002998265019072082 -4.149525579396069e-06 0)
(-0.0002670353905802751 -5.071698184275847e-06 0)
(-0.0002298922404233589 -5.865964615362671e-06 0)
(-0.0001895316565625575 -6.445787832483604e-06 0)
(-0.0001475319178566033 -6.717682347516006e-06 0)
(-0.000105924205199515 -6.579619106989783e-06 0)
(-6.71903603107289e-05 -5.9151604511369e-06 0)
(-3.423487460687022e-05 -4.600946290444532e-06 0)
(-1.063661388484052e-05 -2.476028903133387e-06 0)
(8.688148453660049e-08 6.498376256457274e-08 0)
(-1.517447763297921e-05 5.98514668722423e-05 0)
(-0.0001191969544534906 0.0001125921256623336 0)
(-0.0002597350510537564 0.000123091393438589 0)
(-0.0004026313373082412 0.0001101414259648125 0)
(-0.0005273032049376751 8.751933958821886e-05 0)
(-0.000626998166629392 6.338293642449778e-05 0)
(-0.0007014339685725194 4.204939213176828e-05 0)
(-0.0007539513108832162 2.535724741436699e-05 0)
(-0.0007894275722641501 1.3649613302274e-05 0)
(-0.0008129304976794006 6.447376687201446e-06 0)
(-0.0008289677648527355 2.894510135876302e-06 -2.84593408127609e-27)
(-0.0008411490863119748 2.037945448174247e-06 -2.404867452574205e-27)
(-0.000852109928696754 2.987507963668262e-06 0)
(-0.0008635828627244047 4.991241325726421e-06 0)
(-0.0008765355550821446 7.455105774395043e-06 0)
(-0.0008913233910424761 9.930277080790059e-06 0)
(-0.000907827739917573 1.208531383844852e-05 0)
(-0.0009255674068668156 1.367478291684566e-05 0)
(-0.0009437814970436895 1.451119895897563e-05 0)
(-0.0009614880154828338 1.444368033786194e-05 0)
(-0.0009775254298280344 1.334451622447713e-05 0)
(-0.000990585331199496 1.110361168047794e-05 0)
(-0.0009992441063713616 7.630186989640854e-06 0)
(-0.001002000704821563 2.860835838845223e-06 0)
(-0.0009973263888802108 -3.227149779646419e-06 0)
(-0.000983730842977636 -1.059855781756976e-05 0)
(-0.0009598471361965197 -1.91409328044636e-05 0)
(-0.0009245357121957467 -2.864549655805251e-05 0)
(-0.0008770048149460537 -3.879121953912484e-05 -4.814833395871323e-27)
(-0.0008169416718048438 -4.913531086654135e-05 -5.510669461656241e-27)
(-0.0007446456619439604 -5.911325881712995e-05 0)
(-0.0006611521363586429 -6.805056823121036e-05 0)
(-0.0005683342380390509 -7.518619477867653e-05 0)
(-0.0004689707859439377 -7.970429960429213e-05 0)
(-0.0003667723235010494 -8.076712121256374e-05 0)
(-0.0002663627406298831 -7.75413762694155e-05 0)
(-0.0001731987028813829 -6.922252223206071e-05 0)
(-9.337944550900851e-05 -5.509842005028964e-05 0)
(-3.412299518660966e-05 -3.482677006161834e-05 0)
(-2.33247374932467e-06 -1.058794294277962e-05 0)
(-1.665886754017548e-05 0.0001331166699379724 0)
(-0.0001456079111892438 0.0002586968855727428 0)
(-0.0003259134751961881 0.000292146198712298 0)
(-0.0005165158060685985 0.000272137826835163 0)
(-0.0006904743618648878 0.0002269151183191614 0)
(-0.0008369512882455586 0.0001747200492051196 0)
(-0.000953306940038345 0.0001261381347355554 0)
(-0.00104199589233551 8.633430647027496e-05 -4.355361690231505e-27)
(-0.001108001502553371 5.692861582634788e-05 -4.156587928118183e-27)
(-0.001157048064863248 3.743277282332242e-05 0)
(-0.001194520535241734 2.62784355602304e-05 -3.376409693861077e-27)
(-0.001224912692001987 2.150192589924686e-05 -2.947646191377874e-27)
(-0.001251629833826684 2.115756198993707e-05 0)
(-0.001277003731487035 2.353067944275672e-05 0)
(-0.001302414496846254 2.721499045709489e-05 1.794903825495708e-27)
(-0.001328449693678879 3.11080677373537e-05 1.445039577565896e-27)
(-0.001355060240337453 3.436560647319706e-05 0)
(-0.001381693936026089 3.634223437410187e-05 0)
(-0.001407401409823207 3.653582015388465e-05 0)
(-0.00143091749639138 3.454423194361889e-05 0)
(-0.001450725185932151 3.003822030283651e-05 0)
(-0.001465110825413398 2.275097214695706e-05 0)
(-0.001472219212406364 1.248318379707807e-05 0)
(-0.001470116282874941 -8.784222862169007e-07 0)
(-0.001456865603575297 -1.733185819748572e-05 2.829046928195029e-27)
(-0.001430622985725561 -3.672330733641637e-05 3.416421264295731e-27)
(-0.001389751275536012 -5.870747289224264e-05 0)
(-0.001332954753288922 -8.271002876682657e-05 0)
(-0.001259429620290907 -0.0001078982374010803 -4.891269982684282e-27)
(-0.001169023885147589 -0.0001331662473690334 -5.198749108373876e-27)
(-0.001062396808496545 -0.0001571411457336781 0)
(-0.0009411653008963498 -0.0001782140119671831 0)
(-0.0008080227558908014 -0.0001945966272431334 0)
(-0.0006668152829360142 -0.0002043992496696293 0)
(-0.0005225628151423939 -0.0002057194532680945 -4.407952619900329e-27)
(-0.0003814162393644764 -0.0001967318358978798 -3.713853100859509e-27)
(-0.0002505198442864646 -0.0001757840977808806 0)
(-0.0001377195643046143 -0.0001415471061354958 0)
(-5.243955292477306e-05 -9.338599379986539e-05 0)
(-4.156978420042638e-06 -3.32876681975459e-05 0)
(-1.608269623469521e-05 0.0002144708231459497 0)
(-0.0001529364593933284 0.0004271979739915473 0)
(-0.0003515295909543141 0.0004940109976605473 0)
(-0.0005685133574644395 0.0004728761039970227 0)
(-0.0007738237459685215 0.0004069280498713511 0)
(-0.0009537129255623531 0.0003255167116708391 0)
(-0.001103209236577704 0.0002466542762828715 0)
(-0.001223207760356319 0.0001798246762853904 -2.73677307843967e-27)
(-0.001317823023693667 0.0001286312059205316 -3.273339749473767e-27)
(-0.00139242563503573 9.30001120847663e-05 0)
(-0.001452380465147865 7.085227726031264e-05 0)
(-0.001502346225744391 5.926347897212779e-05 0)
(-0.001545971333145576 5.519063536062313e-05 0)
(-0.001585838688062351 5.586539735162754e-05 0)
(-0.001623545163080736 5.895727128791417e-05 1.608650264692966e-27)
(-0.001659838016845051 6.259458132006529e-05 1.097494215145371e-27)
(-0.001694761668568579 6.531102207890194e-05 0)
(-0.001727791388158249 6.596452399697449e-05 0)
(-0.001757945761242284 6.365732955363089e-05 0)
(-0.00178387887109967 5.767293063440467e-05 0)
(-0.001803957832483273 4.743667362144154e-05 0)
(-0.001816333172392915 3.250146489913813e-05 0)
(-0.001819009708973622 1.255697242518574e-05 0)
(-0.001809924760370635 -1.254099187097401e-05 0)
(-0.001787039141741417 -4.272536272812948e-05 4.108208669635748e-27)
(-0.001748444693630498 -7.766247617698053e-05 4.593648965548098e-27)
(-0.001692490113344369 -0.0001166931242697387 0)
(-0.00161792464597212 -0.0001587778811580731 0)
(-0.001524056714282313 -0.0002024556779359748 0)
(-0.001410921811235754 -0.0002458251810943195 0)
(-0.001279450981211856 -0.000286558025572033 0)
(-0.00113162812915512 -0.000321950737552271 0)
(-0.0009706215233290104 -0.0003490177323673462 0)
(-0.0008008728350373208 -0.0003646210654024919 0)
(-0.000628128513428323 -0.0003656249481149684 -2.65974294839231e-27)
(-0.0004594028268428761 -0.0003490589141278872 -1.711052941012266e-27)
(-0.0003028405591499875 -0.0003122805230333111 0)
(-0.0001674288169957902 -0.0002531489779920537 0)
(-6.42849946067924e-05 -0.0001702689658530302 0)
(-5.113743773905685e-06 -6.400216588196606e-05 0)
(-1.470233992602328e-05 0.0002954064033995692 0)
(-0.0001499125272272806 0.0006012771677099165 0)
(-0.0003531487393011104 0.0007093228763303466 0)
(-0.0005818107695364013 0.0006939849516289585 0)
(-0.0008049822140022834 0.0006121829967704179 0)
(-0.001007058365679721 0.0005041497651952155 0)
(-0.001181067013972825 0.0003956189513911925 0)
(-0.001326166797591671 0.0003008966748033382 0)
(-0.001445152798004448 0.0002260790251587242 0)
(-0.001542497598889686 0.0001719262760430034 0)
(-0.001623021842058281 0.0001361521519218776 0)
(-0.001691105238316806 0.0001150693714671402 0)
(-0.00175029910646275 0.000104650944714316 0)
(-0.001803203009337034 0.0001011273409136249 0)
(-0.001851493045117025 0.0001012550767272596 0)
(-0.001896022502963339 0.0001023788555862579 0)
(-0.001936945840040362 0.0001023825599185235 0)
(-0.001973839946981174 9.959537694227393e-05 0)
(-0.002005812087472789 9.269437584492803e-05 0)
(-0.002031593131387634 8.062621579906515e-05 0)
(-0.002049619560109779 6.255816992003654e-05 0)
(-0.002058109785367059 3.7860999347707e-05 0)
(-0.002055140744179681 6.12184824435757e-06 0)
(-0.002038730268517864 -3.281711110570635e-05 0)
(-0.002006929827341362 -7.88000856981112e-05 0)
(-0.001957931129944595 -0.0001312861924626875 0)
(-0.001890188833866909 -0.0001892735158202123 0)
(-0.001802560166888429 -0.0002512285575023212 0)
(-0.001694460504111303 -0.0003150323662831782 0)
(-0.001566031635320839 -0.0003779556227697036 0)
(-0.001418316436321573 -0.000436674879359315 0)
(-0.001253429899403536 -0.0004873401863718726 0)
(-0.001074712255656558 -0.0005256995735986738 0)
(-0.0008868461676996987 -0.0005472776683331334 0)
(-0.0006959203467911487 -0.0005475944074815407 0)
(-0.0005094273074585595 -0.0005223977585432082 0)
(-0.0003361621410428005 -0.000467875392594775 0)
(-0.0001859725648853816 -0.0003808017855031564 0)
(-7.130421735003717e-05 -0.0002585650622518615 0)
(-5.549181191086177e-06 -9.930779734060832e-05 0)
(-1.298324949029128e-05 0.0003723290966372912 0)
(-0.0001412601691951985 0.0007723653549820503 0)
(-0.0003404245786529487 0.0009270586795033535 0)
(-0.0005705751123667425 0.0009239822660529627 0)
(-0.0008014854572606647 0.0008320539555906586 0)
(-0.001016560889910722 0.0007015455804947343 0)
(-0.001207241388061726 0.0005657147375860919 0)
(-0.001371007640695049 0.0004438637311621606 0)
(-0.001509176575038235 0.0003449165428129489 0)
(-0.001625064422146842 0.000270829912031047 0)
(-0.001722671500916446 0.0002194312507652393 0)
(-0.001805852368360934 0.0001865239404240606 0)
(-0.001877867549955342 0.0001672821711237974 0)
(-0.001941198941977847 0.00015706104951933 0)
(-0.001997525508018262 0.0001517835522052742 0)
(-0.00204778298710019 0.0001480567385565224 0)
(-0.002092258450929048 0.0001431385460248538 0)
(-0.002130692079586677 0.0001348403936944279 0)
(-0.0021623733103441 0.0001214191153785596 0)
(-0.002186227548183622 0.0001014879143547265 0)
(-0.002200894538455595 7.396002841607484e-05 0)
(-0.002204801800105216 3.802899927735439e-05 0)
(-0.002196237335468671 -6.816109095665817e-06 0)
(-0.002173425921817715 -6.074522117194749e-05 0)
(-0.002134613094771531 -0.0001235179423436028 0)
(-0.002078160662116136 -0.0001943982602703961 0)
(-0.002002657254011784 -0.0002720625458683649 0)
(-0.001907046868000384 -0.0003545118989473605 0)
(-0.001790777303311411 -0.0004390018634475475 0)
(-0.001653968401127831 -0.0005220043810672117 0)
(-0.00149759673549522 -0.0005992178329450232 0)
(-0.001323688665113127 -0.0006656399927368831 0)
(-0.001135507727436226 -0.0007157141724212669 0)
(-0.000937716423579849 -0.000743549177271219 0)
(-0.0007364908964555832 -0.0007431977830064119 0)
(-0.0005395713784943389 -0.0007089566680102247 0)
(-0.00035620822603982 -0.0006356245847073437 0)
(-0.0001969411882793741 -0.0005186227078477228 0)
(-7.524866215135142e-05 -0.0003538374016602103 0)
(-5.716485049037877e-06 -0.0001371651854350068 0)
(-1.117522501740463e-05 0.0004432653158442436 0)
(-0.0001295436751264856 0.0009350985510172182 0)
(-0.0003190104742025362 0.001139653481164693 0)
(-0.0005435038952402474 0.001154375586490838 0)
(-0.0007745056037370012 0.001058091353391943 0)
(-0.0009951158586966268 0.0009099054847093187 0)
(-0.001195595230132839 0.0007500762286679574 0)
(-0.001371913268446136 0.0006028362651096733 0)
(-0.001523910401772316 0.000480128972172077 0)
(-0.001653658416745742 0.0003854068909648879 0)
(-0.001764217071392907 0.0003169238470362517 0)
(-0.001858799740701939 0.0002702508299764956 -1.315230679374341e-27)
(-0.001940283337174237 0.0002399859260451582 -1.351310413327907e-27)
(-0.002010970094025229 0.0002207765781604039 0)
(-0.002072511969730909 0.0002078325289680765 0)
(-0.002125927628870559 0.0001971065270279771 0)
(-0.002171664341039901 0.0001852871024347876 0)
(-0.00220967617837173 0.0001697061072669368 0)
(-0.002239503554720781 0.0001482261405468835 0)
(-0.002260347833987578 0.0001191444391857144 0)
(-0.002271139728218077 8.113059557432363e-05 0)
(-0.002270602844667396 3.320373318877816e-05 0)
(-0.002257315082140744 -2.525178801066446e-05 0)
(-0.002229771339993414 -9.443651004277951e-05 0)
(-0.002186451609705268 -0.0001740581184325129 0)
(-0.002125899141708612 -0.0002632334446556678 0)
(-0.002046813971725175 -0.0003603794887104259 0)
(-0.001948167396225795 -0.0004631049070238856 0)
(-0.001829342561858489 -0.0005681162598190036 0)
(-0.00169030460270895 -0.0006711565156907556 0)
(-0.001531800146974325 -0.000766996023783858 0)
(-0.001355580181330958 -0.0008494968449357605 0)
(-0.001164632389525935 -0.0009117676967004379 0)
(-0.0009634004513799188 -0.0009464159955084702 0)
(-0.0007579631904686728 -0.0009458828710695636 0)
(-0.0005561477990900474 -0.0009028152043452015 0)
(-0.0003675238873085839 -0.0008103863573384701 0)
(-0.0002031955196054804 -0.0006624251746727485 0)
(-7.746192523742878e-05 -0.0004531549229630834 0)
(-5.789483384678542e-06 -0.000176397781816468 0)
(-9.386009293792549e-06 0.0005071720672182172 0)
(-0.0001161686531956052 0.001086117959261667 0)
(-0.0002922506380364705 0.001341911914677158 0)
(-0.0005059926732297163 0.001378893093547966 0)
(-0.000731239995363188 0.00128363553605829 0)
(-0.000951319246294781 0.001122684985649254 0)
(-0.001155686090258959 0.0009425728715703889 0)
(-0.001339011980705826 0.0007722273237374285 0)
(-0.001499749262295354 0.0006266891918212318 0)
(-0.001638735605383216 0.0005111460187419762 0)
(-0.001758062686728662 0.0004245703546301142 0)
(-0.001860265174337035 0.0003625817508416436 9.777637897616933e-27)
(-0.001947804784904875 0.0003194412928013111 8.348285536336534e-27)
(-0.002022785827402845 0.0002892775739400077 0)
(-0.002086830605917608 0.0002667290942195945 0)
(-0.002141053317022001 0.0002471977986900059 0)
(-0.002186087595036662 0.0002268768768384229 0)
(-0.002222138624135852 0.0002026708670317091 0)
(-0.002249042898926597 0.0001720839305695148 0)
(-0.002266326955463287 0.0001331196300163634 0)
(-0.002273261517192492 8.421350329165278e-05 0)
(-0.002268910568693072 2.420629183548828e-05 0)
(-0.002252176807782789 -4.764173311681422e-05 0)
(-0.002221846394473431 -0.0001315986521578158 0)
(-0.00217663730643216 -0.0002273762027007476 0)
(-0.002115257071086562 -0.0003340191054271324 0)
(-0.00203647708444571 -0.0004497767826065271 0)
(-0.001939231820916303 -0.0005719685986131924 0)
(-0.001822751435097426 -0.0006968577596868757 0)
(-0.001686734825796833 -0.0008195540428124257 0)
(-0.001531566397416656 -0.0009339706346998504 0)
(-0.00135857293952411 -0.001032863591353822 0)
(-0.001170307209937508 -0.001107980623500078 0)
(-0.0009708331068028524 -0.001150334872762156 0)
(-0.0007659786870983511 -0.001150594582912769 0)
(-0.0005635199681246617 -0.001099537984683341 0)
(-0.0003732253194363592 -0.0009884645713055119 0)
(-0.0002066544645512186 -0.0008093838796206164 0)
(-7.879728194365038e-05 -0.0005547343862141224 0)
(-5.86031888756321e-06 -0.0002164194868649935 0)
(-7.658203423763521e-06 0.0005635265301475971 0)
(-0.0001019231328781913 0.001223315393093474 0)
(-0.0002621677815375721 0.00153022921410678 5.19586977286755e-25)
(-0.0004614629703032345 0.001592856879454835 4.093489913364377e-25)
(-0.000676430188622362 0.001503417224209586 0)
(-0.0008910344884809841 0.001334434901181579 0)
(-0.001094261940254017 0.00113786697477268 0)
(-0.001279715560349749 0.0009469837909325636 0)
(-0.001444593767888092 0.0007799111175065257 0)
(-0.001588565108214936 0.0006437541263234821 0)
(-0.001712776947035306 0.0005384687396397986 0)
(-0.001819089806302369 0.0004599960153731568 0)
(-0.001909549681848773 0.0004025021767729239 0)
(-0.001986064810313984 0.0003597937721407643 2.695175411247857e-26)
(-0.002050235078573625 0.0003260893920559889 3.013772187957975e-26)
(-0.00210328330105237 0.0002963524704259312 3.574366468452814e-26)
(-0.002146047550637468 0.0002663621329137113 8.638845317817095e-26)
(-0.00217900563144195 0.0002326528491685285 5.203897436588373e-26)
(-0.00220231310383132 0.0001924084226174283 0)
(-0.00221584393934263 0.0001433602373161379 0)
(-0.002219228122373781 8.371529025234933e-05 0)
(-0.002211884032472613 1.212463357899394e-05 0)
(-0.002193045972165644 -7.230530049429157e-05 0)
(-0.002161789330350613 -0.0001699600060690337 0)
(-0.002117057956824189 -0.0002806262435630922 0)
(-0.002057700509877454 -0.0004033681592900786 0)
(-0.001982524729893155 -0.0005363768880720475 0)
(-0.00189038043776405 -0.0006768037572498727 -1.299581169050475e-25)
(-0.001780282942875702 -0.0008205925683280546 -1.252550714713546e-25)
(-0.001651587614713248 -0.0009623336612128522 0)
(-0.001504222632674414 -0.00109517058371012 -1.014395401178208e-25)
(-0.001338979491939324 -0.001210796865992655 -8.187505552975745e-26)
(-0.001157849285398967 -0.00129958159851878 0)
(-0.0009643779142831297 -0.00135085250260788 0)
(-0.0007640000664067785 -0.001353337377385216 0)
(-0.0005643026175158061 -0.001295713934291067 -3.848707779269493e-26)
(-0.0003751284553143226 -0.001167143476130471 -7.457226318637726e-26)
(-0.0002083911373539833 -0.0009575732606762688 0)
(-7.969690303911865e-05 -0.0006575078524038197 0)
(-5.964874596091069e-06 -0.0002569733457583704 0)
(-6.00823020135409e-06 0.0006120935109006874 0)
(-8.726950224978143e-05 0.001345358758010493 0)
(-0.0002300342213802821 0.001702059780497146 5.569952397577633e-25)
(-0.0004121636230838459 0.001792721284810272 4.45295409634234e-25)
(-0.0006133084315013269 0.001713229121393188 0)
(-0.0008183958127513859 0.001540625658062458 0)
(-0.001016242150010436 0.00133138207745336 0)
(-0.001199614545714005 0.001122674381720186 0)
(-0.001364614609257181 0.0009356258072947004 0)
(-0.001509835372590407 0.0007793873308430665 0)
(-0.001635529100422289 0.0006551298326152484 0)
(-0.001742905080292448 0.0005593724579414202 0)
(-0.001833603567001167 0.0004864229825300308 0)
(-0.001909341905693061 0.0004299625425588593 3.832766893918899e-26)
(-0.00197170194826696 0.0003839431132872458 4.019812090787307e-26)
(-0.002022020039481286 0.0003430040352016967 4.4709728260299e-26)
(-0.002061343994782598 0.000302592933538716 1.025246970224427e-25)
(-0.00209042912705894 0.0002589314449740631 5.938509310374767e-26)
(-0.002109753536727116 0.0002089196316655546 0)
(-0.002119539777405065 0.0001500353101708061 0)
(-0.002119775260223022 8.025832596299052e-05 0)
(-0.00211022765523343 -1.96633076683039e-06 0)
(-0.002090454595049895 -9.772147289920151e-05 0)
(-0.002059809663058164 -0.0002075658247878803 0)
(-0.002017449300000881 -0.0003314382332262064 0)
(-0.001962348047063452 -0.0004685201942357758 0)
(-0.001893332398074966 -0.0006170610106755847 0)
(-0.001809146132877636 -0.0007741739428972547 -1.365325144229518e-25)
(-0.001708561718277877 -0.0009356184751009683 -1.316326498094383e-25)
(-0.00159055223948038 -0.001095593461381009 0)
(-0.001454535147789341 -0.001246577543248574 -1.061606556421625e-25)
(-0.001300691606947105 -0.001379264267645861 -8.485651433867876e-26)
(-0.001130352435501073 -0.001482644915746171 0)
(-0.000946423820851066 -0.001544284801497346 0)
(-0.0007538076735897308 -0.001550809601093334 0)
(-0.0005597555246211825 -0.001488558876766939 -5.004362437069211e-26)
(-0.0003740476503073025 -0.001344271655532082 -9.124751001114843e-26)
(-0.000208843891159999 -0.00110555281230872 0)
(-8.031299606281765e-05 -0.0007607583044606793 0)
(-6.105881934555745e-06 -0.000297938001790448 0)
(-4.442927392000199e-06 0.0006528092746550011 0)
(-7.25005876261067e-05 0.001451421340238691 0)
(-0.0001966991126036283 0.001855589553644078 0)
(-0.0003596499487285301 0.001975768313466271 0)
(-0.0005441808392170604 0.001909689985389699 0)
(-0.0007364406231117231 0.001737497770787755 0)
(-0.0009253465303631889 0.001519238572118161 0)
(-0.001103059138751509 0.001295497957919553 0)
(-0.001264751027963814 0.001090244672362704 0)
(-0.001408047264522526 0.0009147497502067465 0)
(-0.001532364837102253 0.0007715927115263289 0)
(-0.001638289254568453 0.0006581043965093637 0)
(-0.001727063355328479 0.0005689585212513314 0)
(-0.00180021201848666 0.0004979020370936449 0)
(-0.001859292924322311 0.0004387714076255422 0)
(-0.001905747699263293 0.0003859951415360995 0)
(-0.001940824256024278 0.0003347706681446096 0)
(-0.001965544298732677 0.0002810622579232448 -6.409638608553979e-26)
(-0.00198069566319553 0.0002215206177889476 -7.264661965765276e-26)
(-0.001986835037658161 0.0001533862271893875 0)
(-0.001984291680136465 7.441107908949106e-05 0)
(-0.001973166871403987 -1.718361593520775e-05 0)
(-0.001953327267022178 -0.0001227055714932233 0)
(-0.001924393399689303 -0.000242941602424837 0)
(-0.001885727656844997 -0.0003780578060313614 0)
(-0.001836429314232059 -0.0005274488520051234 0)
(-0.001775347649788778 -0.000689537616611499 0)
(-0.001701127538815242 -0.000861530931134533 0)
(-0.00161230464350389 -0.001039145265622715 0)
(-0.001507468345699267 -0.001216328260249414 0)
(-0.001385508499018154 -0.001385017509408927 0)
(-0.001245955191883692 -0.001534994264935664 0)
(-0.001089407406752768 -0.001653901198916066 0)
(-0.000918026198660999 -0.001727490973660096 0)
(-0.0007360447542724378 -0.001740144020514923 -1.946746048725636e-26)
(-0.000550224254720647 -0.001675627359056602 -6.336850644003242e-26)
(-0.0003701284085553892 -0.001517955034491095 -1.095506637889456e-25)
(-0.0002080383913423347 -0.001252063435147328 -1.56525841500754e-25)
(-8.061985753917664e-05 -0.0008638658660887637 0)
(-6.269195165592845e-06 -0.0003392057798423935 0)
(-2.966420695065016e-06 0.000685723931165075 0)
(-5.782171044883111e-05 0.001541029287400847 0)
(-0.0001627738355104807 0.001989536250030511 0)
(-0.000305067328638043 0.002139907869236719 0)
(-0.0004707829281483456 0.002090075125369245 0)
(-0.0006475033286514376 0.001921936286376415 0)
(-0.0008244931555478629 0.00169817355613314 0)
(-0.0009935304100409505 0.001462242898055506 0)
(-0.001149030920655652 0.001240749038643584 0)
(-0.001287765894505972 0.001047102983033302 0)
(-0.001408380299197904 0.0008854441797765467 0)
(-0.001510861428905986 0.0007541201470530527 0)
(-0.001596055872167519 0.0006483778983813125 0)
(-0.001665283275805592 0.0005622123811407445 0)
(-0.001720057319066691 0.0004894911929728778 0)
(-0.001761901815743295 0.0004245429523954665 0)
(-0.001792240160068316 0.0003623946218615038 0)
(-0.001812335009879344 0.0002988072158656058 -6.592225346697873e-26)
(-0.001823258117099096 0.0002302154042383587 -7.362407280809695e-26)
(-0.001825874792672858 0.0001536381930666219 0)
(-0.001820832134729755 6.659990363450799e-05 0)
(-0.001808544291011966 -3.291711347974251e-05 0)
(-0.001789171650085157 -0.0001464764277247509 0)
(-0.001762594192842055 -0.0002751410832119032 0)
(-0.001728382583781848 -0.0004193713775509717 0)
(-0.001685774185447448 -0.0005788623815892159 0)
(-0.001633665139204879 -0.0007523186869038789 0)
(-0.001570633824982603 -0.0009371686243121286 0)
(-0.001495014873804686 -0.001129229261727039 0)
(-0.001405045434694139 -0.001322347873836066 0)
(-0.001299104972309973 -0.001508065099728447 0)
(-0.00117606434770241 -0.00167536723135388 0)
(-0.001035746963914955 -0.001810613985005827 0)
(-0.0008794828396022864 -0.001897732961069156 0)
(-0.0007107086500820931 -0.001918747359129664 -3.073461151833738e-26)
(-0.0005355354735878027 -0.001854632013429091 -7.882941820648667e-26)
(-0.0003631397718599569 -0.001686362315110027 -1.298100719052158e-25)
(-0.0002057737858263349 -0.001395836889268261 -1.819435549997086e-25)
(-8.049995850404008e-05 -0.0009661556064941766 0)
(-6.434041394897817e-06 -0.0003806163399167883 0)
(-1.582628005534825e-06 0.0007109725696343112 0)
(-4.339280812974135e-05 0.001613974862012686 9.735231895030771e-25)
(-0.0001287352746053085 0.002103026545422089 1.621498739486264e-24)
(-0.0002493167308523784 0.002283545137412267 6.635021350815012e-25)
(-0.0003944940091081615 0.002252192501449193 0)
(-0.0005534587663047274 0.002091364794427661 0)
(-0.0007160492451366498 0.001865454596080969 0)
(-0.0008738785890225292 0.001620218120807714 0)
(-0.001020779960416096 0.00138463419926251 0)
(-0.00115278854489222 0.001174218849426578 0)
(-0.001267841840141293 0.0009947764430101506 0)
(-0.00136535128777161 0.0008458426186392873 0)
(-0.001445760580281514 0.0007234237208084778 0)
(-0.001510160014356368 0.0006219329291683105 0)
(-0.001559986055311886 0.0005354097683272419 0)
(-0.001596807632625157 0.0004581914626074808 0)
(-0.001622185576844786 0.0003852134888155772 -7.921493123532193e-26)
(-0.001637585998028745 0.0003120878863740704 -8.64390778776151e-26)
(-0.001644328608919336 0.0002350676146384653 0)
(-0.00164355401985303 0.0001509682615017998 0)
(-0.00163619797673966 5.709055346739154e-05 0)
(-0.001622964438386885 -4.88310120801953e-05 0)
(-0.001604293012966338 -0.0001686382667465462 0)
(-0.001580319689473751 -0.0003037077158661212 0)
(-0.001550833273729016 -0.0004548481553383092 0)
(-0.001515233764843386 -0.000622129110096269 0)
(-0.001472503295990099 -0.0008046332000837955 0)
(-0.001421205205151609 -0.001000130150032083 0)
(-0.001359531903791434 -0.00120467981092361 0)
(-0.001285426490780527 -0.001412187883553419 0)
(-0.001196804761709186 -0.001613961531610592 0)
(-0.00109190082898235 -0.001798340806283436 0)
(-0.0009697478750677723 -0.001950509605975517 0)
(-0.0008307829952194804 -0.002052604540498551 0)
(-0.0006775334551186059 -0.002084222549861232 0)
(-0.0005153025441134046 -0.002023354988188873 0)
(-0.0003526958263645149 -0.001847627325494229 0)
(-0.0002017583184601426 -0.001535499891849655 2.792035556279419e-25)
(-7.980236341759125e-05 -0.001066824127338611 3.553238676209441e-25)
(-6.578748519637783e-06 -0.0004219286199486378 0)
(-2.958279836509217e-07 0.0007287604528123061 0)
(-2.93492139705973e-05 0.001670266410677956 9.69346446015217e-25)
(-9.498206963356391e-05 0.002195519905470894 1.619363101430668e-24)
(-0.0001931499943652085 0.002405491686252977 6.646398871314866e-25)
(-0.0003164657726852504 0.002394291189788403 0)
(-0.0004558733254454752 0.00224365644332732 0)
(-0.0006019921204307719 0.0020187945058787 0)
(-0.0007464814764008237 0.001767170728977894 0)
(-0.0008827668533428406 0.001519828633827686 0)
(-0.001006268755294143 0.001294299522271778 0)
(-0.001114283969835137 0.00109810840951882 0)
(-0.001205669166261604 0.0009321127913588042 0)
(-0.001280453208126244 0.0007932392079323064 0)
(-0.001339464314232079 0.0006764746926622758 0)
(-0.001384017860801641 0.0005761644028567344 0)
(-0.001415679469682255 0.0004867602909723503 0)
(-0.001436098477794451 0.0004031856567970986 -7.512379613308333e-26)
(-0.001446897359103898 0.0003209597702486869 -8.127003634259358e-26)
(-0.001449600048967307 0.0002361913786884573 0)
(-0.001445583393774443 0.0001455152782304756 0)
(-0.001436038945502302 4.601904685979389e-05 0)
(-0.001421935792035952 -6.481107547455037e-05 0)
(-0.0014039785361309 -0.0001891065240883905 0)
(-0.001382557861186045 -0.0003285810259198901 0)
(-0.001357694572931177 -0.0004844308273151786 0)
(-0.001328981921009737 -0.0006571578501773654 0)
(-0.001295535705083787 -0.0008463039416494469 0)
(-0.001255967308496959 -0.001050088403440356 0)
(-0.001208401151424488 -0.00126495067060459 0)
(-0.001150564236278894 -0.001485017726393065 0)
(-0.001079979658470287 -0.001701543005263883 0)
(-0.0009942952653628743 -0.001902399051169148 0)
(-0.0008917691897628578 -0.002071744140285236 0)
(-0.0007719119436652638 -0.002190010060073447 0)
(-0.0006362504192953389 -0.002234351658652267 0)
(-0.0004891326855057141 -0.002179628346901932 0)
(-0.0003384035035731529 -0.00199982409893561 0)
(-0.000195696811928352 -0.001669547352347747 3.185487641023697e-25)
(-7.837797524320643e-05 -0.001164920238713138 4.018677966763098e-25)
(-6.683447013302742e-06 -0.0004628164282784473 0)
(8.895246745815627e-07 0.000739354627099615 0)
(-1.58112807521904e-05 0.00171009832754774 9.545969971966935e-25)
(-6.186445288605505e-05 0.002266760413974312 7.986346937150101e-25)
(-0.0001372241988108337 0.002504905211311574 0)
(-0.0002376999548256764 0.002514993516818068 0)
(-0.0003561010901543389 0.002377060481182647 0)
(-0.0004840172305966673 0.002156272481546253 0)
(-0.0006133574429602646 0.001901201338848685 0)
(-0.0007373150265975156 0.001644603682592797 0)
(-0.0008508216025929566 0.00140588286820496 0)
(-0.0009506046410069089 0.001194289235050213 0)
(-0.001034989455583822 0.001012094864420124 0)
(-0.001103577151362667 0.000857278722058933 0)
(-0.00115689696077292 0.0007255400043823653 0)
(-0.001196092806522162 0.0006116546138922966 0)
(-0.001222670923728599 0.0005102926822214709 0)
(-0.001238312471816346 0.0004164456518092542 0)
(-0.001244742153303888 0.0003255994936859924 0)
(-0.001243638525291778 0.0002337610888226651 0)
(-0.00123657109789677 0.0001374133846670134 0)
(-0.001224951159608444 3.344925889826069e-05 0)
(-0.001209986074849571 -8.088369305808367e-05 0)
(-0.00119262983103727 -0.0002080055580692542 0)
(-0.001173525684919424 -0.0003499764396679975 0)
(-0.001152940039341966 -0.0005084024042139195 0)
(-0.001130690540460048 -0.0006842579927014082 0)
(-0.001106076251486985 -0.0008776080820835701 0)
(-0.001077823955835427 -0.001087214824534505 0)
(-0.001044072145850423 -0.001310024458704548 0)
(-0.001002422356354317 -0.001540547182705529 0)
(-0.000950094426574011 -0.00177017354998664 0)
(-0.0008842248607575642 -0.001986513091990601 0)
(-0.0008023411462659367 -0.002172889877972334 0)
(-0.0007030246339118783 -0.002308171405521249 0)
(-0.0005867389299597396 -0.002367115597774132 0)
(-0.0004567480476044925 -0.002321358191894875 0)
(-0.0003199484158417283 -0.002140988919692308 0)
(-0.0001873400515842583 -0.001796359669079262 0)
(-7.609803043296022e-05 -0.001259358369229333 0)
(-6.730998099291343e-06 -0.0005028768131514058 0)
(1.969194794491257e-06 0.0007430781342642381 0)
(-2.888400705133227e-06 0.001733831590891122 9.305681843933309e-25)
(-2.969963593482779e-05 0.002316745385214601 7.788245518390913e-25)
(-8.21327321513497e-05 0.002581248516168538 0)
(-0.000159096446058048 0.002613245440704227 0)
(-0.0002553480244397311 0.002490143743548424 0)
(-0.0003636159963485197 0.00227626577271997 0)
(-0.0004762538566042845 0.002020685344859589 0)
(-0.0005863984376819521 0.001757484945587746 0)
(-0.0006886238757758137 0.001507746036845972 0)
(-0.000779167149631164 0.001282397585143031 0)
(-0.0008558521145440911 0.00108517567221028 0)
(-0.0009178431250754942 0.0009152122511471155 0)
(-0.0009653344710562182 0.0007690368949687206 0)
(-0.0009992466110723124 0.0006419708074716851 0)
(-0.001020966885273704 0.0005290021136386342 0)
(-0.001032147273826736 0.0004252716530801283 0)
(-0.001034556102282455 0.0003262953816787185 0)
(-0.001029972787568144 0.0002280263659874715 0)
(-0.001020112243783761 0.0001268318499914521 0)
(-0.001006566124160048 1.943716270366409e-05 0)
(-0.0009907500440404626 -9.712870511962948e-05 0)
(-0.0009738484085132483 -0.0002255611176735867 0)
(-0.0009567511407699293 -0.0003682611222730722 0)
(-0.0009399795777790403 -0.0005272502986280556 0)
(-0.0009236024505486018 -0.0007039977454476014 0)
(-0.0009071477221999168 -0.0008991363324789278 0)
(-0.0008895226160328463 -0.001112046717523728 0)
(-0.0008689626365192275 -0.00134029536558268 0)
(-0.0008430402993413138 -0.001578931023522191 0)
(-0.0008087740014651956 -0.001819676667262703 0)
(-0.0007628836983697287 -0.002050102496773788 0)
(-0.0007022376844527368 -0.002252926130198046 0)
(-0.0006245175696974217 -0.002405644541630491 0)
(-0.0005290931702834217 -0.002480729591164652 0)
(-0.0004180416631349053 -0.002446570273845523 0)
(-0.0002971353234443481 -0.002269167189733443 0)
(-0.0001765076765341299 -0.001914243740393602 0)
(-7.286188713851413e-05 -0.001348948891777031 0)
(-6.70704827707747e-06 -0.0005416441158046051 0)
(2.939548707309492e-06 0.0007403050557499351 0)
(9.319646248987465e-06 0.001741979736774461 0)
(1.220543793239999e-06 0.002345704176433619 0)
(-2.842321431574899e-05 0.002634261978034302 0)
(-8.148428702265842e-05 0.002688281868309148 0)
(-0.0001547175342972085 0.002581746982726645 0)
(-0.0002421363483429202 0.00237739506142746 0)
(-0.000336722206029718 0.002124206153855731 0)
(-0.0004317302883630763 0.001857173592119674 0)
(-0.000521514888337948 0.001598816746677043 6.132963576543958e-26)
(-0.0006019111346961855 0.001361646352146586 4.53987650907131e-26)
(-0.0006702816277200253 0.001150867412140305 0)
(-0.0007253536700773693 0.0009668312812112554 -2.700591065763149e-26)
(-0.0007669567006424996 0.0008069932399676406 0)
(-0.0007957389739714922 0.0006673213844936234 2.069710298352785e-26)
(-0.0008129103495676378 0.0005432163100284544 2.043565327455557e-26)
(-0.0008200318587395738 0.0004300494808714385 2.150783770496946e-26)
(-0.0008188550133307663 0.0003234335446974487 0)
(-0.000811203873495797 0.0002193214358066619 0)
(-0.0007988886117585766 0.0001140080150688635 0)
(-0.0007836385158617062 4.086729612121768e-06 0)
(-0.0007670433853624828 -0.0001136020345746653 0)
(-0.0007504940730941885 -0.0002420038677919297 4.206378140169437e-26)
(-0.0007351150691540019 -0.0003838416324737669 4.599391082982081e-26)
(-0.0007216845545965232 -0.0005415422139101589 0)
(-0.0007105406418017534 -0.0007170732003216079 0)
(-0.0007014771705341355 -0.0009116608947049112 5.276819364757027e-26)
(-0.0006936391088520328 -0.001125360385270664 5.157954234367945e-26)
(-0.000685436777835303 -0.001356454080017143 0)
(-0.0006745096063286119 -0.001600672184264955 0)
(-0.0006577825298685408 -0.001850262414322891 0)
(-0.0006316682206390969 -0.002092990333764683 0)
(-0.0005924705332987061 -0.002311223865288301 0)
(-0.0005370315822420368 -0.002481332140340956 0)
(-0.0004636314650049837 -0.002573678718104936 0)
(-0.0003730895954763168 -0.002553460314034337 -1.26815811456058e-25)
(-0.0002698988774228817 -0.002382468625120719 -1.74525548918799e-25)
(-0.0001630945421857133 -0.00202148319008565 0)
(-6.859872885284255e-05 -0.001432434955336313 0)
(-6.599765802226997e-06 -0.0005786056273495134 0)
(3.797852368042955e-06 0.0007314556323290082 0)
(2.072257992911171e-05 0.001735197489718724 0)
(3.062619909001317e-05 0.002354083277614147 0)
(2.339228580401259e-05 0.002663945848815331 0)
(-5.642172045445932e-06 0.002739604699454473 0)
(-5.524427667737008e-05 0.002650955927770882 0)
(-0.0001208321551925497 0.002458485691693853 0)
(-0.0001961846562688526 0.002210504572218549 0)
(-0.0002748473443681915 0.001942483350741987 0)
(-0.0003510982738734503 0.001678099031868599 5.191983809534696e-26)
(-0.0004204706231913588 0.001431299919696052 3.636612815293261e-26)
(-0.0004799191928406189 0.001208720419603356 0)
(-0.0005277466295800615 0.00101196178336282 -1.856523427549631e-26)
(-0.0005633981971519035 0.0008394748270467474 0)
(-0.000587209034921284 0.0006879604599288417 1.26331444168255e-26)
(-0.0006001580315273838 0.0005533185580958877 1.246154724362129e-26)
(-0.0006036562456394322 0.0004312306256730027 1.354656779385168e-26)
(-0.0005993788166964314 0.0003174748399891749 0)
(-0.0005891376405983444 0.0002080623403783725 0)
(-0.0005747861655177722 9.92652256408504e-05 0)
(-0.0005581455277474177 -1.241172260568978e-05 0)
(-0.0005409412404213444 -0.0001302779406007996 0)
(-0.0005247406712289558 -0.0002574939247036585 3.244426644404472e-26)
(-0.0005108830666725787 -0.0003970730646575943 3.586766835404181e-26)
(-0.0005003958564140456 -0.0005518228751730367 0)
(-0.0004938937561210623 -0.0007241963288555707 0)
(-0.0004914614369357554 -0.0009160191257504298 4.105171579094899e-26)
(-0.0004925270631875245 -0.001128055590916724 3.937632716639228e-26)
(-0.0004957435394443454 -0.001359378799452641 0)
(-0.0004989070264378705 -0.001606525435305995 0)
(-0.0004989571318001309 -0.001862449725897837 0)
(-0.0004921170796053029 -0.002115349290211651 0)
(-0.0004742393501132757 -0.002347518999296778 0)
(-0.0004414145693367632 -0.002534484661454541 0)
(-0.0003908716816561949 -0.002644743868422594 0)
(-0.0003221369568784716 -0.002640438180818164 -1.45182864054487e-25)
(-0.0002382968735412415 -0.002479119968781208 -1.951732168715847e-25)
(-0.0001470677822163914 -0.00211638854466774 0)
(-6.326620968434962e-05 -0.001508529648300914 0)
(-6.399540105712957e-06 -0.0006132168027671539 0)
(4.542485200738188e-06 0.0007169911410672093 6.643079273624266e-41)
(3.124014020561582e-05 0.001714270446042653 0)
(5.826856814711608e-05 0.002342535124790299 0)
(7.283221245737821e-05 0.00267054975744579 0)
(6.768860654196771e-05 0.00276697173992574 0)
(4.208109497022978e-05 0.002697086560941579 0)
(-9.033518909839349e-07 0.00251854580142712 0)
(-5.59924449328685e-05 0.002278446900875694 0)
(-0.0001171885123801587 0.002012296988474156 0)
(-0.0001788415026102383 0.001744618153662042 0)
(-0.0002362940047097926 0.00149060915578199 0)
(-0.0002861614509123026 0.001258251207621067 0)
(-0.0003263498319055304 0.001050389136610162 -2.592830389364304e-26)
(-0.0003559151311192833 0.0008665113787434052 -1.473469797698471e-26)
(-0.0003748501885519699 0.0007041191347978841 0)
(-0.000383858289751129 0.0005596879629740259 0)
(-0.0003841475783326916 0.0004292845869965385 0)
(-0.0003772608758356673 0.0003089216453361385 0)
(-0.0003649425820726557 0.0001947297401522771 0)
(-0.0003490370105019212 8.301254390313805e-05 0)
(-0.0003314091186808143 -2.976465909544543e-05 0)
(-0.0003138775592412563 -0.0001470152897153314 0)
(-0.000298150178296642 -0.0002720710597066562 0)
(-0.0002857529157529755 -0.0004081944468548931 0)
(-0.0002779443953180696 -0.0005585363876091415 0)
(-0.0002756106460637113 -0.0007260066554104368 0)
(-0.0002791380558348524 -0.0009130175868382901 0)
(-0.0002882687685730091 -0.001121055862827674 -8.051496209365929e-26)
(-0.0003019522796755401 -0.001350036535832894 -6.535243720609787e-26)
(-0.0003182205062707974 -0.001597405201690673 0)
(-0.0003341304969898931 -0.001856986707891018 -1.316891183106188e-27)
(-0.0003458364577279789 -0.002117640242059011 -5.858474018670999e-26)
(-0.0003488651306957347 -0.00236187398811286 0)
(-0.000338666912645207 -0.002564687551330382 -2.331451034574058e-25)
(-0.0003114905681268795 -0.00269301387233759 -3.52481912483653e-25)
(-0.0002655708553614112 -0.002706160298567927 0)
(-0.0002024945813248399 -0.002557509174392079 0)
(-0.0001284592507733846 -0.00219734212562983 0)
(-5.68477762346075e-05 -0.001575950207590983 0)
(-6.098744616047653e-06 -0.0006449151659325908 0)
(5.173094085443224e-06 0.0006974083501139979 6.260745791683498e-41)
(4.080306523535572e-05 0.001680104695279943 0)
(8.392121150978557e-05 0.002311908649618927 0)
(0.0001194448094751932 0.002654567079210755 0)
(0.0001377980215385977 0.002770394446510536 0)
(0.0001362960841885305 0.002719683385887718 0)
(0.0001164741162077768 0.002556761226792829 0)
(8.252617421966658e-05 0.002327012769733132 0)
(3.983624480061973e-05 0.002065544385353398 0)
(-6.167515620578083e-06 0.001797387678835018 0)
(-5.075875549596467e-05 0.001538767805349353 0)
(-9.029727521194944e-05 0.00129888985649929 0)
(-0.0001223376220966651 0.001081799223421085 7.374324521422985e-27)
(-0.0001455581396871096 0.0008880346665300967 1.721270381494494e-26)
(-0.0001595949481195984 0.0007159441332525298 0)
(-0.0001648431270795537 0.0005626419637419669 0)
(-0.0001622640557338805 0.0004246482340526742 0)
(-0.0001532185632084613 0.0002982765091151432 0)
(-0.0001393319045163327 0.0001798387330995777 0)
(-0.0001223881610754595 6.572707734912942e-05 0)
(-0.0001042471547880506 -4.757962461384621e-05 0)
(-8.677494655289396e-05 -0.000163548016163862 0)
(-7.177836238335263e-05 -0.000285631211210193 0)
(-6.093408777968839e-05 -0.0004172915317168257 0)
(-5.570350020229142e-05 -0.0005619759213114745 0)
(-5.722583331195954e-05 -0.0007230089517338869 0)
(-6.618516709296977e-05 -0.0009033595309521581 0)
(-8.265216424997481e-05 -0.001105228412393284 -5.758685465591363e-26)
(-0.0001059106366186009 -0.00132939910503477 -4.400605909712015e-26)
(-0.0001342928665274536 -0.001574302304226166 5.023778944796727e-28)
(-0.0001650660177634962 -0.001834773677977484 -4.345013960467729e-26)
(-0.0001944326918649499 -0.002100547551027729 -1.02411310333934e-25)
(-0.0002177261526683555 -0.002354630953869145 0)
(-0.000229885687848323 -0.002571836287568335 -2.814693929598396e-25)
(-0.0002262796219760365 -0.002717883814654009 -4.041961532998893e-25)
(-0.0002038892593738168 -0.002749548763678877 0)
(-0.0001627457760976014 -0.002616218631087838 0)
(-0.0001073561807352008 -0.002262835258454486 0)
(-4.934956271305957e-05 -0.001633447791577999 0)
(-5.691569777302781e-06 -0.0006731326344104616 0)
(5.690713465108887e-06 0.0006732333740379748 0)
(4.935453005864986e-05 0.001633715397322202 0)
(0.0001073831368802493 0.002263239696317127 0)
(0.0001628116838678531 0.002616731716262528 0)
(0.000204008310126888 0.002750141958687732 0)
(0.0002264605161377861 0.002718528538478063 0)
(0.0002301308080928582 0.002572505774499551 0)
(0.0002180321570153528 0.002355302235259008 0)
(0.0001947919653936535 0.002101202707558424 0)
(0.0001654684445312114 0.001835400172370129 0)
(0.0001347275071980769 0.001574892586153334 0)
(0.0001063670629998546 0.001329949794781981 0)
(8.312135623338167e-05 0.001105739336369376 0)
(6.665999010287572e-05 0.0009038327973268699 0)
(5.770117720736684e-05 0.0007234481698088466 0)
(5.617618089730257e-05 0.0005623856034172484 0)
(6.140260500102655e-05 0.0004176766748205921 0)
(7.224258534947572e-05 0.0002859970333795675 0)
(8.723577455354566e-05 0.0001638998147435077 0)
(0.0001047061777802107 4.792272274417638e-05 0)
(0.0001228473285612492 -6.538732606779476e-05 0)
(0.0001397932009363366 -0.000179496907841886 0)
(0.000153683681537365 -0.00029792707785793 0)
(0.0001627340605902883 -0.0004242855269148406 0)
(0.0001653181037973648 -0.0005622601921466698 0)
(0.0001600736432294891 -0.000715537489156352 0)
(0.0001460376154586215 -0.0008875975426552227 -1.14453014826237e-26)
(0.0001228129709416021 -0.001081326599851414 -1.223243098260292e-26)
(9.076146766844346e-05 -0.001298377896128322 1.472685772520311e-26)
(5.120272198340296e-05 -0.001538214683456267 1.352494024294106e-26)
(6.580575653824043e-06 -0.001796794632252596 0)
(-3.946550820119089e-05 -0.002064916896983466 0)
(-8.22085598060705e-05 -0.002326361703029864 0)
(-0.0001162180530596495 -0.002556103606387336 -2.190074242507879e-25)
(-0.000136105733296498 -0.002719042432807496 -3.030144329371538e-25)
(-0.0001376716599380538 -0.002769798523948704 0)
(-0.0001193740642764195 -0.002654047542198761 0)
(-8.389175071589364e-05 -0.002311497308936011 0)
(-4.079730670963564e-05 -0.001679832419639822 -7.673899635732936e-25)
(-5.173900749408217e-06 -0.0006973062615198365 -7.21754180865238e-25)
(6.097869740627981e-06 0.0006450147164295 0)
(5.685207821710276e-05 0.00157621332873842 0)
(0.0001284838740979544 0.002197739371396097 0)
(0.0002025557987422523 0.002558014535417643 0)
(0.0002656826937588371 0.002706748220812464 0)
(0.0003116621121174788 0.002693658566858446 0)
(0.0003389013343755155 0.00256536412418631 0)
(0.0003491600822966896 0.002362560135222242 0)
(0.0003461853278724418 0.002118317582529121 0)
(0.0003345240304700491 0.001857641402796406 0)
(0.0003186483889818419 0.001598027903583483 0)
(0.0003024044406364718 0.00135062188240025 0)
(0.0002887362928269888 0.001121601745191426 0)
(0.0002796137086556713 0.0009135243729176788 0)
(0.0002760890717184985 0.0007264764833151465 0)
(0.0002784220780011345 0.0005589725870492077 0)
(0.0002862279879786947 0.0004086011056712681 0)
(0.0002986221454005659 0.0002724527276259055 2.25267942030542e-26)
(0.0003143469873139689 0.0001473767989035222 1.923844714975333e-26)
(0.0003318773131808278 3.011103681518909e-05 0)
(0.0003495056966004684 -8.267609514560801e-05 0)
(0.0003654135867305674 -0.0001943978178248747 0)
(0.0003777358047201292 -0.0003085886004397992 0)
(0.0003846274788547611 -0.0004289444793812495 0)
(0.0003843432948450533 -0.0005593345476868683 0)
(0.0003753391445578052 -0.0007037459161800805 0)
(0.0003564052296439705 -0.0008661117792380525 9.85066292838175e-27)
(0.0003268362897072265 -0.001049956836697461 3.461322139036671e-26)
(0.0002866373124286587 -0.001257780716784784 3.052958785530928e-26)
(0.0002367501728444219 -0.001490096663723468 0)
(0.0001792671224936848 -0.001744062675470403 0)
(0.0001175718214038887 -0.002011701746077381 0)
(5.63221399976971e-05 -0.002277820769076867 -8.90923708586914e-26)
(1.170399561852958e-06 -0.002517904497680782 -3.726312164378665e-25)
(-4.188145833585877e-05 -0.002696453115482019 -5.018103896681108e-25)
(-6.755513016084362e-05 -0.002766375753202084 -2.181256867494819e-25)
(-7.275673262293066e-05 -0.002670025218494519 -2.759975652672663e-25)
(-5.823659075244545e-05 -0.002342117295004683 -3.395752768912762e-25)
(-3.123352745941027e-05 -0.001713993339708661 -8.156732321999604e-25)
(-4.543214428116041e-06 -0.0007168875158863515 -7.658349375068163e-25)
(6.398680454966291e-06 0.0006133152640567414 5.775115843395426e-25)
(6.327003609264601e-05 0.001508788413896028 6.091176314735305e-25)
(0.0001470904154413725 0.002116778340177465 0)
(0.0002383538282135428 0.002479616448089516 0)
(0.00032224203172814 0.002641018400938883 0)
(0.0003910343378811849 0.002645384735613971 0)
(0.0004416388304956299 0.002535163328213532 0)
(0.0004745239817001985 0.002348214181863152 0)
(0.0004924566271386847 0.002116042571832718 0)
(0.0004993433636377949 0.001863126371344467 0)
(0.000499330405019926 0.001607174629831182 0)
(0.0004961944744730195 0.001359993430162408 0)
(0.00049299682937646 0.001128631749398447 0)
(0.000491942739096233 0.0009165554946011961 0)
(0.0004943809866762021 0.0007246935701983931 0)
(0.0005008851183284814 0.0005522830925452052 0)
(0.0005113720376711595 0.0003974993718651705 0)
(0.0005252283735351675 0.0002578901291883844 3.246669232296374e-26)
(0.0005414277626636997 0.0001306483334336772 2.878185916637399e-26)
(0.0005586317277980489 1.276095969990358e-05 0)
(0.0005752733677524218 -9.893216917431203e-05 0)
(0.0005896273297180385 -0.0002077401612523922 0)
(0.0005998723228036264 -0.0003171578625865035 0)
(0.0006041544122414352 -0.0004309127444155164 0)
(0.0006006608600724209 -0.0005529931942963975 0)
(0.0005877153073392656 -0.000687620570786285 0)
(0.0005639050936862127 -0.0008391130179019203 0)
(0.000528249383898475 -0.001011570588940584 0)
(0.0004804108591365353 -0.001208292830460634 0)
(0.0004209420650557577 -0.001430830227343586 0)
(0.000351538509196185 -0.001677584037169204 0)
(0.0002752443736509455 -0.001941923910413853 0)
(0.0001965268395679353 -0.002209907335486927 -1.014940546397045e-25)
(0.0001211100704295956 -0.00245786470369949 -1.373956273031551e-25)
(5.545279967067248e-05 -0.002650333581562741 -1.814580813270536e-25)
(5.782313331627869e-06 -0.002739011406554961 -2.336169017923317e-25)
(-2.331239914821443e-05 -0.002663417972210449 -2.931751693863297e-25)
(-3.059184355104678e-05 -0.002353659571862466 -3.58899039784538e-25)
(-2.071511189904539e-05 -0.001734915489101448 0)
(-3.798480329778217e-06 -0.0007313502861767333 0)
(6.598957290687904e-06 0.0005787030062062541 5.282904460477551e-25)
(6.860233371785697e-05 0.001432689349054044 5.552723895396754e-25)
(0.0001631157074649496 0.002021865194105869 0)
(0.0002699523061177572 0.002382955083799258 0)
(0.0003731887647369115 0.002554030477068868 0)
(0.0004637861439430009 0.002574311991687476 0)
(0.0005372466347211237 0.002482007793313807 4.634925642504931e-26)
(0.0005927458896939463 0.002311921913160818 1.543197153313168e-26)
(0.0006319996848686289 0.002093692715472107 0)
(0.0006581630252754229 0.001850953910905337 0)
(0.0006749305118543007 0.001601340882240202 0)
(0.0006858891132855509 0.001357091405745026 0)
(0.0006941144424877005 0.001125960832108919 0)
(0.0007019682149801912 0.0009122215795355932 0)
(0.000711041565297518 0.0007175933627802764 0)
(0.0007221910653196672 0.0005420227369776703 0)
(0.0007356243379599421 0.0003842846304426476 0)
(0.0007510045532017115 0.0002424123623555906 0)
(0.0007675545738043555 0.0001139797228466368 0)
(0.0007841506861520052 -3.735621198918028e-06 0)
(0.0007994025332174529 -0.0001136788019441159 0)
(0.0008117205215102204 -0.0002190089847340339 0)
(0.0008193752669899538 -0.0003231322366926428 0)
(0.0008205561783422532 -0.000429753146061439 0)
(0.0008134384272486751 -0.0005429181598771331 0)
(0.0007962693575175267 -0.0006670139782194238 0)
(0.0007674864055879946 -0.000806668538376206 0)
(0.0007258778200098032 -0.0009664808607786602 0)
(0.0006707931970636264 -0.001150482929968612 0)
(0.0006024009068260439 -0.001361220358621259 0)
(0.0005219717713211339 -0.001598343922443408 0)
(0.0004321421281343339 -0.001856652420976741 0)
(0.0003370771747046419 -0.002123640915997063 0)
(0.000242424844906028 -0.00237679783528455 0)
(0.000154934326979238 -0.002581139102077547 0)
(8.16304073351303e-05 -0.002687694087496411 0)
(2.85069681647443e-05 -0.002633732663271724 0)
(-1.18409436989764e-06 -0.002345275469159855 0)
(-9.311384691903776e-06 -0.001741692942321385 0)
(-2.940056360691071e-06 -0.0007401978380550329 0)
(6.706328379749814e-06 0.0005417402921791357 0)
(7.286558675372115e-05 0.001349198656375359 0)
(0.0001765280770252038 0.001914617394867027 0)
(0.0002971862892094795 0.002269642375765264 0)
(0.000418136240310627 0.002447128010050464 0)
(0.000529241315189239 0.002481351515626272 0)
(0.0006247249031650695 0.002406312009540051 3.201021811058476e-26)
(0.000702505278190107 0.002253620645832487 2.003112256067204e-27)
(0.0007632086513317543 0.002050806689469379 0)
(0.0008091504757203348 0.00182037522886329 0)
(0.0008434607020791774 0.001579611326507954 0)
(0.0008694187173717208 0.001340947706033042 0)
(0.0008900063467555618 0.001112664246432626 0)
(0.0009076519098061104 0.0008997147799905818 0)
(0.0009241210936165659 0.0007045350396937173 0)
(0.0009405080082351425 0.0005277461591088419 0)
(0.000957286005104438 0.0003687166818014243 0)
(0.000974387540073662 0.000225978604042267 0)
(0.000991292268190794 9.751119655447264e-05 0)
(0.001007111025464915 -1.90859054599512e-05 0)
(0.001020659911953734 -0.0001265074786605523 0)
(0.001030523548327967 -0.0002277239741541863 0)
(0.001035110231392339 -0.0003260094788190927 0)
(0.001032704687923076 -0.000424996097475737 0)
(0.001021526803002768 -0.0005287300259201518 0)
(0.0009998071838144748 -0.0006416944991580713 0)
(0.000965892396719094 -0.0007687478652503174 0)
(0.0009183932831102705 -0.0009149013293595495 0)
(0.0008563872957846715 -0.001084833408419857 0)
(0.000779677996003541 -0.001282015006977459 0)
(0.0006890991787557664 -0.001507315880680227 0)
(0.000586825945958074 -0.001757003412738877 0)
(0.0004766216811990613 -0.002020154306265212 0)
(0.0003639145523408693 -0.002275695134956954 0)
(0.000255572223002005 -0.002489553408465625 0)
(0.0001592476145988455 -0.0026126660205279 0)
(8.221959990388624e-05 -0.002580719914003076 0)
(2.973774664397163e-05 -0.002316312867870213 0)
(2.897327712186615e-06 -0.001733540331586433 0)
(-1.969568994008887e-06 -0.0007429689596877013 0)
(6.730405304007355e-06 0.0005029715074013919 0)
(7.610219770827744e-05 0.001259602909092075 0)
(0.0001873605611036556 0.001796724051980624 0)
(0.0003199983028066993 0.002141451304929179 0)
(0.0004568398171375197 0.002321900978992437 0)
(0.0005868825669551177 0.002367722348748514 0)
(0.0007032263680079199 0.002308825447287059 0)
(0.0008026030906976546 0.002173574300800789 0)
(0.0008845453724382919 0.001987211477766307 0)
(0.0009504689283611433 0.001770870855999281 0)
(0.001002844350647627 0.001541230445961178 0)
(0.001044534205200828 0.001310683197070978 0)
(0.001078318555863223 0.001087841142968455 0)
(0.00110659638518281 0.0008781965533951801 0)
(0.001131230107807729 0.0006848053975302635 0)
(0.001153494039508448 0.0005089074060468248 0)
(0.001174090253098978 0.0003504392525186024 0)
(0.001193202163720614 0.0002084276452775816 0)
(0.001210564281125559 8.126751962652595e-05 0)
(0.001225534066314983 -3.310040963961424e-05 0)
(0.001237158025861535 -0.0001370955267860291 0)
(0.001244229044262679 -0.0002334695832613538 0)
(0.001245335815478054 -0.0003253290363829905 0)
(0.001238908519017774 -0.0004161902098376194 0)
(0.001223267962435288 -0.0005100453951018271 0)
(0.001196688449937944 -0.0006114076906270666 0)
(0.001157487450523919 -0.0007252846675354596 0)
(0.001104156995722823 -0.000857005278329025 0)
(0.001035551157221372 -0.001011793012809051 0)
(0.0009511386308643673 -0.001193948748946597 0)
(0.0008513165340049282 -0.00140549478879236 0)
(0.0007377585889250407 -0.001644162113375424 0)
(0.0006137377915675739 -0.001900705808010247 0)
(0.0004843249718348562 -0.00215573062046459 0)
(0.0003563315152344783 -0.002376490457534991 0)
(0.0002378549605311811 -0.00251442532386066 0)
(0.0001373131958398188 -0.002504379745903206 0)
(6.190363332684841e-05 -0.002266325651962036 0)
(1.582067205450867e-05 -0.001709803227410215 0)
(-8.897596821250381e-07 -0.0007392435095428297 0)
(6.683020251794104e-06 0.0004629091714619351 0)
(7.8383028611836e-05 0.001165158528077451 4.019590310737739e-25)
(0.0001957184470434347 0.001669901029249969 0)
(0.0003384539773828208 0.002000271698094542 -2.357701062481224e-25)
(0.0004892238662304942 0.002180153333990889 0)
(0.0006363921413543697 0.002234939208632971 0)
(0.0007721108461813495 0.00219064529694971 0)
(0.0008920282573910883 0.002072411753290633 0)
(0.0009946139997755647 0.001903083757829268 0)
(0.001080354694435041 0.001702230327322073 0)
(0.001150990179848362 0.001485694718305561 0)
(0.001208871448739804 0.001265606426626104 0)
(0.001256475013996872 0.00105071430314364 0)
(0.001296074079931683 0.0008468936681814056 0)
(0.001329544842178194 0.0006577072455291116 0)
(0.001358276766118854 0.0004849376519552274 0)
(0.001383154987761649 0.000329044679957878 0)
(0.001404587169320992 0.0001895277725436695 0)
(0.001422553314794014 6.519180621756761e-05 0)
(0.00143666339551627 -4.567601509222717e-05 0)
(0.001446213272503173 -0.0001452063281871164 0)
(0.001450234103168101 -0.0002359121629438974 0)
(0.001447534336175359 -0.0003207052150905963 0)
(0.001436736851435872 -0.000402949905867735 0)
(0.001416317131179324 -0.0004865366006944504 0)
(0.001384651775658988 -0.0005759450153697798 0)
(0.001340090156594904 -0.0006762507340088569 0)
(0.001281065009321003 -0.0007930006904244212 0)
(0.001206259050126762 -0.0009318488364940537 0)
(0.001114842092612004 -0.001097807841952548 0)
(0.001006783608179572 -0.001293951997756835 0)
(0.0008832260939889432 -0.001519426427820751 0)
(0.0007468733928595597 -0.001766711197245958 0)
(0.0006023076638197653 -0.002018283008955375 0)
(0.0004561083820889435 -0.002243109198437492 0)
(0.0003166230665485989 -0.002393737124821392 0)
(0.000193239873172469 -0.002404972092710796 0)
(9.502155122530701e-05 -0.002195084903196297 0)
(2.935878530145579e-05 -0.001669968461641106 0)
(2.957285072750817e-07 -0.0007286475439901503 0)
(6.578526402544961e-06 0.0004220187304971261 3.439524987203843e-25)
(7.980874781428858e-05 0.001067054635540136 7.108279679348978e-25)
(0.000201782186374616 0.001535840785241577 2.792953233828813e-25)
(0.0003527487471702202 0.001848057521123278 -7.043953284480921e-41)
(0.0005153956786460724 0.002023858805689231 0)
(0.0006776763064440573 0.002084786499687365 0)
(0.0008309823801488409 0.002053215340361675 0)
(0.0009700074225741021 0.001951153491063839 5.575875912874121e-26)
(0.001092221001674206 0.00179900373771619 9.892093502203771e-26)
(0.001197183284328302 0.001614629831408702 0)
(0.001285859014942954 0.001412848936410498 0)
(0.001360012745806021 0.001205322627399445 0)
(0.001421728034615746 0.001000745712466572 -1.756345917029886e-25)
(0.001473061702044846 0.0008052145932619474 -1.760636972880805e-25)
(0.001515821669974557 0.0006226714793283103 0)
(0.001551445195831974 0.0004553485478008908 0)
(0.001580950870997696 0.000304164858531331 0)
(0.001604939443534056 0.0001690523245933013 0)
(0.001623622797445516 4.920335899312182e-05 0)
(0.001636865518468435 -5.675752871319229e-05 0)
(0.001644228416046037 -0.000150671299360779 0)
(0.001645007758532994 -0.0002348026695086698 0)
(0.001638267805757969 -0.0003118501464533205 0)
(0.001622867698603842 -0.0003849973302462887 0)
(0.001597487184586029 -0.0004579903446627975 0)
(0.001560659287259295 -0.0005352160899823037 0)
(0.00151082196036835 -0.0006217378899739094 0)
(0.001446404723191714 -0.000723217262246957 0)
(0.001365969310154188 -0.0008456135641433112 0)
(0.0012684235804748 -0.0009945129967053057 0)
(0.001153322319874064 -0.00117390963678624 0)
(0.00102125342496432 -0.001384270008750255 0)
(0.000874280242443007 -0.001619794400808145 0)
(0.0007163705162075143 -0.001864974547195789 0)
(0.0005536963231706749 -0.002090842562255525 0)
(0.0003946516318342409 -0.002251655551144816 -5.323238306833604e-25)
(0.000249405940458488 -0.0022830345213867 -6.634033730035762e-25)
(0.0001287740886196889 -0.002102593824646647 0)
(4.340217952182498e-05 -0.001613675506796639 9.734262437686329e-25)
(1.582648507517563e-06 -0.0007108582040871191 9.175991909357538e-25)
(6.434060871290471e-06 0.0003807029117069479 3.031733838128724e-25)
(8.050811512738921e-05 0.0009663762559987731 3.116571526593853e-25)
(0.0002058010006813113 0.001396162192199577 2.426798997627656e-25)
(0.0003631970469493132 0.001686771723963717 1.731710674353815e-25)
(0.0005356332230303071 0.001855110609281238 0)
(0.0007108558800484029 0.001919282775258645 0)
(0.0008796863020954057 0.001898313310433683 0)
(0.001036010668103781 0.001811226955863804 1.34391654535686e-25)
(0.001176389476854554 0.001676000074980207 2.167666011144255e-25)
(0.00129949015318162 0.001508705112517418 0)
(0.001405487240359871 0.001322983035390438 0)
(0.001495508428848042 0.001129848810441266 0)
(0.001571173404506255 0.0009377634648304696 -1.832196146439692e-25)
(0.001634244689072304 0.0007528816044991189 -1.836622595976518e-25)
(0.00168638772649301 0.0005793880854059332 0)
(0.001729024490434135 0.0004198564155334267 0)
(0.001763259354679625 0.0002755836757060303 0)
(0.001789855534129299 0.0001468762619811044 1.484335351778833e-25)
(0.001809242925100275 3.327513306297355e-05 1.354940381368491e-25)
(0.001821542030347513 -6.628168887020351e-05 0)
(0.001826592821096008 -0.0001533568576336464 0)
(0.001823981347153787 -0.0002299672045443942 0)
(0.001813060510287267 -0.0002985876247812967 0)
(0.001792964765433464 -0.0003621982948559412 0)
(0.001762621854252494 -0.0004243636269620122 0)
(0.001720768304045753 -0.0004893215362123795 0)
(0.001665979575253583 -0.0005620438228710493 0)
(0.00159673039343235 -0.0006482005214292542 0)
(0.001511505391636968 -0.0007539227514695959 0)
(0.001408983215829597 -0.0008852146856395342 0)
(0.001288315920995948 -0.00104682936894507 0)
(0.001149515752574618 -0.001240421000737423 0)
(0.000993938836121254 -0.001461854322086844 0)
(0.0008248171978732519 -0.001697725691942907 0)
(0.0006477405910279212 -0.001921441183940193 0)
(0.0004709384343486158 -0.002089558452439337 -5.199293032425877e-25)
(0.0003051539726797963 -0.002139409791498462 -6.517967167758208e-25)
(0.0001628107893650588 -0.0019891089438633 0)
(5.78303927563708e-05 -0.00154073051422546 1.931489107539749e-24)
(2.96653080753131e-06 -0.0006856086790500741 1.828149386898103e-24)
(6.269489029694711e-06 0.000339287688879419 0)
(8.063017886040039e-05 0.0008640740436742382 0)
(0.0002080699524928578 0.001252369602647542 0)
(0.0003701917752047189 0.001518339460985416 0)
(0.0005503290851956625 0.001676075916042022 0)
(0.0007361994212681219 0.00174064533727283 0)
(0.0009182371587625733 0.001728034395639857 0)
(0.001089678773311073 0.001654475764274169 7.421206618184723e-26)
(0.001246288594701895 0.001535588521208375 1.130205350093321e-25)
(0.001385903230160527 0.001385619849200071 0)
(0.001507921720747964 0.001216927473407991 0)
(0.001612812480584012 0.001039731092267663 -1.787900457571858e-25)
(0.001701684664196331 0.0008620944949876594 -1.85403016238115e-25)
(0.001775948362088366 0.0006900716935622983 0)
(0.00183706776637758 0.0005279479777828011 0)
(0.001886398138592935 0.0003785182527010743 0)
(0.001925090520549614 0.0002433612628568493 0)
(0.001954046049562443 0.0001230837905455401 1.502780695575847e-25)
(0.001973902769184388 1.7521001965856e-05 1.367924528553052e-25)
(0.001985040534518166 -7.411283516714091e-05 0)
(0.001987592984991297 -0.0001531245038712846 0)
(0.001981458999788816 -0.0002212919690158272 0)
(0.00196630930674289 -0.0002808624598212938 0)
(0.001941586990226769 -0.0003345946970995756 0)
(0.001906503734129135 -0.0003858370808863182 0)
(0.001860037065074799 -0.0004386242927138974 0)
(0.001800937991683131 -0.0004977576703128533 0)
(0.001727763517159581 -0.0005688073230120874 0)
(0.001638954390472867 -0.0006579354046134149 0)
(0.00153298417203576 -0.0007713938932794682 0)
(0.001408608847079484 -0.0009145088312179043 0)
(0.001265242665321353 -0.001089950684222946 0)
(0.001103469997238952 -0.00129514362811813 0)
(0.0009256693286115248 -0.001518823491875466 0)
(0.0007366740183989161 -0.001737031962203283 0)
(0.0005443312333226811 -0.001909197054747665 0)
(0.0003597317535652666 -0.001975286897411359 0)
(0.000196732772603167 -0.001855171514201958 0)
(7.250797108540592e-05 -0.001451125788203794 9.449478164049455e-25)
(4.443078784372656e-06 -0.0006526940025400739 8.993916982083308e-25)
(6.106474549570716e-06 0.0002980139408435306 0)
(8.032576384799695e-05 0.0007609509490930436 0)
(0.0002088805216270307 0.001105835667638003 0)
(0.0003741183892789014 0.001344626183166626 -1.217421811443622e-25)
(0.0005598692886834695 0.001488971874284209 -6.680599023611843e-26)
(0.0007539721031513528 0.001551270659786308 0)
(0.0009466448794877107 0.001544784394591096 0)
(0.001130634080849706 0.001483173345222032 0)
(0.00130103563692331 0.001379811366452222 0)
(0.00145494126142803 0.001247132884285366 0)
(0.001591018283504963 0.001096146814952673 0)
(0.001709084053720397 0.0009361603144856628 -1.754765159566339e-25)
(0.001809720049754004 0.0007746958735902876 -1.820224839913892e-25)
(0.00189395251801582 0.0006175560655301273 0)
(0.001963008672890976 0.0004689829841263729 0)
(0.002018144690282352 0.0003318649709622965 0)
(0.002060534224883288 0.0002079542530366461 0)
(0.002091202998428696 9.807073000673394e-05 0)
(0.00211099487783831 2.276786095992502e-06 0)
(0.002120556572648356 -7.998523994192137e-05 0)
(0.002120330677860942 -0.0001497972462891877 0)
(0.002110549641285421 -0.00020871343794087 0)
(0.002091226018370809 -0.0002587532200419171 0)
(0.002062137029829765 -0.0003024380152583473 0)
(0.002022804116970206 -0.000342866916136676 0)
(0.00197247124083378 -0.0003838172883929376 0)
(0.00191008957392526 -0.0004298403152866947 0)
(0.001834321494455438 -0.0004862952889477619 0)
(0.001743583703204992 -0.0005592288148616906 0)
(0.00163615745057184 -0.0006549585691472687 0)
(0.00151040149533388 -0.0007791763068434175 0)
(0.001365106533737593 -0.0009353638288038843 0)
(0.001200021924200523 -0.001122353457776811 0)
(0.001016558493994746 -0.0013310004940134 0)
(0.0008186209124211015 -0.001540191555747172 0)
(0.0006134501356552887 -0.001712763852995886 -4.631905348576781e-25)
(0.0004122379317918849 -0.001792261337976487 -5.936147222223527e-25)
(0.0002300629124362665 -0.001701655691949725 0)
(8.727485183891462e-05 -0.001345069827165439 0)
(6.008353620768739e-06 -0.0006119794488087592 0)
(5.965775445099488e-06 0.0002570418971759655 0)
(7.971221089332178e-05 0.0006576816424187806 0)
(0.0002084330906323867 0.0009578282498857723 0)
(0.000375207053763276 0.001167462742761997 -9.949961539781016e-26)
(0.0005644260617568269 0.001296085413583385 -5.138828304189004e-26)
(0.0007641752072047101 0.001353751672337843 0)
(0.00096461007518153 0.001351301176730805 0)
(0.001158142052396408 0.001300056167763205 0)
(0.001339334581756591 0.001211288441141407 -1.091015707084477e-25)
(0.001504639905767684 0.001095669979320598 -1.351958055207337e-25)
(0.001652065237048541 0.0009628317600135237 0)
(0.001780817658939289 0.0008210807643564116 -1.669713273543566e-25)
(0.001890967901992519 0.0006772743583367278 -1.732536033056304e-25)
(0.001983159846467858 0.0005368234141573883 0)
(0.002058377742686895 0.0004037855162140652 0)
(0.002117771585747052 0.0002810107799767553 0)
(0.00216253364283377 0.0001703094760874381 0)
(0.002193815388519005 7.261876042351557e-05 0)
(0.002212673168986472 -1.184696595657911e-05 0)
(0.002220031798715657 -8.347218780896765e-05 0)
(0.002216657136532072 -0.0001431496042342486 0)
(0.002203130877389432 -0.0001922274035322076 0)
(0.002179822982110175 -0.0002324978892996555 0)
(0.00214685925355244 -0.0002662289747950784 0)
(0.002104083694959341 -0.0002962360783604839 0)
(0.002051017821576358 -0.0003259838061892199 0)
(0.001986822620409076 -0.0003596919136303757 0)
(0.00191027410196696 -0.0004023956572466129 0)
(0.001819771066740102 -0.0004598750485791488 0)
(0.001713404041257969 -0.0005383223057874948 0)
(0.00158912624060812 -0.0006435705850987607 0)
(0.001445077348254668 -0.0007796794778913583 0)
(0.001280111863922469 -0.0009466957921360567 0)
(0.001094565365880667 -0.001137519984898687 0)
(0.0008912459983272208 -0.001334035383926119 0)
(0.0006765590699948411 -0.001502984153372011 -4.181427750449771e-25)
(0.0004615267849045241 -0.001592424010326644 -5.456833384681259e-25)
(0.0002621896195071927 -0.001529844693476309 0)
(0.0001019255980936107 -0.001223037345704749 0)
(7.658206687472489e-06 -0.0005634153397662636 0)
(5.86151415159559e-06 0.00021647924189898 -1.621381836578511e-25)
(7.881495009085574e-05 0.0005548860401895541 0)
(0.0002067013229002461 0.0008096064929168461 0)
(0.0003733111275869091 0.0009887432537704652 -7.875913297765713e-26)
(0.0005636522356573154 0.001099862053119883 0)
(0.0007661634581424304 0.001150955760716107 0)
(0.0009710749802852048 0.001150725836830932 -3.959871206522584e-26)
(0.00117060925207877 0.001108394096009041 -7.32067219858278e-26)
(0.001358936598095469 0.001033291967868982 -1.020212107707203e-25)
(0.001531991498152338 0.0009344060206122114 -1.252804780846557e-25)
(0.001687219677930023 0.0008199885331289332 0)
(0.00182329303113517 0.0006972838134019037 -3.079051418497384e-25)
(0.001939826095455562 0.0005723793995382593 -1.596601458168381e-25)
(0.00203711919308093 0.0004501665230936804 0)
(0.002115941656373675 0.0003343831666897495 -1.565022722027579e-25)
(0.00217735872781477 0.0002277112315620745 0)
(0.0022225989091774 0.0001319025495581769 0)
(0.002252954697825155 4.791357705337339e-05 0)
(0.002269708214540207 -2.396636421040573e-05 -1.132331427604767e-25)
(0.002274073421302102 -8.400443045670316e-05 -9.895862269140907e-26)
(0.002267147719493518 -0.0001329395556438103 0)
(0.002249867157571818 -0.0001719303077481647 0)
(0.00222296093726564 -0.0002025405190322173 0)
(0.002186902299163972 -0.0002267659990102165 0)
(0.002141854338494463 -0.0002471018911090682 0)
(0.002087611243454074 -0.0002666428246245002 0)
(0.002023538523069256 -0.0002891945885972027 0)
(0.001948520922987486 -0.0003193540223587159 1.669659600682083e-26)
(0.001860934978708943 -0.0003624812999308521 1.954725188872464e-26)
(0.001758675327885275 -0.0004244466135141733 0)
(0.001639279669226019 -0.0005109881792272844 0)
(0.001500213750356583 -0.0006264868642473063 0)
(0.001339387961826229 -0.0007719724079378304 1.203851634234411e-25)
(0.001155968946730676 -0.0009422622085767019 1.809211099119973e-25)
(0.0009515111087757156 -0.001122323598055979 0)
(0.0007313514910578878 -0.001283239947098526 0)
(0.0005060427770641129 -0.001378493790280866 0)
(0.0002922636180917545 -0.001341553568659929 0)
(0.0001161673045130748 -0.001085855986978313 0)
(9.385777637216814e-06 -0.0005070659005658876 0)
(5.790926569774715e-06 0.0001764475088763339 -1.298216560959602e-25)
(7.748142250839496e-05 0.000453281611058443 0)
(0.0002032460232171673 0.0006626115245013882 0)
(0.0003676148394107617 0.0008106198531032655 -1.17199807368679e-25)
(0.0005562860316867934 0.0009030867698727608 -2.434763000706285e-26)
(0.0007581539588872113 0.0009461854812538081 0)
(0.000963647611642065 0.0009467435023213165 -4.026399065309037e-26)
(0.001164938422838333 0.0009121140531804502 -6.865838284457134e-26)
(0.001355946165332674 0.0008498557513204545 0)
(0.001532225757243817 0.0007673609153982855 0)
(0.001690788184870207 0.0006715207699109342 0)
(0.001829881276088536 0.0005684735020001633 -1.375372038614678e-25)
(0.001948757414182726 0.0004634493219048581 1.422457765669748e-25)
(0.002047450698226449 0.0003607060776604161 1.424044974566895e-25)
(0.002126577434885547 0.0002635381998936845 -1.385927802391914e-25)
(0.002187165979364409 0.0001743381085263874 -1.314799330846534e-25)
(0.002230516111137868 9.46898859673456e-05 -1.217627538514845e-25)
(0.002258084516968062 2.547772720164604e-05 0)
(0.002271391220914696 -3.30051239531023e-05 -9.71649161361249e-26)
(0.002271941374313053 -8.095839705294889e-05 -8.345691931048951e-26)
(0.002261157122411212 -0.0001189970356705402 0)
(0.002240314854891256 -0.0001481013155819508 0)
(0.002210483769966032 -0.000169601101247456 -4.2246301995337e-26)
(0.002172462288901035 -0.0001851986166329424 -2.972676323863404e-26)
(0.002126709622686247 -0.0001970306632011932 0)
(0.002073271137092146 -0.0002077646627802892 0)
(0.002011698806343507 -0.0002207111811022042 -1.496582924185765e-27)
(0.001940973046597064 -0.000239916377141231 0)
(0.001859440914403928 -0.0002701692961530072 -2.636646721998316e-27)
(0.001764799326624337 -0.0003168213556270878 0)
(0.001654170998341173 -0.0003852737575914609 0)
(0.001524343162883704 -0.0004799557614326976 0)
(0.00137225827436496 -0.0006026154253213901 7.766228570975508e-26)
(0.00119584894381361 -0.0007498044368301754 1.307008965495185e-25)
(0.0009952815298530512 -0.0009095865585498776 0)
(0.0007745949978315575 -0.001057739329177828 -2.957132626895822e-25)
(0.0005435371017794742 -0.001154017201781031 -4.107522640898151e-25)
(0.0003190126506045121 -0.00113932886574186 0)
(0.000129537587126562 -0.0009348587640252501 1.412020620971641e-24)
(1.117462637975871e-05 -0.0004431668441904598 1.410845740245558e-24)
(5.718088432396528e-06 0.0001372040398605474 -9.700690988469688e-26)
(7.526905581575203e-05 0.0003539372382927544 -9.326703121585663e-26)
(0.000196993145872357 0.0005187702143133965 6.56707616873754e-26)
(0.0003563007114701986 0.0006358098280055235 -2.457241415973732e-41)
(0.0005397105410713505 0.0007091723362533771 1.02859498415338e-26)
(0.0007366812447909181 0.0007434382142146653 -3.29637149256738e-26)
(0.0009379611120382911 0.0007438094652002183 0)
(0.001135808671415058 0.0007159895338619618 0)
(0.001324046568002285 0.0006659254503565726 -8.430847855657719e-26)
(0.001498011105198394 0.0005995081732296661 -1.002241012734443e-25)
(0.001654437602242013 0.0005222943011532222 0)
(0.001791298658459072 0.0004392862133467456 -2.386630789020684e-25)
(0.001907616801169246 0.000354785941209003 -1.224997555105835e-25)
(0.002003271459103828 0.0002723221793242674 2.435433546150361e-25)
(0.002078814277939813 0.0001946401790163509 1.176221303428795e-25)
(0.002135300870212383 0.0001237397209107783 -1.106162473735413e-25)
(0.002174142359213009 6.094533061448261e-05 -1.013524901629314e-25)
(0.002196976804508575 6.993877016942974e-06 9.041594966772814e-26)
(0.002205558617973603 -3.787346757064751e-05 0)
(0.002201663014149623 -7.382594895916082e-05 -6.560976618631999e-26)
(0.00218700199017148 -0.0001013739251024002 5.260864286947253e-26)
(0.002163147997337377 -0.0001213233603866556 3.967065360973592e-26)
(0.0021314611947536 -0.0001347605742193043 -2.707397243708675e-26)
(0.002093015981040265 -0.0001430719240052736 -1.507340897787123e-26)
(0.002048522590779215 -0.0001480000821362179 0)
(0.001998240362699849 -0.0001517330211009236 5.992051990338785e-27)
(0.00194188158902336 -0.0001570120326063072 2.850955861474219e-26)
(0.001878509773612751 -0.000167229111902044 2.017785303430646e-26)
(0.001806445168572458 -0.0001864602185981359 0)
(0.0017232052521758 -0.0002193492264368227 0)
(0.001625529345213845 -0.0002707212726865203 0)
(0.001509563668515222 -0.0003447731049891309 0)
(0.001371310189302693 -0.00044367881842494 0)
(0.001207457025470489 -0.0005654851713717487 0)
(0.001016693882291199 -0.0007012741802659581 0)
(0.0008015483896407036 -0.0008317522477393934 -2.203631419586181e-25)
(0.0005705887083905287 -0.0009236728162795724 -3.244770519202794e-25)
(0.0003404143895612522 -0.000926776074883098 0)
(0.0001412485830703892 -0.0007721546188957664 6.015541699300657e-25)
(1.298214950464592e-05 -0.0003722414729229632 6.164825869576871e-25)
(5.550810215435492e-06 9.933555338802725e-05 -6.308351435189617e-26)
(7.132417329905868e-05 0.0002586376218542999 -5.786797035615791e-26)
(0.0001860228963572438 0.0003809098789635659 7.372587092622015e-26)
(0.0003362511050284359 0.0004680116937533473 1.514317077563569e-26)
(0.0005095603410938246 0.000522556770217974 -6.281138362396086e-27)
(0.0006961012606978097 0.0005477718840418761 -2.689718166595288e-26)
(0.0008870774956102923 0.0005474699783493802 4.610223404248369e-26)
(0.00107499543481386 0.0005259032048314934 0)
(0.001253765341740409 0.0004875514740075249 -7.774083366647378e-26)
(0.001418703557616639 0.000436889948272565 -8.909656660476996e-26)
(0.00156646889001004 0.000378170486708206 0)
(0.00169494544803503 0.0003152431132833985 -2.028103641064568e-25)
(0.001803089551907932 0.0002514315584796044 -2.047401039969248e-25)
(0.001890758727563138 0.0001894656105728289 1.620791345682279e-39)
(0.001958537048849597 0.0001314648263686974 0)
(0.002007566871409633 7.8963386802015e-05 -8.810759812262021e-26)
(0.00203939324596523 3.296390942353525e-05 -1.583906355462315e-25)
(0.002055824278038412 -5.992049547124141e-06 -4.929874854005147e-40)
(0.002058808395341837 -3.774808693170404e-05 0)
(0.002050327715248485 -6.246150157383235e-05 -4.665756896378818e-26)
(0.002032305270689677 -8.054470389974229e-05 3.512524233657869e-26)
(0.002006522607017932 -9.262655730769838e-05 2.369175824376661e-26)
(0.00197454315375511 -9.953945506579182e-05 0)
(0.00193763587476251 -0.0001023364054561152 0)
(0.001896693237459715 -0.0001023399580439356 0)
(0.001852137964973263 -0.0001012204438706978 1.796920422788245e-26)
(0.001803815100929167 -0.0001010933567668826 2.648923519057697e-26)
(0.001750870780560427 -0.0001046132157603339 -3.356641247795962e-26)
(0.001691628341840472 -0.0001150226175793621 -3.848908892263483e-26)
(0.00162348783570021 -0.0001360902295510878 0)
(0.001542898007843029 -0.000171842447752072 0)
(0.001445480063438701 -0.0002259665977805164 0)
(0.001326415637862914 -0.0003007501033139801 0)
(0.001181236293026824 -0.000395435439495401 0)
(0.001007153192780076 -0.0005039312907528437 0)
(0.0008050155389206482 -0.0006119385511410046 -1.384247797094069e-25)
(0.0005818032521920242 -0.0006937325724762694 -2.275167999161428e-25)
(0.0003531255563070904 -0.0007090907300097495 0)
(0.0001498951446903735 -0.000601102661684622 -4.777035446547615e-25)
(1.470063588715857e-05 -0.0002953330904351088 -5.086283082438375e-25)
(5.115217131874818e-06 6.401943827917815e-05 0)
(6.430284962549161e-05 0.0001703157337506508 4.281655447024846e-26)
(0.0001674737676179801 0.0002532196920908462 1.799404085185387e-26)
(0.0003029198817574526 0.0003123702813436978 0)
(0.0004595211807004066 0.000349163960851384 2.737766314278501e-26)
(0.0006282890389355628 0.0003657424206245044 4.255783057484431e-26)
(0.0008010775324863174 0.0003647485698599147 5.601812948301783e-26)
(0.0009708714729485536 0.0003491529724688817 0)
(0.001131923587080113 0.0003220912935492766 7.619625106350132e-26)
(0.001279791408167596 0.0002867012936860858 8.234090621086052e-26)
(0.001411305883165146 0.0002459684369422575 0)
(0.001524482345256068 0.000202596211925535 -1.724231177406633e-25)
(0.00161838903705539 0.0001589131568726654 -1.683060879597316e-25)
(0.001692989829023219 0.0001168209228822812 -3.191687877714841e-25)
(0.001748975759865903 7.778100436874204e-05 -2.940586930602859e-25)
(0.001787597155956622 4.283331465782168e-05 -6.574968821905063e-26)
(0.001810505002582346 1.263756577056674e-05 -1.138589508078774e-25)
(0.001819607243849239 -1.247209576579317e-05 8.823960319152385e-40)
(0.001816942933536222 -3.242817070827978e-05 7.533944179367056e-26)
(0.00180457468227089 -4.737447608492949e-05 2.784531167954395e-26)
(0.001784497631670304 -5.762103722091219e-05 -1.817402733487409e-26)
(0.001758561214693763 -6.361469423642539e-05 -8.771788739100791e-27)
(0.001728398246652822 -6.592987785063193e-05 0)
(0.001695354518026938 -6.528287133312129e-05 2.722830213530167e-26)
(0.001660411241493943 -6.257116586695443e-05 5.262979463136156e-26)
(0.001624092862777136 -5.893648207880232e-05 0)
(0.001586354606810668 -5.584466064091065e-05 0)
(0.001546448826663039 -5.516678670071394e-05 -4.089633145318112e-26)
(0.001502778309663839 -5.923267029878927e-05 -4.733875009481039e-26)
(0.001452760004470014 -7.080998362850095e-05 0)
(0.001392745758487216 -9.294132385022504e-05 5.443415946231549e-26)
(0.001318077865599479 -0.0001285508969474184 5.237958212642243e-26)
(0.001223393624594052 -0.0001797186188260227 0)
(0.001103326195704867 -0.0002465202254245958 0)
(0.0009537666447542726 -0.0003253559136665098 0)
(0.0007738269113131279 -0.0004067469415263623 -5.345505533936356e-26)
(0.000568485603831909 -0.0004726879303782792 -1.226178652385514e-25)
(0.0003514946004953063 -0.0004938368237804414 0)
(0.0001529139405497245 -0.0004270662846363138 0)
(1.608038410178731e-05 -0.0002144151781526343 0)
(4.158079783174975e-06 3.329607579686763e-05 0)
(5.24534816425272e-05 9.341063938448268e-05 -3.296948015561511e-26)
(0.0001377551125632611 0.0001415854135580518 -6.021531173432641e-26)
(0.0002505829962109386 0.0001758332252348357 0)
(0.0003815107446500537 0.0001967895824783904 0)
(0.0005226911124531207 0.0002057842048038821 0)
(0.0006669788881649431 0.0002044697135190487 0)
(0.0008082224954578216 0.0001946715746128409 0)
(0.0009414014066836041 0.0001782921170858526 8.632671316274714e-26)
(0.00106266892707368 0.000157220936162753 8.599215717576981e-26)
(0.001169331054526794 0.0001332461420903106 0)
(0.00125977025207435 0.0001079766366445478 -1.565759700747866e-25)
(0.001333326641225202 8.27854210531604e-05 -1.432278392930293e-25)
(0.001390151637373416 5.877853300479366e-05 -1.908125028760101e-25)
(0.001431048535113414 3.678896915710467e-05 -1.640748577882647e-25)
(0.001457312642694674 1.73913557385457e-05 0)
(0.001470580803818969 9.312994993792165e-07 0)
(0.001472696995197366 -1.243708906766662e-05 2.647841537327676e-26)
(0.001465597522109351 -2.271156210015147e-05 3.522352087103962e-26)
(0.001451216382859541 -3.000518005464106e-05 9.340331567418319e-27)
(0.001431408749649145 -3.451707241501016e-05 -1.737396934641397e-27)
(0.001407888252524401 -3.651391258312018e-05 5.202230884529493e-27)
(0.001382171859121886 -3.632482884902796e-05 0)
(0.001355524652283253 -3.435182798322717e-05 5.237974926854374e-26)
(0.001328895867731803 -3.10968851310474e-05 6.930974269504235e-26)
(0.001302837518603631 -2.720515720769256e-05 0)
(0.001277398463731392 -2.352065136526078e-05 0)
(0.001251990921453271 -2.114540694157928e-05 -8.119350587459529e-26)
(0.001225234637777133 -2.148525403743378e-05 -9.429236067216246e-26)
(0.001194797888637544 -2.625439398238723e-05 0)
(0.001157275781647563 -3.739816066525928e-05 6.075250954694461e-26)
(0.001108175548227219 -5.688017818802966e-05 6.649216841035913e-26)
(0.001042114162495372 -8.62692517442731e-05 0)
(0.0009533705188434169 -0.0001260548899371115 1.357563038252633e-25)
(0.0008369659006745183 -0.0001746192296542273 1.15190005822866e-25)
(0.0006904515410404113 -0.0002268006450282929 0)
(0.0005164728572060596 -0.0002720180482582914 0)
(0.0003258710226567789 -0.000292034701165562 0)
(0.0001455826667037145 -0.00025861241668125 0)
(1.665614021002371e-05 -0.0001330811500136606 0)
(2.332977255422944e-06 1.059020416416294e-05 0)
(3.413132259486943e-05 3.48352775492982e-05 0)
(9.340192558055679e-05 5.51124476078996e-05 0)
(0.0001732396216710396 6.92407981450271e-05 1.672853492405968e-25)
(0.0002664246849905758 7.756295204641481e-05 1.944488355934592e-25)
(0.0003668569021194161 8.079136990371228e-05 0)
(0.0004690789991711576 7.973076800240443e-05 0)
(0.0005684666849442897 7.521445837300276e-05 1.091739876488071e-25)
(0.0006613090787042489 6.808014141029984e-05 1.049655094832113e-25)
(0.000744827000378192 5.914356670387205e-05 0)
(0.0008171468898336527 4.916570852530773e-05 0)
(0.0008772329307543428 3.882103822910459e-05 0)
(0.0009247852606705967 2.867409822310145e-05 0)
(0.0009601161883045748 1.916775889985129e-05 0)
(0.0009840170586993362 1.062316436275682e-05 0)
(0.0009976270934736557 3.249225695437203e-06 0)
(0.001002312975637604 -2.841466210613651e-06 3.586571124604802e-26)
(0.0009995648577556971 -7.613573914518417e-06 1.67572729020605e-26)
(0.0009909113871645369 -1.108969822263225e-05 0)
(0.0009778535772881388 -1.333315998273018e-05 0)
(0.0009618150342941401 -1.443467436178045e-05 0)
(0.0009441041665085208 -1.450428791051461e-05 0)
(0.0009258824915947279 -1.366967098659357e-05 0)
(0.0009081319609666037 -1.208166140351549e-05 0)
(0.0008916133911253584 -9.92768384647725e-06 0)
(0.0008768078693281767 -7.453079623599192e-06 0)
(0.000863833909056278 -4.989154908207274e-06 0)
(0.0008523360344456178 -2.984549700980369e-06 -6.681259825863168e-26)
(0.0008413465707411055 -2.033078149337051e-06 -7.688290519840717e-26)
(0.000829133101881887 -2.886457853365374e-06 0)
(0.0008130605906402754 -6.434666424512105e-06 0)
(0.0007895201823670411 -1.363069928856093e-05 0)
(0.0007540056853457654 -2.533073931355627e-05 0)
(0.000701451689127279 -4.20143960756099e-05 1.889926647142476e-25)
(0.0006269841368309764 -6.333950549203144e-05 2.584980548453026e-39)
(0.0005272664610875657 -8.746902196239714e-05 0)
(0.0004025850230107271 -0.0001100878768602887 1.964756022660941e-25)
(0.0002596945817874133 -0.0001230409318062045 0)
(0.0001191742993701734 -0.0001125539211124943 0)
(1.517186649193087e-05 -5.983591976164265e-05 0)
(-8.705490802632345e-08 -6.516205983378116e-08 0)
(1.063868676006967e-05 2.476520470522079e-06 0)
(3.424208626445341e-05 4.602075746254778e-06 0)
(6.72045658707234e-05 5.916776614852309e-06 8.081112655752849e-26)
(0.0001059464220854892 6.581639304810915e-06 9.192883750651236e-26)
(0.0001475627339356424 6.720063685599492e-06 0)
(0.0001895714523544332 6.448501598783137e-06 0)
(0.0002299412944032893 5.86897361208774e-06 4.861842401814609e-26)
(0.0002670938928995751 5.074945763954015e-06 4.573420288865585e-26)
(0.0002998945174883729 4.152935326001133e-06 0)
(0.0003276296512099946 3.180359903115684e-06 0)
(0.0003499672388621889 2.222533302570258e-06 0)
(0.0003669018410707905 1.330550075588222e-06 0)
(0.0003786905553477749 5.407154060048515e-07 0)
(0.0003857864045887243 -1.245152967586637e-07 0)
(0.000388775117978543 -6.544852744524598e-07 0)
(0.000388319610610106 -1.047682726248361e-06 8.217904526596533e-27)
(0.0003851146050578975 -1.308951696658561e-06 4.827530704711786e-28)
(0.0003798521121447562 -1.446924696153907e-06 0)
(0.0003731970765142433 -1.471915096757866e-06 0)
(0.0003657714229341873 -1.394413786621204e-06 0)
(0.0003581439483813871 -1.224281266811663e-06 0)
(0.0003508228938915271 -9.707129591712842e-07 0)
(0.0003442475140864273 -6.430698510588757e-07 0)
(0.0003387745186773343 -2.526859257997239e-07 0)
(0.0003346549777506663 1.842458695652329e-07 0)
(0.0003319974087652911 6.42690829963043e-07 0)
(0.0003307137381632011 1.083881982143234e-06 -1.137592625020978e-26)
(0.0003304472811852014 1.450083204896051e-06 -2.588762288638721e-26)
(0.0003304865411173666 1.660111369443296e-06 -1.559952874533989e-26)
(0.0003296761498564253 1.607389801504604e-06 0)
(0.0003263470065112601 1.163011440333097e-06 0)
(0.00031830153638744 1.870439778949793e-07 0)
(0.000302906829993838 -1.447565558280577e-06 0)
(0.0002773714076679007 -3.811087871153384e-06 -9.86253749664227e-26)
(0.0002393157919857309 -6.836937639264576e-06 0)
(0.0001877567516752225 -1.018265123851672e-05 1.151848918277344e-25)
(0.000124600742148449 -1.309061726236844e-05 0)
(5.91375123345337e-05 -1.36867923888105e-05 0)
(9.323791489789167e-06 -9.128764965142267e-06 0)
)
;

boundaryField
{
    hotWall
    {
        type            noSlip;
    }
    coldWall
    {
        type            noSlip;
    }
    bottomWall
    {
        type            noSlip;
    }
    topWall
    {
        type            noSlip;
    }
    front
    {
        type            empty;
    }
    back
    {
        type            empty;
    }
}


// ************************************************************************* //
