#              distance                     U_x                     U_y                     U_z                       T
  6.939740885162004e-18                       0                       0                       0       299.7160410712058
  0.0003906250000000001   -0.000114951359138262   1.694077226742583e-07                       0       299.7160394868854
  0.0007812500000000002  -0.0002254517878279528   7.340983453946152e-07                       0       299.7160315652805
            0.001171875  -0.0003326689431544634   1.609037056228932e-06                       0       299.7160252464706
              0.0015625   -0.000437697249572184   2.690807825805873e-06                       0       299.7160199961872
            0.001953125  -0.0005373445868615962   4.216962907245609e-06                       0       299.7160274918435
             0.00234375  -0.0006348762009198067   5.893496695298106e-06                       0       299.7160439003643
            0.002734375  -0.0007292342301312146   7.795598543269754e-06                       0       299.7160736781819
               0.003125  -0.0008194352972856437   9.955178870206345e-06                       0        299.716128460485
            0.003515625  -0.0009075768968769119   1.223312273468709e-05                       0       299.7161974236058
   0.003906250000000001  -0.0009916375882725358   1.472704227037983e-05                       0       299.7162981055182
            0.004296875   -0.001072696070176859   1.735384211971361e-05                       0       299.7164272568481
              0.0046875   -0.001151753079087035   2.006922884480893e-05                       0       299.7165753878054
            0.005078125    -0.00122590655775164   2.296102798966011e-05    1.02016180613213e-30       299.7167781695865
   0.005468750000000001   -0.001298139847841388   2.590669786243377e-05   1.665571771718559e-30       299.7170054520944
   0.005859374999999999   -0.001367492855068846   2.893317382709114e-05   1.748853976486273e-30       299.7172694856926
                0.00625   -0.001433090344923658   3.203658961588283e-05   8.827552087199998e-31       299.7175873224255
            0.006640625   -0.001496831898247035    3.51714073363448e-05                       0        299.717933142401
             0.00703125   -0.001556905222817397   3.835489295935527e-05                       0       299.7183370922282
   0.007421875000000001   -0.001614294627544444   4.155552982759382e-05                       0       299.7187875330779
              0.0078125   -0.001669894752375858   4.476760085931548e-05                       0       299.7192689679255
   0.008203125000000002   -0.001721136606391675   4.797902338896413e-05                       0       299.7198321352891
   0.008593750000000001   -0.001770682182382954   5.117966670832812e-05                       0       299.7204294695642
   0.008984374999999999   -0.001817683341337435   5.436414121226548e-05                       0       299.7210780542084
   0.009375000000000001   -0.001861387922297012   5.750829328743935e-05                       0       299.7217974818751
            0.009765625    -0.00190346862912914   6.062814203466473e-05                       0       299.7225528518816
             0.01015625   -0.001942350417446412   6.369109989886083e-05                       0       299.7233811482305
            0.010546875   -0.001978907323963892   6.670054333064006e-05                       0       299.7242653929019
              0.0109375    -0.00201391430928151    6.96743104741414e-05                       0       299.7251869364549
            0.011328125   -0.002045171749449718   7.254332125851701e-05                       0       299.7262033203443
             0.01171875   -0.002074979889116807   7.536515485478535e-05                       0       299.7272580871332
            0.012109375   -0.002102614078032217   7.811622266889266e-05                       0       299.7283704282711
                 0.0125   -0.002127451220164586   8.076417646646181e-05                       0       299.7295600645717
            0.012890625   -0.002150915279196658   8.335880072679421e-05                       0       299.7307883941311
             0.01328125   -0.002171684052611046    8.58432208547357e-05                       0        299.732094201631
            0.013671875   -0.002190507606046748   8.824082839253572e-05                       0       299.7334580084675
              0.0140625   -0.002208034346163196   9.058056087023615e-05                       0       299.7348604815109
            0.014453125   -0.002222445622387055   9.277044182107413e-05                       0       299.7363590515969
             0.01484375   -0.002235660994480785   9.489895826709755e-05                       0       299.7378956881581
            0.015234375   -0.002247082510379566   9.693542795590966e-05                       0       299.7394894244653
               0.015625   -0.002256211814561758   9.884747179927476e-05                       0       299.7411582792719
    0.01601562500000001   -0.002264219606637378   0.0001006971333435713                       0       299.7428643773334
             0.01640625   -0.002270033562003297   0.0001024216915370419                       0       299.7446443299152
            0.016796875   -0.002274274828961094   0.0001040525815248827                       0       299.7464785537518
              0.0171875   -0.002277467636980145   0.0001056210260423035                       0       299.7483489584251
            0.017578125   -0.002278158360323934   0.0001070345774983465                       0       299.7503076890399
             0.01796875   -0.002277894945780748   0.0001083869815177504                       0       299.7523008059609
            0.018359375     -0.0022762003244071   0.0001096476643821956                       0        299.754345502341
                0.01875   -0.002272688794994015   0.0001107881999852018                       0       299.7564569167648
            0.019140625   -0.002268291111743941   0.0001118693038343942                       0       299.7586011401157
             0.01953125    -0.00226216572118537    0.000112832827929773                       0       299.7608098811347
    0.01992187500000001    -0.00225480973540765   0.0001137103324335563                       0       299.7630652659992
              0.0203125    -0.00224663335281719   0.0001145304905429441                       0       299.7653517467645
    0.02070312500000001   -0.002236511638680657   0.0001152111755560799                       0       299.7677129279945
             0.02109375   -0.002225652824632988   0.0001158377004977922  -5.377393820255369e-30       299.7701027306171
            0.021484375   -0.002213688360718528   0.0001163829853323649  -1.882087837086446e-29       299.7725354653164
               0.021875   -0.002200329240844473   0.0001168232781379242    -1.0754787640513e-29       299.7750228578237
            0.022265625   -0.002186292038290652   0.0001172119081471582   5.317719185439019e-30       299.7775369206623
             0.02265625   -0.002170937160977382   0.0001174988790001042   3.190631511262612e-29       299.7801030070202
            0.023046875   -0.002154649822457073    0.000117712066856739   3.450208807708615e-29       299.7827061112681
              0.0234375   -0.002137740843132084   0.0001178760660491668   2.110264573308219e-29       299.7853338941112
    0.02382812500000001   -0.002119367503842947    0.000117921073654503   7.913492149892713e-30       299.7880200209428
             0.02421875   -0.002100443017962682    0.000117920008819117                       0        299.790728144267
            0.024609375   -0.002080691812195707    0.000117849835322647                       0       299.7934692623277
                  0.025   -0.002059904920213285   0.0001176904002231844   3.464428113649104e-28       299.7962517053849
            0.025390625   -0.002038616194836108   0.0001174870085076562   6.934092992745657e-28       299.7990541508514
             0.02578125   -0.002016355822095351   0.0001171970519308597   6.960276819982721e-28       299.8018952809591
            0.026171875   -0.001993412836993085   0.0001168440439082373   6.980463431416271e-28       299.8047634742549
              0.0265625   -0.001970014776983167   0.0001164490015883992    6.99665189898058e-28       299.8076497096793
            0.026953125   -0.001945552765597744   0.0001159517344760783   7.002915028200995e-28       299.8105778639353
             0.02734375   -0.001920693432019428   0.0001154146176982718   5.255004679299826e-28       299.8135215418197
            0.027734375   -0.001895238115151741   0.0001148177264222344     8.7583411321664e-29       299.8164885051419
               0.028125    -0.00186904223867096   0.0001141430129335951                       0       299.8194840983174
            0.028515625   -0.001842489006169652   0.0001134298092276996                       0       299.8224934216552
             0.02890625   -0.001815246909199594    0.000112640466865398                       0       299.8255290358287
            0.029296875   -0.001787525175838589   0.0001117951485753201                       0       299.8285826778518
    0.02968750000000001   -0.001759483684883675   0.0001109125130000611  -1.489272042167694e-43       299.8316483384509
            0.030078125    -0.00173070160993561   0.0001099382620891028  -1.110616923425976e-29       299.8347413423315
             0.03046875   -0.001701645697195883   0.0001089279656116436  -1.767385548829015e-29       299.8378442503293
            0.030859375   -0.001672179027768621   0.0001078636007844321  -1.743381727179611e-29       299.8409620144956
                0.03125   -0.001642207262885821   0.0001067282277032641  -8.692904814229919e-30        299.844097620521
            0.031640625   -0.001611993053609783   0.0001055575977981545                       0       299.8472416816354
             0.03203125   -0.001581314162216696   0.0001043169488512598                       0       299.8504017213124
            0.032421875   -0.001550315477456513   0.0001030244765505768                       0       299.8535724263782
    0.03281249999999999   -0.001519103597118299   0.0001016974553473702                       0       299.8567502417096
            0.033203125   -0.001487403993763827   0.0001002851612810908                       0       299.8599437684294
    0.03359375000000001   -0.001455526390480353   9.883919012415433e-05                       0       299.8631428076556
            0.033984375   -0.001423381787303331   9.734270333122807e-05                       0       299.8663501156316
               0.034375   -0.001390913372731694   9.577973698592695e-05                       0       299.8695670117038
            0.034765625   -0.001358290613161263   9.418375843267941e-05                       0       299.8727883692297
             0.03515625   -0.001325374284990273   9.252221060002328e-05                       0       299.8760179844738
    0.03554687499999999   -0.001292259036999829   9.081221321501382e-05                       0       299.8792528741619
              0.0359375   -0.001259011175796427   8.906991612843506e-05                       0       299.8824912801492
            0.036328125   -0.001225464891018413   8.724818473259392e-05                       0       299.8857370747774
    0.03671875000000001   -0.001191811576950617    8.53952569906098e-05                       0       299.8889853146148
    0.03710937500000001   -0.001157997718948155   8.349553472941195e-05                       0       299.8922372222677
    0.03750000000000001   -0.001123992724347764    8.15346960650706e-05                       0       299.8954930983185
    0.03789062500000001   -0.001089897465119345   7.954365279560412e-05                       0       299.8987507519192
             0.03828125   -0.001055632283976671   7.749290750877787e-05                       0        299.902011547298
            0.038671875    -0.00102125433194536   7.539856075418328e-05                       0       299.9052741480441
              0.0390625  -0.0009868011993216471   7.327514635441159e-05                       0       299.9085379523751
    0.03945312500000001  -0.0009521825686751266   7.108122645085438e-05                       0       299.9118039577638
    0.03984375000000001  -0.0009175059506766584   6.886005653085178e-05                       0       299.9150705626035
            0.040234375  -0.0008827423516502529   6.659801158618102e-05                       0       299.9183380666146
    0.04062500000000001  -0.0008478777246437637    6.42835512502845e-05                       0       299.9216062877774
            0.041015625  -0.0008129659674307521   6.194345050943491e-05                       0       299.9248747660283
    0.04140625000000001  -0.0007779667173719173   5.955320354001019e-05                       0       299.9281435555462
            0.041796875   -0.000742910991997432   5.712718846220985e-05                       0       299.9314123276275
              0.0421875    -0.00070781761641252    5.46773279788267e-05                       0       299.9346810880879
            0.042578125  -0.0006726437680079339   5.217115515727901e-05                       0       299.9379494847972
             0.04296875  -0.0006374425944565644   4.964386907139349e-05  -3.515753078071079e-30       299.9412176331613
            0.043359375  -0.0006022004331850079   4.708491308899999e-05  -1.230513577324539e-29       299.9444854090028
                0.04375  -0.0005669122350292692   4.448673090537512e-05  -1.392430969525091e-29       299.9477525396942
            0.044140625  -0.0005316029139401233   4.186972805128354e-05  -1.206240619347012e-29       299.9510193237946
             0.04453125  -0.0004962551380015271   3.921666871655952e-05  -3.446401769562241e-30       299.9542853666794
            0.044921875  -0.0004608834988633727   3.653906413072298e-05                       0       299.9575508172114
    0.04531250000000001  -0.0004254959509255154   3.384509604414547e-05                       0       299.9608158728448
            0.045703125  -0.0003900758588671784   3.111456634486375e-05                       0       299.9640799336448
             0.04609375  -0.0003546452592765217   2.837121834534404e-05                       0       299.9673436122673
            0.046484375  -0.0003191988983873773   2.560864289546771e-05                       0       299.9706067176185
               0.046875  -0.0002837358762557734   2.282416370836216e-05                       0       299.9738691226812
    0.04726562500000001  -0.0002482654698954517   2.002969186960477e-05                       0       299.9771312004899
             0.04765625  -0.0002127821878627909   1.721715316147489e-05                       0       299.9803926696388
            0.048046875  -0.0001772917373110233   1.439400695264299e-05                       0       299.9836537679233
              0.0484375  -0.0001417965077465201    1.15637890766766e-05                       0       299.9869146189682
            0.048828125  -0.0001062930204874332   8.720881907291109e-06                       0       299.9901750165452
             0.04921875  -7.078757498947156e-05   5.874919622802186e-06                       0       299.9934353048592
            0.049609375  -3.527919213319537e-05   3.024374665657643e-06                       0       299.9966954292739
                   0.05   2.305750884515315e-07   1.717903854643993e-07                       0       299.9999554868931
    0.05039062500000001   3.574041454204652e-05  -2.680793386113364e-06  -6.241435208608951e-30       300.0032155496693
             0.05078125   7.124915855806049e-05  -5.531335800179624e-06  -3.744861125165276e-29       300.0064756998697
    0.05117187500000001    0.000106755181276676  -8.377294383668744e-06  -6.389816685449257e-29       300.0097360294006
    0.05156250000000001   0.0001422593897970283  -1.122019708010666e-05  -8.717597549719461e-29       300.0129964784952
    0.05195312500000001   0.0001777556986125796  -1.405040977584494e-05  -3.269099081144598e-29       300.0162574066239
             0.05234375   0.0002132473703488415  -1.687355125164824e-05                       0       300.0195185921423
            0.052734375   0.0002487320864661851  -1.968608589755039e-05                       0       300.0227801637636
    0.05312500000000001   0.0002842042074284688  -2.248055650243397e-05  -1.054336169747608e-28       300.0260423641444
            0.053515625   0.0003196690833806202  -2.526503646898603e-05  -2.154424115317303e-28       300.0293049017456
    0.05390625000000001   0.0003551175744473216  -2.802761792322941e-05  -2.383182994428527e-28       300.0325681594785
    0.05429687500000001   0.0003905505077678509  -3.077097797984178e-05  -1.546679091295527e-28       300.0358320050927
              0.0546875   0.0004259730692576274  -3.350152377136936e-05                       0       300.0390962426511
    0.05507812500000001   0.0004613634187210051  -3.619552213518398e-05                       0       300.0423614989576
             0.05546875   0.0004967379889822957  -3.887316451769115e-05                       0       300.0456271595192
            0.055859375   0.0005320888904404684  -4.152627292823772e-05                       0         300.04889342647
                0.05625   0.0005674015890358992  -4.414334397943155e-05                       0       300.0521604528828
            0.056640625   0.0006026932887131685  -4.674160503323517e-05                       0       300.0554278348627
    0.05703125000000001   0.0006379391955806469   -4.93006634568365e-05                       0       300.0586958797159
            0.057421875   0.0006731442913407573  -5.182807325508829e-05                       0       300.0619643099505
              0.0578125   0.0007083221796959648  -5.433438396977489e-05                       0       300.0652329971091
    0.05820312500000001   0.0007434198780319913  -5.678442417618629e-05                       0       300.0685020686626
    0.05859375000000001   0.0007784800343422569  -5.921063840050288e-05   3.853393496521747e-30       300.0717711597733
    0.05898437500000002   0.0008134838776138841   -6.16011136516773e-05   1.348687723782122e-29         300.07504028022
    0.05937500000000001   0.0008484004339341843   -6.39414871517766e-05   1.560932372934869e-29       300.0783091045521
            0.059765625   0.0008832699602311526  -6.625624394635778e-05   1.382943928855222e-29       300.0815776791604
             0.06015625   0.0009180386533862351  -6.851863566995069e-05    3.95126836815387e-30       300.0848455510254
            0.060546875   0.0009527205029286043  -7.074019462242233e-05  -3.121020242135287e-30       300.0881125339187
    0.06093750000000001   0.0009873444567291862   -7.29345317274809e-05  -8.322720645720419e-30       300.0913789241708
            0.061328125    0.001021803126329366  -7.505844144396821e-05  -5.995593715383564e-28        300.094643129305
             0.06171875      0.0010561866945196   -7.71533178863659e-05  -9.625938429763309e-28       300.0979061368114
            0.062109375    0.001090457610594909  -7.920464441762898e-05  -9.833250452322587e-28       300.1011673478725
                 0.0625    0.001124558749907009  -8.119634397782714e-05  -4.937356428416913e-28       300.1044254281338
    0.06289062500000001    0.001158569693734387  -8.315787803486914e-05                       0       300.1076817361098
             0.06328125     0.00119238963238603  -8.505837705034171e-05                       0       300.1109340857319
    0.06367187499999999    0.001226049114987737  -8.691214727960866e-05                       0       300.1141827743605
    0.06406250000000002    0.001259601626889529  -8.873476498474227e-05                       0       300.1174290223358
            0.064453125    0.001292855843241346  -9.047806569160133e-05                       0       300.1206678917551
    0.06484375000000001    0.001325977489947483   -9.21891166621667e-05                       0       300.1239032484322
    0.06523437500000001    0.001358900282185012  -9.385179302828507e-05                       0       300.1271333359757
               0.065625    0.001391529577132526  -9.544900595845702e-05                       0       300.1303551718505
    0.06601562499999999    0.001424004558641459  -9.701326102695931e-05                       0       300.1335725490352
             0.06640625    0.001456155783686097  -9.851114808472937e-05                       0       300.1367803431315
    0.06679687500000001    0.001488040037315836  -9.995860724095374e-05                       0       300.1399798714337
    0.06718749999999998     0.00151974631000238  -0.0001013724477961522                       0       300.1431738892211
            0.067578125    0.001550964885182955  -0.0001027011681268369                       0       300.1463521992059
    0.06796875000000001    0.001581970265890866  -0.0001039954030007596                       0       300.1495233998598
            0.068359375    0.001612655854889641  -0.0001052379096895304                       0       300.1526839364905
    0.06875000000000001    0.001642876745117835  -0.0001064105286137571                       0       300.1558284953386
    0.06914062500000001    0.001672855177734812    -0.00010754795733963                       0        300.158964599203
             0.06953125    0.001702328478677687  -0.0001086145130366377                       0        300.162082860948
    0.06992187500000002    0.001731390980543123  -0.0001096271044040029                       0       300.1651862655455
              0.0703125    0.001760179616356927  -0.0001106037195516066                       0       300.1682797653779
    0.07070312500000001     0.00178822757118673  -0.0001114888964165426                       0       300.1713459190208
             0.07109375    0.001815955718686972  -0.0001123368280131817                       0       300.1744000524433
    0.07148437499999999    0.001843204155192904  -0.0001131288917073765                       0         300.17743615554
    0.07187499999999999    0.001869763605043063  -0.0001138449625765942                       0       300.1804459635275
            0.072265625    0.001895965631884057  -0.0001145226164368145                       0       300.1834420389874
    0.07265625000000001    0.001921426953343979  -0.0001151225950860101                       0       300.1864094794149
    0.07304687500000001    0.001946292163836774  -0.0001156629098716283                       0       300.1893536298543
              0.0734375    0.001970759967018194   -0.000116163448748198                       0       300.1922822536414
    0.07382812500000001    0.001994163574310665  -0.0001165619470030658                       0       300.1951689499473
             0.07421875    0.002017111995746515  -0.0001169184841842081                       0       300.1980376002896
    0.07460937500000001    0.002039377638397368  -0.0001172120797547584                       0       300.2008791816761
    0.07500000000000001    0.002060671384585763  -0.0001174192552850489                       0       300.2036820699992
    0.07539062500000002    0.002081463165803826  -0.0001175825460142464                       0       300.2064649515384
    0.07578125000000002     0.00210121898360284  -0.0001176567175793226                       0       300.2092064989786
            0.076171875    0.002120147851871665  -0.0001176618849462373                       0          300.2119150444
    0.07656250000000002    0.002138525420453776  -0.0001176210495143828                       0       300.2146015884863
    0.07695312500000001    0.002155438209034481  -0.0001174613916737189                       0       300.2172297757496
    0.07734374999999999    0.002171729173473309  -0.0001172526104712986                       0       300.2198332790593
    0.07773437499999999    0.002187087401699253  -0.0001169701442262389                       0        300.222399756429
               0.078125    0.002201127557097271  -0.0001165861438887502                       0        300.224914199143
    0.07851562500000001    0.002214489422762642  -0.0001161505416998928                       0       300.2274019658568
    0.07890625000000001    0.002226456202325881  -0.0001156100661980166                       0        300.229835063298
    0.07929687499999999    0.002237316984910816  -0.0001149884342597955                       0       300.2322252198317
    0.07968750000000001    0.002247440436177047  -0.0001143126980306863                       0        300.234586749116
            0.080078125    0.002255617935905099  -0.0001134976182079986                       0       300.2368735629956
    0.08046875000000001     0.00226297477403344  -0.0001126252394137206                       0       300.2391292749487
    0.08085937500000001    0.002269100619762177  -0.0001116669121620559                       0       300.2413383340067
    0.08125000000000002    0.002273498194738575   -0.000110591090457676                       0       300.2434828632842
    0.08164062500000002    0.002277009325646229  -0.0001094558770701354                       0       300.2455945775567
             0.08203125     0.00227870295103203  -0.0001082005914027038                       0       300.2476395616938
    0.08242187500000001    0.002278964895914603  -0.0001068536325076967                       0       300.2496329573522
    0.08281250000000001    0.002278272387128357  -0.0001054455581276392                       0       300.2515919606914
    0.08320312499999999    0.002275076961720333  -0.0001038826557931367                       0       300.2534626232326
    0.08359375000000001    0.002270832727707806  -0.0001022573277640121                       0       300.2552970990937
            0.083984375    0.002265015280788522  -0.0001005383611929545                       0       300.2570772949346
    0.08437500000000001    0.002257003264403431  -9.869431759892859e-05                       0       300.2587836248193
    0.08476562500000001     0.00224786936129668  -9.678790139894979e-05                       0       300.2604527058057
             0.08515625    0.002236442480769092  -9.475707179812693e-05                       0       300.2620466571554
    0.08554687500000001    0.002223221145504767  -9.263419389206231e-05   9.720585566643035e-30       300.2635835006695
    0.08593750000000001    0.002208803507082668  -9.044995044917214e-05   2.592156151102813e-29          300.2650822723
    0.08632812500000001    0.002191269367643852  -8.811583402976863e-05   2.552531424418936e-29       300.2664849338633
    0.08671875000000001    0.002172437984618076  -8.572382615052179e-05   1.281738385452633e-29       300.2678489242053
    0.08710937500000002     0.00215166073621182  -8.324498108150811e-05   -1.83580712193426e-29       300.2691549077102
    0.08750000000000002    0.002128187311706688  -8.065588294463217e-05  -2.421703727633906e-29       300.2703834036959
    0.08789062499999999    0.002103340351613676  -7.801342665806562e-05  -2.086079827875818e-29       300.2715732017037
    0.08828125000000001    0.002075695425268764  -7.526779084062734e-05  -5.960228079637573e-30       300.2726856954255
    0.08867187500000002    0.002045875837582694  -7.245132738330454e-05                       0         300.27374060827
    0.08906249999999999    0.002014606475669211  -6.958764549939335e-05   2.306382430669435e-45       300.2747571338664
    0.08945312499999999     0.00197958635059505  -6.661908255923342e-05   1.329538951085366e-29       300.2756788088176
             0.08984375    0.001943015804150519  -6.361478468889842e-05    2.10363886027172e-29       300.2765631809838
    0.09023437499999999    0.001904119625650437  -6.055688442330068e-05   2.044580206616767e-29       300.2773915989723
    0.09062500000000001     0.00186202350335547   -5.74419582996461e-05   1.016384237943613e-29       300.2781470832436
    0.09101562499999999    0.001818302988290561  -5.430265691853938e-05   2.292156821222606e-30        300.278866621572
    0.09140624999999999    0.001771284845941168   -5.11228803656924e-05   1.375294092733826e-29       300.2795153099124
            0.091796875    0.001721721482203761  -4.792680712963747e-05   1.794979327743888e-29       300.2801127429278
    0.09218750000000002     0.00167046130420761  -4.471986943810858e-05   1.730402445686688e-29       300.2806760057154
    0.09257812500000001    0.001614841486703277  -4.151204810577036e-05   6.489009171324978e-30       300.2811575281489
    0.09296875000000002    0.001557431830839867  -3.831555819250964e-05                       0        300.281608053585
    0.09335937500000001    0.001497337417437793  -3.513606540786392e-05                       0       300.2820120835148
                0.09375    0.001433573636666652  -3.200501802769066e-05                       0       300.2823579778491
    0.09414062500000001    0.001367953344634597  -2.890525720386514e-05                       0       300.2826758860992
    0.09453125000000001     0.00129857637492811  -2.588219720096223e-05                       0       300.2829399856344
    0.09492187500000002    0.001226318235616753    -2.2939752145682e-05                       0       300.2831673299979
    0.09531249999999999    0.001152139316568711  -2.005105038881501e-05                       0       300.2833701708868
            0.095703125    0.001073055360919255  -1.733842366420406e-05                       0       300.2835183541897
    0.09609375000000001   0.0009919693177460811  -1.471424182260216e-05                       0       300.2836475551512
            0.096484375   0.0009078801432873408  -1.222272730551418e-05                       0       300.2837482826007
    0.09687499999999999   0.0008197088058356746   -9.94689149753213e-06                       0       300.2838172857276
    0.09726562500000001   0.0007294773663881947  -7.789267808190527e-06                       0       300.2838721052267
             0.09765625   0.0006350876819504111  -5.888813884305387e-06                       0       300.2839019145379
    0.09804687500000001   0.0005375234270370328  -4.213689286038257e-06                       0       300.2839183501113
    0.09843750000000001   0.0004378427918066149  -2.688784238183363e-06                       0       300.2839258698727
    0.09882812499999999   0.0003327795009053683  -1.607865601447323e-06                       0       300.2839206360027
    0.09921875000000002   0.0002255266661482024  -7.335787664975905e-07                       0       300.2839143304175
            0.099609375   0.0001149895156071551   -1.69239634227386e-07                       0       300.2839064172158
                    0.1                       0                       0                       0       300.2839048345767
