#              distance                     U_x                     U_y                     U_z                       T
  6.939827610207933e-18   2.077901517867454e-23   1.926841574030212e-20                       0       300.5000000000001
  0.0003906250000000001   5.508738776605631e-07   0.0002126516810698354                       0       300.4905783344248
  0.0007812500000000002   2.353077140211103e-06   0.0004120250606979959                       0       300.4811565378597
            0.001171875   5.104645075331585e-06   0.0006018245950922422                       0       300.4717356558107
              0.0015625   8.489122792165456e-06   0.0007852415659972262                       0       300.4623153834468
            0.001953125   1.317175007872807e-05   0.0009533160498383031  -1.995427128617441e-27       300.4529003894642
             0.00234375   1.826462760422166e-05    0.001115489170287946  -3.160938409396107e-27       300.4434897463965
   0.002734375000000001   2.397288048811175e-05    0.001268810245650436  -3.081575918416942e-27       300.4340856297012
               0.003125   3.032292305184328e-05    0.001410788406187736   -3.00260158151044e-27       300.4246960007354
            0.003515625   3.695128712998354e-05    0.001547208327612827  -3.281809518614542e-27       300.4153153480448
             0.00390625   4.405114758591714e-05    0.001672738207414264  -4.993358397688156e-27       300.4059561127239
            0.004296875   5.138603514740436e-05    0.001790437744185319  -4.575470752016709e-27       300.3966188767592
   0.004687500000000002   5.887760744592739e-05    0.001902917052269454  -2.737958756515276e-27       300.3872963070319
            0.005078125   6.657940784950917e-05     0.00200290701909293  -1.026734533693223e-27       300.3780213357103
   0.005468750000000001   7.429922581978785e-05    0.002098126330226695                       0       300.3687701170518
            0.005859375    8.20460701401115e-05    0.002186189657825888                       0       300.3595545273877
   0.006249999999999999   8.970991373693742e-05    0.002265163988052311  -1.162363595148091e-27        300.350396402644
   0.006640625000000002   9.730577203974017e-05    0.002339707506579581  -2.309903278921911e-27       300.3412695975796
   0.007031250000000001   0.0001047126898899468    0.002405616775683011  -2.235783722049947e-27       300.3322106063118
   0.007421875000000001   0.0001119081745936084    0.002465393014405685  -1.378834937063208e-27       300.3232104243105
   0.007812500000000002     0.00011896270386624    0.002521080566207856                       0       300.3142494484869
   0.008203124999999999   0.0001255645529195625    0.002567119166152959                       0       300.3053998798893
   0.008593750000000001    0.000131951415540707    0.002609527371729811                       0       300.2966002237229
   0.008984375000000001   0.0001380157985135847    0.002646489985754286                       0       300.2878754362039
   0.009375000000000001    0.000143594358505983    0.002676648875564597                       0          300.2792610356
            0.009765625   0.0001489189113478219    0.002703519423721993                       0       300.2707044059078
             0.01015625   0.0001537132585679022     0.00272404032948189                       0       300.2622684729479
            0.010546875   0.0001580848255294197    0.002740135976491905                       0       300.2539305256396
              0.0109375   0.0001621745389852289    0.002753281451001998                       0       300.2456579020991
            0.011328125   0.0001655305304648704    0.002759604812118762                       0        300.237560455885
             0.01171875    0.000168586161737596     0.00276341640638849                       0       300.2295375558357
            0.012109375    0.000171191252699952    0.002763460350387726                       0       300.2216264750404
                 0.0125   0.0001731906642718775    0.002758904623491366                       0       300.2138728165828
            0.012890625   0.0001748879991597785    0.002752152029313838                       0       300.2061997803254
             0.01328125   0.0001759827067020111    0.002741211636907235                       0       300.1986918105311
            0.013671875   0.0001766331483562779    0.002727429138063176                       0       300.1913128188625
              0.0140625   0.0001769874127519008    0.002711751901594148                       0       300.1840198126113
            0.014453125   0.0001766221052431032    0.002691817042631422                       0       300.1769494228707
             0.01484375   0.0001759801331998166    0.002670362743956148                       0       300.1699707345747
            0.015234375   0.0001749231643547965    0.002646629285712052                       0       300.1631295984454
               0.015625   0.0001733400469741237    0.002620206990625896                       0       300.1564763427758
            0.016015625   0.0001715016740653088    0.002592523289935949  -9.374976758015427e-29       300.1499179365324
             0.01640625   0.0001691684275796186    0.002562482803673489  -5.624986054809195e-28       300.1435510476008
            0.016796875    0.000166490006500098    0.002530909813786221  -7.237820446790498e-28        300.137329894971
              0.0171875   0.0001635814690246916    0.002498315154815746   -6.80088551408795e-28       300.1312058998757
            0.017578125   0.0001601442821451324    0.002463534360426017  -2.550332067782969e-28        300.125327260841
             0.01796875    0.000156515301870653    0.002428016706608157                       0        300.119547344993
            0.018359375   0.0001525986315037923    0.002391393763648101                       0       300.1139155139247
                0.01875   0.0001483391178055295    0.002353553008005742  -2.607088785722478e-28       300.1084815099313
            0.019140625   0.0001439185805922352    0.002315162532556844  -4.598401838624606e-28       300.1031463279443
             0.01953125   0.0001391967926502642    0.002275790990564873  -1.519523174524935e-28       300.0980086070088
            0.019921875   0.0001342805135598384    0.002235847043804382   1.263170278595531e-28       300.0930181771434
              0.0203125   0.0001292345737037763    0.002195521493864875   3.848406924396604e-28       300.0881259413251
    0.02070312500000001   0.0001239167359506831    0.002154491164112077     1.4431525966487e-28        300.083477021324
             0.02109375   0.0001185107713992975    0.002113269637452741                       0        300.078924252713
            0.021484375   0.0001129726166504664    0.002071761315433478                       0       300.0745157111701
    0.02187500000000001   0.0001072985714479134    0.002030034701874227                       0       300.0702965587892
            0.022265625   0.0001015663676716176    0.001988235812924486  -2.962984045652479e-29       300.0661712447505
    0.02265625000000001   9.573742005407362e-05    0.001946366113952825   -1.77779042739143e-28       300.0622318949254
            0.023046875   8.986416062928963e-05    0.001904542032562265  -2.234075536533745e-28       300.0584291060134
              0.0234375   8.396135999967973e-05     0.00186274836289244  -2.006889369886811e-28         300.05471735771
            0.023828125   7.802964589360304e-05    0.001821176482573436  -7.525835137075756e-29       300.0512278512841
             0.02421875   7.210339570291718e-05    0.001779744538233198                       0       300.0478249217419
            0.024609375   6.618534138531751e-05    0.001738522497861109                       0       300.0445518575249
                  0.025    6.03102358138286e-05    0.001697669481967472   -5.41408153119173e-29       300.0414470067747
            0.025390625   5.446407312118166e-05    0.001657020166747599  -1.154000075588549e-28       300.0384249649381
             0.02578125   4.869073319780231e-05     0.00161681662974472  -1.509918922339651e-28        300.035565945356
            0.026171875   4.299274805567485e-05    0.001576996358565804  -1.255079585646037e-28       300.0328251464585
              0.0265625   3.734499943438095e-05    0.001537431597936196  -5.930681266560316e-29       300.0301631613505
            0.026953125   3.185456563956894e-05    0.001498573875255109  -2.224005474960098e-29       300.0276912691547
             0.02734375   2.643860060765933e-05     0.00146002138480087                       0        300.025292579223
            0.027734375   2.113433872010174e-05    0.001421926742686903                       0        300.023003692688
               0.028125   1.599980808202057e-05    0.001384478456848687                       0       300.0208554633178
    0.02851562500000001   1.095477380377466e-05    0.001347360286980751                       0       300.0187761152416
             0.02890625   6.097993715391304e-06    0.001310916224718336                       0       300.0168316352097
            0.029296875   1.394622091521152e-06      0.0012749930259924                       0       300.0149839574819
    0.02968750000000001  -3.206477222671576e-06    0.001239417069624115                       0       300.0132008146238
            0.030078125  -7.534257457487214e-06    0.001204726382043044                       0       300.0115717862413
             0.03046875  -1.174671228027275e-05    0.001170393686832894                       0       300.0100015376702
            0.030859375  -1.578617898501251e-05    0.001136597980179232                       0       300.0085194588428
                0.03125   -1.95850399920251e-05    0.001103520710806556                       0       300.0071492769324
            0.031640625  -2.326159910045271e-05    0.001070802093885797   7.989988953428258e-30       300.0058336500745
             0.03203125  -2.668955631227315e-05    0.001038799649491719   4.793993372056709e-29       300.0046243465092
            0.032421875  -2.992646814538636e-05    0.001007329515100183   6.620252197450766e-29       300.0034906847839
              0.0328125  -3.303601639269396e-05   0.0009762142540436745    7.00068725529829e-29       300.0024074509519
            0.033203125  -3.582172296936046e-05   0.0009459735837652146    7.30848644640498e-29       300.0014436029355
             0.03359375  -3.847656215247405e-05   0.0009160761239278042   7.589351136713529e-29        300.000524901698
            0.033984375  -4.093510024526086e-05   0.0008866934797519664   7.829814075825593e-29       299.9996739206283
               0.034375   -4.31308311306108e-05   0.0008579812563501343   3.938953331823919e-29       299.9989081593149
            0.034765625  -4.519526360072734e-05   0.0008295996536382951                       0       299.9981837765089
             0.03515625  -4.699730961734492e-05   0.0008018701129124244                       0       299.9975396879765
    0.03554687499999999  -4.860392993161177e-05   0.0007746143444356102                       0       299.9969522410091
              0.0359375  -5.008026644431093e-05   0.0007476744241248322                       0       299.9964025550854
            0.036328125  -5.123479775675983e-05   0.0007214965534168507                       0       299.9959415020437
             0.03671875  -5.226277536891788e-05   0.0006956117697110889                       0       299.9955136731786
            0.037109375  -5.310092243064177e-05   0.0006701666165086546                       0       299.9951356805779
    0.03750000000000001  -5.369142364505804e-05   0.0006452830127797678                       0       299.9948198361054
            0.037890625  -5.415972718203133e-05   0.0006206737930711941                       0       299.9945340297094
             0.03828125  -5.438688585654226e-05   0.0005966005599703287                       0       299.9943062274909
            0.038671875  -5.443877977337189e-05   0.0005729095856692146                       0        299.994118935654
              0.0390625  -5.437383051841212e-05   0.0005494734505679345                       0       299.9939586507382
    0.03945312500000001  -5.402719562224301e-05   0.0005266408059872879                       0       299.9938610825761
             0.03984375  -5.357245783159438e-05   0.0005040358978298924                       0       299.9937867535206
    0.04023437500000001  -5.295556569922876e-05   0.0004817725943073717                       0       299.9937472831249
               0.040625  -5.213234483811657e-05   0.0004599371332616082                       0       299.9937507355493
    0.04101562500000001  -5.120859578645968e-05   0.0004383086339824093  -8.247496577724802e-30       299.9937747939475
    0.04140625000000001  -5.008906270137221e-05   0.0004170801392927152  -4.948497946634698e-29       299.9938383534207
            0.041796875  -4.883105366140472e-05   0.0003961306781794701  -6.435731069838881e-29       299.9939290675705
              0.0421875   -4.74807273181845e-05   0.0003753672394505245   -6.16528741593785e-29        299.994037884838
            0.042578125   -4.59142264024874e-05   0.0003550338414854507  -2.311982780976636e-29       299.9941879909198
             0.04296875   -4.42673480632538e-05   0.0003348584551911454                       0       299.9943530809263
    0.04335937500000001  -4.249990358871517e-05   0.0003149200864029925                       0       299.9945406468197
    0.04375000000000001  -4.058432665688551e-05   0.0002952697769436088                       0       299.9947552213106
            0.044140625  -3.859793621114679e-05   0.0002757565251932553                       0       299.9949825841935
    0.04453125000000001  -3.647642416706887e-05   0.0002565034449502547                       0       299.9952340920478
            0.044921875  -3.426358580045101e-05    0.000237424650237517                       0       299.9955016262052
    0.04531250000000001  -3.198986321880488e-05   0.0002184620458782862                       0       299.9957798445647
            0.045703125  -2.958099513164166e-05   0.0001997553151377748                       0       299.9960814005918
             0.04609375  -2.712502378356525e-05   0.0001811371495658887                       0       299.9963909772395
    0.04648437500000001  -2.459839754411596e-05   0.0001626518317469391                       0       299.9967125848183
               0.046875  -2.199169370570146e-05    0.000144316186613679                       0       299.9970476650795
    0.04726562500000001  -1.934852883114693e-05   0.0001260485391513914                       0       299.9973888523472
             0.04765625  -1.663959741099629e-05    0.000107903209687294                       0       299.9977409949177
            0.048046875  -1.389218450470323e-05   8.982917049846402e-05   1.174803032443057e-29       299.9980994974404
    0.04843749999999999   -1.11191172743136e-05   7.180265815981156e-05   3.132808086514686e-29       299.9984622399269
            0.048828125  -8.300127720237796e-06   5.386097519215853e-05   2.356313554815622e-29       299.9988325289697
    0.04921875000000001  -5.470094621306394e-06   3.593965634504669e-05   1.417812626847033e-29       299.9992046269915
            0.049609375  -2.623496205088901e-06   1.804888367874694e-05   2.363021044745202e-30       299.9995794384817
                   0.05   2.304907140727455e-07   1.717377850014329e-07                       0       299.9999554627004
    0.05039062499999999   3.084493213124984e-06   -1.77053672322446e-05                       0       300.0003314931519
             0.05078125   5.931169528803492e-06  -3.559593551605156e-05                       0       300.0007063358058
    0.05117187500000001   8.761326793511888e-06  -5.351692727721571e-05                       0       300.0010784837265
    0.05156250000000001   1.158047135757491e-05  -7.145820135661715e-05                       0       300.0014488351583
            0.051953125   1.435376912412124e-05  -8.948410005953681e-05                       0       300.0018116713821
    0.05234375000000001   1.710144182568019e-05  -0.0001075574435721556                       0       300.0021702802616
    0.05273437500000001   1.981067692975677e-05    -0.00012570195429932                       0       300.0025225481147
    0.05312500000000001   2.245420146392967e-05  -0.0001439686185798969                       0       300.0028638860516
            0.053515625   2.506129215311014e-05  -0.0001623031982008488                       0       300.0031991297726
             0.05390625   2.758835803222122e-05  -0.0001807872856298585                       0       300.0035209264723
            0.054296875    3.00448057343745e-05  -0.0001994040967883257                       0       300.0038307117016
              0.0546875   3.245417465189068e-05  -0.0002181093904330977                       0        300.004132489284
    0.05507812500000001    3.47284536396837e-05  -0.0002370703503370085                       0       300.0044109620441
    0.05546875000000001    3.69418680658245e-05  -0.0002561474173818633                       0       300.0046787639262
            0.055859375   3.906398564948482e-05  -0.0002753986451381333                       0       300.0049305594902
    0.05624999999999999   4.105101511908319e-05  -0.0002949098774498458                       0       300.0051582371391
    0.05664062499999999   4.296724619252897e-05  -0.0003145580838728207                       0       300.0053731400349
    0.05703125000000001   4.473537179541969e-05   -0.000334494182185404                       0       300.0055610618336
            0.057421875    4.63829461191543e-05  -0.0003546671721136306                       0       300.0057265287278
              0.0578125   4.795015292345215e-05  -0.0003749980897856196                       0       300.0058770256854
            0.058203125   4.930120008476924e-05   -0.000395758838022148                       0       300.0059862694308
             0.05859375   5.055993163743795e-05   -0.000416705524485883                       0       300.0060774245588
    0.05898437500000001   5.168018977713672e-05  -0.0004379311182904374                       0       300.0061414467673
               0.059375   5.260465802665426e-05  -0.0004595565484123523                       0       300.0061659974598
            0.059765625   5.342859267301809e-05  -0.0004813888562371258                       0       300.0061699570855
    0.06015625000000001   5.404618279694927e-05   -0.000503648838556033                       0       300.0061310240003
    0.06054687500000001   5.450159876570382e-05  -0.0005262502999674696                       0       300.0060572552634
    0.06093750000000001   5.484889863100532e-05  -0.0005490794141072368                       0       300.0059602627455
            0.061328125   5.491446570241338e-05  -0.0005725118107267538                       0         300.00580059252
             0.06171875   5.486316475479021e-05  -0.0005961989640235688                       0       300.0056139312599
    0.06210937500000001   5.463656177862256e-05  -0.0006202682523363445                       0       300.0053867834545
                 0.0625   5.416875162203829e-05  -0.0006448733641017394                       0       300.0051016637797
    0.06289062500000001   5.357870931613981e-05  -0.0006697527789272898                       0       300.0047865223075
    0.06328125000000001   5.274094559339852e-05  -0.0006951935825408506                       0       300.0044092655208
            0.063671875   5.171328425571863e-05  -0.0007210738984924103  -7.150809608409114e-29       300.0039821974052
    0.06406249999999999   5.055902450808269e-05   -0.000747247222669339  -1.906882562242331e-28       300.0035219217522
    0.06445312500000001   4.908282977306773e-05  -0.0007741824043596785   -1.89494334979611e-28        300.002973055307
    0.06484375000000001   4.747629185931398e-05   -0.000801433359743216  -1.415834866746253e-28       300.0023864448139
            0.065234375    4.56742391774567e-05  -0.0008291579756665964  -2.359724777910412e-29       300.0017432182653
               0.065625   4.360966590471399e-05  -0.0008575345102980168                       0        300.001019731708
    0.06601562499999999   4.141372320426486e-05  -0.0008862415956584809                       0       300.0002548838159
             0.06640625   3.895482338387051e-05  -0.0009156189652270862                       0       299.9994048505943
    0.06679687500000001   3.629949797162619e-05  -0.0009455110539299366                       0       299.9984871230625
              0.0671875    3.35132221648162e-05  -0.0009757462887222811                       0       299.9975242659909
            0.067578125   3.040287679226777e-05    -0.00100685596481728                       0       299.9964420661166
    0.06796875000000002   2.716506845797975e-05   -0.001038320459704076                       0       299.9953094554174
    0.06835937500000001   2.373606568108633e-05   -0.001070317182778689                       0       299.9941012285175
    0.06875000000000001   2.005824581458203e-05   -0.001103029981270951                       0       299.9927867121079
    0.06914062500000001   1.625801237399518e-05   -0.001136101387053624  -1.242057709851839e-29       299.9914176574053
    0.06953125000000002   1.221694172668617e-05   -0.001169891146580169  -7.452346259110253e-29       299.9899367390072
    0.06992187500000001   8.002697295168409e-06   -0.001204217843466783  -9.071683836355378e-29       299.9883676752106
              0.0703125   3.673003674178538e-06   -0.001238902498593443  -7.630387432258888e-29       299.9867398478153
    0.07070312499999999  -9.303379900968999e-07   -0.001274472358533591  -2.861395287097323e-29       299.9849579452803
    0.07109374999999998  -5.636091055888095e-06   -0.001310389444735894                       0       299.9831115229949
    0.07148437500000002  -1.049546122395558e-05   -0.001346827370331437                       0       299.9811683210841
    0.07187499999999999  -1.554337798630875e-05   -0.001383939392322513   6.791925672420373e-30       299.9790902798915
            0.072265625   -2.06809406175621e-05   -0.001421381530441339   1.828683532129964e-29       299.9769433713407
    0.07265625000000001  -2.598854013013608e-05    -0.00145947003667562   4.180175520359154e-29       299.9746558326385
            0.073046875  -3.140808102621164e-05   -0.001498016419013763    3.20048269728175e-29       299.9722585092726
              0.0734375  -3.690224951128878e-05   -0.001536868052087814                       0       299.9697879961309
    0.07382812500000001  -4.255414312411407e-05   -0.001576426803568199                       0       299.9671274183875
             0.07421875   -4.82564418402865e-05   -0.001616241112549108                       0       299.9643880368616
    0.07460937500000001  -5.403434821148339e-05   -0.001656438757780814                       0        299.961530449662
    0.07500000000000001  -5.988542153665986e-05    -0.00169708230684803                       0       299.9585098572914
            0.075390625  -6.576561105115007e-05    -0.00173792962786266                       0       299.9554064637078
    0.07578125000000002   -7.16890983689222e-05   -0.001779146132831615                       0       299.9521348704775
            0.076171875   -7.76210452145557e-05   -0.001820572688319947                       0       299.9487334196003
    0.07656250000000001  -8.355863174543394e-05    -0.00186213927748794                       0         299.94524539697
    0.07695312500000001  -8.946774404204235e-05   -0.001903927947612962                       0       299.9415351404361
    0.07734374999999999  -9.534748932857067e-05   -0.001945747165945376                       0       299.9377338444058
    0.07773437500000001  -0.0001011831840999826    -0.00198761220658889                       0       299.9337959891309
               0.078125  -0.0001069224773410111   -0.002029406751480383                       0       299.9296721674441
    0.07851562500000002  -0.0001126037808262816    -0.00207112918878171                       0       299.9254545051568
    0.07890625000000001  -0.0001181495268188893   -0.002112633691474088                       0       299.9210474468396
            0.079296875  -0.0001235633227403853   -0.002153851699305806                       0         299.91649615265
    0.07968750000000001  -0.0001288891519478072   -0.002194878710563769                       0       299.9118487012146
            0.080078125  -0.0001339434629989936    -0.00223520149842463                       0       299.9069579129897
    0.08046875000000001  -0.0001388682551501102   -0.002275142928079969                       0       299.9019689197628
    0.08085937500000001  -0.0001435987689511176   -0.002314512320426948                       0       299.8968326190231
    0.08125000000000002  -0.0001480282919490317   -0.002352901180907068                       0       299.8914988301137
    0.08164062499999999   -0.000152296914505401   -0.002390740599962411                       0        299.886066204275
             0.08203125  -0.0001562229260987532   -0.002427362785186552                       0       299.8804357190228
    0.08242187500000001  -0.0001598613984313207   -0.002462880147745955                       0       299.8746571208524
    0.08281250000000001  -0.0001633081779233642   -0.002497660961862197                       0       299.8687797807368
    0.08320312500000002  -0.0001662265158348141   -0.002530256469945654                       0       299.8626570313907
    0.08359375000000002  -0.0001689148013496194   -0.002561830660413686                       0       299.8564371008397
            0.083984375  -0.0001712580082694573   -0.002591872874458574                       0       299.8500713984813
    0.08437500000000001  -0.0001731064281923572   -0.002619559042652279                       0       299.8435141269635
    0.08476562500000001  -0.0001746996248149093   -0.002645984183513216                       0        299.836861979043
    0.08515624999999999  -0.0001757667152330124   -0.002669721260894275                       0       299.8300218946721
    0.08554687500000001  -0.0001764188055929223   -0.002691179781254467                       0       299.8230442133652
              0.0859375  -0.0001767942292473697   -0.002711119263600745                       0       299.8159748007678
    0.08632812500000001  -0.0001764500148033813   -0.002726802160242677                       0       299.8086826930792
    0.08671875000000001  -0.0001758095716273285   -0.002740590744839443                       0       299.8013045672519
    0.08710937499999999  -0.0001747247853531796   -0.002751537861368459                       0       299.7937974142161
    0.08749999999999999  -0.0001730372180530017   -0.002758298048058877                       0       299.7861251273495
            0.087890625  -0.0001710474845363447   -0.002762861804833489                       0       299.7783721842944
    0.08828124999999999  -0.0001684518671798012   -0.002762826771783463                       0       299.7704617503161
    0.08867187500000001   -0.000165405518649289   -0.002759024755443869                       0       299.7624394452943
    0.08906249999999999  -0.0001620586826694653   -0.002752711416911229                       0       299.7543425595769
    0.08945312500000001  -0.0001579777460095674   -0.002739577081718258                       0       299.7460704105973
    0.08984374999999999  -0.0001536147813347855   -0.002723493020916534                       0       299.7377329040214
    0.09023437500000001  -0.0001488287746376756   -0.002702984371701678                       0       299.7292973610511
    0.09062500000000001  -0.0001435121705640261    -0.00267612697125635                       0       299.7207410555733
            0.091015625  -0.0001379413538355791   -0.002645981673550056                       0       299.7121269469381
    0.09140625000000002  -0.0001318842838645141   -0.002609033538030961                       0       299.7034023882479
            0.091796875  -0.0001255043865210977   -0.002566640471347552                       0       299.6946029160674
    0.09218750000000001  -0.0001189092709294458   -0.002520617450554594                       0         299.68575350156
    0.09257812500000001    -0.00011186086139821   -0.002464946571260163                       0       299.6767926101106
    0.09296874999999999  -0.0001046712407138708   -0.002405187440123734                       0       299.6677924868941
    0.09335937499999999  -9.726980329987811e-05   -0.002339295931224355                       0       299.6587335160334
                0.09375  -8.967890119095308e-05   -0.002264771041105049                       0       299.6496066852949
    0.09414062500000002  -8.201975056447986e-05    -0.00218581577384145                       0       299.6404485132039
    0.09453125000000001  -7.427707056274597e-05    -0.00209777237922062                       0       299.6312328355809
            0.094921875  -6.656102387788464e-05   -0.002002573658507839                       0       299.6219815027954
    0.09531250000000001  -5.886273273760522e-05    -0.00190260472040043                       0       299.6127063999013
    0.09570312500000001  -5.137403233217922e-05   -0.001790147551780344                       0       299.6033836622739
    0.09609374999999998  -4.404177376415118e-05   -0.001672470607587348                       0       299.5940462467687
    0.09648437500000001  -3.694417795221723e-05   -0.001546964000034939                       0       299.5846868144467
               0.096875  -3.031762704594533e-05   -0.001410568279870988                       0       299.5753059470377
    0.09726562500000002  -2.396918309911548e-05   -0.001268614791759019                       0       299.5659160957877
             0.09765625  -1.826212208439824e-05   -0.001115319344466633                       0       299.5565117442545
    0.09804687500000001  -1.317017282250814e-05  -0.0009531725899272483                       0       299.5471008603539
    0.09843750000000002  -8.488298062503873e-06   -0.000785124963889909                       0       299.5376856215483
            0.098828125  -5.104215640734892e-06  -0.0006017361131389073                       0       299.5282650990756
    0.09921875000000001  -2.352935300278961e-06  -0.0004119652133806169                       0       299.5188439661694
    0.09960937500000001  -5.508580817925843e-07  -0.0002126212401114007                       0       299.5094219176133
                    0.1                       0                       0                       0       299.4999999999999
