/*--------------------------------*- C++ -*----------------------------------*\
  =========                 |
  \\      /  F ield         | OpenFOAM: The Open Source CFD Toolbox
   \\    /   O peration     | Website:  https://openfoam.org
    \\  /    A nd           | Version:  13
     \\/     M anipulation  |
\*---------------------------------------------------------------------------*/
FoamFile
{
    format      ascii;
    class       volScalarField;
    location    "2.9130378860076092";
    object      T;
}
// * * * * * * * * * * * * * * * * * * * * * * * * * * * * * * * * * * * * * //

dimensions      [0 0 0 1 0 0 0];

internalField   nonuniform List<scalar> 
2128
(
300.00000067957671
300.00000047529414
300.00000033601589
300.00000023857888
300.00000016705371
300.00000011017124
300.00000005950096
300.00000000812281
299.99999994960069
299.99999987711658
299.99999978265538
299.99999965614688
299.99999948448101
299.99999925031216
299.99999893056099
299.99999849450995
299.99999790136991
299.99999709716991
299.99999601079281
299.99999454893918
299.9999925897593
299.99998997483652
299.99998649914335
299.99998189851601
299.9999758341055
299.99996787316036
299.99995746537536
299.99994391389731
299.99992633990558
299.99990363947597
299.99987443117573
299.99983699250339
299.99978918285376
299.99972835010823
299.99965121715735
299.99955374356131
299.99943095600895
299.99927673904631
299.99908357444463
299.99884221319525
299.9985412579739
299.99816662539649
299.99770084578813
299.99712214274513
299.99640321487323
299.99550961757495
299.99439761455847
299.99301133982891
299.99127908786227
299.98910854467169
299.98638080592548
299.98294313100229
299.97860059583365
299.97310718193927
299.96615741859972
299.9573804926751
299.9463396932681
299.93254096681579
300.00000076777997
300.00000053255133
300.00000037346234
300.00000026358219
300.00000018454841
300.00000012355889
300.00000007126624
300.00000002026667
299.99999996396355
299.99999989564299
299.99999980763664
299.9999996904736
299.99999953193202
299.99999931590509
299.99999902099381
299.99999861872357
299.99999807127045
299.99999732855485
299.99999632453546
299.99999497249763
299.99999315908917
299.99999073680385
299.99998751455155
299.99998324588279
299.99997761434912
299.99997021538212
299.99996053395313
299.99994791713681
299.99993154052942
299.99991036726436
299.99988309810658
299.99984811077303
299.99980338619019
299.99974641881477
299.99967410734456
299.99958262103871
299.99946723530752
299.99932212803395
299.99914012496794
299.99891237813529
299.99862795502497
299.99827330775975
299.9978315797772
299.99728169198272
299.9965971302118
299.99574433093528
299.9946805332599
299.99335093524525
299.99168496772455
299.98959149117661
299.98695275096719
299.98361702440309
299.97939010219926
299.9740261183361
299.96721882383781
299.95859521044474
299.94771437385532
299.93407547006086
299.91713916675002
299.89636650316595
299.87127679166002
299.84152153551298
299.80696442543621
299.76774979358174
299.7243365825816
299.67747596120842
299.62812088660564
299.57727356417195
299.52579459897896
300.00000086300906
300.00000059393187
300.00000041319271
300.00000028969566
300.0000002023865
300.00000013676004
300.0000000824362
300.00000003144527
299.9999999769658
299.99999991233028
299.99999983015914
299.99999972151539
299.99999957498619
299.99999937560506
299.99999910352761
299.99999873236237
299.99999822704643
299.9999975411319
299.99999661332492
299.99999536308235
299.99999368503262
299.99999144193708
299.99998845584884
299.99998449705799
299.99997927032899
299.99997239783841
299.99996339810667
299.99995166007676
299.99993641132619
299.99991667918982
299.99989124331188
299.99985857780939
299.99981678079428
299.99976348840909
299.9996957697324
299.99960999779137
299.99950169035515
299.99936531197227
299.99919402558328
299.99897937762393
299.99871089433452
299.99837555839468
299.9979571232642
299.997435206928
299.99678408640642
299.99597108910319
299.9949544475067
299.99368045259195
299.99207971461573
299.99006232959607
299.98751177564202
299.98427745646325
299.98016601317448
299.97493189294835
299.96826824575982
299.95980004310132
299.94908232737299
299.93560752187483
299.91882636419518
299.89818663323678
299.87319162545839
299.84347564112159
299.80888661298985
299.76955790173588
299.72594543050747
299.678807044037
299.62911130535372
299.57788142584252
299.52599903352643
300.00000096434377
300.00000065881352
300.00000045478822
300.00000031664052
300.00000022038694
300.00000014966366
300.00000009295326
300.0000000416448
299.99999998863302
299.99999992724355
299.99999985033116
299.99999974943046
299.9999996138618
299.99999942970368
299.99999917854473
299.99999883592074
299.99999836933006
299.9999977357021
299.99999687816717
299.9999957219456
299.99999416913437
299.99999209212336
299.99998932531679
299.99998565476835
299.99998080526115
299.99997442426582
299.99996606210067
299.99995514748002
299.99994095747053
299.99992258067169
299.99989887217549
299.99986839852789
299.99982937047594
299.99977956069318
299.99971620287118
299.99963586744389
299.99953430764134
299.99940626734985
299.9992452391196
299.99904315622842
299.99878999649962
299.99847326694515
299.9980773265155
299.99758248845251
299.99696382320582
299.99618955721178
299.99521893260908
299.99399936065117
299.99246267305455
299.99052026225064
299.98805692328028
299.98492329789076
299.98092701922701
299.97582301817238
299.96930403523339
299.96099321582159
299.9504417126418
299.93713529924452
299.92051472104549
299.90001422266698
299.87512055341841
299.84545003209854
299.81083390652174
299.77139368640167
299.72758169630089
299.68016239005198
299.63012043211319
299.57850091676153
299.52620738741575
300.00000107040256
300.00000072628194
300.00000049764617
300.0000003440224
300.00000023829597
300.000000162113
300.00000010272987
300.00000005083069
299.99999999897454
299.99999994043293
299.99999986824446
299.9999997743567
299.9999996487507
299.99999947845788
299.99999924638155
299.99999892983215
299.99999849867373
299.99999791296221
299.99999711993303
299.99999605016546
299.99999461271597
299.99999268896551
299.99999012487609
299.99998672128476
299.99998222178851
299.99997629768228
299.99996852930155
299.99995838298946
299.999945182744
299.99992807539917
299.99990598793516
299.99987757518278
299.99984115574586
299.99979463337633
299.99973540022989
299.99966021730421
299.99956506579036
299.9994449608451
299.99929371614758
299.99910364317174
299.9988651628808
299.99856629890934
299.99819200946587
299.99772329931562
299.99713603248762
299.99639934032905
299.99547348865161
299.99430703424963
299.99283307064616
299.99096434668462
299.98858705903717
299.9855532018064
299.98167154764758
299.97669769183551
299.97032417255946
299.9621725249412
299.95179020280938
299.938656443274
299.92220196576829
299.90184722455564
299.87706188788326
299.84744348297352
299.81280558355729
299.77325688712722
299.72924546290164
299.68154226221537
299.63114855276211
299.57913223876591
299.52641973275587
300.00000117930495
300.00000079510903
300.00000054096739
300.00000037132423
300.00000025578356
300.00000017390335
300.00000011164786
300.00000005894702
300.00000000798315
299.99999995193281
299.99999988397337
299.99999979641052
299.99999967981677
299.99999952208714
299.99999930732406
299.9999990144633
299.99999861554141
299.99999807349303
299.9999973393418
299.99999634862377
299.9999950168459
299.99999323374169
299.99999085603349
299.9999876983519
299.99998352188788
299.99997802026621
299.99997080202081
299.99996136892651
299.9999490892767
299.99993316500161
299.99991259126375
299.99988610683857
299.99985213315006
299.99980869924178
299.9997533491557
299.99968302706753
299.99959393395272
299.99948134733313
299.99933939251468
299.99916074928854
299.99893627184593
299.99865449100776
299.99830095600726
299.99785735712254
299.99730034957338
299.99659997274478
299.99571752727735
299.99460273795864
299.99318999799516
299.99139347094751
299.98910083954991
299.98616556663302
299.98239771740191
299.97755374266853
299.97132620225392
299.96333526093548
299.9531248958682
299.94016795734285
299.92388514070768
299.90368287965248
299.87901323165192
299.84945409405924
299.81480031341999
299.77514672432488
299.73093639479515
299.68294660633859
299.63219573176906
299.57977546250282
299.52663609838987
300.0000012886602
300.00000086374723
300.00000058375377
300.00000039790626
300.00000027244357
300.00000018478289
300.00000011955876
300.00000006591733
300.00000001563518
299.999999961762
299.99999989757436
299.99999981568538
299.99999970719307
299.99999956076937
299.99999936160259
299.99999909010597
299.99999872029753
299.99999821774384
299.99999753694073
299.99999661797779
299.99999538230207
299.99999372735573
299.99999151981541
299.99998858710165
299.9999847067574
299.99997959320967
299.99997288132562
299.99996410604712
299.99995267723483
299.99993784865114
299.99991867976553
299.99989398873385
299.99986229447069
299.9998217451452
299.99977002962379
299.99970426726236
299.99962086987648
299.99951536749938
299.9993821863979
299.99921436339071
299.99900317429393
299.998737645674
299.99840390721221
299.99798432598965
299.99745634297858
299.99679090536404
299.99595035618256
299.99488560702747
299.99353238527203
299.99180632482961
299.98959667770026
299.98675849306557
299.98310328682714
299.97838856714066
299.97230715743774
299.9644781189686
299.95444221043562
299.94166608803187
299.92556046933873
299.90551757278257
299.88097132825317
299.85147914187183
299.81681601497229
299.77706177120677
299.73265362950542
299.68437496532846
299.63326175050923
299.58043049022893
299.52685645749284
300.00000139558819
300.00000093034515
300.00000062481973
300.00000042301315
300.00000028779954
300.00000019445622
300.00000012628658
300.00000007164584
300.00000002189125
299.99999996992329
299.99999990908464
299.99999983224967
299.99999973097869
299.99999959463605
299.99999940938415
299.99999915696702
299.99999881319303
299.99999834601357
299.99999771307893
299.9999968586261
299.99999570952559
299.99999417027595
299.99999211668802
299.99998938794795
299.99998577667884
299.9999810165408
299.99997476680875
299.999966593247
299.99995594444431
299.99994212258343
299.99992424736894
299.99990121151529
299.99987162576326
299.99983375081024
299.99978541273509
299.99972389738099
299.99964581759036
299.9995469449741
299.99942199476754
299.99926434791189
299.99906568829766
299.99881552447329
299.99850055325356
299.9981038066303
299.99760350225074
299.99697149079032
299.99617116082379
299.99515462495629
299.99385897473314
299.99220136622182
299.99007270150412
299.98732973396449
299.98378559280229
299.9791990560301
299.97326347189255
299.96559709468357
299.95573776400551
299.94314618547389
299.92722319979316
299.90734666256486
299.88293188312178
299.85351489912682
299.81884968410009
299.77899979735668
299.734395644252
299.68582637336038
299.63434603097204
299.58109700976769
299.52708071221861
300.00000149678101
300.00000099278793
300.00000066281893
300.00000044579235
300.00000030131605
300.0000002025921
300.00000013163213
300.00000007602017
300.00000002669731
299.9999999764031
299.99999991852064
299.99999984614351
299.99999975123382
299.99999962376535
299.99999945076326
299.99999921515519
299.99999889434741
299.99999845842672
299.99999786787549
299.99999707066536
299.99999599856443
299.99999456246064
299.99999264645896
299.99999010045872
299.99998673085196
299.9999822889082
299.99997645631231
299.99996882720649
299.99995888593736
299.99994597952116
299.99992928359711
299.99990776031791
299.99988010620103
299.99984468738148
299.99979945891147
299.99974186363687
299.99966870462265
299.99957598289342
299.99945868914511
299.99931053368528
299.99912359268598
299.99888784022579
299.9985905237491
299.99821532452762
299.99774122349135
299.99714096561109
299.99637898275193
299.99540859700784
299.99416828835524
299.99257678160677
299.99052670595103
299.98787663578025
299.98444147974271
299.97998150876924
299.97419087744373
299.96668736243083
299.95700623029882
299.94460253907795
299.92886741981812
299.90916427874146
299.8848893491766
299.85555641715501
299.82089718345753
299.78095757659662
299.73616009109861
299.68729922444101
299.63544754078043
299.58177443714652
299.52730867456694
300.000001588609
300.00000104876648
300.00000069628851
300.00000046532222
300.00000031241672
300.00000020883459
300.00000013538022
300.00000007891504
300.0000000299857
299.99999998117124
299.99999992587584
299.99999985737486
299.99999976797386
299.99999964817351
299.99999948574958
299.99999926466467
299.99999896372702
299.99999855490364
299.99999800117996
299.99999725383867
299.99999624900448
299.9999949032678
299.9999931081598
299.99999072320247
299.99998756719498
299.99998340732441
299.99997794559653
299.99997080196715
299.99996149341194
299.99994940798751
299.99993377269823
299.99991361366858
299.99988770669785
299.99985451570075
299.99981211574431
299.99975809628768
299.99968943868146
299.99960235979364
299.99949211053746
299.9993527137056
299.99917661937803
299.99895424760274
299.99867337624011
299.99831831583629
299.99786879212149
299.9972984293459
299.99657269391543
299.99564611886314
299.99445858963145
299.99293043953708
299.99095609642956
299.9883960698848
299.98506721648704
299.98073153326015
299.9750842839108
299.96774313261255
299.95824117169673
299.94602818376518
299.93048583732013
299.91096308018308
299.88683666878643
299.85759726182204
299.82295298504641
299.7829306498071
299.73794359203248
299.68879110822257
299.6365646742438
299.58246184470931
299.52754004239966
300.00000166727352
300.00000109587489
300.00000072371165
300.00000048065169
300.00000032050951
300.00000021281829
300.00000013730818
300.00000008019691
300.00000003167742
299.99999998417996
299.99999993111805
299.99999986591445
299.99999978116148
299.99999966780371
299.99999951425343
299.99999930535512
299.99999902111762
299.99999863512522
299.99999811252525
299.99999740747279
299.99999645988771
299.99999519134786
299.99999349990566
299.99999125356646
299.99998828210937
299.99998436686212
299.99997922795023
299.99997250843279
299.99996375459608
299.99995239149831
299.99993769262397
299.99991874219728
299.99989438828828
299.99986318427767
299.99982331546107
299.99977250648135
299.99970790373914
299.9996259247626
299.99952206344761
299.99939063574936
299.99922444430791
299.99901433198517
299.99874858253804
299.99841211067513
299.99798536246328
299.99744281952263
299.99675096626999
299.99586553960273
299.99472783852394
299.99325983588022
299.99135782225972
299.98888435202593
299.98565839892518
299.98144392856574
299.97593763848352
299.96875748432063
299.95943484208846
299.9474146710084
299.93206951954551
299.91273396522945
299.88876496235935
299.85962919195316
299.82500985386821
299.78491303092301
299.73974148309111
299.69029860393903
299.63769510267883
299.58315787059206
299.5277743692298
300.00000172900241
300.00000113173502
300.00000074359644
300.0000004908498
300.00000032501703
300.00000021418742
300.00000013719722
300.00000007972972
300.00000003168338
299.99999998536288
299.9999999341851
299.99999987168917
299.99999979069713
299.99999968251296
299.99999953606721
299.99999933692743
299.99999906609281
299.99999869849
299.99999820107149
299.9999975304051
299.99999662961608
299.99999542451849
299.99999381873295
299.99999168754584
299.9999888702078
299.99998516030399
299.99998029374154
299.99997393379533
299.99996565251627
299.99995490763371
299.99994101385397
299.99992310715442
299.99990010026301
299.99987062695175
299.9998329720018
299.99978498261146
299.99972395550105
299.99964649181976
299.9995483089221
299.99942399379103
299.9992666768494
299.99906759646188
299.99881551276724
299.99849591357543
299.99808993382328
299.99757288246468
299.99691223614781
299.99606491830787
299.99497363867482
299.99356202969301
299.99172829890978
299.98933714813501
299.98620983617656
299.98211254776629
299.97674376116669
299.96972216909836
299.9605779549338
299.94875179819104
299.93360758285843
299.91446572454498
299.89066315187438
299.86164176690136
299.82705845815985
299.78689684142813
299.74154749385218
299.69181702092061
299.6388355854254
299.58386060435447
299.52801102604042
300.00000177028051
300.00000115414235
300.00000075456751
300.00000049506326
300.00000032541232
300.00000021261673
300.0000001348443
300.00000007738055
300.00000002990618
299.99999998463278
299.99999993498011
299.99999987457363
299.99999979640739
299.99999969205595
299.99999955084445
299.99999935889542
299.99999909797646
299.99999874406541
299.99999826554233
299.99999762089971
299.99999675584286
299.99999559962328
299.99999406041593
299.99999201950726
299.99998932400928
299.99998577775119
299.99998112991648
299.99997506089471
299.99996716468263
299.9999569270031
299.99994369808593
299.999926658758
299.99990477808819
299.99987676028098
299.99984097775013
299.99979538623444
299.99973741631743
299.9996638335914
299.99957055670399
299.99945241828925
299.99930284781453
299.99911344702963
299.99887341714788
299.99856878109961
299.99818132304296
299.99768713968513
299.99705466318534
299.99624197394786
299.99519317636521
299.99383356899187
299.99206331787605
299.98974936510393
299.98671541847528
299.98273013855464
299.97749415312126
299.97062738169035
299.96165941116834
299.95002728933986
299.9350868242297
299.91614462533448
299.89251750576472
299.86362186739655
299.82908688871839
299.78887185537758
299.74335334535766
299.69334007132124
299.63998173086725
299.58456744227891
299.52824915295946
300.00000178810046
300.00000116122413
300.00000075546507
300.00000049257756
300.0000003212561
300.00000020783392
300.00000013007406
300.00000007302532
300.00000002624063
299.999999981879
299.99999993336513
299.99999987438088
299.99999979803113
299.99999969606705
299.99999955807527
299.99999937055418
299.9999991158013
299.99999877053403
299.99999830415436
299.99999767655669
299.9999968353543
299.99999571237873
299.9999942192693
299.99999224193431
299.99998963361281
299.99998620620556
299.99998171946527
299.99997586753835
299.99996826222349
299.99995841214803
299.99994569684759
299.9999293344402
299.99990834119717
299.99988148076534
299.99984720004949
299.9998035477073
299.99974806973268
299.99967767450983
299.99958845676457
299.99947546565892
299.99933239638824
299.99915117640631
299.99892140597717
299.99862959712567
299.99825813404095
299.99778385042271
299.9971760843307
299.99639402902847
299.99538315160578
299.99407040665017
299.99235794423157
299.99011502621363
299.9871679659982
299.98328816019864
299.9781787757089
299.97146149448781
299.96266598219603
299.95122642056958
299.93649128537072
299.91775391497492
299.89431109004164
299.86555311149925
299.83108006678628
299.79082493347721
299.74514824599294
299.69485945755514
299.64112769441374
299.58527490443629
299.52848759814378
300.00000178021395
300.00000115159673
300.00000074544329
300.00000048287768
300.00000031223351
300.00000019964074
300.00000012275075
300.00000006655335
300.00000002057368
299.99999997696301
299.9999999291536
299.99999987085101
299.9999997952047
299.99999969403996
299.99999955706085
299.9999993709464
299.99999911826581
299.9999987761372
299.99999831454522
299.99999769421834
299.99999686394983
299.99999575722046
299.99999428795115
299.99999234517537
299.99998978637421
299.99998642915699
299.99998204089655
299.99997632583319
299.99996890903788
299.99995931646851
299.99994695013822
299.99993105713264
299.99991069082716
299.9998846621221
299.99985147777556
299.9998092618809
299.99975565507845
299.99968768403437
299.99960159081166
299.999492607646
299.99935465684905
299.99917994745448
299.9989584289649
299.99867704712671
299.99831872585253
299.99786097200183
299.99727396477732
299.99651794898705
299.99553970344658
299.99426780855214
299.99260640392725
299.99042713313713
299.9875590602378
299.9837765779393
299.97878580049417
299.97221075473874
299.96358194537214
299.95233158538178
299.93780174170939
299.91927323264241
299.89602311013118
299.86741514601351
299.83301901748479
299.7927393215175
299.74691826134477
299.69636435376935
299.64226579801453
299.58597840420447
299.52872484075317
300.00000174535973
300.00000112450817
300.00000072405811
300.00000046570199
300.00000029818614
300.00000018793133
300.00000011278667
300.00000005787012
300.000000012783
299.9999999697136
299.99999992210195
299.99999986363974
299.99999978744654
299.9999996853083
299.99999954688781
299.99999935883011
299.99999910369229
299.9999987586225
299.99999829370603
299.99999766988446
299.99999683633365
299.99999572716558
299.99999425728817
299.99999231722217
299.99998976662664
299.99998642623001
299.99998206779105
299.99997640162115
299.99996906108288
299.99995958332289
299.99994738529273
299.99993173383154
299.99991170820823
299.99988615299816
299.99985361844512
299.99981228444375
299.99975986284869
299.99969347079718
299.99960946487715
299.99950322194121
299.99936884668256
299.99919877813517
299.9989832562004
299.99870959411885
299.99836118227824
299.99791612159777
299.99734534989892
299.99661008191146
299.99565833456558
299.99442025950128
299.99280196669889
299.99067752059102
299.98787886401982
299.9841836406776
299.97930133543662
299.97285894863455
299.96438867432448
299.95332179959274
299.93899511246866
299.92067792070122
299.89762812991711
299.86918279432956
299.83487998495087
299.79459378642315
299.74864553138156
299.69784075805666
299.64338605379891
299.58667195979825
299.52895889452566
300.00000168344258
300.00000107994885
300.00000069133506
300.00000044108259
300.00000027913552
300.00000017270457
300.00000010014804
300.00000004689826
300.00000000273377
299.99999995992084
299.99999991190151
299.99999985230727
299.99999977414308
299.99999966902817
299.99999952640667
299.99999933265201
299.99999906999511
299.9999987152039
299.99999823793314
299.99999759865233
299.9999967460414
299.99999561372226
299.99999411616494
299.99999214357371
299.9999895555128
299.99998617297746
299.99998176854689
299.99997605416542
299.99996866598411
299.9999591455433
299.99994691637551
299.99993125483587
299.99991125359793
299.99988577574027
299.99985339663937
299.99981232988858
299.99976033206212
299.99969457916552
299.99961150481914
299.99950658627642
299.99937405881957
299.99920653129374
299.99899446471477
299.99872546100352
299.9983832887275
299.99794654595621
299.99738682578709
299.99666620731068
299.99573384504004
299.99452137796754
299.99293683679531
299.99085671685464
299.98811594416912
299.98449565639714
299.97970914167757
299.97338704597155
299.96506419622506
299.95417215530966
299.94004379725322
299.92193823582937
299.89909516126261
299.87082504660435
299.83663336820842
299.7963615641325
299.75030730789052
299.6992706911854
299.6444755736992
299.58734783706018
299.52918718837867
300.00000159563825
300.0000010187149
300.00000064780738
300.00000040936743
300.00000025529471
300.00000015406954
300.00000008485597
300.00000003357542
299.99999999027534
299.99999994733122
299.99999989817155
299.99999983631068
299.99999975454011
299.9999996441681
299.99999949422141
299.99999929053632
299.99999901466833
299.99999864255017
299.99999814281688
299.9999974747077
299.99999658543521
299.99999540689191
299.99999385153552
299.99999180726235
299.99998913103155
299.99998564095443
299.99998110649051
299.99997523630839
299.99996766325535
299.99995792573168
299.99994544456933
299.99992949424683
299.99990916691036
299.99988332716811
299.99985055493011
299.99980907258924
299.99975665146837
299.9996904905272
299.99960705759156
299.99950187952089
299.99936926231004
299.99920191453771
299.9989904370193
299.99872262699705
299.99838252547323
299.99794911001817
299.99739450129806
299.99668150900402
299.9957602927052
299.99456385954511
299.99300207391292
299.99095383500344
299.9882571239325
299.984696794314
299.9799903711928
299.97377285606899
299.96558274592371
299.95485325156613
299.94091496258864
299.92301847705357
299.90038663287663
299.87230389140302
299.83824246706865
299.79800910070941
299.75187478969156
299.70063122052051
299.64551784899106
299.58799611425934
299.52940642100907
300.00000148440478
300.00000094241267
300.00000059451588
300.00000037121839
300.00000022706575
300.00000013224223
300.00000006698292
300.00000001785111
299.99999997523753
299.99999993164442
299.99999988045755
299.99999981500292
299.99999972774384
299.99999960951345
299.99999944869796
299.99999923029992
299.99999893481083
299.99999853682283
299.9999980032984
299.99999729140717
299.99999634582008
299.99999509533086
299.99999344864688
299.99999128915755
299.9999884684471
299.99998479826496
299.99998004060018
299.99997389542204
299.99996598553565
299.99995583785841
299.99994286022644
299.99992631257948
299.99990527101482
299.99987858270879
299.99984480902054
299.99980215313906
299.99974836729399
299.99968063266584
299.99959540247352
299.99948819497484
299.99935331785377
299.99918349810588
299.99896938129257
299.99869884992836
299.99835609157873
299.99792032160724
299.99736403209465
299.99665059638977
299.9957310085623
299.99453948215927
299.99298758224546
299.99095653777516
299.98828741302714
299.98476896625095
299.98012338177784
299.97399075430769
299.96591437764903
299.95533066156759
299.94156983494247
299.92387608066878
299.90145727864308
299.87357301624741
299.83966205151336
299.79949458735496
299.75331174761948
299.70189329837024
299.64649189135929
299.58860416470037
299.52961238824787
300.00000135338894
300.00000085339673
300.0000005329685
300.00000032758425
300.00000019502158
300.00000010753365
300.00000004664537
299.99999999968236
299.99999995742991
299.9999999125157
299.99999985823735
299.99999978764464
299.99999969273978
299.99999956369498
299.99999938800636
299.99999914951303
299.99999882721187
299.99999839379586
299.9999978138348
299.99999704150406
299.9999960177509
299.99999466676508
299.99999289159348
299.99999056870433
299.99998754126528
299.99998361084465
299.99997852718201
299.99997197558514
299.99996356140332
299.99995279087938
299.99993904749226
299.99992156264148
299.99989937917161
299.99987130575096
299.99983585944727
299.99979119290805
299.99973500124531
299.99966440188899
299.99957577809158
299.99946457314064
299.99932501724658
299.99914976195976
299.99892938708928
299.998651731471
299.99830098038916
299.99785641760838
299.99729071743815
299.99656761101636
299.99563871119943
299.99443922487944
299.99288222816028
299.99085114584301
299.98819009469941
299.98469187619645
299.98008372737297
299.97401158519114
299.96602474616327
299.95556455161517
299.94196311470762
299.92446079121146
299.90225304390111
299.87457645962746
299.84083681736672
299.80076633162008
299.75457296437128
299.70302042910077
299.64737124532576
299.58915606462921
299.52979978602832
300.00000120722871
300.00000075464328
300.00000046505926
300.00000027964973
300.00000015987473
300.00000008033163
300.00000002399514
299.99999997903291
299.99999993664755
299.99999988956898
299.99999983094273
299.99999975343678
299.99999964844
299.99999950525608
299.99999931021483
299.99999904562918
299.99999868852939
299.99999820909892
299.9999975687287
299.99999671759235
299.99999559162671
299.99999410878058
299.99999216436453
299.99998962530304
299.99998632304283
299.99998204482279
299.99997652293871
299.99996942155326
299.9999603204879
299.99994869528985
299.99993389267263
299.99991510017014
299.99989130849588
299.99986126461431
299.99982341287671
299.99977582065122
299.99971608360431
299.99964120400188
299.99954743290084
299.99943006359848
299.99928315880675
299.99909918718623
299.99886853538874
299.99857884869607
299.998214135544
299.99775354732793
299.99716971348238
299.99642647175449
299.99547578467673
299.99425357762402
299.99267417829577
299.9906229973364
299.98794709493427
299.98444338128064
299.97984448514808
299.97380292070204
299.96587525145401
299.9555096575927
299.94204272361821
299.92471412048877
299.90271021250612
299.87524739860419
299.84169988508819
299.80176108919198
299.75560258158333
299.70396723124946
299.64812291942638
299.589631957611
299.52996200010318
300.00000105126605
300.00000064956788
300.00000039295406
300.00000022876549
300.00000012243623
300.00000005108018
299.99999999921272
299.99999995587837
299.99999991268771
299.99999986242625
299.99999979800413
299.99999971158439
299.99999959377266
299.99999943277658
299.99999921345926
299.99999891621616
299.9999985156029
299.99999797863819
299.99999726269203
299.99999631285829
299.99999505868846
299.99999341014234
299.99999125257989
299.99998844058371
299.99998479035617
299.99998007038079
299.99997398996584
299.99996618520203
299.99995620174963
299.99994347372444
299.99992729775397
299.99990680101621
299.99988090172104
299.99984826001634
299.99980721664747
299.99975571579699
299.99969120728218
299.99961052155453
299.99950970852569
299.99938382787678
299.99922667381128
299.99903041068274
299.99878508689346
299.99847798202694
299.9980927252434
299.99760810020666
299.99699642178967
299.99622133128707
299.99523480936892
299.99397315108331
299.99235159048919
299.99025721739696
299.98753982209689
299.98400038457243
299.97937717365801
299.97332996262685
299.96542386863143
299.95511596991037
299.94175025892582
299.9245694801167
299.9027551382926
299.87550743696562
299.84217167050986
299.80240263468619
299.75633257545888
299.70467806139197
299.64870635593616
299.59000745165838
299.53009090937519
300.00000089119902
300.00000054180759
300.00000031895701
300.0000001763687
300.00000008357301
300.00000002026161
299.99999997250978
299.9999999302255
299.99999988538576
299.99999983076214
299.99999975892877
299.99999966140592
299.99999952783185
299.99999934507571
299.999999096218
299.99999875932554
299.99999830594874
299.9999976992579
299.99999689172569
299.99999582224558
299.99999441255648
299.99999256281609
299.99999014613729
299.99998700186109
299.99998292729305
299.99997766757184
299.99997090326531
299.99996223519611
299.9999511658807
299.99993707681159
299.99991920061177
299.99989658682284
299.9998680597335
299.99983216617312
299.99978711054501
299.99973067348105
299.99966010927614
299.99957201557294
299.99946216643167
299.99932529668791
299.99915482102034
299.99894246495381
299.99867777647586
299.99834747521902
299.9979345802077
299.99741723571918
299.99676712645601
299.99594733666493
299.99490946237626
299.99358973254755
299.99190383815608
299.98974011968016
299.98695074678278
299.98334058371938
299.97865364588807
299.9725575364219
299.96462717569415
299.95433070205826
299.94102278421485
299.92395365793084
299.90230527000705
299.87526707277061
299.84215976264665
299.80260113074513
299.75668182176798
299.70508605488436
299.6490726940583
299.59025320853249
299.53017675857723
300.00000073271445
300.00000043499472
300.00000024537457
300.00000012390768
300.00000004417285
299.99999998839132
299.99999994414674
299.9999999021515
299.99999985467781
299.99999979439451
299.99999971342578
299.99999960250267
299.99999945010586
299.99999924151984
299.99999895772305
299.9999985740418
299.99999805849029
299.99999736970869
299.99999645439954
299.9999952441425
299.99999365144589
299.99999156486643
299.99998884299282
299.99998530704892
299.99998073182041
299.99997483454626
299.99996726133799
299.99995757058969
299.99994521271799
299.9999295054069
299.99990960332281
299.99988446098934
299.99985278714388
299.99981298841089
299.99976309946948
299.99970069600482
299.99962278552647
299.99952566948809
299.99940476788737
299.99925439442558
299.99906746604967
299.99883512485007
299.99854624226816
299.99818676461234
299.99773884402379
299.9971796790781
299.99647996281146
299.99560180180123
299.99449592715786
299.99309796741153
299.99132349788931
299.98906153093515
299.98616608699473
299.98244552787753
299.9776495101728
299.97145384187888
299.96344436505029
299.9531024519589
299.9397969832969
299.92279076419152
299.90127266285697
299.87442855755791
299.84156097856442
299.80225435717324
299.75655664776093
299.70511328564413
299.64916482986933
299.59033503575517
299.53020820824173
300.00000058115069
300.00000033255373
300.00000017440141
300.00000007278589
300.00000000512921
299.99999995603349
299.99999991447555
299.99999987187346
299.99999982070028
299.99999975342024
299.99999966158936
299.99999953500395
299.99999936080445
299.99999912245676
299.99999879853738
299.99999836124681
299.99999777456861
299.9999969919798
299.99999595360424
299.99999458267678
299.99999278116564
299.99999042436508
299.99998735423748
299.99998337123452
299.99997822427508
299.99997159848562
299.99996310022578
299.99995223881348
299.99993840422746
299.99992083989412
299.99989860943788
299.99987055598615
299.99983525223587
299.99979093898639
299.99973544917083
299.99966611352721
299.99957964284647
299.99947198011648
299.99933811369249
299.99917183964834
299.99896545742712
299.99870937741048
299.99839161155506
299.99799710811283
299.99750687778243
299.99689684034729
299.99613629669449
299.99518589980988
299.99399495897012
299.9924978640874
299.99060936474041
299.9882183888414
299.98518005693376
299.98130557473479
299.97634983165926
299.96999690147413
299.96184439235401
299.9513889397154
299.93801729386007
299.92101048022226
299.89957198197487
299.87289324843391
299.84026768421444
299.80125274877747
299.75585455669506
299.70467338197983
299.64891923101436
299.59021506566063
299.53017276377818
300.00000044124022
300.00000023755643
300.00000010804814
300.00000002433973
299.99999996735613
299.99999992384647
299.99999988401373
299.99999983985401
299.99999978393254
299.99999970840531
299.99999960414954
299.9999994598985
299.9999992612955
299.99999898979183
299.99999862131358
299.99999812461812
299.99999745925351
299.99999657301737
299.99999539879656
299.99999385064473
299.99999181892736
299.99998916433015
299.99998571048536
299.99998123491923
299.99997545796521
299.99996802920782
299.99995851093104
299.99994635792723
299.99993089287074
299.99991127627726
299.99988646982268
299.9998551914876
299.99981586058527
299.99976653020587
299.99970480391244
299.99962773261461
299.9995316863313
299.9994121939489
299.99926374193637
299.99907952011
299.99885109869996
299.99856801580773
299.99821724741673
299.99778252282397
299.99724343593556
299.99657428636891
299.99574256261934
299.99470695153838
299.99341472312784
299.99179829717394
299.98977075064226
299.98721997861145
299.98400119191342
299.97992745184723
299.97475806198145
299.96818495395769
299.95981786666272
299.94917033170458
299.93565046942183
299.91856349603063
299.89713627292474
299.87057700260323
299.83818202399613
299.79949174035619
299.75447422552838
299.70367909522355
299.64827129704651
299.58985510112382
299.53005795312794
300.00000031698244
300.00000015266551
300.00000004813353
299.99999997986657
299.9999999318448
299.99999989266615
299.99999985355697
299.9999998069477
299.9999997453869
299.99999966063103
299.99999954279241
299.99999937945063
299.99999915464855
299.99999884769846
299.99999843172202
299.99999787184089
299.99999712292424
299.99999612678175
299.99999480867314
299.99999307297577
299.99999079782566
299.99998782850548
299.99998396931016
299.99997897356428
299.99997253139588
299.99996425479048
299.99995365934018
299.99994014198057
299.99992295383282
299.99990116707323
299.99987363448105
299.99983893998052
299.99979533805674
299.99974067936409
299.99967231911688
299.99958700390181
299.99948073131594
299.99934857520998
299.99918446719153
299.99898092224419
299.99872869262953
299.99841632937057
299.9980296241834
299.99755089622772
299.99695807685777
299.99622353088193
299.99531253378183
299.99418129994797
299.99277442653761
299.99102158104068
299.98883321985898
299.98609508570945
299.98266120629347
299.97834513139628
299.97290924869935
299.96605229353673
299.95739574759961
299.94647089574335
299.93271010040672
299.91544850780298
299.89394566956179
299.86743944832011
299.8352442723932
299.79689758873639
299.75233739917559
299.70205943247691
299.64716757891074
299.58922409421416
299.52985391463181
300.00000021172553
300.00000008023102
299.99999999639334
299.999999940745
299.99999989979807
299.99999986365913
299.99999982435673
299.99999977461249
299.99999970686474
299.99999961240985
299.99999948055512
299.99999929770058
299.99999904627242
299.99999870343476
299.99999823950156
299.99999761596132
299.99999678301265
299.99999567649326
299.99999421405903
299.99999229044386
299.99998977159697
299.99998648745066
299.9999822230244
299.9999767075073
299.999969600886
299.99996047759402
299.99994880654049
299.99993392673611
299.9999150175509
299.99989106240935
299.99986080444461
299.99982269225933
299.99977481347327
299.99971481313116
299.99963979327106
299.99954618895265
299.9994296147575
299.99928467411195
299.9991047216339
299.99888156592743
299.99860509665194
299.998262815033
299.99783924094913
299.99731516192168
299.99666667925766
299.99586399365694
299.99486985612407
299.99363758937369
299.99210855966794
299.99020894943226
299.98784564891753
299.98490105568908
299.98122655512964
299.97663447590782
299.97088841293299
299.96369205816757
299.95467719099634
299.94339241890452
299.92929582223252
299.91175698408472
299.890076837668
299.86353638653003
299.83148561132265
299.79347731511785
299.74943271208156
299.69979477402615
299.64559093498053
299.58831328534501
299.52955854521394
300.00000012856759
300.00000002263141
299.99999995478288
299.99999990871629
299.9999998729034
299.9999998385976
299.99999979840817
299.99999974522098
299.99999967130447
299.99999956748462
299.99999942229579
299.99999922102882
299.99999894460404
299.99999856819477
299.99999805952029
299.99999737671681
299.9999964656796
299.99999525674787
299.99999366058159
299.99999156304659
299.99998881888814
299.99998524392868
299.99998060546926
299.99997461050862
299.99996689131024
299.99995698774751
299.99994432573004
299.99992819085742
299.99990769624878
299.99988174324909
299.99984897339084
299.99980770959996
299.99975588411434
299.99969094993816
299.99960977182229
299.9995084917
299.99938236215297
299.99922553975142
299.99903082790394
299.99878935603869
299.99849017834998
299.99811977078792
299.99766139918052
299.99709432406496
299.99639279859412
299.99552480438729
299.99445045600305
299.99311998754121
299.9914712147534
299.98942634373532
299.98688797510073
299.98373413579674
299.97981217013756
299.97493135745304
299.96885423189485
299.96128682057554
299.95186848306128
299.9401628597584
299.92565277120809
299.90774385738052
299.88578420250644
299.85910927834044
299.82712174522334
299.78941054396495
299.7458988850633
299.69698510025904
299.64360970362992
299.58716530666453
299.52918716821569
300.00000007071367
299.99999998250286
299.99999992563045
299.99999988599535
299.99999985342419
299.99999981994796
299.99999977854827
299.99999972217989
299.99999964293198
299.9999995312229
299.99999937494346
299.99999915847616
299.99999886151727
299.99999845762795
299.99999791243164
299.99999718136132
299.99999620684628
299.99999491480162
299.99999321026286
299.99999097197019
299.99998804567127
299.99998423586038
299.99997929561601
299.9999729141245
299.9999647013916
299.99995416953328
299.99994070990277
299.99992356514059
299.99990179501913
299.99987423470219
299.99983944366335
299.99979564311826
299.99974063925436
299.99967172885266
299.99958558300972
299.99947810354479
299.99934424524611
299.99917779529875
299.9989710989405
299.99871471749526
299.99839700128541
299.9980035553483
299.99751657017271
299.99691398259148
299.99616842326577
299.99524589664725
299.99410412675394
299.99269048761766
299.99093942138353
299.98876923121429
299.98607812349582
299.9827393704856
299.97859548174836
299.97345133013965
299.96706630843818
299.9591458474635
299.94933308072893
299.93720219151692
299.92225612366656
299.90393291070535
299.88162671991068
299.8547312108214
299.82271214308241
299.7852119406744
299.74217700228468
299.69397813305937
299.6414710227815
299.58592860748479
299.52879007641911
300.00000003999679
299.99999996114929
299.99999991001596
299.99999987366749
299.99999984264491
299.99999980938208
299.99999976704242
299.99999970859602
299.99999962600793
299.99999950944209
299.99999934639874
299.99999912071451
299.99999881135426
299.99999839091896
299.99999782378615
299.99999706378463
299.99999605128903
299.99999470959466
299.9999929404093
299.99999061826048
299.9999875835793
299.99998363417012
299.99997851471448
299.9999719038845
299.99996339854772
299.9999524944327
299.99993856248369
299.99992081995384
299.9998982950645
299.99986978379189
299.99983379695283
299.99978849534858
299.99973161013736
299.99966034487807
299.99957125476857
299.99946009742973
299.999321648099
299.99914947021921
299.99893563003423
299.99867034082251
299.99834151865974
299.99793422694961
299.99742998119655
299.99680587842909
299.99603350711902
299.9950775832566
299.99389424644016
299.99242893675319
299.99061375974082
299.98836423497698
299.98557531744859
299.98211658741826
299.9778265359347
299.97250595021097
299.96591055785132
299.95774336882397
299.9476476228109
299.9352019793958
299.91992063274614
299.90126235824584
299.87865383982188
299.85153342602729
299.81942043129271
299.78200984484721
299.7392825156881
299.69160473209337
299.63977358749594
299.58495609312399
299.52848307025687
)
;

boundaryField
{
    hotWall
    {
        type            fixedValue;
        value           nonuniform List<scalar> 0();
    }
    coldWall
    {
        type            fixedValue;
        value           uniform 299.5;
    }
    bottomWall
    {
        type            zeroGradient;
    }
    topWall
    {
        type            zeroGradient;
    }
    front
    {
        type            empty;
    }
    back
    {
        type            empty;
    }
    procBoundary3to1
    {
        type            processor;
        value           nonuniform List<scalar> 
31
(
300.00000098294919
300.00000111898646
300.00000126662678
300.00000142451404
300.00000159056583
300.00000176191162
300.0000019348692
300.00000210497382
300.00000226706987
300.00000241547457
300.00000254421491
300.00000264733404
300.00000271925393
300.00000275517118
300.00000275145584
300.00000270601458
300.00000261857764
300.00000249087054
300.00000232663797
300.00000213150287
300.00000191265934
300.00000167842313
300.00000143768193
300.00000119930957
300.00000097161973
300.00000076193618
300.00000057635606
300.0000004198111
300.00000029656144
300.00000021075681
300.00000016519783
)
;
    }
    procBoundary3to4
    {
        type            processor;
        value           nonuniform List<scalar> 
44
(
299.99995418734005
299.99993964464323
299.9999208031021
299.99989648895001
299.99986523533812
299.9998252158652
299.99977416423104
299.99970927709177
299.99962709641022
299.9995233665033
299.9993928594543
299.99922916038469
299.99902440099896
299.99876892545694
299.99845086651817
299.9980556014338
299.9975650455421
299.99695672621914
299.99620256017562
299.99526723298402
299.99410605219799
299.99266211761676
299.99086263090624
299.9886141643297
299.98579674525769
299.98225672010017
299.97779857954458
299.9721763040157
299.96508536503143
299.95615730227303
299.94495971815508
299.93100538661491
299.91545482709876
299.91545482709876
299.89455528849521
299.86937715600197
299.83958839138649
299.80506757604195
299.76596920869804
299.72275473997786
299.67616863140125
299.6271487187953
299.57667702898533
299.52559397848404
)
;
    }
    procBoundary3to5
    {
        type            processor;
        value           nonuniform List<scalar> 
26
(
300.0000005989117
300.00000042252293
300.00000030110738
300.00000021486034
300.00000015001763
300.00000009666547
300.00000004716992
299.99999999500795
299.99999993383568
299.99999985667108
299.99999975509093
299.99999961835732
299.99999943238993
299.99999917850175
299.99999883180391
299.999998359171
299.99999771663926
299.99999684608116
299.99999567096893
299.99999409099871
299.99999197529968
299.99998915389637
299.99998540702563
299.99998045183355
299.99997392588523
299.99996536681755
)
;
    }
}


// ************************************************************************* //
