/*--------------------------------*- C++ -*----------------------------------*\
  =========                 |
  \\      /  F ield         | OpenFOAM: The Open Source CFD Toolbox
   \\    /   O peration     | Website:  https://openfoam.org
    \\  /    A nd           | Version:  13
     \\/     M anipulation  |
\*---------------------------------------------------------------------------*/
FoamFile
{
    format      ascii;
    class       volScalarField;
    location    "1.485572405285";
    object      p_0;
}
// * * * * * * * * * * * * * * * * * * * * * * * * * * * * * * * * * * * * * //

dimensions      [1 -1 -2 0 0 0 0];

internalField   nonuniform List<scalar> 
2143
(
-6.2059972934506815
-6.2059965639300234
-6.2059958534460344
-6.2059951619216358
-6.2059944892770513
-6.205993835431018
-6.2059932003019389
-6.20599258380902
-6.2059919858733501
-6.2059914064189297
-6.2059908453736723
-6.20599030267035
-6.2059897782474858
-6.205989272050223
-6.2059887840311223
-6.2059883141509173
-6.2059878623792368
-6.2059874286952494
-6.2059870130882775
-6.2059866155583574
-6.2059862361167246
-6.2059858747862746
-6.2059855316019252
-6.2059852066109471
-6.2059848998733278
-6.20598461146189
-6.205984341462444
-6.2059840899738816
-6.2059838571081665
-6.2059836429902893
-6.2059834477581157
-6.2059832715621708
-6.2059831145653392
-6.2059829769424848
-6.205982858879973
-6.2059827605751243
-6.2059826822355468
-6.2059826240783913
-6.2059825863295091
-6.205982569222507
-6.2059825729976739
-6.2059825979008592
-6.2059826441821739
-6.2059827120946487
-6.2059828018927483
-6.2059829138307885
-6.2059830481612455
-6.2059832051329655
-6.2059833849892607
-6.2059835879659238
-6.2059838142891079
-6.2059840641731325
-6.2059843378181734
-6.2940248302218551
-6.2940241320343677
-6.2940234530280978
-6.2940227931267874
-6.2940221522511983
-6.2940215303203271
-6.2940209272525882
-6.2940203429669301
-6.294019777383923
-6.2940192304268141
-6.2940187020224991
-6.2940181921024774
-6.2940177006037477
-6.2940172274696611
-6.2940167726507088
-6.2940163361052734
-6.2940159178003432
-6.2940155177121264
-6.2940151358266663
-6.2940147721403656
-6.2940144266604703
-6.2940140994054881
-6.2940137904055096
-6.2940134997025199
-6.2940132273508365
-6.2940129734170895
-6.294012737980367
-6.2940125211322711
-6.2940123229769194
-6.2940121436308374
-6.2940119832227976
-6.294011841893572
-6.2940117197955914
-6.2940116170925631
-6.2940115339589662
-6.2940114705794663
-6.2940114271482575
-6.2940114038682822
-6.2940114009504047
-6.2940114186124259
-6.2940114570780459
-6.2940115165757309
-6.2940115973374189
-6.2940116995972168
-6.2940118235899165
-6.2940119695494641
-6.2940121377072957
-6.294012328290604
-6.2940125415204831
-6.2940127776100061
-6.2940130367621849
-6.2940133191678616
-6.2940136250034699
-6.2940139544287357
-6.294014307584189
-6.2940146845886318
-6.3820523540250393
-6.3820516872667135
-6.3820510398366066
-6.3820504116582102
-6.3820498026517933
-6.3820492127356214
-6.3820486418271489
-6.3820480898441447
-6.3820475567057873
-6.382047042333701
-6.3820465466529539
-6.3820460695930041
-6.3820456110885768
-6.3820451710805326
-6.3820447495166341
-6.3820443463523002
-6.3820439615512816
-6.3820435950862953
-6.382043246939606
-6.3820429171035311
-6.3820426055809198
-6.3820423123855434
-6.3820420375423685
-6.3820417810877119
-6.3820415430700921
-6.3820413235497968
-6.3820411225990448
-6.3820409403021046
-6.3820407767552441
-6.3820406320665937
-6.3820405063559553
-6.3820403997545334
-6.3820403124045821
-6.3820402444589792
-6.3820401960807196
-6.3820401674423
-6.3820401587250641
-6.3820401701183957
-6.3820402018188833
-6.3820402540293513
-6.3820403269578074
-6.382040420816316
-6.382040535819737
-6.3820406721844103
-6.3820408301267308
-6.3820410098616138
-6.3820412116008978
-6.3820414355516384
-6.3820416819143251
-6.3820419508809918
-6.3820422426332737
-6.3820425573403554
-6.382042895156828
-6.3820432562204497
-6.3820436406498215
-6.3820440485418768
-6.4700798647182154
-6.4700792294864629
-6.470078613732448
-6.4700780173783441
-6.4700774403428856
-6.470076882542612
-6.4700763438930577
-6.4700758243098839
-6.4700753237099811
-6.470074842012516
-6.4700743791399118
-6.4700739350188119
-6.4700735095809456
-6.4700731027639904
-6.4700727145123347
-6.4700723447778197
-6.4700719935204036
-6.4700716607087916
-6.4700713463209887
-6.4700710503447905
-6.4700707727782785
-6.4700705136302359
-6.470070272920184
-6.4700700506782152
-6.4700698469471893
-6.4700696617809079
-6.4700694952445819
-6.470069347415115
-6.4700692183809494
-6.4700691082419279
-6.4700690171090338
-6.4700689451041313
-6.4700688923595768
-6.4700688590177897
-6.4700688452306956
-6.4700688511591453
-6.4700688769721886
-6.470068922846326
-6.4700689889646039
-6.4700690755156884
-6.4700691826927974
-6.4700693106925842
-6.4700694597138941
-6.4700696299564679
-6.4700698216195258
-6.4700700349002869
-6.4700702699923909
-6.4700705270842489
-6.4700708063572909
-6.470071107984154
-6.470071432126784
-6.4700717789344715
-6.4700721485417549
-6.4700725410663109
-6.4700729566066739
-6.4700733952398508
-6.5581073621580295
-6.5581067585525599
-6.5581061745769187
-6.5581056101508741
-6.5581050651905928
-6.5581045396098796
-6.5581040333213769
-6.5581035462377146
-6.5581030782726097
-6.5581026293419162
-6.5581021993646171
-6.5581017882637749
-6.5581013959674026
-6.5581010224093168
-6.558100667529895
-6.5581003312768082
-6.5581000136056824
-6.5580997144806989
-6.5580994338751406
-6.5580991717718868
-6.558098928163937
-6.5580987030549451
-6.5580984964587286
-6.5580983083978142
-6.5580981389103528
-6.5580979880435581
-6.5580978558554248
-6.5580977424154252
-6.5580976478042681
-6.5580975721135983
-6.558097515445783
-6.5580974779135968
-6.5580974596398143
-6.5580974607567635
-6.558097481405774
-6.5580975217365527
-6.5580975819064697
-6.5580976620797902
-6.5580977624267822
-6.5580978831227714
-6.5580980243470908
-6.5580981862819634
-6.5580983691112849
-6.5580985730193309
-6.5580987981893717
-6.5580990448022209
-6.558099313034699
-6.5580996030580048
-6.5580999150360304
-6.5581002491235951
-6.5581006054645954
-6.5581009841901121
-6.5581013854163865
-6.5581018092427898
-6.5581022557495983
-6.5581027249957264
-6.6461348461999217
-6.6461342743236509
-6.6461337222318866
-6.6461331898409099
-6.6461326770632674
-6.6461321838090113
-6.6461317099869301
-6.6461312555056864
-6.6461308202749416
-6.646130404206394
-6.6461300072147838
-6.6461296292188345
-6.6461292701421346
-6.6461289299139663
-6.6461286084700832
-6.6461283057534013
-6.6461280217146799
-6.6461277563130929
-6.6461275095167762
-6.6461272813032908
-6.6461270716602296
-6.646126880586003
-6.6461267080888744
-6.6461265541816426
-6.6461264188995877
-6.6461263022828634
-6.6461262043820453
-6.6461261252592276
-6.6461260649874392
-6.6461260236503117
-6.6461260013417949
-6.6461259981658403
-6.6461260142359855
-6.6461260496748729
-6.6461261046136917
-6.6461261791915502
-6.6461262735547537
-6.646126387856012
-6.6461265222535673
-6.6461266769102272
-6.6461268519923458
-6.6461270476686964
-6.6461272641092721
-6.6461275014840044
-6.6461277599614226
-6.6461280397072091
-6.6461283408826874
-6.6461286636432746
-6.6461290081367821
-6.6461293745017471
-6.646129762865602
-6.6461301733428524
-6.6461306060331324
-6.6461310610192026
-6.6461315383648358
-6.6461320381126123
-6.7341623166982822
-6.7341617766582242
-6.7341612565599416
-6.7341607563151253
-6.7341602758316368
-6.7341598150147659
-6.734159373768458
-6.7341589519964957
-6.734158549603583
-6.7341581664964254
-6.73415780258473
-6.7341574577821239
-6.7341571320070654
-6.7341568251836588
-6.7341565372424057
-6.7341562681209197
-6.7341560177645698
-6.7341557861270527
-6.7341555731709466
-6.7341553788679906
-6.7341552031994123
-6.73415504615748
-6.7341549077470946
-6.7341547879729804
-6.734154686865554
-6.734154604455509
-6.7341545407866725
-6.7341544959144324
-6.7341544699044169
-6.7341544628323886
-6.7341544747841136
-6.7341545058550301
-6.7341545561497878
-6.7341546257817706
-6.7341547148725205
-6.7341548235510915
-6.7341549519533528
-6.7341551002211437
-6.7341552685014374
-6.7341554569453645
-6.7341556657071973
-6.734155894943223
-6.7341561448105773
-6.7341564154659697
-6.7341567070643578
-6.7341570197575349
-6.7341573536926598
-6.7341577090107156
-6.7341580858448911
-6.7341584843189102
-6.7341589045452874
-6.7341593466235459
-6.7341598106383174
-6.7341602966574179
-6.7341608047297994
-6.7341613348833924
-6.822189773506607
-6.8221892654148029
-6.8221887774245875
-6.8221883094419509
-6.8221878613689979
-6.8221874331052375
-6.8221870245488025
-6.8221866355976415
-6.8221862661506227
-6.8221859161086291
-6.8221855853755118
-6.8221852738590902
-6.8221849814719828
-6.8221847081324656
-6.8221844537652077
-6.8221842183019659
-6.8221840016822171
-6.8221838038537879
-6.8221836247732375
-6.8221834644053638
-6.822183322722962
-6.8221831997130034
-6.8221830953842417
-6.8221830097249336
-6.8221829427687091
-6.8221828945294369
-6.8221828650432155
-6.8221828543605545
-6.8221828625405685
-6.8221828896514012
-6.8221829357708632
-6.8221830009861799
-6.8221830853934939
-6.8221831890973696
-6.8221833122102042
-6.822183454851575
-6.8221836171475285
-6.8221837992297427
-6.8221840012346862
-6.8221842233026475
-6.8221844655767043
-6.8221847282016395
-6.822185011322758
-6.8221853150846368
-6.8221856396298293
-6.8221859850974678
-6.8221863516218262
-6.8221867393308084
-6.8221871483443595
-6.8221875787728496
-6.8221880307153766
-6.8221885042579995
-6.8221889994719334
-6.8221895164116466
-6.8221900551128902
-6.8221906155905891
-6.9102172164777187
-6.9102167404521335
-6.9102162846904305
-6.910215849091772
-6.9102154335514383
-6.9102150379621055
-6.9102146622151146
-6.9102143062016443
-6.9102139698138521
-6.910213652945929
-6.9102133554951148
-6.9102130773626573
-6.9102128184546663
-6.91021257868295
-6.9102123579657615
-6.9102121562284848
-6.9102119734042864
-6.9102118094348208
-6.9102116642702187
-6.910211537866406
-6.9102114301874202
-6.9102113412433228
-6.9102112710945409
-6.9102112194377359
-6.910211186584867
-6.9102111724848569
-6.9102111771374952
-6.9102112005885763
-6.910211242892446
-6.9102113041098985
-6.9102113843109159
-6.9102114835748001
-6.9102116019895741
-6.9102117396514373
-6.9102118966641477
-6.9102120731383918
-6.9102122691910335
-6.9102124849443056
-6.9102127205249344
-6.910212976063189
-6.9102132516918751
-6.9102135475452044
-6.9102138637576882
-6.9102142004628515
-6.9102145577919956
-6.9102149358727889
-6.910215334827881
-6.9102157547734091
-6.9102161958174486
-6.9102166580584257
-6.9102171415834608
-6.9102176464666627
-6.9102181727673511
-6.9102187205281931
-6.9102192897733161
-6.910219880506224
-6.9982446454639522
-6.998244201629424
-6.9982437782234346
-6.9982433751371911
-6.9982429922580529
-6.9982426294708402
-6.9982422866590905
-6.9982419637062883
-6.9982416604969577
-6.9982413769177967
-6.9982411128586373
-6.998240868213415
-6.9982406428810542
-6.9982404367662827
-6.9982402497803662
-6.9982400818417991
-6.9982399328770244
-6.9982398028212796
-6.9982396916182426
-6.9982395992150899
-6.9982395255718064
-6.9982394707905193
-6.9982440942584319
-6.9982394171632505
-6.9982394183126688
-6.998239438315534
-6.9982394770659093
-6.9982395346000326
-6.9982396109673006
-6.9982397062210433
-6.9982398204235654
-6.9982399536465705
-6.9982401059703543
-6.9982402774832115
-6.9982404682808124
-6.9982406784655282
-6.9982409081457018
-6.9982411574348271
-6.9982414264506687
-6.9982417153143217
-6.9982420241491772
-6.9982423530798759
-6.9982427022311144
-6.9982430717264617
-6.9982434616870783
-6.9982438722303693
-6.9982443034685877
-6.998244755507387
-6.9982452284443184
-6.9982457223672432
-6.9982462373527268
-6.9982467734643743
-6.9982473307510897
-6.9982479092452738
-6.9982485089609314
-6.9982491298917093
-7.0862720603174383
-7.0862716488065907
-7.0862712578911671
-7.0862708874532725
-7.0862705373712371
-7.08627020752097
-7.0862698977772274
-7.0862696080148222
-7.0862693381097941
-7.0862690879404777
-7.0862688573885162
-7.0862686463398257
-7.0862684546854595
-7.0862682823224388
-7.0862681291544707
-7.0862679950926148
-7.0862678800559626
-7.0862677839722767
-7.0862677067779458
-7.0862676484153342
-7.0862676088350129
-7.0862675880334027
-7.0862675860574607
-7.0862676025903877
-7.0862676379313205
-7.0862676920158094
-7.0862677648297394
-7.0862678564051267
-7.0862679667824091
-7.0862680960082569
-7.0862682441382514
-7.0862684112370449
-7.0862685973776918
-7.0862688026410918
-7.0862690271153692
-7.0862692708951984
-7.0862695340810573
-7.0862698167784242
-7.0862701190968744
-7.0862704411491579
-7.0862707830501712
-7.0862711449159006
-7.0862715268622596
-7.0862719290039093
-7.086272351452986
-7.0862727943177939
-7.0862732577014134
-7.0862737417002828
-7.0862742464027244
-7.0862747718873855
-7.0862753182216736
-7.0862758854601022
-7.0862764736426263
-7.0862770827928223
-7.0862777129160959
-7.0862783639977138
-7.1742994608903539
-7.1742990818445351
-7.1742987235630888
-7.1742983859178269
-7.1742980687769569
-7.1742977720064003
-7.1742974954711149
-7.1742972390363198
-7.1742970025686494
-7.1742967859372513
-7.1742965890148094
-7.1742964116784895
-7.1742962538108124
-7.1742961153004838
-7.1742959960431163
-7.1742958959418637
-7.1742958149080716
-7.1742957528617923
-7.17429570973216
-7.1742956854568387
-7.1742956799816877
-7.1742956932666875
-7.1742957252936597
-7.1742957760243584
-7.1742958454661787
-7.1742959336060661
-7.174296040452746
-7.1742961660292632
-7.1742963103669304
-7.1742964735056596
-7.1742966554945289
-7.1742968563914751
-7.1742970762627456
-7.1742973151823444
-7.1742975732314056
-7.1742978504975214
-7.1742981470739835
-7.1742984630589621
-7.1742987985546423
-7.1742991536662624
-7.17429952850111
-7.1742999231674602
-7.1743003377734418
-7.1743007724258581
-7.1743012272289377
-7.1743017022830173
-7.174302197683204
-7.1743027135179727
-7.1743032498676831
-7.1743038068031098
-7.1743043843838565
-7.1743049826567411
-7.1743056016541598
-7.1743062413923404
-7.1743069018695325
-7.1743075830640883
-7.2623268470352373
-7.2623265006054973
-7.2623261751108945
-7.2623258704117877
-7.2623255863651046
-7.2623253228257196
-7.2623250796477885
-7.2623248566859591
-7.2623246537965809
-7.2623244708387764
-7.2623243076754811
-7.2623241641744034
-7.2623240402088935
-7.2623239356587437
-7.2623238504109375
-7.2623237843602659
-7.2623237374099441
-7.2623237094721365
-7.262323700468353
-7.2623237103297118
-7.2623237389971083
-7.2623237864226295
-7.262323852571158
-7.2623239374076451
-7.262324040922735
-7.2623241631069018
-7.2623243039632905
-7.262324463506209
-7.2623246417596921
-7.2623248387572543
-7.2623250545416678
-7.2623252891645205
-7.2623255426857023
-7.2623258151728374
-7.2623261067006357
-7.2623264173502386
-7.262326747208415
-7.2623270963667759
-7.2623274649208867
-7.2623278529693067
-7.2623282606126152
-7.2623286879523192
-7.2623291350897627
-7.2623296021249155
-7.2623300891551734
-7.2623305962740634
-7.2623311235699033
-7.2623316711244028
-7.2623322390112603
-7.262332827294645
-7.2623334360276859
-7.2623340652508883
-7.2623347149904847
-7.2623353852567538
-7.2623360760422067
-7.2623367873197475
-7.3503542186053314
-7.3503539049533675
-7.3503536124088695
-7.3503533408195318
-7.3503530900298566
-7.3503528598826033
-7.3503526502200724
-7.3503524608854018
-7.3503522917237465
-7.3503521425833691
-7.3503520133167051
-7.3503519037812879
-7.3503518138406383
-7.3503517433650751
-7.3503516922324215
-7.3503516603286538
-7.3503516475484743
-7.3503516537958333
-7.3503516789843086
-7.3503517230374866
-7.3503517858893987
-7.3503518674851875
-7.350351967780071
-7.3503520867339303
-7.3503522243290149
-7.3503523805520912
-7.3503525553997902
-7.3503527488796765
-7.3503529610095431
-7.3503531918168754
-7.3503534413384877
-7.3503537096200464
-7.3503539967155618
-7.3503543026868066
-7.3503546276026599
-7.3503549715384295
-7.3503553345750623
-7.3503557167983447
-7.3503561182980031
-7.3503565391667749
-7.3503569794993959
-7.3503574393915558
-7.3503579189387818
-7.3503584182352597
-7.3503589373726417
-7.3503594764387437
-7.3503600355162586
-7.3503606146813549
-7.3503612140022891
-7.3503618335379191
-7.3503624733362187
-7.3503631334326984
-7.3503638138488023
-7.350364514590245
-7.3503652356452172
-7.3503659769825767
-7.4383815754549625
-7.4383812947540964
-7.4383810353342756
-7.4383807970292946
-7.438380579670091
-7.4383803830861766
-7.4383802071069862
-7.4383800515631791
-7.4383799162878041
-7.4383798011174473
-7.4383797058932597
-7.4383796304619096
-7.4383795746764632
-7.4383795383971822
-7.4383795214922337
-7.4383795238383366
-7.4383795453212986
-7.4383795858365387
-7.4383796452894444
-7.4383797235957392
-7.4383798206818419
-7.4383799364851999
-7.4383800709536825
-7.4383802240439731
-7.4383803957282231
-7.438380585987221
-7.4383807948119314
-7.4383810222040347
-7.4383812681755099
-7.4383815327481733
-7.4383818159532655
-7.4383821178309848
-7.4383824384299677
-7.4383827778066722
-7.4383831360247443
-7.4383835131543075
-7.4383839092711828
-7.4383843244560683
-7.4383847587936556
-7.4383852123716858
-7.438385685279953
-7.4383861776092539
-7.4383866894502795
-7.4383872208924613
-7.4383877720227591
-7.4383883429244078
-7.4383889336756175
-7.4383895443482011
-7.4383901750061989
-7.4383908257044258
-7.4383914964869744
-7.4383921873857002
-7.438392898418595
-7.4383936295881705
-7.4383943808796937
-7.4383951522593579
-7.5264089174399516
-7.5264086698761323
-7.52640844376781
-7.5264082389336506
-7.5264080551898251
-7.5264078923515054
-7.5264077502342097
-7.5264076286551349
-7.5264075274343467
-7.5264074463959005
-7.5264073853689126
-7.5264073441884927
-7.5264073226966248
-7.5264073207429654
-7.5264073381855487
-7.5264073748913844
-7.5264074307370503
-7.5264075056091198
-7.5264075994045738
-7.5264077120310953
-7.5264078434073651
-7.5264079934632591
-7.5264081621396821
-7.5264083493881904
-7.5264085551729263
-7.5264087794684906
-7.5264090222601956
-7.5264092835441119
-7.5264095633267276
-7.5264098616245363
-7.5264101784636317
-7.5264105138792115
-7.5264108679150441
-7.5264112406228447
-7.526411632061631
-7.5264120422970011
-7.5264124714003531
-7.5264129194480427
-7.5264133865205265
-7.5264138727013883
-7.5264143780763666
-7.5264149027322942
-7.5264154467560047
-7.5264160102331896
-7.5264165932471796
-7.5264171958777277
-7.526417818199687
-7.5264184602816995
-7.5264191221848016
-7.5264198039609989
-7.5264205056517879
-7.5264212272866553
-7.5264219688814817
-7.5264227304369209
-7.5264235119366703
-7.5264243133456672
-7.614436244418096
-7.6144360301908858
-7.6144358375940984
-7.6144356664299773
-7.6144355164987401
-7.6144353876000803
-7.6144352795345611
-7.6144351921049358
-7.6144351251173639
-7.6144350783825701
-7.6144350517168657
-7.6144350449431224
-7.6144350578916384
-7.6144350904009235
-7.614435142318384
-7.614435213500955
-7.6144353038156183
-7.6144354131398417
-7.6144355413619813
-7.6144356883815387
-7.614435854109411
-7.6144360384680319
-7.6144362413913695
-7.6144364628248189
-7.6144367027257625
-7.6144369610628084
-7.614437237815685
-7.6144375329750869
-7.6144378465423328
-7.614438178529003
-7.6144385289564704
-7.6144388978554218
-7.6144392852652816
-7.6144396912336072
-7.6144401158154018
-7.6144405590724071
-7.6144410210722988
-7.6144415018878675
-7.6144420015961165
-7.61444252027733
-7.6144430580140678
-7.6144436148901367
-7.6144441909894756
-7.6144447863950422
-7.6144454011876022
-7.6144460354444936
-7.6144466892383678
-7.6144473626358407
-7.6144480556961405
-7.6144487684696891
-7.6144495009966553
-7.6144502533054395
-7.614451025411114
-7.6144518173138218
-7.6144526289970509
-7.61445346042583
-7.7024635562496782
-7.7024633755732816
-7.702463216702216
-7.7024630794210118
-7.7024629635127013
-7.7024628687603718
-7.7024627949485458
-7.7024627418645659
-7.7024627092997902
-7.7024626970507653
-7.7024627049202614
-7.7024627327182467
-7.7024627802627226
-7.7024628473805317
-7.7024629339080244
-7.7024630396916471
-7.702463164588484
-7.7024633084666601
-7.7024634712057063
-7.7024636526968173
-7.7024638528430582
-7.7024640715594916
-7.702464308773175
-7.7024645644231278
-7.7024648384604735
-7.702465130848041
-7.7024654415601708
-7.7024657705824691
-7.7024661179114737
-7.7024664835542351
-7.7024668675278818
-7.7024672698590733
-7.7024676905834477
-7.702468129744986
-7.7024685873953214
-7.7024690635930053
-7.7024695584027336
-7.7024700718944672
-7.7024706041425839
-7.7024711552248899
-7.7024717252216721
-7.7024723142146279
-7.7024729222857795
-7.7024735495163537
-7.7024741959855723
-7.7024748617694687
-7.7024755469395911
-7.702476251561678
-7.7024769756943359
-7.7024777193876321
-7.7024784826816264
-7.7024792656049241
-7.7024800681730916
-7.7024808903870694
-7.7024817322314778
-7.7024825936728067
-7.7904908527980155
-7.7904907059023261
-7.7904905809863036
-7.7904904778154513
-7.7904903961543877
-7.7904903357684052
-7.7904902964249505
-7.7904902778949401
-7.7904902799540379
-7.7904903023837964
-7.7904903449726985
-7.7904904075171437
-7.7904904898222709
-7.7904905917027447
-7.79049071298342
-7.7904908534999127
-7.7904910130991114
-7.7904911916395641
-7.7904913889918337
-7.7904916050387127
-7.7904918396754033
-7.7904920928096315
-7.7904923643616177
-7.7904926542640709
-7.7904929624621229
-7.7904932889130629
-7.7904936335861246
-7.7904939964621631
-7.7904943775333004
-7.7904947768025048
-7.7904951942831149
-7.7904956299983077
-7.7904960839804813
-7.7904965562706545
-7.7904970469177357
-7.7904975559777814
-7.7904980835132118
-7.7904986295919567
-7.7904991942865571
-7.7904997776732152
-7.7905003798308083
-7.790501000839857
-7.7905016407814269
-7.7905022997360112
-7.7905029777823467
-7.790503674996212
-7.7905043914491499
-7.7905051272071857
-7.7905058823294704
-7.7905066568669001
-7.7905074508606873
-7.7905082643408852
-7.7905090973248399
-7.7905099498156156
-7.7905108218002841
-7.7905117132481685
-7.8785181339301147
-7.8785180210617414
-7.8785179303462076
-7.8785178615286195
-7.8785178143539145
-7.878517788568451
-7.8785177839214864
-7.8785178001665344
-7.8785178370626552
-7.8785178943755891
-7.8785179718788196
-7.8785180693545209
-7.8785181865944098
-7.8785183234004839
-7.8785184795856962
-7.8785186549745028
-7.8785188494033243
-7.8785190627209589
-7.8785192947888536
-7.8785195454813408
-7.8785198146857649
-7.8785201023025637
-7.8785204082452447
-7.8785207324403235
-7.8785210748271872
-7.8785214353578885
-7.8785218139968354
-7.8785222107204982
-7.8785226255169931
-7.8785230583856682
-7.8785235093365689
-7.8785239783899099
-7.8785244655754534
-7.8785249709318617
-7.8785254945059719
-7.8785260363520662
-7.8785265965310245
-7.8785271751095047
-7.8785277721590443
-7.8785283877550754
-7.878529021975968
-7.8785296749019817
-7.878530346614192
-7.878531037193353
-7.8785317467187337
-7.8785324752669386
-7.8785332229105993
-7.8785339897171536
-7.8785347757474558
-7.8785355810544306
-7.8785364056816665
-7.8785372496619015
-7.8785381130155629
-7.878538995749115
-7.8785398978534396
-7.8785408193020174
-7.9665453995173321
-7.9665453209406927
-7.9665452646881967
-7.9665452304831765
-7.9665452180496157
-7.9665452271137287
-7.9665452574055067
-7.9665453086600744
-7.9665453806189852
-7.9665454730313554
-7.9665455856549556
-7.9665457182571009
-7.9665458706155468
-7.966546042519167
-7.9665462337686312
-7.9665464441769274
-7.9665466735697814
-7.9665469217860618
-7.9665471886780219
-7.9665474741114934
-7.9665477779659994
-7.96654810013478
-7.9665484405247522
-7.9665487990564365
-7.9665491756637534
-7.9665495702937852
-7.9665499829064901
-7.9665504134743239
-7.9665508619818466
-7.9665513284252416
-7.9665518128117929
-7.9665523151593129
-7.9665528354955244
-7.9665533738573666
-7.9665539302902939
-7.9665545048475011
-7.9665550975890937
-7.9665557085812457
-7.9665563378952911
-7.9665569856067506
-7.9665576517943917
-7.9665583365391361
-7.9665590399230028
-7.9665597620280098
-7.9665605029350059
-7.9665612627224327
-7.9665620414651386
-7.9665628392330703
-7.9665636560899546
-7.9665644920919298
-7.9665653472861484
-7.9665662217093081
-7.9665671153861561
-7.9665680283278837
-7.9665689605304788
-7.9665699119729343
-8.0545726494361656
-8.0545726054345526
-8.054572583925756
-8.054572584609927
-8.0545726071887689
-8.0545726513671827
-8.054572716854782
-8.0545728033673072
-8.0545729106278987
-8.0545730383682841
-8.0545731863297867
-8.0545733542642797
-8.0545735419350191
-8.0545737491173419
-8.0545739755992596
-8.0545742211820066
-8.0545744856804458
-8.0545747689233718
-8.0545750707537902
-8.0545753910290276
-8.0545757296208453
-8.0545760864154108
-8.0545764613132498
-8.0545768542290954
-8.0545772650916749
-8.0545776938434557
-8.0545781404403023
-8.0545786048510948
-8.0545790870572862
-8.0545795870524
-8.0545801048414969
-8.0545806404405766
-8.0545811938759186
-8.0545817651834142
-8.0545823544078079
-8.0545829616019393
-8.0545835868259008
-8.0545842301461565
-8.0545848916346756
-8.0545855713679444
-8.0545862694259718
-8.0545869858912855
-8.054587720847822
-8.0545884743798375
-8.0545892465707496
-8.054590037501935
-8.0545908472515126
-8.0545916758930591
-8.0545925234943088
-8.0545933901157927
-8.0545942758094373
-8.0545951806171256
-8.0545961045691818
-8.0545970476828241
-8.0545980099604613
-8.0545989913879605
-8.1425998835690407
-8.1425998744457466
-8.1425998879804347
-8.1425999238486515
-8.1425999817285071
-8.1426000613023497
-8.1426001622583275
-8.1426002842917953
-8.1426004271066219
-8.1426005904163201
-8.1426007739451176
-8.1426009774288506
-8.1426012006157809
-8.1426014432672744
-8.1426017051584072
-8.1426019860784127
-8.1426022858311047
-8.1426026042351367
-8.1426029411242133
-8.142603296347227
-8.1426036697682598
-8.1426040612665869
-8.1426044707365328
-8.1426048980873187
-8.1426053432427992
-8.1426058061411961
-8.1426062867346811
-8.1426067849890025
-8.1426073008829984
-8.1426078344080643
-8.1426083855676019
-8.1426089543763887
-8.1426095408599171
-8.1426101450536859
-8.142610767002445
-8.1426114067594035
-8.1426120643853981
-8.1426127399480119
-8.1426134335206637
-8.1426141451816481
-8.1426148750131428
-8.1426156231001752
-8.1426163895295645
-8.142617174388775
-8.1426179777648287
-8.1426187997430617
-8.1426196404059379
-8.1426204998317804
-8.1426213780934589
-8.1426222752570503
-8.1426231913804639
-8.1426241265119934
-8.1426250806888092
-8.1426260539354125
-8.142627046261973
-8.1426280576625434
-8.2306271018052861
-8.2306271278846967
-8.2306271767828196
-8.2306272481491085
-8.230627341636735
-8.2306274569042799
-8.2306275936173208
-8.2306277514498483
-8.2306279300855554
-8.23062812921901
-8.2306283485566549
-8.2306285878177388
-8.2306288467350655
-8.2306291250556836
-8.2306294225413996
-8.2306297389692826
-8.2306300741319465
-8.2306304278378644
-8.230630799911463
-8.2306311901932681
-8.2306315985398424
-8.2306320248237519
-8.2306324689333881
-8.2306329307727637
-8.2306334102612198
-8.2306339073331056
-8.2306344219373617
-8.2306349540370807
-8.2306355036090011
-8.2306360706429569
-8.2306366551412626
-8.2306372571181186
-8.2306378765988679
-8.2306385136193114
-8.2306391682249167
-8.2306398404700278
-8.2306405304169878
-8.2306412381353091
-8.2306419637006965
-8.2306427071941197
-8.2306434687008068
-8.2306442483092255
-8.2306450461099985
-8.2306458621948142
-8.2306466966552705
-8.2306475495817235
-8.2306484210620461
-8.230649311180386
-8.2306502200158853
-8.2306511476413373
-8.2306520941218029
-8.2306530595131981
-8.2306540438607936
-8.2306550471976703
-8.2306560695430466
-8.2306571109005446
-8.3186543040420915
-8.3186543656708363
-8.3186544502735096
-8.318654557471989
-8.3186546868931401
-8.318654838170545
-8.3186550109461024
-8.3186552048714422
-8.3186554196092537
-8.3186556548343802
-8.3186559102348827
-8.3186561855128645
-8.3186564803852487
-8.3186567945844274
-8.3186571278587191
-8.3186574799728312
-8.3186578507081297
-8.3186582398628737
-8.3186586472522954
-8.3186590727086607
-8.3186595160812207
-8.318659977236063
-8.318660456055941
-8.318660952440009
-8.3186614663034852
-8.3186619975772889
-8.3186625462075998
-8.3186631121553685
-8.3186636953957827
-8.3186642959176957
-8.3186649137229605
-8.3186655488258321
-8.3186662012521957
-8.3186668710388503
-8.3186675582327219
-8.3186682628900392
-8.31866898507546
-8.3186697248612091
-8.3186704823261479
-8.3186712575547741
-8.3186720506362732
-8.3186728616634529
-8.318673690731714
-8.3186745379379037
-8.3186754033792383
-8.3186762871520941
-8.3186771893508187
-8.3186781100664842
-8.3186790493856098
-8.3186800073888456
-8.3186809841495961
-8.3186819797326041
-8.3186829941924874
-8.3186840275721661
-8.318685079901238
-8.3186861511942158
-8.4066814901856457
-8.4066815877337557
-8.4066817084043155
-8.4066818517901183
-8.4066820174903416
-8.4066822051123342
-8.4066824142732095
-8.4066826446012914
-8.40668289573739
-8.4066831673359363
-8.406683459065972
-8.4066837706119824
-8.4066841016746281
-8.4066844519713335
-8.4066848212367393
-8.406685209223081
-8.4066856157004413
-8.4066860404568953
-8.4066864832986017
-8.4066869440497509
-8.4066874225524995
-8.4066879186667585
-8.4066884322699824
-8.4066889632568493
-8.406689511538902
-8.4066900770440913
-8.4066906597163644
-8.406691259515064
-8.4066918764144205
-8.4066925104028929
-8.4066931614825489
-8.4066938296683489
-8.4066945149874268
-8.4066952174783012
-8.4066959371901078
-8.4066966741817293
-8.4066974285209373
-8.4066982002835129
-8.4066989895522823
-8.4066997964161718
-8.406700620969195
-8.4067014633094459
-8.4067023235380134
-8.4067032017579173
-8.4067040980729466
-8.4067050125865457
-8.4067059454005726
-8.4067068966140965
-8.4067078663221348
-8.406708854614326
-8.4067098615735762
-8.4067108872746772
-8.4067119317828105
-8.4067129951520219
-8.4067140774235796
-8.4067151786242338
-8.494708660152348
-8.4947087940143842
-8.494708951139426
-8.4947091310896123
-8.4947093334350541
-8.4947095577556286
-8.4947098036425714
-8.4947100706999414
-8.4947103585458592
-8.4947106668136527
-8.4947109951527757
-8.4947113432296462
-8.4947117107283177
-8.4947120973510035
-8.4947125028185155
-8.4947129268705499
-8.4947133692659325
-8.494713829782663
-8.494714308217965
-8.4947148043882024
-8.4947153181287067
-8.4947158492935646
-8.4947163977553224
-8.494716963404624
-8.4947175461497864
-8.4947181459163428
-8.4947187626465244
-8.4947193962986756
-8.4947200468466715
-8.4947207142792447
-8.4947213985993262
-8.4947220998232904
-8.4947228179802163
-8.4947235531111129
-8.4947243052680754
-8.4947250745134308
-8.4947258609188818
-8.4947266645645794
-8.4947274855381849
-8.4947283239339182
-8.4947291798515181
-8.4947300533952692
-8.4947309446729147
-8.4947318537945833
-8.4947327808716455
-8.4947337260156086
-8.4947346893368909
-8.4947356709436352
-8.4947366709404406
-8.4947376894270601
-8.4947387264970775
-8.4947397822365005
-8.4947408567223057
-8.4947419500209325
-8.4947430621866236
-8.4947441932597165
-8.5827358138701388
-8.5827359844663818
-8.5827361784567753
-8.5827363953712474
-8.5827366347494358
-8.582736896142503
-8.5827371791147389
-8.5827374832449994
-8.5827378081279395
-8.5827381533751161
-8.5827385186158907
-8.5827389034982051
-8.5827393076891969
-8.5827397308757014
-8.582740172764586
-8.5827406330830378
-8.582741111578672
-8.5827416080195764
-8.5827421221942757
-8.582742653911561
-8.582743203000307
-8.5827437693091628
-8.5827443527062055
-8.5827449530785298
-8.582745570331765
-8.5827462043895686
-8.5827468551930615
-8.5827475227002132
-8.5827482068851886
-8.5827489077376722
-8.5827496252621405
-8.5827503594771208
-8.5827511104143976
-8.5827518781182022
-8.5827526626443742
-8.5827534640595111
-8.582754282440046
-8.5827551178713382
-8.5827559704467529
-8.5827568402666561
-8.582757727437432
-8.5827586320704619
-8.5827595542810808
-8.5827604941874647
-8.582761451909569
-8.5827624275679639
-8.5827634212826585
-8.5827644331719117
-8.5827654633510022
-8.5827665119309096
-8.5827675790170339
-8.5827686647077819
-8.5827697690931615
-8.5827708922532384
-8.5827720342565321
-8.5827731951582908
-8.6707629512799613
-8.6707631590575875
-8.6707633903495136
-8.6707636446518901
-8.6707639214724761
-8.6707642203324902
-8.6707645407682197
-8.6707648823324064
-8.6707652445955059
-8.670765627146702
-8.670766029594775
-8.670766451568845
-8.6707668927189143
-8.6707673527162878
-8.6707678312538867
-8.6707683280464156
-8.670768842830455
-8.6707693753643778
-8.6707699254282957
-8.6707704928237881
-8.6707710773736668
-8.6707716789215947
-8.670772297331677
-8.6707729324879939
-8.6707735842940643
-8.6707742526722846
-8.6707749375632979
-8.6707756389253472
-8.670776356733592
-8.6707770909793727
-8.6707778416694445
-8.6707786088252323
-8.670779392481986
-8.6707801926879569
-8.6707810095035232
-8.6707818430003556
-8.6707826932604455
-8.6707835603752326
-8.6707844444446192
-8.6707853455760162
-8.6707862638833255
-8.6707871994859644
-8.670788152507761
-8.6707891230759166
-8.6707901113199259
-8.6707911173704133
-8.6707921413580031
-8.670793183412119
-8.670794243659774
-8.6707953222242971
-8.6707964192240183
-8.6707975347709336
-8.6707986689692547
-8.6707998219139419
-8.6708009936890793
-8.670802184366158
-8.7587900723373728
-8.7587903177716058
-8.7587905868275904
-8.7587908789660656
-8.7587911936615406
-8.7587915304040731
-8.7587918887009124
-8.7587922680778512
-8.7587926680804031
-8.7587930882748388
-8.7587935282489582
-8.7587939876127567
-8.7587944659989301
-8.7587949630632131
-8.7587954784846165
-8.7587960119654884
-8.7587965632315807
-8.7587971320318534
-8.7587977181383501
-8.7587983213458642
-8.7587989414715928
-8.7587995783547399
-8.758800231855993
-8.7588009018570112
-8.7588015882598356
-8.7588022909862389
-8.7588030099770844
-8.7588037451915959
-8.7588044966066523
-8.7588052642159795
-8.7588060480293972
-8.7588068480719876
-8.7588076643832498
-8.7588084970162594
-8.7588093460367755
-8.7588102115223343
-8.7588110935613575
-8.7588119922521877
-8.7588129077021506
-8.7588138400265692
-8.7588147893477739
-8.7588157557940924
-8.7588167394987995
-8.7588177405990617
-8.7588187592348596
-8.7588197955478719
-8.7588208496803226
-8.7588219217738494
-8.7588230119682446
-8.7588241204002664
-8.7588252472023118
-8.758826392501101
-8.758827556416259
-8.7588287390588544
-8.7588299405298127
-8.7588311609182075
-8.8468171770143176
-8.8468174606096088
-8.8468177679194735
-8.8468180983676703
-8.8468184513940447
-8.8468188264563228
-8.8468192230317175
-8.8468196406182305
-8.8468200787358278
-8.8468205369273623
-8.8468210147592892
-8.8468215118222933
-8.8468220277316565
-8.8468225621275636
-8.8468231146752192
-8.8468236850648605
-8.84682427301167
-8.8468248782555801
-8.846825500560989
-8.846826139716363
-8.84682679553387
-8.8468274678487884
-8.8468281565190381
-8.846828861424509
-8.8468295824664285
-8.846830319566676
-8.8468310726670616
-8.8468318417285179
-8.8468326267304143
-8.8468334276696687
-8.8468342445599308
-8.8468350774307503
-8.8468359263267153
-8.8468367913065187
-8.8468376724421276
-8.8468385698178125
-8.8468394835292585
-8.8468404136825747
-8.8468413603933787
-8.8468423237857898
-8.8468433039914469
-8.8468443011485043
-8.8468453154005893
-8.8468463468957683
-8.8468473957854616
-8.846848462223365
-8.8468495463643109
-8.8468506483631231
-8.84685176837346
-8.84685290654655
-8.8468540630299604
-8.8468552379662651
-8.8468564314916911
-8.8468576437346407
-8.8468588748141226
-8.8468601248381233
-8.9348442653010434
-8.9348445875922184
-8.9348449336740803
-8.934845302931814
-8.9348456947692405
-8.9348461086105981
-8.9348465439021094
-8.9348470001132601
-8.9348474767378594
-8.9348479732949233
-8.9348484893293119
-8.9348490244122463
-8.9348495781416091
-8.9348501501421271
-8.9348507400654142
-8.9348513475898734
-8.9348519724205193
-8.9348526142886886
-8.9348532729516386
-8.9348539481920994
-8.9348546398177771
-8.9348553476607311
-8.9348560715767587
-8.9348568114446998
-8.9348575671657322
-8.934858338662595
-8.9348591258788392
-8.9348599287778345
-8.934860747342336
-8.934861581573232
-8.9348624314888294
-8.9348632971239859
-8.9348641785291889
-8.9348650757696273
-8.9348659889243169
-8.9348669180851186
-8.9348678633558158
-8.9348688248511845
-8.9348698026959852
-8.9348707970240131
-8.9348718079771139
-8.9348728357041534
-8.9348738803600352
-8.9348749421046278
-8.9348760211017417
-8.9348771175180364
-8.9348782315219157
-8.9348793632824197
-8.9348805129680517
-8.9348816807455869
-8.9348828667788265
-8.9348840712273461
-8.9348852942450918
-8.9348865359789986
-8.934887796567434
-8.9348890761385622
-9.022871337208203
-9.0228716987615734
-9.0228720841627652
-9.0228724927567949
-9.0228729239101231
-9.0228733770124112
-9.0228738514780034
-9.0228743467471642
-9.022874862287054
-9.0228753975925251
-9.0228759521866593
-9.0228765256211751
-9.0228771174766429
-9.0228777273625376
-9.022878354917184
-9.0228789998075456
-9.0228796617289362
-9.0228803404046189
-9.0228810355853266
-9.0228817470487019
-9.0228824745986813
-9.0228832180648144
-9.0228839773015483
-9.0228847521874549
-9.0228855426244614
-9.0228863485369644
-9.0228871698710229
-9.0228880065936288
-9.0228888586914167
-9.0228897261701793
-9.0228906090537748
-9.022891507383223
-9.0228924212157811
-9.0228933506239954
-9.0228942956947815
-9.022895256528475
-9.0228962332378373
-9.0228972259471547
-9.022898234791219
-9.022899259914384
-9.0229003014695657
-9.022901359617256
-9.0229024345245055
-9.0229035263639243
-9.0229046353126083
-9.0229057615511294
-9.0229069052624205
-9.0229080666306984
-9.0229092458403226
-9.0229104430746307
-9.0229116585147384
-9.0229128923382795
-9.0229141447180794
-9.0229154158207745
-9.0229167058053239
-9.0229180148213466
-9.1108983927692027
-9.1108987941836652
-9.1108992194815901
-9.1108996679662884
-9.1109001389655582
-9.1109006318334469
-9.1109011459516136
-9.1109016807304783
-9.110902235610169
-9.1109028100611198
-9.11090340358456
-9.110904015712789
-9.1109046460092458
-9.1109052940684752
-9.1109059595159039
-9.1109066420075706
-9.1109073412296357
-9.1109080568979586
-9.1109087887574205
-9.1109095365813086
-9.1109103001705645
-9.1109110793530483
-9.1109118739826904
-9.1109126839386558
-9.110913509124476
-9.110914349467107
-9.1109152049160915
-9.1109160754425726
-9.1109169610383223
-9.1109178617148494
-9.1109187775024338
-9.1109197084491456
-9.1109206546199069
-9.1109216160955082
-9.1109225929716562
-9.1109235853580177
-9.1109245933772254
-9.1109256171639412
-9.1109266568638709
-9.1109277126327957
-9.1109287846355951
-9.1109298730452402
-9.1109309780418428
-9.1109320998116203
-9.1109332385458899
-9.1109343944400241
-9.1109355676924313
-9.1109367585034597
-9.110937967074296
-9.1109391936058479
-9.1109404382975558
-9.1109417013461957
-9.1109429829445787
-9.1109442832801939
-9.1109456025337696
-9.1109469408776622
-9.1989254320426763
-9.1989258739507509
-9.1989263397537133
-9.1989268287116506
-9.1989273401124958
-9.1989278732736981
-9.1989284275434908
-9.198929002301993
-9.1989295969619551
-9.1989302109692943
-9.1989308438034278
-9.1989314949774137
-9.1989321640378865
-9.1989328505648729
-9.1989335541714521
-9.1989342745033138
-9.1989350112381896
-9.1989357640852436
-9.1989365327843107
-9.1989373171051518
-9.1989381168466036
-9.198938931835702
-9.1989397619267912
-9.1989406070005462
-9.1989414669630367
-9.1989423417447505
-9.1989432312995945
-9.1989441356039094
-9.1989450546554536
-9.1989459884724258
-9.1989469370924475
-9.1989479005715644
-9.1989488789832787
-9.1989498724175203
-9.1989508809796963
-9.198951904789693
-9.198952943980899
-9.1989539986992401
-9.198955069102194
-9.1989561553578536
-9.1989572576439063
-9.1989583761467113
-9.1989595110602824
-9.1989606625853408
-9.198961830928285
-9.1989630163002261
-9.1989642189159291
-9.1989654389927988
-9.1989666767497997
-9.1989679324063811
-9.1989692061813173
-9.1989704982915548
-9.1989718089509633
-9.1989731383690074
-9.1989744867493624
-9.1989758542883493
-9.2869524551152907
-9.286952938184081
-9.2869534451319939
-9.2869539751744501
-9.2869545275583683
-9.2869551015637128
-9.2869556965047089
-9.2869563117307585
-9.2869569466270612
-9.2869576006150361
-9.2869582731524716
-9.2869589637334915
-9.2869596718883773
-9.2869603971831953
-9.2869611392193381
-9.286961897632878
-9.2869626720939173
-9.286963462305776
-9.2869642680041604
-9.2869650889562383
-9.286965924959695
-9.2869667758417496
-9.2869676414581281
-9.2869685216920406
-9.2869694164531094
-9.2869703256763305
-9.2869712493210077
-9.2869721873696811
-9.2869731398270616
-9.2869741067190112
-9.2869750880914648
-9.2869760840094049
-9.2869770945558408
-9.2869781198307777
-9.286979159950226
-9.2869802150452045
-9.286981285260735
-9.28698237075489
-9.2869834716978126
-9.2869845882707445
-9.2869857206650703
-9.2869868690813639
-9.2869880337284236
-9.2869892148223148
-9.2869904125854106
-9.2869916272453885
-9.2869928590342816
-9.286994108187443
-9.2869953749425385
-9.2869966595384881
-9.2869979622143752
-9.2869992832083135
-9.2870006227562634
-9.2870019810907678
-9.2870033584395735
-9.2870047550241672
-9.3749794621047418
-9.3749799870368271
-9.374980535801841
-9.3749811075691802
-9.3749817015436889
-9.3749823169671043
-9.3749829531191526
-9.3749836093182655
-9.3749842849220766
-9.3749849793276532
-9.3749856919714674
-9.3749864223291954
-9.3749871699153573
-9.3749879342827747
-9.3749887150219173
-9.3749895117601501
-9.3749903241608497
-9.374991151922492
-9.3749919947776537
-9.3749928524919692
-9.3749937248630424
-9.3749946117193499
-9.3749955129190941
-9.3749964283490925
-9.3749973579236059
-9.3749983015832257
-9.3749992592936966
-9.3750002310448153
-9.3750012168492916
-9.3750022167416578
-9.375003230777164
-9.3750042590306997
-9.3750053015957597
-9.3750063585833647
-9.3750074301210642
-9.3750085163519081
-9.3750096174334594
-9.3750107335368167
-9.3750118648456464
-9.3750130115552057
-9.3750141738714312
-9.3750153520099495
-9.3750165461951855
-9.3750177566593891
-9.3750189836417288
-9.3750202273873224
-9.3750214881463023
-9.3750227661728509
-9.3750240617242113
-9.3750253750596713
-9.3750267064395576
-9.3750280561241226
-9.3750294243724177
-9.3750308114410874
-9.3750322175830707
-9.3750336430461534
-9.4630206080917816
-9.4630215169306755
-9.4630224398362994
-9.4630233766705292
-9.4630243273249484
-9.4630252917196245
-9.4630262698018672
-9.4630272615450099
-9.4630282669471999
-9.4630292860302223
-9.4630303188383458
-9.4630313654371729
-9.463032425912516
-9.4630335003693347
-9.4630345889306291
-9.4630356917364225
-9.4630368089427286
-9.4630379407205485
-9.463039087254888
-9.4630402487437983
-9.4630414253974173
-9.4630426174370399
-9.4630438250941982
-9.463045048609743
-9.4630462882329454
-9.4630475442205739
-9.4630488168360021
-9.4630501063482804
-9.4630514130312537
-9.4630527371625774
-9.4630540790227951
-9.4630554388943509
-9.4630568170605489
-9.463058213804489
-9.4630596294079297
-9.4630610641500308
-9.4630625183060015
-9.5510483561577182
-9.551049301557935
-9.5510502605804515
-9.55105123309208
-9.5510522189904368
-9.551053218202636
-9.5510542306839206
-9.5510552564163849
-9.5510562954077063
-9.5510573476898646
-9.5510584133179695
-9.5510594923690491
-9.5510605849408723
-9.5510616911508723
-9.5510628111350186
-9.5510639450467636
-9.5510650930560015
-9.5510662553480774
-9.5510674321227906
-9.5510686235934212
-9.5510698299858348
-9.5510710515375106
-9.551072288496691
-9.5510735411214576
-9.5510748096788802
-9.5510760944441131
-9.5510773956995649
-9.5510787137340074
-9.5510800488417278
-9.5510814013216017
-9.5510827714762421
-9.5510841596110598
-9.5510855660332794
-9.5510869910509637
-9.551088434971911
-9.5510898981025179
-9.5510913807464579
)
;

boundaryField
{
    hotWall
    {
        type            calculated;
        value           nonuniform List<scalar> 0();
    }
    coldWall
    {
        type            calculated;
        value           nonuniform List<scalar> 0();
    }
    bottomWall
    {
        type            calculated;
        value           nonuniform List<scalar> 0();
    }
    topWall
    {
        type            calculated;
        value           nonuniform List<scalar> 0();
    }
    front
    {
        type            empty;
    }
    back
    {
        type            empty;
    }
    procBoundary9to2
    {
        type            processor;
        value           nonuniform List<scalar> 
35
(
-6.2940150855363077
-6.3820444799692426
-6.4700738570187637
-6.5581032170162423
-6.6461325602815151
-6.7341618871228066
-6.8221911978366139
-6.9102204927076407
-6.9982497720087133
-7.0862790360006933
-7.1743082849324109
-7.2623375190405897
-7.3503667385497859
-7.4383959436722957
-7.5264251346080915
-7.6144543115447707
-7.7024834746574857
-7.7905126241088718
-7.878541760049
-7.966570882615331
-8.0545999919326796
-8.1426290881131731
-8.2306581712562359
-8.3186872414485951
-8.4067162987642874
-8.4947453432646913
-8.5827743749985768
-8.6708033940021974
-8.7588324002993811
-8.8468613939016674
-8.9348903748084858
-9.0229193430073522
-9.1109482984741081
-9.1989772411732176
-9.2870061710580671
)
;
    }
    procBoundary9to4
    {
        type            processor;
        value           nonuniform List<scalar> 
68
(
-8.8468169177238511
-8.9348439674319469
-9.0228710001770178
-9.1108980159573658
-9.1989250147952788
-9.2869519967398073
-9.3749789618698856
-9.4630064531630183
-9.4630070206972245
-9.4630076119842368
-9.4630082261461403
-9.4630088623447914
-9.4630095197831086
-9.4630101977059553
-9.4630108954007284
-9.4630116121976151
-9.463012347469661
-9.4630131006325087
-9.4630138711440441
-9.4630146585037611
-9.4630154622521072
-9.4630162819695993
-9.4630171172758804
-9.4630179678286854
-9.4630188333227636
-9.4630197134887197
-9.3750350880713693
-9.4630197134887197
-9.4630639921455533
-9.5510474245451888
-9.6390760971150886
-9.6390770791620053
-9.6390780743601105
-9.6390790825825068
-9.6390801037342086
-9.6390811377506722
-9.6390821845963668
-9.639083244263416
-9.6390843167702212
-9.6390854021601484
-9.6390865005002855
-9.6390876118801749
-9.6390887364106312
-9.6390898742225932
-9.6390910254659889
-9.6390921903086646
-9.6390933689353382
-9.6390945615465871
-9.6390957683578762
-9.6390969895985918
-9.6390982255111162
-9.6390994763499496
-9.6391007423808137
-9.6391020238798024
-9.6391033211325325
-9.6391046344333162
-9.6391059640843366
-9.6391073103948273
-9.6391086736802709
-9.6391100542615327
-9.6391114524640678
-9.6391128686170315
-9.6391143030524002
-9.639115756104033
-9.6391172281066773
-9.6391187193948884
-9.5510928832032533
-9.6391202303018044
)
;
    }
    procBoundary9to7
    {
        type            processor;
        value           nonuniform List<scalar> 
26
(
-6.558107985468653
-6.6461354379393764
-6.7341628767632677
-6.822190301788785
-6.9102177128627558
-6.9982451098305747
-7.0862724925364509
-7.1742998608236652
-7.2623272145348681
-7.3503545535124122
-7.438381877598701
-7.5264091866366023
-7.6144364804698936
-7.702463758943769
-7.7904910219053605
-7.8785182692043616
-7.9665455006936821
-8.0545727162301937
-8.14259991567552
-8.2306270988969619
-8.3186542657684566
-8.406681416171665
-8.494708549997176
-8.5827356671458155
-8.6707627675301033
-8.7587898510758375
)
;
    }
    procBoundary9to8
    {
        type            processor;
        value           nonuniform List<scalar> 4(-6.2059980420811289 -6.2940255476625824 -6.3820530401835933 -6.470080519500816);
    }
    procBoundary9to10
    {
        type            processor;
        value           nonuniform List<scalar> 
57
(
-6.1179697438520764
-6.1179689830937276
-6.1179682412298408
-6.117967518181465
-6.1179668138672643
-6.1179661282047162
-6.1179654611112602
-6.1179648125054413
-6.1179641823079649
-6.1179635704427442
-6.1179629768378812
-6.1179624014266381
-6.1179618441483212
-6.117961304949147
-6.1179607837830714
-6.1179602806125413
-6.1179597954092282
-6.1179593281547007
-6.1179588788410486
-6.1179584474714588
-6.1179580340607309
-6.1179576386357599
-6.1179572612359268
-6.1179569019134776
-6.1179565607338366
-6.1179562377758296
-6.117955933131852
-6.1179556469079781
-6.1179553792239991
-6.1179551302133941
-6.1179549000232232
-6.1179546888139287
-6.1179544967590713
-6.1179543240449776
-6.117954170870294
-6.1179540374454406
-6.1179539239919878
-6.1179538307419206
-6.1179537579368031
-6.1179537058268334
-6.1179536746698027
-6.1179536647299271
-6.1179536762765858
-6.117953709582916
-6.1179537649243363
-6.117953842576906
-6.1179539428156202
-6.1179540659125493
-6.1179542121348822
-6.1179543817428641
-6.1179545749876239
-6.117954792108856
-6.1179550333324428
-6.2059846354078321
-6.2059846354078321
-6.2059849571065779
-6.2059853030570586
)
;
    }
}


// ************************************************************************* //
