#              distance                     U_x                     U_y                     U_z                       T
                      0   -2.02975479305474e-18   7.748790272280667e-21                       0       299.7148185848202
  0.0003906250000000001  -0.0001154251323489517   4.483557961767786e-07                       0       299.7148185848185
  0.0007812500000000004  -0.0002308502646979047   8.967115923535625e-07                       0       299.7148185848196
   0.001171875000000001  -0.0003462753970468572   1.345067388530344e-06                       0       299.7148185848201
   0.001562500000000001  -0.0004443787107431999   2.992158527846521e-06                       0       299.7148462501502
            0.001953125   -0.000538151569776393   4.938933502947555e-06                       0        299.714880831815
   0.002343750000000001  -0.0006319244288095861   6.885708478048592e-06                       0       299.7149154134797
   0.002734375000000001  -0.0007256972878427791   8.832483453149629e-06                       0       299.7149499951444
   0.003125000000000001  -0.0008194701468759723   1.077925842825067e-05                       0       299.7149845768091
            0.003515625  -0.0009132430059091653    1.27260334033517e-05                       0       299.7150191584739
             0.00390625  -0.0009989638849719859    1.50439188892047e-05                       0       299.7151241937156
            0.004296875   -0.001072606794079247   1.791847014118565e-05                       0       299.7153349093226
   0.004687500000000001   -0.001146249703186508   2.079302139316659e-05                       0       299.7155456249296
   0.005078125000000001   -0.001219892612293769   2.366757264514755e-05                       0       299.7157563405366
   0.005468750000000001    -0.00129353552140103   2.654212389712848e-05                       0       299.7159670561437
   0.005859375000000001   -0.001367178430508291   2.941667514910944e-05                       0       299.7161777717507
   0.006250000000000001   -0.001440821339615552   3.229122640109038e-05                       0       299.7163884873577
   0.006640625000000001   -0.001495992747564382   3.545741018650205e-05                       0       299.7168794154384
   0.007031250000000001   -0.001551164155513213   3.862359397191374e-05                       0       299.7173703435191
   0.007421875000000001   -0.001606335563462043   4.178977775732542e-05                       0       299.7178612715999
   0.007812500000000002   -0.001661506971410874   4.495596154273711e-05                       0       299.7183521996807
            0.008203125   -0.001716678379359704   4.812214532814878e-05                       0       299.7188431277615
   0.008593750000000002   -0.001771849787308535   5.128832911356044e-05                       0       299.7193340558423
   0.008984375000000003   -0.001817045349981154   5.433955803284564e-05                       0       299.7200332347962
   0.009375000000000001   -0.001855590349136297   5.731415037471314e-05                       0       299.7208712476656
            0.009765625    -0.00189413534829144   6.028874271658062e-05                       0       299.7217092605349
             0.01015625   -0.001932680347446584   6.326333505844816e-05                       0       299.7225472734043
            0.010546875   -0.001971225346601727   6.623792740031562e-05                       0       299.7233852862736
              0.0109375    -0.00200977034575687    6.92125197421831e-05                       0       299.7242232991429
            0.011328125   -0.002045386179409405   7.209631170328717e-05                       0       299.7251372938464
             0.01171875   -0.002069285351051509    7.46169021413376e-05                       0        299.726355215886
            0.012109375   -0.002093184522693612   7.713749257938808e-05                       0       299.7275731379257
                 0.0125   -0.002117083694335715   7.965808301743853e-05                       0       299.7287910599654
            0.012890625    -0.00214098286597782   8.217867345548905e-05                       0       299.7300089820052
             0.01328125   -0.002164882037619923   8.469926389353949e-05                       0       299.7312269040448
            0.013671875   -0.002188781209262026   8.721985433158995e-05                       0       299.7324448260845
              0.0140625   -0.002202583885955844   8.927566570440655e-05                       0       299.7339695309295
            0.014453125    -0.00221386243891259   9.121528231091473e-05                       0       299.7355709314759
             0.01484375   -0.002225140991869336   9.315489891742292e-05                       0       299.7371723320222
            0.015234375   -0.002236419544826083   9.509451552393107e-05                       0       299.7387737325686
               0.015625   -0.002247698097782828   9.703413213043918e-05                       0       299.7403751331149
    0.01601562500000001   -0.002258976650739585    9.89737487369478e-05                       0       299.7419765336625
             0.01640625    -0.00226599693604239   0.0001006705842982755                       0       299.7437233733749
            0.016796875   -0.002266629819864308   0.0001020032482918339                       0       299.7456883718399
              0.0171875   -0.002267262703686227   0.0001033359122853922                       0       299.7476533703048
            0.017578125   -0.002267895587508146   0.0001046685762789506                       0       299.7496183687699
    0.01796875000000001   -0.002268528471330065   0.0001060012402725089                       0       299.7515833672348
            0.018359375   -0.002269161355152001   0.0001073339042660681                       0        299.753548365702
                0.01875   -0.002269794238973906   0.0001086665682596257                       0        299.755513364165
            0.019140625    -0.00226162889456112    0.000109427692853417                       0       299.7578050010582
             0.01953125   -0.002253463550148329    0.000110188817447208                       0       299.7600966379504
    0.01992187500000001   -0.002245298205735542   0.0001109499420409994                       0       299.7623882748434
              0.0203125   -0.002237132861322762   0.0001117110666347909                       0       299.7646799117373
    0.02070312500000001   -0.002228967516909995   0.0001124721912285833                       0       299.7669715486329
             0.02109375   -0.002220802172497191   0.0001132333158223737                       0       299.7692631855235
            0.021484375     -0.0022083599243338    0.000113688614521567                       0       299.7717222496348
    0.02187500000000001   -0.002193066407003334   0.0001139400292910281                       0       299.7742929318908
            0.022265625   -0.002177772889672876   0.0001141914440604897                       0       299.7768636141479
             0.02265625   -0.002162479372342418   0.0001144428588299513                       0        299.779434296405
            0.023046875    -0.00214718585501196   0.0001146942735994127                       0        299.782004978662
              0.0234375   -0.002131892337681502   0.0001149456883688742                       0       299.7845756609191
            0.023828125   -0.002115467081349609   0.0001151078150366879                       0       299.7871917041094
             0.02421875   -0.002094514869011976   0.0001149127892979109                       0       299.7899891910322
            0.024609375   -0.002073562656674343   0.0001147177635591339                       0       299.7927866779552
                  0.025    -0.00205261044433671   0.0001145227378203569                       0       299.7955841648781
            0.025390625   -0.002031658231999076   0.0001143277120815798                       0       299.7983816518009
    0.02578125000000001   -0.002010706019661446   0.0001141326863428028                       0       299.8011791387243
            0.026171875   -0.001989753807323831   0.0001139376606040269                       0       299.8039766256499
              0.0265625   -0.001965287128047822   0.0001134262048754788                       0       299.8069140923509
            0.026953125   -0.001939941832037233   0.0001128356416494887                       0       299.8098865539986
             0.02734375   -0.001914596536026649    0.000112245078423499                       0       299.8128590156471
    0.02773437500000001   -0.001889251240016066   0.0001116545151975093                       0       299.8158314772957
               0.028125   -0.001863905944005482   0.0001110639519715196                       0       299.8188039389442
            0.028515625   -0.001838560647994899   0.0001104733887455299                       0       299.8217764005927
             0.02890625   -0.001811886128829924   0.0001097384482604098                       0       299.8247998164774
            0.029296875   -0.001783217774933364   0.0001087869418865942                       0       299.8278996637166
              0.0296875   -0.001754549421036803   0.0001078354355127785                       0       299.8309995109557
            0.030078125   -0.001725881067140243   0.0001068839291389628                       0       299.8340993581949
             0.03046875   -0.001697212713243684    0.000105932422765147                       0       299.8371992054346
            0.030859375    -0.00166854435934712   0.0001049809163913311                       0       299.8402990526731
                0.03125   -0.001639876005450564   0.0001040294100175157                       0       299.8433988999131
    0.03164062500000001   -0.001608772126002853   0.0001027384342449498                       0       299.8465852928335
    0.03203125000000001   -0.001577668246555147   0.0001014474584723843                       0       299.8497716857548
            0.032421875   -0.001546564367107442   0.0001001564826998188                       0        299.852958078676
              0.0328125   -0.001515460487659737   9.886550692725321e-05                       0       299.8561444715972
            0.033203125   -0.001484356608212035   9.757453115468774e-05                       0       299.8593308645194
             0.03359375   -0.001453252728764332   9.628355538212233e-05                       0       299.8625172574411
    0.03398437500000001   -0.001421118985645006   9.479817999316096e-05                       0       299.8657358892443
               0.034375   -0.001388298666744614   9.318320485993662e-05                       0       299.8689760136379
    0.03476562500000001   -0.001355478347844221   9.156822972671224e-05                       0       299.8722161380315
    0.03515625000000001   -0.001322658028943842   8.995325459348873e-05                       0       299.8754562624282
    0.03554687500000001   -0.001289837710043441   8.833827946026369e-05                       0       299.8786963868197
              0.0359375   -0.001257017391143046   8.672330432703954e-05                       0       299.8819365112124
            0.036328125   -0.001223966700238107   8.504704873254452e-05                       0       299.8851824749987
    0.03671874999999999   -0.001189994521314985   8.312567129296647e-05                       0       299.8884517963557
            0.037109375   -0.001156022342391861   8.120429385338865e-05                       0       299.8917211177127
    0.03750000000000001   -0.001122050163468737   7.928291641381081e-05                       0       299.8949904390697
            0.037890625   -0.001088077984545614   7.736153897423297e-05                       0       299.8982597604268
             0.03828125   -0.001054105805622491   7.544016153465511e-05                       0       299.9015290817837
            0.038671875   -0.001020133626699373   7.351878409507763e-05                       0       299.9047984031423
              0.0390625  -0.0009855797383256958   7.137361682329225e-05                       0        299.908077670197
    0.03945312500000001  -0.0009508804225893851   6.917250209345542e-05                       0       299.9113594236781
             0.03984375  -0.0009161811068530762   6.697138736361866e-05                       0       299.9146411771592
    0.04023437500000001  -0.0008814817911167659   6.477027263378158e-05                       0       299.9179229306407
    0.04062500000000001  -0.0008467824753804552   6.256915790394496e-05                       0       299.9212046841216
            0.041015625  -0.0008120831596441498   6.036804317410838e-05                       0       299.9244864376041
    0.04140625000000001  -0.0007772137128323398    5.80710855134553e-05                       0       299.9277691562899
    0.04179687500000001  -0.0007420890694072942   5.563036345657878e-05                       0       299.9310533227878
              0.0421875  -0.0007069644259822409   5.318964139970197e-05                       0       299.9343374892823
    0.04257812499999999   -0.000671839782557192   5.074891934282491e-05                       0       299.9376216557786
             0.04296875  -0.0006367151391321418   4.830819728594814e-05                       0       299.9409058222748
    0.04335937500000001  -0.0006015904957070916   4.586747522907137e-05                       0       299.9441899887711
    0.04375000000000001  -0.0005664658522820433   4.342675317219443e-05                       0       299.9474741552681
            0.044140625  -0.0005311154174472357   4.080131418581753e-05                       0       299.9507561300586
             0.04453125  -0.0004957649826124292   3.817587519944039e-05                       0       299.9540381048499
            0.044921875  -0.0004604145477776228   3.555043621306327e-05                       0       299.9573200796412
    0.04531250000000001  -0.0004250641129428154   3.292499722668607e-05                       0       299.9606020544325
            0.045703125  -0.0003897136781080086   3.029955824030892e-05                       0       299.9638840292238
             0.04609375  -0.0003543632432732017   2.767411925393176e-05                       0       299.9671660040151
            0.046484375  -0.0003189506873689868   2.497861085813805e-05                       0       299.9704462554528
               0.046875  -0.0002834967174184997   2.223638952273329e-05                       0       299.9737253579881
    0.04726562500000001  -0.0002480427474680119   1.949416818732847e-05                       0       299.9770044605234
             0.04765625  -0.0002125887775175248    1.67519468519237e-05                       0       299.9802835630587
            0.048046875  -0.0001771348075670377   1.400972551651891e-05                       0       299.9835626655939
              0.0484375  -0.0001416808376165506   1.126750418111411e-05                       0       299.9868417681292
            0.048828125  -0.0001062209612729207   8.517288719741452e-06                       0       299.9901206334786
    0.04921875000000001   -7.07374593567188e-05   5.735096754497275e-06                       0       299.9933985500841
            0.049609375  -3.525395744051753e-05   2.952904789253152e-06                       0       299.9966764666897
    0.05000000000000001   2.295444756837553e-07   1.707128240090262e-07                       0       299.9999543832969
    0.05039062500000001   3.571304639188726e-05  -2.611479141235567e-06                       0       300.0032322999024
             0.05078125   7.119654830808822e-05  -5.393671106479962e-06                       0       300.0065102165062
    0.05117187500000001   0.0001066800502242911  -8.175863071724505e-06                       0       300.0097881331117
              0.0515625   0.0001421410947255548  -1.092607996606678e-05                       0       300.0130670810319
    0.05195312500000001   0.0001775965248730865  -1.366830309268371e-05                       0       300.0163462867823
    0.05234375000000001   0.0002130519550206157  -1.641052621930044e-05                       0       300.0196254925295
            0.052734375   0.0002485073851681453  -1.915274934591727e-05                       0       300.0229046982783
    0.05312500000000001   0.0002839628153156789  -2.189497247253445e-05                       0       300.0261839040288
    0.05351562500000001   0.0003194182454632093  -2.463719559915138e-05                       0       300.0294631097776
             0.05390625   0.0003548328188112132  -2.733272173037233e-05                       0        300.032743504014
    0.05429687500000001   0.0003901861069599295  -2.995820236849947e-05                       0       300.0360256809818
    0.05468750000000001   0.0004255393951086451  -3.258368300662657e-05                       0       300.0393078579497
    0.05507812500000001   0.0004608926832573596  -3.520916364475355e-05                       0       300.0425900349158
             0.05546875   0.0004962459714060745  -3.783464428288056e-05                       0       300.0458722118836
            0.055859375     0.00053159925955479  -4.046012492100761e-05                       0       300.0491543888515
                0.05625   0.0005669525477035055  -4.308560555913466e-05                       0       300.0524365658193
            0.056640625    0.000602081307576911   -4.55264817029731e-05                       0       300.0557210250555
    0.05703125000000001   0.0006372100674503171  -4.796735784681157e-05                       0       300.0590054842917
    0.05742187500000001   0.0006723388273237232  -5.040823399065005e-05                       0        300.062289943528
    0.05781250000000002   0.0007074675871971343  -5.284911013448922e-05                       0       300.0655744027661
    0.05820312499999999   0.0007425963470705321  -5.528998627832701e-05                       0       300.0688588620001
             0.05859375    0.000777725106943938   -5.77308624221656e-05                       0       300.0721433212363
    0.05898437500000001   0.0008125993165447199  -6.002810171669211e-05                       0       300.0754263796117
    0.05937500000000001   0.0008473038259637525  -6.222958311167723e-05                       0         300.07870850408
            0.059765625   0.0008820083353827838  -6.443106450666228e-05                       0       300.0819906285483
    0.06015625000000001   0.0009167128448018169  -6.663254590164775e-05                       0       300.0852727530168
    0.06054687500000001    0.000951417354220848  -6.883402729663258e-05                       0       300.0885548774847
    0.06093750000000001   0.0009861218636398798  -7.103550869161745e-05                       0        300.091837001953
            0.061328125    0.001020681114255446   -7.31811086990954e-05                       0       300.0951166524825
             0.06171875    0.001054659329657151   -7.51031831565432e-05                       0       300.0983864072568
    0.06210937499999999    0.001088637545058855  -7.702525761399093e-05                       0       300.1016561620312
                 0.0625    0.001122615760460567  -7.894733207143925e-05                       0       300.1049259168072
    0.06289062500000002    0.001156593975862268  -8.086940652888679e-05                       0       300.1081956715799
    0.06328125000000001    0.001190572191263976  -8.279148098633507e-05                       0       300.1114654263553
    0.06367187500000002    0.001224550406665678  -8.471355544378263e-05                       0       300.1147351811286
    0.06406250000000001    0.001257607585871216  -8.639087080077131e-05                       0       300.1179816133497
            0.064453125    0.001290434506027713  -8.800699638264521e-05                       0       300.1212222149325
    0.06484375000000001    0.001323261426184211  -8.962312196451914e-05                       0       300.1244628165152
            0.065234375    0.001356088346340709   -9.12392475463931e-05                       0       300.1277034180981
    0.06562500000000002    0.001388915266497208  -9.285537312826723e-05                       0       300.1309440196808
    0.06601562500000002    0.001421742186653712  -9.447149871014174e-05                       0       300.1341846212649
             0.06640625     0.00145388262838308  -9.595825172218297e-05                       0       300.1374037395475
    0.06679687500000001    0.001484993352471775  -9.725094587947631e-05                       0       300.1405906328829
              0.0671875    0.001516104076560471  -9.854364003676997e-05                       0       300.1437775262187
    0.06757812500000002    0.001547214800649164  -9.983633419406329e-05                       0       300.1469644195537
    0.06796874999999999    0.001578325524737857  -0.0001011290283513564                       0       300.1501513128891
            0.068359375    0.001609436248826552  -0.0001024217225086498                       0       300.1533382062246
    0.06875000000000001    0.001640546972915256  -0.0001037144166659438                       0       300.1565250995619
    0.06914062499999998     0.00166922204466193  -0.0001046683009365863                       0       300.1596254492631
             0.06953125    0.001697897116408617  -0.0001056221852072295                       0       300.1627257989662
    0.06992187500000001    0.001726572188155303  -0.0001065760694778727                       0       300.1658261486692
              0.0703125    0.001755247259901997  -0.0001075299537485163                       0       300.1689264983738
    0.07070312500000001    0.001783922331648672  -0.0001084838380191589                       0       300.1720268480752
             0.07109375    0.001812597403395356  -0.0001094377222898019                       0       300.1751271977782
    0.07148437500000002    0.001839278307203647  -0.0001101754694004978                       0       300.1781511051836
    0.07187500000000002    0.001864629765719672  -0.0001107691250712287                       0       300.1811240510573
            0.072265625    0.001889981224235696  -0.0001113627807419595                       0        300.184096996931
    0.07265625000000001    0.001915332682751721  -0.0001119564364126904                       0       300.1870699428046
    0.07304687499999998    0.001940684141267745  -0.0001125500920834213                       0       300.1900428886782
              0.0734375    0.001966035599783771  -0.0001131437477541521                       0       300.1930158345518
    0.07382812499999999    0.001990508231149641  -0.0001136584402136531                       0       300.1959537782788
             0.07421875    0.002011465553914892  -0.0001138572798282346                       0       300.1987517134191
    0.07460937500000001    0.002032422876680145  -0.0001140561194428164                       0       300.2015496485594
    0.07500000000000001    0.002053380199445407  -0.0001142549590573985                       0       300.2043475837014
            0.075390625    0.002074337522210648  -0.0001144537986719795                       0       300.2071455188401
    0.07578125000000001    0.002095294844975908  -0.0001146526382865616                       0       300.2099434539815
            0.076171875    0.002116252167741175   -0.000114851477901144                       0       300.2127413891241
    0.07656249999999999    0.002132681237579589   -0.000114693702419031                       0       300.2153578407418
            0.076953125    0.002147978244186322  -0.0001144467731627457                       0        300.217928921483
    0.07734374999999999    0.002163275250793055  -0.0001141998439064605                       0       300.2205000022241
    0.07773437500000002    0.002178572257399792  -0.0001139529146501758                       0       300.2230710829655
               0.078125    0.002193869264006529  -0.0001137059853938909                       0       300.2256421637073
    0.07851562500000001    0.002209166270613257  -0.0001134590561376052                       0       300.2282132444477
    0.07890625000000001    0.002221611105977886  -0.0001130084671341813  -3.092456988215355e-27       300.2306726837292
    0.07929687499999999    0.002229777684479359  -0.0001122523885100487  -1.082359945875346e-26       300.2329646608213
    0.07968749999999999    0.002237944262980833  -0.0001114963098859159  -1.855474192929212e-26       300.2352566379133
            0.080078125    0.002246110841482306  -0.0001107402312617835  -2.628588439983103e-26       300.2375486150054
    0.08046875000000001     0.00225427741998378  -0.0001099841526376509  -3.401702687036969e-26       300.2398405920976
    0.08085937500000002    0.002262443998485254  -0.0001092280740135183  -4.174816934090863e-26       300.2421325691897
    0.08124999999999999    0.002270610576986753  -0.0001084719953893869  -4.947931181144758e-26       300.2444245462852
    0.08164062500000001    0.002269975995321866  -0.0001071447646112439  -4.826824121994775e-26       300.2463898237506
             0.08203125    0.002269341413657004  -0.0001058175338331021  -4.705717062844847e-26       300.2483551012194
    0.08242187500000001    0.002268706831992142  -0.0001044903030549602  -4.584610003694915e-26       300.2503203786882
    0.08281250000000001     0.00226807225032728  -0.0001031630722768183  -4.463502944544982e-26        300.252285656157
            0.083203125    0.002267437668662417  -0.0001018358414986765  -4.342395885395058e-26       300.2542509336259
    0.08359375000000001    0.002266803086997566  -0.0001005086107205351  -4.221288826245147e-26       300.2562162110961
            0.083984375    0.002259778934297123  -9.881730156438106e-05  -3.842584455894193e-26       300.2579632945124
    0.08437500000000001     0.00224849506757298  -9.688327348955296e-05  -3.292148544742563e-26       300.2595649152296
    0.08476562500000001    0.002237211200848836  -9.494924541472484e-05  -2.741712633590933e-26       300.2611665359467
             0.08515625    0.002225927334124691  -9.301521733989682e-05   -2.19127672243933e-26       300.2627681566637
    0.08554687500000001    0.002214643467400552  -9.108118926506902e-05  -1.640840811287683e-26       300.2643697773815
              0.0859375    0.002203359600676412  -8.914716119024115e-05  -1.090404900136083e-26       300.2659713980991
    0.08632812500000001    0.002189550756978971  -8.709691264659513e-05  -6.477611763734301e-27       300.2674963126336
    0.08671875000000001    0.002165642005388318  -8.458178222767629e-05  -6.362862021667678e-27       300.2687144024345
    0.08710937499999999    0.002141733253797677   -8.20666518087581e-05  -6.248112279601077e-27       300.2699324922368
    0.08749999999999999    0.002117824502207035  -7.955152138983972e-05  -6.133362537534468e-27       300.2711505820392
    0.08789062499999999    0.002093915750616394  -7.703639097092149e-05  -6.018612795467769e-27       300.2723686718415
    0.08828124999999999    0.002070006999025752  -7.452126055200315e-05  -5.903863053401168e-27       300.2735867616439
    0.08867187500000001    0.002046098247435109   -7.20061301330847e-05  -5.789113311334563e-27       300.2748048514463
    0.08906249999999999    0.002010468954983351   -6.91274357385912e-05   -4.44093766571077e-27       300.2757189788653
    0.08945312499999999    0.001971909527316312  -6.615785035020365e-05  -2.784405544197549e-27       300.2765571156885
    0.08984374999999999    0.001933350099649273  -6.318826496181621e-05  -1.127873422684386e-27       300.2773952525118
    0.09023437500000001    0.001894790671982233  -6.021867957342863e-05   5.286586988292687e-28       300.2782333893351
    0.09062500000000001    0.001856231244315193   -5.72490941850411e-05   2.185190820342524e-27       300.2790715261583
            0.091015625    0.001817671816648155  -5.427950879665369e-05    3.84172294185572e-27       300.2799096629814
    0.09140625000000001    0.001772459685561574  -5.123296813853455e-05   4.771006285539253e-27       300.2806089517559
            0.091796875    0.001717268499345683  -4.807099457581806e-05    4.60941646247798e-27       300.2810999684571
    0.09218750000000001    0.001662077313129789  -4.490902101310148e-05   4.447826639416703e-27       300.2815909851583
    0.09257812500000001    0.001606886126913895  -4.174704745038489e-05    4.28623681635533e-27       300.2820820018596
    0.09296874999999999    0.001551694940698004  -3.858507388766848e-05   4.124646993294068e-27       300.2825730185608
    0.09335937500000001    0.001496503754482108  -3.542310032495173e-05   3.963057170232791e-27       300.2830640352622
    0.09374999999999999    0.001441312568266217  -3.226112676223532e-05   3.801467347171531e-27       300.2835550519634
    0.09414062500000001    0.001367644089917941  -2.938968779679475e-05   3.207488074175965e-27        300.283765826831
    0.09453125000000001    0.001293975611569667  -2.651824883135429e-05    2.61350880118042e-27       300.2839766016987
            0.094921875    0.001220307133221396  -2.364680986591393e-05   2.019529528184897e-27       300.2841873765663
    0.09531250000000001    0.001146638654873122  -2.077537090047347e-05    1.42555025518931e-27       300.2843981514339
            0.095703125    0.001072970176524853  -1.790393193503315e-05   8.315709821937731e-28       300.2846089263024
    0.09609375000000002   0.0009993016981765779  -1.503249296959261e-05   2.375917091981938e-28       300.2848197011706
    0.09648437500000001    0.000913551489007973  -1.271665929680428e-05                       0       300.2849247789547
               0.096875   0.0008197467926258209  -1.077122915245069e-05                       0       300.2849593920187
    0.09726562500000002   0.0007259420962436622  -8.825799008096969e-06                       0       300.2849940050826
             0.09765625   0.0006321373998615126  -6.880368863743435e-06                       0       300.2850286181467
    0.09804687500000001   0.0005383327034793548  -4.934938719389728e-06                       0       300.2850632312106
    0.09843750000000001   0.0004445280070971986  -2.989508575036026e-06                       0        300.285097844276
            0.098828125   0.0003463914843670051  -1.343591680831141e-06                       0       300.2851255347259
    0.09921875000000001   0.0002309276562446674    -8.9572778722075e-07                       0       300.2851255347259
            0.099609375   0.0001154638281223337  -4.478638936103751e-07                       0       300.2851255347259
                    0.1                       0                       0                       0       300.2851255347259
