/*--------------------------------*- C++ -*----------------------------------*\
  =========                 |
  \\      /  F ield         | OpenFOAM: The Open Source CFD Toolbox
   \\    /   O peration     | Website:  https://openfoam.org
    \\  /    A nd           | Version:  13
     \\/     M anipulation  |
\*---------------------------------------------------------------------------*/
FoamFile
{
    format      ascii;
    class       volScalarField;
    location    "0.032778746640202423";
    object      p_rgh_0;
}
// * * * * * * * * * * * * * * * * * * * * * * * * * * * * * * * * * * * * * //

dimensions      [1 -1 -2 0 0 0 0];

internalField   nonuniform List<scalar> 
2120
(
3.7379907097835035e-06
3.8283758347517806e-06
3.9187910900509365e-06
4.0092383026208208e-06
4.0997193562349435e-06
4.1902361885575744e-06
4.2807907870574884e-06
4.3713851884991483e-06
4.4620214702078517e-06
4.5527017487970237e-06
4.6434281745766365e-06
4.7342029256554805e-06
4.8250282055342517e-06
4.9159062325745547e-06
5.0068392369112835e-06
5.0978294531188198e-06
5.1888791133982973e-06
5.2799904396855995e-06
5.3711656394346777e-06
5.4624068933623708e-06
5.5537163508706407e-06
5.6450961213780733e-06
5.7365482655893656e-06
5.8280747906414627e-06
5.9196776382160881e-06
6.0113586828760129e-06
6.1031197668400695e-06
6.1949630940916059e-06
6.2868949919682417e-06
6.3789596374559403e-06
6.4715273761905502e-06
6.5676342519524778e-06
6.6907352643097508e-06
7.0083504292996067e-06
8.6039292935429373e-06
1.7650395768386422e-05
6.3906477038314294e-05
0.00026124519580917124
0.00091701494650201117
0.0024563973162581923
3.5319515044188888e-06
3.6176722892947504e-06
3.7034747713103032e-06
3.789364242912062e-06
3.8753461615607079e-06
3.9614261415659296e-06
4.047609944053732e-06
4.1339034698055496e-06
4.2203127430454512e-06
4.3068439020473206e-06
4.3935031846256372e-06
4.4802969133379918e-06
4.5672314787407601e-06
4.6543133256667339e-06
4.7415489304707848e-06
4.8289447852684736e-06
4.9165073765193158e-06
5.004243167566476e-06
5.0921585724755253e-06
5.1802599372078551e-06
5.2685535163053319e-06
5.3570454499321163e-06
5.4457417406785535e-06
5.5346482294246353e-06
5.6237705760124991e-06
5.7131142344819221e-06
5.8026844773247641e-06
5.8924867791263048e-06
5.9825306089009559e-06
6.0728635672670479e-06
6.1638632673791144e-06
6.2586059371184232e-06
6.380840192471412e-06
6.7001686137186797e-06
8.3135001563885834e-06
1.7470444869638937e-05
6.4299419183762465e-05
0.00026408801041166621
0.00092800248811814349
0.0024865059364318721
3.3258356139806569e-06
3.406886941787187e-06
3.4880713618892519e-06
3.5693976393485927e-06
3.6508748134728384e-06
3.7325121844559557e-06
3.8143192974212905e-06
3.8963059286309343e-06
3.9784820617965457e-06
4.0608578705398321e-06
4.1434436949760364e-06
4.2262500163822046e-06
4.3092874340970271e-06
4.3925666326042066e-06
4.4760983549803983e-06
4.5598933706790609e-06
4.6439624426208987e-06
4.7283162921148089e-06
4.8129655665669439e-06
4.8979207980705362e-06
4.9831923691831596e-06
5.068790473960992e-06
5.1547250785645802e-06
5.2410058856513018e-06
5.3276422915438212e-06
5.4146433541095147e-06
5.502017798405298e-06
5.5897743896015835e-06
5.6779257656139977e-06
5.7665229625457245e-06
5.8559508813368001e-06
5.9493259560164329e-06
6.0706904279355693e-06
6.3917294577245331e-06
8.0228114031197328e-06
1.7290232435052348e-05
6.4692098187407759e-05
0.00026693056074810666
0.00093898976532940715
0.0025166142924987135
3.1195949563036495e-06
3.1959683525621778e-06
3.2725259511995349e-06
3.3492800014807488e-06
3.426243137911014e-06
3.5034283617315003e-06
3.5808490190695271e-06
3.6585187805465926e-06
3.7364516101129012e-06
3.8146617393854372e-06
3.8931636352257459e-06
3.9719719647400796e-06
4.0511015617022167e-06
4.1305673823996822e-06
4.2103844671900963e-06
4.2905678957155236e-06
4.3711327399711383e-06
4.4520940195053082e-06
4.5334666467297962e-06
4.6152653788534146e-06
4.6975047644934156e-06
4.7801990901022439e-06
4.8633623249386506e-06
4.9470080697544698e-06
5.03114949817942e-06
5.1157993090231792e-06
5.2009697169860265e-06
5.2866728171042169e-06
5.3729244411554448e-06
5.4597791034466099e-06
5.5476290206012493e-06
5.63963086173802e-06
5.7601205194674052e-06
6.0828657541248127e-06
7.7316943321129292e-06
1.7109588519324909e-05
6.5084343128977951e-05
0.00026977267517716666
0.00094997660607606905
0.002546722212307968
2.9131817434737797e-06
2.9848653663072933e-06
3.0567839014005784e-06
3.1289530982365572e-06
3.2013892050155198e-06
3.2741089450768427e-06
3.3471294892041894e-06
3.4204684286616144e-06
3.4941437365784858e-06
3.5681737341322119e-06
3.6425770491516186e-06
3.7173725721316867e-06
3.792579408059824e-06
3.8682168291463601e-06
3.9443042161249074e-06
4.0208610048594406e-06
4.0979066260259153e-06
4.1754604422386934e-06
4.2535416870193726e-06
4.3321693935326084e-06
4.4113623298815985e-06
4.4911389281838043e-06
4.5715172176937906e-06
4.6525147492074536e-06
4.7341485285388256e-06
4.8164349487422926e-06
4.8993897663646693e-06
4.9830284537090303e-06
5.0673700950130066e-06
5.1524727195170213e-06
5.2387359066256456e-06
5.329356599674444e-06
5.4489643842781159e-06
5.7734096430052525e-06
7.4399795708640407e-06
1.692834250204812e-05
6.5475982392145218e-05
0.00027261418134430699
0.00096096283758053595
0.0025768295229920374
2.7065486003934637e-06
2.7735272269051513e-06
2.8407909578105547e-06
2.9083590631771423e-06
2.9762514284855995e-06
3.0444885260652371e-06
3.1130913824557958e-06
3.1820815407479292e-06
3.2514810228713243e-06
3.3213122792893329e-06
3.3915981427318247e-06
3.4623617735866222e-06
3.5336266010450276e-06
3.6054162644456909e-06
3.6777545423444026e-06
3.7506652862255568e-06
3.8241723457322842e-06
3.8982994957112739e-06
3.9730703520397971e-06
4.048508293315384e-06
4.1246363762575151e-06
4.2014772503000239e-06
4.2790530702140457e-06
4.3573854122760167e-06
4.4364951828588426e-06
4.516402538367039e-06
4.5971268448596859e-06
4.6786870192710321e-06
4.7611054566995022e-06
4.8444437665892134e-06
4.9291089480746149e-06
5.0183382666476452e-06
5.137055052368508e-06
5.4631923523655064e-06
7.1474968025430826e-06
1.6746322790398227e-05
6.5866843371980823e-05
0.00027545490590220168
0.00097194828606260095
0.0026069360506759663
2.4996486856846386e-06
2.5619036946817879e-06
2.6244933618000264e-06
2.6874405023034225e-06
2.7507686675420443e-06
2.8145021115070899e-06
2.8786657516620753e-06
2.943285128989501e-06
3.008386354533312e-06
3.0739960592653927e-06
3.140141334618271e-06
3.2068496679355096e-06
3.2741488771090668e-06
3.3420670319195789e-06
3.4106323791194836e-06
3.4798732588021598e-06
3.5498180165654762e-06
3.6204949160222893e-06
3.69193203938769e-06
3.7641571934476361e-06
3.8371978087301356e-06
3.9110808366586741e-06
3.9858326494881605e-06
4.0614789309757654e-06
4.1380445762219988e-06
4.2155535903632962e-06
4.2940290326199978e-06
4.3734933458295202e-06
4.4539723142722527e-06
4.5355312022787606e-06
4.6185844975322045e-06
4.706409859896652e-06
4.8242244135148239e-06
5.1520439230578771e-06
6.8540744963423089e-06
1.6563356556311047e-05
6.625675220226163e-05
0.00027829467421318626
0.00098293277644648561
0.0026370416201969447
2.2924358164697062e-06
2.3499451667907517e-06
2.4078379669074666e-06
2.4661406051570643e-06
2.5248803322441195e-06
2.5840852221902507e-06
2.6437841284242034e-06
2.7040066331641038e-06
2.7647829951375954e-06
2.8261440827663772e-06
2.8881213098566718e-06
2.9507465610569458e-06
3.0140521114235238e-06
3.0780705444644854e-06
3.1428346561113248e-06
3.2083773619239385e-06
3.2747315950218832e-06
3.3419301994068499e-06
3.4100058234065885e-06
3.4789908008966993e-06
3.5489170379924044e-06
3.6198158921364186e-06
3.6917180545431321e-06
3.7646534230908009e-06
3.838650984347443e-06
3.9137386944337591e-06
3.9899434059684732e-06
4.0672911851957981e-06
4.1458112994660864e-06
4.225572755935139e-06
4.3069976205147917e-06
4.393404019406323e-06
4.510302947684088e-06
4.8397929464021342e-06
6.5595396256625929e-06
1.6379269433094606e-05
6.664553345862803e-05
0.0002811333100634276
0.00099391613205450325
0.0026671460547891034
2.0848645925872446e-06
2.137602801444738e-06
2.1907723589289226e-06
2.2444032599960872e-06
2.2985264929573692e-06
2.3531739958235468e-06
2.408378606939627e-06
2.4641740080171111e-06
2.5205946646405985e-06
2.5776757512070103e-06
2.6354530775734324e-06
2.6939630043921597e-06
2.7532423516716884e-06
2.8133283049225785e-06
2.874258306196805e-06
2.9360699475785884e-06
2.9988008545098917e-06
3.0624885637027231e-06
3.1271704004743796e-06
3.1928833431299774e-06
3.2596638922863816e-06
3.3275479320785019e-06
3.3965705943807998e-06
3.466766113116471e-06
3.5381676876584428e-06
3.610807345031763e-06
3.6847158488496892e-06
3.7599230031279853e-06
3.8364616685987234e-06
3.9144047022294228e-06
3.9941818424836878e-06
4.0791517796134259e-06
4.1951194624505889e-06
4.5262662752553871e-06
6.2637173843052201e-06
1.6193885234636607e-05
6.7033009850411292e-05
0.0002839706353494242
0.0010048981743165048
0.0026972491757885223
1.8768905336839072e-06
1.9248286475791779e-06
1.9732449807346301e-06
2.0221731738334274e-06
2.071647994789018e-06
2.1217052950281374e-06
2.1723819539556004e-06
2.2237158157550438e-06
2.275745622754397e-06
2.3285109321633432e-06
2.3820520335873771e-06
2.4364098542293024e-06
2.491625856276509e-06
2.54774193090005e-06
2.6048002761017559e-06
2.6628432761306714e-06
2.7219133688966771e-06
2.7820529123324125e-06
2.8433040363232911e-06
2.9057084982992458e-06
2.9693075292672565e-06
3.0341416815631526e-06
3.1002506652744229e-06
3.1676731917952877e-06
3.2364468132828742e-06
3.3066077651896612e-06
3.3781908605852028e-06
3.4512297708452845e-06
3.5257610784919718e-06
3.6018616121368855e-06
3.6799688978761349e-06
3.7634822990326704e-06
3.8785008092595733e-06
4.211288747083546e-06
5.9664308785842526e-06
1.6007025645565682e-05
6.7419001927163574e-05
0.0002868064697666201
0.0010158787224375534
0.0027273508023156583
1.668470212998198e-06
1.711575774636666e-06
1.7552052626067168e-06
1.7993959981495693e-06
1.8441865778205002e-06
1.8896168212033284e-06
1.9357277111403896e-06
1.9825613244513879e-06
2.0301607582539814e-06
2.0785700385399113e-06
2.1278340285443842e-06
2.17799832374359e-06
2.2291091378478266e-06
2.2812131844971684e-06
2.3343575415692888e-06
2.3885895161319567e-06
2.4439564972090324e-06
2.500505801296408e-06
2.5582845156958367e-06
2.6173393271253515e-06
2.6777163540998661e-06
2.7394609698611729e-06
2.8026176275114391e-06
2.8672296742842148e-06
2.9333391747170392e-06
3.000986732389577e-06
3.0702113596655181e-06
3.1410507515927584e-06
3.2135453565611229e-06
3.2877761141902712e-06
3.3641884699446094e-06
3.4462225795876532e-06
3.5602716027328624e-06
3.8946828805335112e-06
5.6675008386256992e-06
1.5818509907552678e-05
6.7803327743398015e-05
0.00028964063049218979
0.0010268575930797771
0.0027574507509408662
1.4595614012689383e-06
1.4977984224682884e-06
1.536603759820369e-06
1.5760184611456024e-06
1.6160850040373994e-06
1.6568472352116097e-06
1.6983503094172505e-06
1.740640614256844e-06
1.7837656851292993e-06
1.827774114625176e-06
1.8727154428536294e-06
1.9186400465595414e-06
1.9655990127523301e-06
2.0136440077942507e-06
2.0628271278530619e-06
2.1132007489608209e-06
2.164817362835114e-06
2.2177294097589316e-06
2.2719890949158879e-06
2.3276482068747128e-06
2.384757924776397e-06
2.4433686260547485e-06
2.5035296814838441e-06
2.5652892566959708e-06
2.6286941080539803e-06
2.6937893868222223e-06
2.7606184828262588e-06
2.829223281496978e-06
2.8996482641609747e-06
2.9719786395699352e-06
3.0466679220308268e-06
3.1271972010624791e-06
3.2402539247494161e-06
3.5762685642750522e-06
5.3667452852636573e-06
1.5628154493571568e-05
6.8185802538564723e-05
0.00029247293183596061
0.0010378346000209739
0.0027875488353472757
1.2501232164791797e-06
1.2834521362669809e-06
1.3173922920728809e-06
1.3519885074080597e-06
1.3872871918526738e-06
1.4233362858022016e-06
1.4601851902918588e-06
1.4978846870416511e-06
1.5364868466057746e-06
1.5760449298543454e-06
1.6166132690878355e-06
1.6582471468081996e-06
1.7010026577364521e-06
1.7449365649988258e-06
1.7901061363900507e-06
1.8365689790732941e-06
1.8843828587648241e-06
1.9336055148677136e-06
1.9842944578571566e-06
2.036506767860505e-06
2.0902988809481224e-06
2.1457263751937454e-06
2.202843743250537e-06
2.2617041709422513e-06
2.3223593097555742e-06
2.3848590575062147e-06
2.4492513788850495e-06
2.5155825440140746e-06
2.5839012524445473e-06
2.6542971601795502e-06
2.7272320190050671e-06
2.8062280096866707e-06
2.9182670095239332e-06
3.2558627509624016e-06
5.0639792115099903e-06
1.5435772773497283e-05
6.8566238379804279e-05
0.0002953031848955332
0.0010488095537964446
0.0028176448659769397
1.0401162810056159e-06
1.0684939312565071e-06
1.0975241052833956e-06
1.1272554468348464e-06
1.1577383592064843e-06
1.1890249467813886e-06
1.2211689360378692e-06
1.2542255938390022e-06
1.2882516280812676e-06
1.3233050813942883e-06
1.3594452031077204e-06
1.3967323176182088e-06
1.4352276746355001e-06
1.4749932922452142e-06
1.5160917785935861e-06
1.5585861507391275e-06
1.6025396365824007e-06
1.6480154715044478e-06
1.6950766759179405e-06
1.743785832940246e-06
1.7942048526491221e-06
1.8463947352117348e-06
1.9004153196207174e-06
1.956325037851667e-06
2.0141806624612226e-06
2.0740370620018676e-06
2.1359469967871519e-06
2.1999613371926118e-06
2.2661332095325964e-06
2.3345569150546994e-06
2.4057026376710477e-06
2.4831338207554766e-06
2.5941269348800053e-06
2.9332791068526456e-06
4.7590142277922381e-06
1.5241174651561475e-05
6.8944443807694448e-05
0.00029813119718607696
0.0010597822613253806
0.0028477386496563581
8.2950288703110702e-07
8.5288245190786706e-07
8.7695401995999283e-07
9.0177010739089678e-07
9.2738517623216084e-07
9.538555639708924e-07
9.8123940983869618e-07
1.0095965634637266e-06
1.038988480108656e-06
1.0694781067632869e-06
1.1011297450504219e-06
1.1340089091844688e-06
1.1681821642944371e-06
1.20371695613939e-06
1.240681417821412e-06
1.2791441722745099e-06
1.3191741162815619e-06
1.3608401978076122e-06
1.4042111727619003e-06
1.4493553606497868e-06
1.4963403855477466e-06
1.5452329148982399e-06
1.5960983828777425e-06
1.6490007184849214e-06
1.7040020663822357e-06
1.7611625153503816e-06
1.8205398653672013e-06
1.882189832928319e-06
1.9461701983275237e-06
2.0125801348837837e-06
2.0818984646876534e-06
2.1577300951612892e-06
2.2676462718308956e-06
2.608327671888794e-06
4.4516582042342856e-06
1.5044166192783192e-05
6.932022344387009e-05
0.00030095677224901664
0.0010707525255252304
0.0028778299891989768
6.1824717104491739e-07
6.3657814596513549e-07
6.5563861202837582e-07
6.7548501279366593e-07
6.9617592856943392e-07
7.1777201307566137e-07
7.4033590702809984e-07
7.6393214678558382e-07
7.886270535889663e-07
8.1448860762980644e-07
8.4158631133172131e-07
8.6999102763935179e-07
8.9977481092390928e-07
9.3101072224126981e-07
9.6377262065431197e-07
9.9813494882988663e-07
1.0341724993828518e-06
1.0719601673809665e-06
1.111572694593492e-06
1.1530843926083731e-06
1.1965688638020419e-06
1.2420987133360208e-06
1.2897452454469357e-06
1.3395781636194811e-06
1.3916652627593086e-06
1.4460721285018813e-06
1.502861875330501e-06
1.5620953275082235e-06
1.6238351837633315e-06
1.6881857361512455e-06
1.7556346788411511e-06
1.8298286095645294e-06
1.9386337461567271e-06
2.2808144876569968e-06
4.1417148849205697e-06
1.4844549238714414e-05
6.9693377597558403e-05
0.00030377970924488397
0.0010817201448918229
0.0029079186830003596
4.0631529830772886e-07
4.1954344807286693e-07
4.3353639010232347e-07
4.4835454865026592e-07
4.6406069336480641e-07
4.8071986963608011e-07
4.983993186786189e-07
5.171683726324572e-07
5.3709834290243624e-07
5.5826238618681708e-07
5.8073535909982585e-07
6.0459364607519157e-07
6.2991497918172024e-07
6.5677823481755105e-07
6.852632187828376e-07
7.1545042497420268e-07
7.4742078617996056e-07
7.8125540921633239e-07
8.1703528690942663e-07
8.5484100507492731e-07
8.9475243736231447e-07
9.3684842121454039e-07
9.8120643462008579e-07
1.027902260700667e-06
1.077009654622851e-06
1.1286000020506677e-06
1.1827420352749268e-06
1.2395019825289076e-06
1.2989477484304786e-06
1.3611890199090072e-06
1.4267226272604002e-06
1.4992370986249768e-06
1.6068938521300026e-06
1.9505412066619566e-06
3.8289834841232474e-06
1.4642120976616999e-05
7.0063701839894602e-05
0.00030659980251857049
0.0010926849130602307
0.0029380045245868442
1.9367565813510403e-07
2.0174297481531754e-07
2.1060799021729372e-07
2.203351640969406e-07
2.3099152257723813e-07
2.4264659230283661e-07
2.5537230882419334e-07
2.6924291756395865e-07
2.8433485232637125e-07
3.0072659555819964e-07
3.1849852459797931e-07
3.3773272930458362e-07
3.5851281983664335e-07
3.8092370932270913e-07
4.0505138292351105e-07
4.309826384477459e-07
4.5880481710013201e-07
4.8860551655237546e-07
5.2047227880627791e-07
5.5449227217164759e-07
5.9075195360850139e-07
6.2933672469747845e-07
6.7033056795346284e-07
7.1381568392053718e-07
7.5987212385975667e-07
8.0857741405887884e-07
8.600062378932209e-07
9.14230555390296e-07
9.7132379368842236e-07
1.0314013447081189e-06
1.0949694660241626e-06
1.1657588835568229e-06
1.2722264711010276e-06
1.6173046809736894e-06
3.5132582625338716e-06
1.443667351507497e-05
7.0430986537104858e-05
0.00030941684114150033
0.0011036466183423118
0.0029680873021609953
-1.9700928155430671e-08
-1.6856267845196571e-08
-1.3183617336283458e-08
-8.6144277074932266e-09
-3.0773444592375029e-09
3.5017217364603085e-09
1.1199506737490913e-08
2.0095290981700742e-08
3.0270768696959904e-08
4.1809906730908269e-08
5.4798777023562933e-08
6.9325373786594338e-08
8.5479399714006978e-08
1.0335203923301035e-07
1.2303571034804697e-07
1.4462378659820387e-07
1.6821030699067851e-07
1.93889666002261e-07
2.2175627605974678e-07
2.5190422110842063e-07
2.8442689419837101e-07
3.1941661241144496e-07
3.5696422856969835e-07
3.9715873359022664e-07
4.4008684457314511e-07
4.8583260071005317e-07
5.3447700824792162e-07
5.8609811845785258e-07
6.4077523635290318e-07
6.9862979446569453e-07
7.6017780059323073e-07
8.2919248727840236e-07
9.3442645414087824e-07
1.2808965335400793e-06
3.1943280730151557e-06
1.4227993395918259e-05
7.0795016389612001e-05
0.00031223060840981264
0.0011146050432297139
0.0029981667980974974
-2.3384099143647873e-07
-2.362846637133865e-07
-2.3787290700121569e-07
-2.385330286663842e-07
-2.381892766137028e-07
-2.3676291020027652e-07
-2.34172284259718e-07
-2.3033296283846375e-07
-2.2515784411123684e-07
-2.1855731296831402e-07
-2.104394103099067e-07
-2.0071003521903734e-07
-1.8927316100020377e-07
-1.7603108095845311e-07
-1.6088467218019525e-07
-1.4373369273891343e-07
-1.2447709334911204e-07
-1.0301335147900884e-07
-7.9240835579188475e-08
-5.3058180581823995e-08
-2.4364681735470421e-08
6.9392866093379663e-09
4.0951847037675876e-08
7.7769183991369574e-08
1.1748509277426583e-07
1.6019053530436063e-07
2.0597324457084226e-07
2.5491776602752445e-07
3.0710967137717993e-07
3.6267680950338976e-07
4.2214529442749454e-07
4.8933120560094016e-07
5.9328317518862985e-07
9.411026847531804e-07
2.8719758710189926e-06
1.4015861110167315e-05
7.1155569897938633e-05
0.0003150408813316691
0.0011255599638594843
0.0030282427884083278
-4.4876817575136726e-07
-4.56569751017268e-07
-4.634915616135953e-07
-4.6945671960910688e-07
-4.7438500590511398e-07
-4.781929382842085e-07
-4.8079385885660683e-07
-4.8209804410048046e-07
-4.8201283267849686e-07
-4.8044278683753218e-07
-4.7728986963113755e-07
-4.7245364756097475e-07
-4.6583152806992e-07
-4.5731901458458994e-07
-4.4680998809265807e-07
-4.3419702400295203e-07
-4.193717261418707e-07
-4.02225086045418e-07
-3.8264787528077911e-07
-3.6053105172853152e-07
-3.3576618687839866e-07
-3.0824592070884608e-07
-2.778644240128392e-07
-2.4451787394029449e-07
-2.0810494836875976e-07
-1.6852730895519809e-07
-1.2569005080211715e-07
-7.9501693787238619e-08
-2.9869962918128376e-08
2.3339816941612934e-08
8.0664266517501184e-08
1.4596267754885333e-07
2.4858006750439732e-07
5.9770285964929174e-07
2.5459781996249262e-06
1.3800050551030664e-05
7.1512418824356506e-05
0.00031784743005634688
0.0011365111494477968
0.0030583150421842277
-6.6450299424583724e-07
-6.7773597047318789e-07
-6.900682185180844e-07
-7.0141860669745531e-07
-7.1170237936589965e-07
-7.2083122676783169e-07
-7.2871336686889106e-07
-7.3525365641875615e-07
-7.4035372065583175e-07
-7.4391211871945062e-07
-7.4582452708364149e-07
-7.4598395084539049e-07
-7.4428097255074116e-07
-7.4060402026706189e-07
-7.3483967109012796e-07
-7.2687297811187611e-07
-7.165878374412242e-07
-7.0386736878943804e-07
-6.8859433830317211e-07
-6.7065159744473863e-07
-6.4992254591784485e-07
-6.2629162622728875e-07
-5.9964482231220323e-07
-5.6987018882685239e-07
-5.3685838160610333e-07
-5.0050319333580097e-07
-4.607020508521114e-07
-4.1735605143677788e-07
-3.7036574679627034e-07
-3.1958917168756187e-07
-2.6447875727658377e-07
-2.0113158370844017e-07
-9.9905876828293993e-08
2.504700673010395e-07
2.2161046410154203e-06
1.3580328448494014e-05
7.1865327600662625e-05
0.00032065001727927563
0.00114745836167555
0.0030883833209684151
-8.8106256478599921e-07
-8.9980440160035199e-07
-9.1762820281436006e-07
-9.3444854894078693e-07
-9.5017608526978623e-07
-9.6471758718243015e-07
-9.7797603891044109e-07
-9.8985074234732658e-07
-1.0002374523914981e-06
-1.0090285353137925e-06
-1.0161131664555333e-06
-1.0213775494082051e-06
-1.0247051666609102e-06
-1.0259770714251749e-06
-1.0250722031119494e-06
-1.021867735640815e-06
-1.0162394683105108e-06
-1.0080622336577563e-06
-9.9721035130324449e-07
-9.8355810128851884e-07
-9.6698022498551168e-07
-9.4735246107805732e-07
-9.2455208868973168e-07
-8.9845850410512186e-07
-8.6895380126425933e-07
-8.3592335948160233e-07
-7.9925639411098092e-07
-7.5884604279539907e-07
-7.1458515826347728e-07
-6.6632397423633587e-07
-6.1350349091142449e-07
-5.5217670307802758e-07
-4.5240465024978327e-07
-1.0082997979386756e-07
1.8821172235002177e-06
1.3356453752281995e-05
7.2214052695764537e-05
0.00032344839759604593
0.0011584013540548051
0.0031184473781216094
-1.0984603300040347e-06
-1.1227924713569568e-06
-1.1461932316555582e-06
-1.1685728643898587e-06
-1.1898373578179167e-06
-1.2098884890670642e-06
-1.2286238982290181e-06
-1.2459371994212059e-06
-1.2617181113612258e-06
-1.2758526182768142e-06
-1.2882231718183989e-06
-1.298708917172065e-06
-1.3071859537294666e-06
-1.3135276403013045e-06
-1.3176049274291811e-06
-1.3192867262080778e-06
-1.3184403236496266e-06
-1.3149318188442029e-06
-1.3086266092866782e-06
-1.2993899006556954e-06
-1.2870872481514707e-06
-1.2715851368633046e-06
-1.2527515728394439e-06
-1.2304567112564971e-06
-1.2045734913272837e-06
-1.1749782809721018e-06
-1.1415514860877645e-06
-1.1041776923846568e-06
-1.0627414728022606e-06
-1.0170846967721675e-06
-9.6663639594229809e-07
-9.074049660095233e-07
-8.0915379102539691e-07
-4.5643945821815346e-07
1.5437697745660505e-06
1.3128176959128666e-05
7.2558341926554797e-05
0.00032624231679138552
0.0011693398711866781
0.0031485069580837518
-1.3167057597982831e-06
-1.3467136536625043e-06
-1.3757811079919679e-06
-1.4038140195423263e-06
-1.4307136636713613e-06
-1.4563767403912276e-06
-1.4806954419785551e-06
-1.5035575594992048e-06
-1.5248466109392999e-06
-1.544442002099269e-06
-1.5622192313107203e-06
-1.5780501202771832e-06
-1.5918030889128526e-06
-1.6033434631019675e-06
-1.6125338337238848e-06
-1.6192344409378494e-06
-1.6233036145652786e-06
-1.6245982446091353e-06
-1.6229742913429276e-06
-1.6182873437499894e-06
-1.6103931987563176e-06
-1.599148490191829e-06
-1.5844113315132687e-06
-1.5660419997736773e-06
-1.5439036297968995e-06
-1.5178629222341005e-06
-1.487790812190689e-06
-1.4535626831070531e-06
-1.4150541872371241e-06
-1.3720982020041782e-06
-1.3241111901274135e-06
-1.2670563901997034e-06
-1.1703990086352906e-06
-8.1660910434911652e-07
1.200807231852053e-06
1.2895239397342251e-05
7.2897933705502025e-05
0.00032903151106372549
0.0011802736479869106
0.0031785617956075806
-1.5358040342439586e-06
-1.5715771437990715e-06
-1.6064053876015678e-06
-1.6401902853037551e-06
-1.6728283534720681e-06
-1.7042111414624929e-06
-1.7342252956129069e-06
-1.7627526488940351e-06
-1.7896703538779352e-06
-1.814851040750333e-06
-1.8381630190062594e-06
-1.859470512566168e-06
-1.8786339476385533e-06
-1.8955102681145596e-06
-1.9099533116651806e-06
-1.9218142144603061e-06
-1.9309418778900628e-06
-1.9371834641360822e-06
-1.940384951870488e-06
-1.9403917249745408e-06
-1.9370492025909518e-06
-1.9302035179884846e-06
-1.9197022169302506e-06
-1.9053950032392658e-06
-1.8871344923924472e-06
-1.8647769982417378e-06
-1.8381832643466117e-06
-1.8072187436969505e-06
-1.7717494570448274e-06
-1.7315986070917811e-06
-1.6861694235491958e-06
-1.6313793526295014e-06
-1.5363948393830158e-06
-1.1815989037532314e-06
8.5296490798112239e-07
1.2657372451592208e-05
7.3232556243176133e-05
0.00033181570622937252
0.00119120240886924
0.0032086116149253967
-1.7557557122146299e-06
-1.7973875115129376e-06
-1.8380750229416728e-06
-1.8777153780374132e-06
-1.916200296643392e-06
-1.9534161154558006e-06
-1.9892438360668145e-06
-2.0235592118423446e-06
-2.0562328638522488e-06
-2.0871304452149165e-06
-2.1161128366575131e-06
-2.1430363851032836e-06
-2.1677531968750798e-06
-2.1901114687821114e-06
-2.2099558680172604e-06
-2.2271279725062293e-06
-2.2414667464755551e-06
-2.2528090835315139e-06
-2.2609903835180741e-06
-2.2658451952229218e-06
-2.2672078897259451e-06
-2.2649133947254784e-06
-2.2587979529708531e-06
-2.2486999333993979e-06
-2.2344606562323055e-06
-2.2159252495112888e-06
-2.1929434690006537e-06
-2.1653700442521179e-06
-2.1330605791759302e-06
-2.0958278337880422e-06
-2.053061063079684e-06
-2.0006312270781903e-06
-1.9074053609475403e-06
-1.5516788714508782e-06
4.9996768136540488e-07
1.2414296721010731e-05
7.3561926684700366e-05
0.00033459461680447855
0.0012021258668289236
0.0032386561288397136
-1.9765563693387927e-06
-2.0241443368654429e-06
-2.0707939876718069e-06
-2.1163980689503404e-06
-2.1608434824770808e-06
-2.2040112979741597e-06
-2.2457767874761303e-06
-2.2860095005057066e-06
-2.3245733706255104e-06
-2.3613268732349234e-06
-2.3961232166655038e-06
-2.4288105862663152e-06
-2.459232431545732e-06
-2.4872278166832466e-06
-2.5126318091478818e-06
-2.5352759405919685e-06
-2.554988707625009e-06
-2.5715961464263412e-06
-2.5849224474666095e-06
-2.5947906428694093e-06
-2.6010233310219574e-06
-2.6034434691089784e-06
-2.601875197176914e-06
-2.5961447151879004e-06
-2.5860811954786954e-06
-2.5715177110523948e-06
-2.5522921470836569e-06
-2.5282476313621035e-06
-2.4992284814122963e-06
-2.4650361625983545e-06
-2.4250451414086331e-06
-2.3750791058577418e-06
-2.2837049614824047e-06
-1.9271298561533443e-06
1.4152911397432856e-07
1.2165721103026454e-05
7.388575014860323e-05
0.00033736794504527536
0.0012130437224552257
0.0032686950377306722
-2.1981962238185912e-06
-2.2518418121348847e-06
-2.304560864954678e-06
-2.3562417652667283e-06
-2.4067665916596202e-06
-2.4560111039466279e-06
-2.5038447713597221e-06
-2.5501308265808238e-06
-2.594726365094626e-06
-2.6374824881715307e-06
-2.6782444876563359e-06
-2.7168520929729931e-06
-2.7531397559851813e-06
-2.7869370095490178e-06
-2.8180688684593408e-06
-2.8463563087718027e-06
-2.8716167933292442e-06
-2.8936648781559004e-06
-2.9123128660825335e-06
-2.9273715406774339e-06
-2.9386509460408559e-06
-2.9459612360800618e-06
-2.9491135786784448e-06
-2.947921099214039e-06
-2.9421998822695117e-06
-2.9317699901417609e-06
-2.916456464413128e-06
-2.8960898622958389e-06
-2.8705022523851438e-06
-2.8394828571759462e-06
-2.8023904420017897e-06
-2.7550005597172407e-06
-2.6655791730428274e-06
-2.3082444529460652e-06
-2.2264948141347799e-07
1.1911341796059407e-05
7.4203718692883005e-05
0.00034013537987863959
0.0012239556628497272
0.0032987280284656763
-2.4206597403825849e-06
-2.4804683284034008e-06
-2.5393684188460832e-06
-2.5972440667261053e-06
-2.6539725341186981e-06
-2.7094242530619918e-06
-2.7634628292597939e-06
-2.8159450777665046e-06
-2.8667211116949135e-06
-2.9156344678274422e-06
-2.9625222828024381e-06
-3.0072155335045251e-06
-3.0495393262820632e-06
-3.0893132481538271e-06
-3.1263517940105533e-06
-3.1604648457355637e-06
-3.1914582386655479e-06
-3.2191343836631164e-06
-3.2432929721555867e-06
-3.263731753043264e-06
-3.280247369449183e-06
-3.2926362792700917e-06
-3.3006957234384783e-06
-3.3042247645348366e-06
-3.3030253694426895e-06
-3.2969035386764402e-06
-3.2856704025589809e-06
-3.2691428693658239e-06
-3.2471396889469911e-06
-3.2194367955734356e-06
-3.1853762362597907e-06
-3.1406844535327e-06
-3.0533255657087764e-06
-2.6953279617235177e-06
-5.9288009249400959e-07
1.165084120527848e-05
7.4515510165267304e-05
0.00034289659572535303
0.0012348613604316646
0.0033287547732213608
-2.643925201973772e-06
-2.7100060367693145e-06
-2.775203130985443e-06
-2.8393962800689192e-06
-2.9024579576854322e-06
-2.9642532639308241e-06
-3.0246398995151856e-06
-3.0834681800587057e-06
-3.1405811048420169e-06
-3.1958144641488524e-06
-3.2489970071703713e-06
-3.2999506622879829e-06
-3.3484908325429519e-06
-3.3944267426116991e-06
-3.4375618746922045e-06
-3.4776944622690132e-06
-3.5146180791406894e-06
-3.5481222925050327e-06
-3.5779934081452896e-06
-3.6040152971231027e-06
-3.6259702921628399e-06
-3.6436401782129869e-06
-3.6568072407787031e-06
-3.6652553947775733e-06
-3.66877136703342e-06
-3.6671459344491845e-06
-3.6601751364883892e-06
-3.6476610421673764e-06
-3.6294078960887129e-06
-3.6051771781321264e-06
-3.5742930754706748e-06
-3.5324318448510044e-06
-3.4472547353503013e-06
-3.0886994497521777e-06
-9.6948911444698362e-07
1.1383886765287107e-05
7.4820786900841923e-05
0.00034565125123586299
0.0012457604716562072
0.003358774928168615
-2.8679642685586439e-06
-2.9404303734586978e-06
-3.0120447139860611e-06
-3.0826829098893671e-06
-3.1522127095355899e-06
-3.2204938976091591e-06
-3.2873782504931995e-06
-3.3527095225025414e-06
-3.4163234855943594e-06
-3.4780480148455128e-06
-3.5377032435544123e-06
-3.5951017652130703e-06
-3.6500489213611517e-06
-3.7023431457256229e-06
-3.7517764032139659e-06
-3.7981347009098237e-06
-3.8411986867747085e-06
-3.8807443423061864e-06
-3.9165437678391451e-06
-3.9483660503516538e-06
-3.975978232866233e-06
-3.999146373532112e-06
-4.0176366807146599e-06
-4.0312167393140395e-06
-4.0396568031322046e-06
-4.0427311481929196e-06
-4.0402194214056542e-06
-4.0319075315572738e-06
-4.0175838983729513e-06
-3.9969942475206449e-06
-3.9694436444788667e-06
-3.9305569302630854e-06
-3.847691354762739e-06
-3.4886929071285287e-06
-1.3528185801438135e-06
1.111012971088308e-05
7.511919439803792e-05
0.00034839898795045347
0.0012566526355729695
0.0033887881320377529
-3.0927415058764044e-06
-3.1717095684077337e-06
-3.2498655832934048e-06
-3.3270811151108111e-06
-3.4032192687435407e-06
-3.4781345681421692e-06
-3.5516728727550808e-06
-3.6236713316378865e-06
-3.6939583975334583e-06
-3.7623538861361876e-06
-3.8286690966530285e-06
-3.8927070109194312e-06
-3.9542625498666866e-06
-4.0131229276204758e-06
-4.0690680738781108e-06
-4.1218711651493918e-06
-4.1712992344579828e-06
-4.2171138985756648e-06
-4.2590721717134308e-06
-4.2969273957760023e-06
-4.3304302697518871e-06
-4.3593299821768186e-06
-4.3833754485430812e-06
-4.4023166317346495e-06
-4.4159059582826203e-06
-4.4238998016803205e-06
-4.426059973306976e-06
-4.42215476149456e-06
-4.4119552975846113e-06
-4.3951900916909955e-06
-4.3711436687380172e-06
-4.3353881019739193e-06
-4.254975348959955e-06
-3.8956585179975804e-06
-1.7432275267072299e-06
1.0829203991670733e-05
7.5410363182976041e-05
0.00035113942910566662
0.0012675374722426092
0.003418794004500477
-3.3182138967814551e-06
-3.4038041197234671e-06
-3.4886303069667017e-06
-3.5725601197548768e-06
-3.6554521386924662e-06
-3.7371557084896264e-06
-3.8175108098015591e-06
-3.8963479820773443e-06
-3.9734882905540534e-06
-4.0487433620344821e-06
-4.1219154754540569e-06
-4.1927977245267678e-06
-4.2611742708117193e-06
-4.3268206667953961e-06
-4.3895042903938197e-06
-4.4489848631231026e-06
-4.5050150856620516e-06
-4.5573413848111024e-06
-4.605704766015341e-06
-4.649841795126584e-06
-4.6894856926968827e-06
-4.7243675533158971e-06
-4.7542176690466154e-06
-4.7787669738749565e-06
-4.7977485831490291e-06
-4.8108994217506705e-06
-4.8179618723354209e-06
-4.8186849797732597e-06
-4.8128209514107366e-06
-4.8000794657607063e-06
-4.7797229138070485e-06
-4.7472690678179831e-06
-4.6694631574522411e-06
-4.3099641192155972e-06
-2.1410938065842006e-06
1.0540722588867902e-05
7.5693895294268282e-05
0.00035387217582025904
0.0012784145806592916
0.0034487921443327732
-3.54433031770633e-06
-3.6366662467261478e-06
-3.7282950232160419e-06
-3.8190805963132844e-06
-3.908877186489585e-06
-3.997529079458507e-06
-4.084870452841731e-06
-4.1707252590886022e-06
-4.2549071495957125e-06
-4.3372194655645207e-06
-4.4174552902540979e-06
-4.4953975899935652e-06
-4.5708194234208883e-06
-4.6434842620664764e-06
-4.7131463949616748e-06
-4.7795514610761287e-06
-4.8424370824221503e-06
-4.9015336334203773e-06
-4.9565651341285881e-06
-5.0072502781425351e-06
-5.0533035960899849e-06
-5.0944367538999612e-06
-5.1303599899753716e-06
-5.1607836696428723e-06
-5.1854199708692029e-06
-5.2039846632119272e-06
-5.21619894115697e-06
-5.2217908020480776e-06
-5.2204917103085674e-06
-5.2119906887647711e-06
-5.1955262247062594e-06
-5.1665600597537237e-06
-5.0915290717493569e-06
-4.7319965568170255e-06
-2.5468151521842117e-06
1.0244278897004321e-05
7.596937862618141e-05
0.00035659680830322729
0.0012892835373792115
0.0034787821276590792
-3.7710310002240984e-06
-3.8702393016541068e-06
-3.9688068128612637e-06
-4.0665940090407422e-06
-4.1634509553574853e-06
-4.2592170391621978e-06
-4.3537207627311089e-06
-4.446779559972822e-06
-4.53819967223286e-06
-4.6277760951471815e-06
-4.7152925865378672e-06
-4.8005217549830063e-06
-4.8832252502290072e-06
-4.9631540372412784e-06
-5.0400487987439162e-06
-5.1136404410121745e-06
-5.183650741515649e-06
-5.2497931285773933e-06
-5.3117736059469536e-06
-5.3692918347520749e-06
-5.4220423516439076e-06
-5.46971597201343e-06
-5.5120013125262933e-06
-5.5485864996356541e-06
-5.5791609838614659e-06
-5.6034175101073095e-06
-5.6210541251653575e-06
-5.6317757809420733e-06
-5.6352911558871936e-06
-5.6312665990757326e-06
-5.6189146739255231e-06
-5.5936391590346457e-06
-5.5215667365927819e-06
-5.1621633975943761e-06
-2.9608112114604143e-06
9.9394431526540034e-06
7.6236375235024483e-05
0.00035931288211686477
0.0013001438941510786
0.0035087635057529025
-3.9982469755025361e-06
-4.1044571758851922e-06
-4.2101030610352287e-06
-4.3150419197292347e-06
-4.4191199134215305e-06
-4.5221717591602572e-06
-4.624020451682561e-06
-4.7244770193050742e-06
-4.8233403576216254e-06
-4.920397098356704e-06
-5.0154215747651969e-06
-5.1081758591908893e-06
-5.1984098966165125e-06
-5.2858617571682789e-06
-5.3702579921190608e-06
-5.4513141321220945e-06
-5.5287353276827382e-06
-5.6022171319973922e-06
-5.6714464570603916e-06
-5.7361026936265422e-06
-5.7958590076402552e-06
-5.8503838149161753e-06
-5.899342434219373e-06
-5.9423989151419208e-06
-5.9792180333615195e-06
-6.0094674320883568e-06
-6.0328198562963608e-06
-6.0489549691099453e-06
-6.0575564055845963e-06
-6.0582655501712936e-06
-6.0502667871905005e-06
-6.0289037383513126e-06
-5.9599908058772806e-06
-5.6008947663265031e-06
-3.3835255939915328e-06
9.6257603672369542e-06
7.6494420738028242e-05
0.00036201992589184452
0.0013109951754482817
0.0035387358025860374
-4.2258994757906413e-06
-4.3392436513316794e-06
-4.4521107583058038e-06
-4.5643552432202652e-06
-4.6758196803571256e-06
-4.7863343889297746e-06
-4.8957170854523431e-06
-5.0037725825312253e-06
-5.1102925298952811e-06
-5.2150552428309303e-06
-5.31782558468987e-06
-5.4183549433265907e-06
-5.5163813189774782e-06
-5.6116295094755234e-06
-5.7038114422492328e-06
-5.792626631254447e-06
-5.8777628022811178e-06
-5.9588966811708685e-06
-6.0356949637084475e-06
-6.1078154761124597e-06
-6.1749085343754319e-06
-6.2366185075217461e-06
-6.2925855879905077e-06
-6.3424477600701437e-06
-6.3858429758376686e-06
-6.4224115014747694e-06
-6.4517983793781714e-06
-6.4736555058122845e-06
-6.4876389256683751e-06
-6.4933624901292535e-06
-6.4899798670546705e-06
-6.4727720283169138e-06
-6.4072387344497393e-06
-6.0486453741281159e-06
-3.8154280696867862e-06
9.3027480332923635e-06
7.6743022223921183e-05
0.00036471743879709601
0.0013218368757999816
0.0035686985121338418
-4.4538993381570541e-06
-4.574511749624991e-06
-4.6947457934133348e-06
-4.8144534811816042e-06
-4.9334741798025314e-06
-5.0516341548471567e-06
-5.168746146690783e-06
-5.2846089887327819e-06
-5.3990072783318783e-06
-5.5117111144969944e-06
-5.6224759011833383e-06
-5.7310422659306251e-06
-5.8371360553181655e-06
-5.9404684759715038e-06
-6.040736354414504e-06
-6.1376225633523302e-06
-6.2307966110608485e-06
-6.3199154234365506e-06
-6.4046243164137512e-06
-6.4845581880705164e-06
-6.559342941576072e-06
-6.6285971307300966e-06
-6.6919338488440253e-06
-6.7489628549511107e-06
-6.7992929251856856e-06
-6.8425344341932221e-06
-6.8783020626265087e-06
-6.9062171734439693e-06
-6.9259053700670205e-06
-6.9369500919055114e-06
-6.9384714061542527e-06
-6.9256848241385979e-06
-6.8637727538237666e-06
-6.5058967359709026e-06
-4.2570170013089801e-06
8.9698935290927315e-06
7.6981655402939155e-05
0.00036740488761752635
0.0013326684567745387
0.0035986510953514568
-4.6821463768622255e-06
-4.8101630440059058e-06
-4.9379122020378418e-06
-5.0652439055242352e-06
-5.191994767156783e-06
-5.317987419081011e-06
-5.4430300055378377e-06
-5.566915702892143e-06
-5.6894223135944097e-06
-5.8103119001429263e-06
-5.9293305082220381e-06
-6.0462079828306193e-06
-6.1606578835297166e-06
-6.272377544571788e-06
-6.3810482706284861e-06
-6.4863356931059111e-06
-6.587890321841008e-06
-6.6853482949030703e-06
-6.7783323520335658e-06
-6.8664530475924215e-06
-6.9493102188656568e-06
-7.0264947144397749e-06
-7.0975904077427192e-06
-7.1621764762344854e-06
-7.2198299535606067e-06
-7.2701285456165889e-06
-7.3126536315347365e-06
-7.3469929487892674e-06
-7.3727384620483331e-06
-7.3894399450667829e-06
-7.3961806188740019e-06
-7.3881073200268449e-06
-7.3300820395495644e-06
-6.9731596164915481e-06
-4.708822071809477e-06
8.6266511408618291e-06
7.7209761452924394e-05
0.00037008170348364181
0.0013434893436049004
0.0036285929768008381
-4.9105287546410317e-06
-5.0460869638664047e-06
-5.1815014011216261e-06
-5.316620719494145e-06
-5.4512793126460415e-06
-5.5852966850637048e-06
-5.7184768463671774e-06
-5.8506077403326714e-06
-5.981460723418304e-06
-6.1107900924529916e-06
-6.2383327123813572e-06
-6.363807714207389e-06
-6.4869163194934366e-06
-6.607341784643154e-06
-6.7247495169836778e-06
-6.8387873569902136e-06
-6.9490860556314402e-06
-7.0552599854562086e-06
-7.1569080926367182e-06
-7.2536151115147823e-06
-7.3449530775727594e-06
-7.4304831324616622e-06
-7.509757643560692e-06
-7.5823226561389018e-06
-7.6477206485680381e-06
-7.7054936081004808e-06
-7.7551863425187277e-06
-7.7963495065672283e-06
-7.8285378523527606e-06
-7.8512638206749465e-06
-7.863570074065391e-06
-7.8605311448589819e-06
-7.8066850784048339e-06
-7.450976762122733e-06
-5.1714072936115597e-06
8.2724388064676835e-06
7.7426743534818093e-05
0.00037274727819590787
0.0013542989214085804
0.0036585235408317226
-5.1389223193711862e-06
-5.2821600581335667e-06
-5.4253913746416232e-06
-5.568464161712569e-06
-5.7112112200718497e-06
-5.853449528084621e-06
-5.9949795292570524e-06
-6.1355844486233016e-06
-6.275029651149604e-06
-6.4130620571529559e-06
-6.5494096339146677e-06
-6.6837809684475424e-06
-6.8158649777318811e-06
-6.9453307343706355e-06
-7.071827454845175e-06
-7.1949846906761804e-06
-7.3144127249233072e-06
-7.4297031994907205e-06
-7.540430042661992e-06
-7.6461506579042049e-06
-7.7464074670110904e-06
-7.8407297721329953e-06
-7.9286359989467001e-06
-8.009636294362088e-06
-8.0832355122217397e-06
-8.1489365604862118e-06
-8.2062440438778633e-06
-8.2546676931017417e-06
-8.2937210102470123e-06
-8.3228749557725147e-06
-8.3411274467756131e-06
-8.3434765374156795e-06
-8.2941322953764552e-06
-7.9399258963322825e-06
-5.6453743868062486e-06
7.9066344203119137e-06
7.763196282819566e-05
0.00037540096007923016
0.0013650965310058423
0.0036884421273427983
-5.3671899549542468e-06
-5.5182452660878268e-06
-5.6694458587918703e-06
-5.8206396006184309e-06
-5.9716584257409219e-06
-6.1223174945642154e-06
-6.2724143630315045e-06
-6.4217281756241346e-06
-6.5700188814703362e-06
-6.7170265254208464e-06
-6.8624705844580398e-06
-7.0060494062398621e-06
-7.1474397608896215e-06
-7.2862965199661628e-06
-7.4222525264215861e-06
-7.5549186415471651e-06
-7.6838840164327871e-06
-7.8087166544613729e-06
-7.9289642412796708e-06
-8.0441553183006466e-06
-8.1538008084521819e-06
-8.2573959446917951e-06
-8.3544225952486253e-06
-8.4443520332009102e-06
-8.5266481395223272e-06
-8.6007710437468984e-06
-8.6661811301627109e-06
-8.7223429009526873e-06
-8.7687240725052768e-06
-8.8047494311445792e-06
-8.8293673772402129e-06
-8.8374947196526377e-06
-8.7930089114272453e-06
-8.4406230884845935e-06
-6.1313665713845761e-06
7.5285716457007433e-06
7.7824734009718788e-05
0.00037804204919495739
0.0013758814638469021
0.0037183480267868984
-5.5951809313714559e-06
-5.7541911804060901e-06
-5.9135135114161547e-06
-6.0729966036360453e-06
-6.232472361211527e-06
-6.3917549527441307e-06
-6.5506398506910314e-06
-6.7089028823401103e-06
-6.8662993067939092e-06
-7.0225629346067398e-06
-7.1774053121721466e-06
-7.3305149788686665e-06
-7.4815568587078761e-06
-7.6301717693208703e-06
-7.7759761017403163e-06
-7.9185617297762628e-06
-8.0574961269305886e-06
-8.1923227964299518e-06
-8.3225620041039119e-06
-8.4477118828756975e-06
-8.5672499323113763e-06
-8.6806349711195852e-06
-8.7873095452455937e-06
-8.8867028475587883e-06
-8.9782341468301726e-06
-9.0613167294415413e-06
-9.1353623037162993e-06
-9.1997853324462493e-06
-9.254002651959481e-06
-9.2973875479573056e-06
-9.3288334608601588e-06
-9.343170495532738e-06
-9.3039381415756751e-06
-8.953726462181708e-06
-6.6300727962676491e-06
7.1375352299791104e-06
7.8004320197560883e-05
0.00038066979197291827
0.0013866529565443025
0.0037482404746586057
-5.822730238713499e-06
-5.9898312873409023e-06
-6.1574270501786877e-06
-6.3253679629541835e-06
-6.4934868636518554e-06
-6.6615978753550981e-06
-6.8294953402251067e-06
-6.9969526800101478e-06
-7.1637213341933567e-06
-7.329529690780312e-06
-7.4940820841089578e-06
-7.657057866718617e-06
-7.8181105880266058e-06
-7.9768672969226202e-06
-8.1329280403331759e-06
-8.2858655508713203e-06
-8.4352251885818232e-06
-8.5805252080041736e-06
-8.721257332151112e-06
-8.8568877691588787e-06
-8.986858639831223e-06
-9.1105899198676692e-06
-9.2274819128398728e-06
-9.3369182990290794e-06
-9.4382697844878846e-06
-9.5308983638934654e-06
-9.6141621292658993e-06
-9.6874201326282659e-06
-9.7500325817904301e-06
-9.801315236122145e-06
-9.8401003438599528e-06
-9.8611250344304489e-06
-9.8275846533946325e-06
-9.479940358238143e-06
-7.1422325023219e-06
6.7327557294005788e-06
7.8169927218672423e-05
0.00038328337513904889
0.0013974101845892547
0.0037781186451602629
-6.0496579559995335e-06
-6.2249832347771473e-06
-6.4010024103467239e-06
-6.5775687454015613e-06
-6.7545170838104273e-06
-6.9316626205827235e-06
-7.1087996453596052e-06
-7.2857002708932029e-06
-7.4621131612031082e-06
-7.637762277051017e-06
-7.8123456629655366e-06
-7.9855342864695037e-06
-8.1569709963803206e-06
-8.3262695858934134e-06
-8.4930140390510816e-06
-8.6567579758077751e-06
-8.8170243863622165e-06
-8.9733056471363579e-06
-9.1250639355780892e-06
-9.2717320715764835e-06
-9.4127148428884308e-06
-9.5473908964844879e-06
-9.6751152333899803e-06
-9.7952223654739297e-06
-9.9070301726722036e-06
-1.0009844478738359e-05
-1.0102964305550564e-05
-1.0185687295048356e-05
-1.0257310546986132e-05
-1.0317085436681921e-05
-1.0363775915409942e-05
-1.0392018898035021e-05
-1.0364658434091159e-05
-1.0020019963024271e-05
-7.6686409674751802e-06
6.313403510515482e-06
7.8320697077563067e-05
0.00038588191875575905
0.0014081522551168198
0.0038079816439393196
-6.2757686430459854e-06
-6.4594481167382036e-06
-6.6440379107145281e-06
-6.8293953039143092e-06
-7.0153583798880172e-06
-7.2017446478996844e-06
-7.3883496206705791e-06
-7.5749453571509593e-06
-7.761279001835028e-06
-7.947071286464606e-06
-8.1320151026850186e-06
-8.3157740858310647e-06
-8.4979812936062668e-06
-8.6782380024174896e-06
-8.8561126523157539e-06
-9.031140029994094e-06
-9.2028206811738156e-06
-9.3706206910513517e-06
-9.5339718231091585e-06
-9.6922721522242674e-06
-9.8448872266341011e-06
-9.9911518489460621e-06
-1.0130372545771963e-05
-1.0261830794563867e-05
-1.0384787058026021e-05
-1.0498485678125128e-05
-1.0602160581464448e-05
-1.0695041293197796e-05
-1.0776354520681661e-05
-1.084527945879565e-05
-1.0900503603450495e-05
-1.0936555309074101e-05
-1.0915919012070498e-05
-1.0574776468103231e-05
-8.2101553512585578e-06
5.8785819332322534e-06
7.8455700470686751e-05
0.00038846446821108236
0.0014188781985815407
0.0038378284997362838
-6.500850743582937e-06
-6.6930097607254083e-06
-6.8863134145556835e-06
-7.0806243227697975e-06
-7.2757851842790223e-06
-7.4716172406181253e-06
-7.667918676841503e-06
-7.86446296919818e-06
-8.0609971928795204e-06
-8.2572403071741509e-06
-8.4528814399103708e-06
-8.6475781986412183e-06
-8.8409550443333512e-06
-9.0326017526799194e-06
-9.222072047511409e-06
-9.4088824140394808e-06
-9.5925111769767941e-06
-9.7723979393758675e-06
-9.9479434004459179e-06
-1.0118509699396828e-05
-1.0283421335432995e-05
-1.0441966771447511e-05
-1.059340081328538e-05
-1.0736947845051338e-05
-1.0871806012188406e-05
-1.0997152402235825e-05
-1.111214920495493e-05
-1.1215950372555487e-05
-1.1307703993735327e-05
-1.1386508213200975e-05
-1.1450964710700064e-05
-1.1495483632177899e-05
-1.1482180103077074e-05
-1.114508285674837e-05
-8.7677015289103999e-06
5.4273195682697956e-06
7.8573928202297665e-05
0.00039102998499159012
0.0014295869591437011
0.0038676581547303131
-6.7246760559358929e-06
-6.9254340921217189e-06
-7.127589560432033e-06
-7.3310118867057893e-06
-7.5355499185996656e-06
-7.7410302227019411e-06
-7.9472553085588776e-06
-8.1540017502615129e-06
-8.3610182674991213e-06
-8.5680237446148118e-06
-8.7747052240340155e-06
-8.9807159014189283e-06
-9.185673141555213e-06
-9.3891565947330279e-06
-9.5907064138339308e-06
-9.7898216722520826e-06
-9.9859590224093918e-06
-1.0178531717557794e-05
-1.0366909024303668e-05
-1.0550416188376846e-05
-1.0728335022214675e-05
-1.0899905235729046e-05
-1.106432664418149e-05
-1.1220762336159173e-05
-1.1368342937168426e-05
-1.1506172041311576e-05
-1.1633332820729799e-05
-1.1748895345462528e-05
-1.1851919826616217e-05
-1.1941413271139891e-05
-1.2015880789971004e-05
-1.2069603113983699e-05
-1.206431473963805e-05
-1.1731880371721324e-05
-9.3422818322984551e-06
4.9585613146776826e-06
7.8674281308635429e-05
0.00039357733602283379
0.0014402773835494439
0.00389746945334985
-6.9469992634253148e-06
-7.1564685167337073e-06
-7.3676070022982083e-06
-7.5802925652983573e-06
-7.794381898007977e-06
-8.0097086798417682e-06
-8.2260815935779809e-06
-8.4432822388745432e-06
-8.6610629500742446e-06
-8.8791445325706491e-06
-9.0972139350194709e-06
-9.3149219015685252e-06
-9.5318805850088595e-06
-9.7476612525603507e-06
-9.9617920488690016e-06
-1.0173755936267297e-05
-1.0382988856082968e-05
-1.0588878243479122e-05
-1.0790761935704908e-05
-1.0987927652683109e-05
-1.1179613137535951e-05
-1.1365007111167157e-05
-1.1543251176599433e-05
-1.1713442832640047e-05
-1.187463972383663e-05
-1.2025865253312115e-05
-1.2166115613685761e-05
-1.2294367783301519e-05
-1.240958367788149e-05
-1.2510667676291065e-05
-1.2596015941780364e-05
-1.2659766804207064e-05
-1.2663260847600326e-05
-1.2336185751594255e-05
-9.934983848525786e-06
4.471158191171515e-06
7.8755559645311526e-05
0.00039610528126536235
0.0014509482081247692
0.0039272611292309198
-7.1675575148229252e-06
-7.385841400182671e-06
-7.6060857565630943e-06
-7.8281785943396432e-06
-8.0519863218627962e-06
-8.2773517128666645e-06
-8.5040917085796666e-06
-8.7319951083379332e-06
-8.9608201170606923e-06
-9.1902917761849307e-06
-9.4200992929053319e-06
-9.6498932920564568e-06
-9.8792830235870696e-06
-1.0107833568638486e-05
-1.0335063098934894e-05
-1.056044025992808e-05
-1.0783381745195738e-05
-1.1003250201617763e-05
-1.1219352517683972e-05
-1.1430938691929224e-05
-1.1637201390953126e-05
-1.1837276377882535e-05
-1.2030243988604753e-05
-1.2215131828127591e-05
-1.2390918896166216e-05
-1.2556541285678339e-05
-1.2710899561558576e-05
-1.2852867413030597e-05
-1.298129676730931e-05
-1.3094976317037583e-05
-1.3192179022961672e-05
-1.3266885676082753e-05
-1.3280027364617413e-05
-1.2959099322936552e-05
-1.0546990405202558e-05
3.9638556088436577e-06
7.881644860657669e-05
0.00039861245921694595
0.0014615980435916404
0.0039570317899534392
-7.3860701346932971e-06
-7.6132616385429773e-06
-7.8427245967177073e-06
-8.0743590990374025e-06
-8.3080433127250775e-06
-8.5436312770980674e-06
-8.7809505113369743e-06
-9.0197994651114785e-06
-9.2599447735867674e-06
-9.5011183755523305e-06
-9.7430144695703645e-06
-9.9852863446336073e-06
-1.0227543113030771e-05
-1.0469346386772263e-05
-1.0710206952192846e-05
-1.0949581512728734e-05
-1.118686959003886e-05
-1.142141067524321e-05
-1.1652481800163093e-05
-1.1879295615682262e-05
-1.2100999215828236e-05
-1.2316673865714011e-05
-1.2525335851443042e-05
-1.2725938705595342e-05
-1.2917377019298558e-05
-1.3098492084481526e-05
-1.3268079509171849e-05
-1.3424898472750223e-05
-1.3567677841792435e-05
-1.3695075742956136e-05
-1.3805225533932691e-05
-1.3891932835714884e-05
-1.39157008636372e-05
-1.3601814065337314e-05
-1.1179590984104943e-05
3.4352798018211254e-06
7.8855503740012664e-05
0.00040109737006691331
0.0014722253571624879
0.0039867798990712369
-7.6022384069112368e-06
-7.8384183156608482e-06
-8.077200599611089e-06
-8.3184994653232016e-06
-8.5622070559040677e-06
-8.8081910739568354e-06
-9.0562921751925968e-06
-9.3063211733995994e-06
-9.5580560311340483e-06
-9.8112386149645112e-06
-1.0065571272368645e-05
-1.0320713207618882e-05
-1.0576276695221114e-05
-1.0831823184182683e-05
-1.1086859291150174e-05
-1.134083284287033e-05
-1.1593128967876369e-05
-1.18430664082043e-05
-1.2089894160541093e-05
-1.2332788644419853e-05
-1.2570851571333748e-05
-1.2803108757951549e-05
-1.3028510142985639e-05
-1.3245931279652931e-05
-1.3454176622976212e-05
-1.3651984904417287e-05
-1.3838036822148546e-05
-1.401096478722057e-05
-1.4169359987881197e-05
-1.4311733145814903e-05
-1.4436059107452707e-05
-1.4535947740376294e-05
-1.4571452689086661e-05
-1.4265625715916267e-05
-1.1834194700265217e-05
2.8839222295378499e-06
7.8871132843963041e-05
0.00040355835585461622
0.0014828284516027164
0.0040165037549285548
)
;

boundaryField
{
    hotWall
    {
        type            calculated;
        value           nonuniform List<scalar> 0();
    }
    coldWall
    {
        type            calculated;
        value           nonuniform List<scalar> 
53
(
0.0035504802919858183
0.0035941799798735866
0.003637879403142104
0.0036815783897015571
0.0037252767667496703
0.0037689743604846409
0.003812670995813095
0.0038563664960516008
0.00390006068262015
0.0039437533747262374
0.0039874443890374625
0.0040311335393412116
0.0040748206361892027
0.0041185054865249295
0.0041621878932918974
0.0042058676550199535
0.0042495445653871426
0.0042932184127544119
0.0043368889796693037
0.0043805560423355022
0.0044242193700451734
0.0044678787245707226
0.0045115338595088633
0.0045551845195645792
0.0045988304397817023
0.0046424713447105487
0.0046861069475015353
0.0047297369489156691
0.0047733610362437444
0.0048169788821233548
0.0048605901432402041
0.0049041944588929616
0.0049477914493857751
0.0049913807141888835
0.0050349618302115897
0.0050785343495992393
0.0051220977973012102
0.0051656516683865946
0.0052091954250473981
0.0052527284932396964
0.0052962502589074716
0.0053397600637101524
0.005383257200150213
0.0054267409060585817
0.0054702103583138331
0.0055136646656446494
0.0055571028603503981
0.005600523888744607
0.0056439266000773893
0.0056873097336351897
0.0057306719036521094
0.0057740115815937132
0.0058173270752244557
)
;
    }
    bottomWall
    {
        type            calculated;
        value           nonuniform List<scalar> 0();
    }
    topWall
    {
        type            calculated;
        value           nonuniform List<scalar> 0();
    }
    front
    {
        type            empty;
    }
    back
    {
        type            empty;
    }
    procBoundary5to3
    {
        type            processor;
        value           nonuniform List<scalar> 
40
(
-7.8157455150393104e-06
-8.06098053380718e-06
-8.3091687877648195e-06
-8.560240806562256e-06
-8.8141050971233231e-06
-9.0706456053971909e-06
-9.3297189350341028e-06
-9.5911512879512135e-06
-9.8547351647499324e-06
-1.0120225797229465e-05
-1.0387337290516271e-05
-1.0655738530715884e-05
-1.0925048853196683e-05
-1.1194833479783011e-05
-1.1464598821482166e-05
-1.1733787674763177e-05
-1.2001774419736267e-05
-1.2267860320022597e-05
-1.2531269115791699e-05
-1.279114303036278e-05
-1.3046539480540532e-05
-1.3296428717731796e-05
-1.3539692709749957e-05
-1.3775125632421973e-05
-1.4001436321642003e-05
-1.4217253088036398e-05
-1.4421131232226337e-05
-1.461156310083944e-05
-1.4786986011153241e-05
-1.4945744199038043e-05
-1.5085632249259012e-05
-1.5200040240745886e-05
-1.5248546571074759e-05
-1.4951944054985408e-05
-1.2512345188863006e-05
2.3081213656792542e-06
7.8861574712362094e-05
0.00040599357683665429
0.0014934054404564239
0.004046201465477242
)
;
    }
    procBoundary5to4
    {
        type            processor;
        value           nonuniform List<scalar> 
53
(
3.6476339485950812e-06
3.4463072972205306e-06
3.2449088999806395e-06
3.0433939150234175e-06
2.8417178029945944e-06
2.6398364486722797e-06
2.4377062848436701e-06
2.2352844189961468e-06
2.032528763621393e-06
1.8293981707575098e-06
1.6258525714577758e-06
1.4218531208625704e-06
1.2173623496012929e-06
1.0123443223474757e-06
8.0676480418147614e-07
6.005914355792983e-07
3.9379391678914746e-07
1.8634420243235792e-07
-2.1783291875652054e-08
-2.3061147580233788e-07
-4.4016034833473576e-07
-6.5044675783180101e-07
-8.6148414283582088e-07
-1.0732822585610723e-06
-1.2858468862545424e-06
-1.4991795307571846e-06
-1.7132770901894602e-06
-1.9281315173364501e-06
-2.1437294569531319e-06
-2.3600518633352417e-06
-2.577073603098675e-06
-2.7947630270076641e-06
-3.0130815307634538e-06
-3.2319830954401767e-06
-3.451413795813323e-06
-3.6713113112733595e-06
-3.8916043906131479e-06
-4.1122123230731448e-06
-4.3330443831128854e-06
-4.5539992625814958e-06
-4.7749645050575621e-06
-4.9958159112106938e-06
-5.2164169641708871e-06
-5.4366182597757153e-06
-5.6562569266450988e-06
-5.8751560888974247e-06
-6.0931243422451167e-06
-6.3099552826744364e-06
-6.5254270574746896e-06
-6.7393020154729207e-06
-6.9513263962224583e-06
-7.1612301359745807e-06
-7.3687267825556208e-06
)
;
    }
    procBoundary5to6
    {
        type            processor;
        value           nonuniform List<scalar> 
40
(
3.9440014896388861e-06
4.0390491890634125e-06
4.1340753927638471e-06
4.2290784647626817e-06
4.3240567180880496e-06
4.419008417063153e-06
4.5139317799604958e-06
4.6088249812340832e-06
4.7036861580052901e-06
4.7985134091963648e-06
4.8933048027911487e-06
4.988058379585401e-06
5.0827721572002762e-06
5.1774441383974274e-06
5.2720723119861157e-06
5.366654661802199e-06
5.4611891712842762e-06
5.5556738329897495e-06
5.650106650608105e-06
5.7444856489236634e-06
5.8388088800502671e-06
5.9330744305955453e-06
6.0272804281427255e-06
6.1214250516576676e-06
6.2155065349412317e-06
6.3095231800585843e-06
6.4034734065399971e-06
6.4973561551259404e-06
6.5911746170275568e-06
6.6849695555382337e-06
6.7791040551155091e-06
6.8765739765271035e-06
7.0005407139963919e-06
7.3164417148451875e-06
8.8942671145881505e-06
1.7830254651114093e-05
6.3513442247106828e-05
0.00025840228815377474
0.00090602731210364523
0.0024262886036997009
)
;
    }
}


// ************************************************************************* //
