/*--------------------------------*- C++ -*----------------------------------*\
  =========                 |
  \\      /  F ield         | OpenFOAM: The Open Source CFD Toolbox
   \\    /   O peration     | Website:  https://openfoam.org
    \\  /    A nd           | Version:  13
     \\/     M anipulation  |
\*---------------------------------------------------------------------------*/
FoamFile
{
    format      ascii;
    class       volScalarField;
    location    "0.032778746640202423";
    object      p_0;
}
// * * * * * * * * * * * * * * * * * * * * * * * * * * * * * * * * * * * * * //

dimensions      [1 -1 -2 0 0 0 0];

internalField   nonuniform List<scalar> 
3200
(
-0.044122831648567541
-0.044109255312282977
-0.044096628625011632
-0.044087483495287766
-0.044081022965007134
-0.044076168812692454
-0.044072299229213165
-0.044069078786649098
-0.044066315101387227
-0.044063889685617232
-0.044061724942472666
-0.044059767457978016
-0.044057978906377991
-0.044056330800263721
-0.044054801357697619
-0.0440533735422605
-0.044052033769165971
-0.044050771023621281
-0.044049576246329568
-0.044048441889762591
-0.044047361593910213
-0.044046329945037106
-0.044045342300818385
-0.044044394650363833
-0.04404348350177574
-0.044042605795183737
-0.044041758833316701
-0.044040940225516821
-0.044040147842689351
-0.04403937977911962
-0.044038634321514662
-0.044037909924926857
-0.044037205190379229
-0.044036518845867234
-0.044035849729993901
-0.044035196780194692
-0.044034559021681206
-0.044033935557072947
-0.044033325558110785
-0.044032728258120372
-0.044032142945622486
-0.044031568958778751
-0.044031005680481808
-0.044030452534021804
-0.044029908979293958
-0.044029374509487892
-0.044028848647793335
-0.044028330944743108
-0.04402782097585644
-0.044027318339486393
-0.044026822654852242
-0.044026333560268804
-0.044025850711553523
-0.044025373780582376
-0.044024902453984383
-0.044024436431947339
-0.04402397542712632
-0.044023519163617214
-0.044023067375899651
-0.044022619807573063
-0.044022176211710819
-0.044021736350136627
-0.044021299992275505
-0.044020866913692919
-0.044020436896600519
-0.044020009729080892
-0.044019585204632894
-0.044019163121587747
-0.044018743282679004
-0.044018325494640111
-0.044017909567819882
-0.044017495315804872
-0.044017082555067297
-0.044016671104621798
-0.04401626078569866
-0.044015851421423183
-0.044015442836512271
-0.044015034856972689
-0.13213260375148389
-0.13212672471827405
-0.13211965368222461
-0.13211324556040915
-0.13210797423789675
-0.13210365842218558
-0.13210005218858287
-0.13209697162477513
-0.1320942883519674
-0.13209191258691305
-0.13208978047157946
-0.13208784557807099
-0.13208607334148414
-0.13208443743111867
-0.13208291736594183
-0.13208149692578733
-0.13208016306676471
-0.13207890514930742
-0.13207771436654009
-0.13207658335360076
-0.13207550588329584
-0.13207447664601105
-0.13207349107834143
-0.13207254522918527
-0.13207163565372332
-0.13207075933023915
-0.13206991359133982
-0.13206909607059078
-0.13206830465829902
-0.13206753746522873
-0.13206679279221201
-0.13206606910492541
-0.132065365014543
-0.13206467925641738
-0.13206401067630441
-0.13206335821769766
-0.13206272091074142
-0.13206209786260437
-0.13206148824883351
-0.13206089130600354
-0.13206030632545995
-0.13205973264786522
-0.13205916965831363
-0.13205861678207789
-0.13205807348091561
-0.13205753924936192
-0.13205701361206512
-0.13205649612082376
-0.13205598635224369
-0.13205548390566901
-0.13205498840121419
-0.13205449947800066
-0.13205401679257286
-0.13205354001746883
-0.13205306883991849
-0.13205260296066698
-0.13205214209290564
-0.13205168596129227
-0.1320512343008591
-0.13205078685494859
-0.13205034337735677
-0.13204990363014668
-0.13204946738406098
-0.13204903441319449
-0.13204860450090333
-0.13204817743561917
-0.13204775301101843
-0.1320473310256248
-0.13204691128236945
-0.13204649358818149
-0.13204607775359103
-0.13204566359236544
-0.13204525092114647
-0.13204483955911367
-0.13204442932765401
-0.13204402005004956
-0.13204361155116598
-0.13204320365715591
-0.22014954840816767
-0.22014671839691227
-0.22014267817874453
-0.2201382969276926
-0.22013420444518833
-0.22013056249934973
-0.22012735360239225
-0.22012451725052659
-0.2201219909065405
-0.22011972046155137
-0.22011766190107582
-0.22011578021148082
-0.22011404764408993
-0.22011244208365849
-0.22011094575242249
-0.22010954422891771
-0.22010822570395325
-0.22010698038708543
-0.22010580009393826
-0.22010467790683116
-0.22010360793239353
-0.22010258511826719
-0.22010160509861373
-0.2201006640755781
-0.22009975872637863
-0.22009888612595949
-0.22009804368493407
-0.22009722909989127
-0.22009644031311182
-0.2200956754785488
-0.22009493293298033
-0.22009421117233163
-0.22009350883231785
-0.22009282466992811
-0.22009215754942413
-0.22009150642996189
-0.22009087035511643
-0.22009024844424699
-0.22008963988291549
-0.22008904391641512
-0.22008845984380776
-0.22008788701253065
-0.22008732481370086
-0.22008677267789709
-0.2200862300714912
-0.22008569649334189
-0.2200851714717629
-0.22008465456186657
-0.22008414534327916
-0.22008364341804268
-0.22008314840869544
-0.22008265995654872
-0.2200821777201275
-0.2200817013737664
-0.2200812306063275
-0.22008076512004857
-0.22008030462947878
-0.22007984886069362
-0.22007939755181818
-0.22007895044276127
-0.22007850729065193
-0.22007806785827042
-0.2200776319212199
-0.22007719924674971
-0.22007676962359934
-0.22007634284041094
-0.22007591869130769
-0.22007549697537179
-0.22007507749608995
-0.22007466006092224
-0.22007424448091292
-0.22007383057031424
-0.22007341814623727
-0.22007300702831117
-0.22007259703835896
-0.22007218800008277
-0.22007177973875963
-0.22007137208094518
-0.30817020986810784
-0.30816868540770775
-0.3081661938169088
-0.30816314642571879
-0.30816002041844692
-0.30815703804261702
-0.3081542749206424
-0.30815174292466341
-0.3081494283803915
-0.30814730876008839
-0.30814536022991273
-0.30814356072051252
-0.30814189088537258
-0.30814033416843273
-0.30813887655319394
-0.30813750621534314
-0.3081362131623902
-0.30813498892137897
-0.30813382625851221
-0.30813271896459798
-0.30813166168766432
-0.30813064978831339
-0.30812967922046608
-0.30812874643773291
-0.30812784831856133
-0.3081269820978304
-0.3081261453158971
-0.30812533577507872
-0.30812455150482221
-0.30812379073153429
-0.30812305185257877
-0.30812233341486173
-0.30812163409651344
-0.30812095269111728
-0.30812028809405922
-0.30811963929111907
-0.30811900534923942
-0.30811838540770375
-0.30811777866966306
-0.30811718439536118
-0.3081166018969681
-0.30811603053361775
-0.3081154697067609
-0.30811491885611086
-0.30811437745609815
-0.30811384501277089
-0.30811332106083728
-0.30811280516117479
-0.30811229689858649
-0.30811179587975734
-0.30811130173141021
-0.30811081409863483
-0.30811033264338039
-0.30810985704307908
-0.30810938698940776
-0.30810892218714575
-0.308108462352923
-0.30810800721401227
-0.30810755652231753
-0.30810710999779239
-0.30810666741316722
-0.30810622853165259
-0.30810579312522657
-0.3081053609701474
-0.30810493185182297
-0.30810450556056385
-0.30810408189177491
-0.30810366064561195
-0.30810324162655528
-0.30810282464300331
-0.30810240950689022
-0.30810199603331789
-0.30810158404021254
-0.30810117334798354
-0.30810076377921108
-0.30810035515832923
-0.30809994731132917
-0.30809954006546358
-0.39619285364555284
-0.39619194815100656
-0.39619030747069123
-0.39618812937467801
-0.39618573308960597
-0.39618331428907583
-0.39618097257021129
-0.39617875272282332
-0.39617666995632339
-0.39617472406065635
-0.3961729074547154
-0.39617120960030727
-0.39616961926852157
-0.39616812563956816
-0.39616671878518561
-0.39616538982102051
-0.39616413088954161
-0.39616293509201606
-0.39616179636951804
-0.3961607094082078
-0.39615966954336601
-0.39615867266700366
-0.39615771514980314
-0.39615679377708696
-0.39615590569181092
-0.39615504834350063
-0.39615421944570484
-0.3961534169434266
-0.3961526389844845
-0.39615188389366712
-0.39615115015080454
-0.39615043637225006
-0.39614974129487462
-0.39614906376236342
-0.3961484027128519
-0.39614775716903722
-0.39614712623020215
-0.39614650906287591
-0.39614590489450269
-0.39614531300626266
-0.39614473272864187
-0.39614416343707148
-0.39614360454736902
-0.39614305551196421
-0.39614251581658566
-0.39614198497728237
-0.39614146253774951
-0.3961409480669244
-0.39614044115684333
-0.3961399414206988
-0.39613944849108368
-0.39613896201839766
-0.39613848166939747
-0.39613800712587954
-0.39613753808346797
-0.39613707425049188
-0.39613661534745154
-0.39613616111115729
-0.39613571127383446
-0.39613526558491324
-0.39613482380648996
-0.39613438570532822
-0.3961339510550908
-0.39613351963558863
-0.39613309123322221
-0.39613266563993188
-0.39613224265272173
-0.39613182207323705
-0.39613140370735916
-0.39613098736481278
-0.39613057285878911
-0.3961301600055932
-0.39612974862429817
-0.39612933853642446
-0.39612892956561585
-0.39612852153734457
-0.39612811427861028
-0.39612770761765348
-0.48421670153258006
-0.48421610902674617
-0.48421496431733974
-0.48421335896752127
-0.48421149818954651
-0.48420953381994131
-0.48420756013899535
-0.48420563176682652
-0.4842037778129068
-0.48420201145611058
-0.48420033637636561
-0.48419875092770376
-0.48419725069175573
-0.48419582999582911
-0.48419448278182864
-0.48419320306706926
-0.48419198519497758
-0.48419082392827489
-0.48418971448822301
-0.4841886525544794
-0.48418763423621614
-0.48418665603407357
-0.4841857148031895
-0.4841848077181739
-0.48418393223402856
-0.484183086056034
-0.48418226710678058
-0.48418147350398355
-0.48418070353938097
-0.48417995565798017
-0.48417922844070876
-0.48417852058940908
-0.48417783091364286
-0.48417715831913111
-0.48417650179743144
-0.48417586041733957
-0.48417523331776197
-0.48417461970027048
-0.48417401882199601
-0.48417342999050633
-0.4841728525596965
-0.48417228592545875
-0.48417172952170062
-0.48417118281690313
-0.48417064531107051
-0.48417011653297432
-0.48416959603769377
-0.48416908340438197
-0.48416857823425719
-0.48416808014878565
-0.4841675887880334
-0.48416710380916317
-0.48416662488506695
-0.48416615170311234
-0.484165683963937
-0.48416522137990836
-0.4841647636735979
-0.48416431060433235
-0.48416386187379573
-0.48416341725899842
-0.48416297652003426
-0.48416253942567467
-0.48416210575212987
-0.48416167528195903
-0.48416124780376635
-0.48416082311159925
-0.48416040100446922
-0.48415998128592092
-0.48415956376363006
-0.48415914824902112
-0.48415873455690223
-0.48415832250512147
-0.48415791191423041
-0.48415750260716872
-0.48415709440895627
-0.48415668714639515
-0.48415628064778299
-0.48415587474263061
-0.57224134239538949
-0.57224091731917848
-0.57224007479252681
-0.57223885372164018
-0.5722373838567586
-0.57223577692262817
-0.57223411222169829
-0.57223244266626971
-0.57223080190227094
-0.57222920980209857
-0.57222767688552634
-0.57222620764184706
-0.57222480281388166
-0.57222346091527077
-0.57222217921584495
-0.57222095436495712
-0.57221978276446617
-0.57221866079618555
-0.57221758496254727
-0.57221655195671128
-0.57221555869405438
-0.572214602321933
-0.57221368021705332
-0.57221278997571523
-0.57221192939980869
-0.57221109647680746
-0.57221028936410878
-0.5722095063754753
-0.57220874596606097
-0.5722080067182721
-0.57220728732923443
-0.57220658659952306
-0.57220590342299316
-0.57220523677759905
-0.57220458571721455
-0.57220394936493457
-0.57220332690618714
-0.57220271758323871
-0.57220212068857568
-0.5722015355611525
-0.57220096158250067
-0.57220039817281843
-0.57219984478753205
-0.5721993009142442
-0.57219876606998732
-0.57219823979874596
-0.57219772166921945
-0.57219721127279066
-0.57219670822168656
-0.57219621214730365
-0.5721957226986869
-0.57219523954114049
-0.57219476235495814
-0.57219429083426199
-0.5721938246859325
-0.572193363628695
-0.5721929073933284
-0.57219245572292687
-0.57219200835615258
-0.57219156505559177
-0.57219112558713459
-0.57219068972353604
-0.57219025724427219
-0.57218982793497997
-0.57218940158704468
-0.57218897799710788
-0.57218855696662185
-0.57218813830143544
-0.57218772181140143
-0.57218730731000944
-0.57218689461403305
-0.5721864835431939
-0.57218607391984178
-0.5721856655686457
-0.5721852583162953
-0.57218485199121383
-0.57218444642327837
-0.57218404144354462
-0.66026653634479371
-0.66026620528745794
-0.6602655551883001
-0.66026459814366079
-0.66026341520136822
-0.66026208679715359
-0.66026067621471229
-0.66025922994374464
-0.66025778092212739
-0.66025635133730909
-0.66025495522270383
-0.6602536008492732
-0.66025229252687423
-0.66025103190994727
-0.66024981893159729
-0.66024865245094599
-0.66024753067810427
-0.66024645147257877
-0.66024541253631419
-0.66024441153628044
-0.66024344618041964
-0.6602425142636823
-0.66024161369364287
-0.6602407425027218
-0.66023989885312162
-0.66023908103145035
-0.66023828744610502
-0.66023751662124475
-0.66023676718904056
-0.66023603788176755
-0.66023532752403735
-0.66023463502531965
-0.66023395937284268
-0.66023329962500121
-0.66023265490549465
-0.6602320243980383
-0.66023140734065378
-0.66023080302112658
-0.66023021077230992
-0.66022962996873014
-0.66022906002326898
-0.66022850038383263
-0.66022795053042893
-0.66022740997253326
-0.66022687824669657
-0.66022635491436388
-0.66022583955989311
-0.66022533178874565
-0.66022483122583386
-0.6602243375140141
-0.66022385031270692
-0.66022336929663172
-0.6602228941546503
-0.6602224245887035
-0.66022196031281277
-0.66022150105230881
-0.6602210465454077
-0.6602205965331791
-0.66022015076949736
-0.66021970901737426
-0.66021927104683464
-0.66021883663472769
-0.66021840556428935
-0.66021797762467416
-0.66021755261052273
-0.66021713032151963
-0.66021671056197717
-0.66021629314043795
-0.66021587786930425
-0.66021546456448166
-0.66021505304504491
-0.66021464313291323
-0.6602142346525427
-0.66021382743062984
-0.66021342129582339
-0.66021301607844751
-0.66021261161023148
-0.66021220772404665
-0.74829213606768286
-0.74829185969611833
-0.74829133840638684
-0.74829056605069655
-0.74828959570278486
-0.74828848425922434
-0.74828728071222017
-0.74828602387008913
-0.74828474355893027
-0.74828346162476311
-0.74828219336590363
-0.74828094905314058
-0.74827973522136637
-0.7482785557029149
-0.74827741242187329
-0.74827630598312422
-0.74827523610047175
-0.74827420190551108
-0.74827320216770543
-0.74827223544564592
-0.74827130019032728
-0.74827039481584701
-0.74826951774600803
-0.748268667445119
-0.74826784243546884
-0.74826704130803889
-0.74826626272823982
-0.74826550543761317
-0.74826476825300892
-0.74826405006425389
-0.74826334983086151
-0.74826266657820506
-0.74826199939334204
-0.74826134742111738
-0.74826070986126636
-0.74826008596266302
-0.74825947502065027
-0.74825887637289301
-0.74825828939644878
-0.74825771350497239
-0.74825714814586708
-0.74825659279764656
-0.74825604696754022
-0.74825551018930125
-0.74825498202118235
-0.74825446204408075
-0.74825394985982696
-0.74825344508961844
-0.74825294737256653
-0.74825245636437276
-0.74825197173610036
-0.74825149317304795
-0.74825102037371416
-0.7482505530488347
-0.74825009092049977
-0.74824963372163333
-0.74824918119652173
-0.74824873309139206
-0.74824828916832919
-0.74824784919482645
-0.7482474129455754
-0.7482469802019277
-0.74824655075134461
-0.74824612438694049
-0.74824570090705089
-0.74824528011482483
-0.74824486181782768
-0.74824444582767191
-0.74824403195966205
-0.74824362003246048
-0.74824320986776471
-0.74824280128999954
-0.74824239412602644
-0.74824198820485566
-0.74824158335737379
-0.7482411794160766
-0.74824077621481122
-0.74824037358852125
-0.83631805045738772
-0.83631779532112416
-0.83631736489673569
-0.8363167281009638
-0.83631591839963559
-0.83631497696571633
-0.83631394164837092
-0.83631284415456386
-0.83631171025566153
-0.83631056014675531
-0.83630940899940653
-0.83630826782520173
-0.83630714435140352
-0.83630604378257845
-0.83630496942704491
-0.83630392319568769
-0.83630290598713763
-0.83630191797291198
-0.83630095883293354
-0.83630002790918379
-0.83629912432144327
-0.83629824705304012
-0.83629739501204903
-0.83629656707378552
-0.83629576211010459
-0.83629497901030336
-0.83629421669440407
-0.83629347412170696
-0.83629275029583672
-0.83629204426729098
-0.83629135513417596
-0.83629068204163592
-0.83629002418048159
-0.83628938078651394
-0.83628875113869572
-0.83628813455532924
-0.83628753039205439
-0.83628693803983267
-0.83628635692303721
-0.83628578649719099
-0.83628522624680024
-0.83628467568337128
-0.83628413434355675
-0.83628360178740924
-0.8362830775967468
-0.83628256137363022
-0.83628205273894052
-0.83628155133105575
-0.83628105680462539
-0.83628056882942237
-0.83628008708928514
-0.83627961128113204
-0.83627914111405588
-0.83627867630848485
-0.83627821659548052
-0.83627776171719093
-0.83627731142067463
-0.83627686546434576
-0.83627642361481092
-0.83627598564543737
-0.83627555133633413
-0.83627512047387143
-0.83627469285020362
-0.83627426826283513
-0.83627384651421299
-0.83627342741134125
-0.83627301076541349
-0.83627259639146545
-0.8362721841080426
-0.83627177373688244
-0.83627136510261402
-0.83627095803246498
-0.83627055235598413
-0.83627014790477194
-0.83626974451221869
-0.83626934201325209
-0.83626894024408938
-0.83626853904199716
-0.92434421439370873
-0.92434395410794978
-0.92434359431500679
-0.9243430591565579
-0.92434237252711948
-0.92434156527527023
-0.92434066683194971
-0.92433970283003908
-0.92433869498673993
-0.92433766126052208
-0.92433661591026561
-0.92433556986781329
-0.92433453131292254
-0.92433350619654142
-0.92433249870869927
-0.92433151167553862
-0.9243305468765266
-0.92432960530257968
-0.92432868737379281
-0.92432779309492563
-0.92432692216729884
-0.92432607408023804
-0.92432524818091277
-0.92432444372457889
-0.92432365991184473
-0.92432289591596495
-0.92432215090238212
-0.92432142404270989
-0.92432071452451381
-0.92432002155796722
-0.92431934438002705
-0.92431868225652158
-0.92431803448406458
-0.92431740039169263
-0.92431677933865664
-0.92431617071540251
-0.92431557394032027
-0.92431498845986126
-0.92431441374791068
-0.92431384930389582
-0.92431329465138301
-0.92431274933672802
-0.92431221292775101
-0.92431168501243621
-0.92431116519769496
-0.92431065310817229
-0.92431014838512326
-0.92430965068534288
-0.92430915968015848
-0.92430867505448133
-0.92430819650591112
-0.92430772374389436
-0.92430725648894096
-0.92430679447199104
-0.92430633743467427
-0.92430588512586564
-0.92430543730108206
-0.92430499372764641
-0.92430455417850688
-0.92430411843335802
-0.92430368627821957
-0.92430325750495945
-0.9243028319108626
-0.92430240929823348
-0.92430198947401587
-0.92430157224943876
-0.92430115743967256
-0.92430074486350899
-0.92430033434305103
-0.9242999257034159
-0.92429951877245409
-0.92429911338047532
-0.92429870935998726
-0.92429830654544021
-0.92429790477298357
-0.92429750388022203
-0.92429710370598761
-0.924296704090106
-1.0123705602705926
-1.0123703087142393
-1.0123699966161874
-1.0123695379553606
-1.0123689462856631
-1.0123682456214209
-1.0123674589424161
-1.012366606655047
-1.0123657068721734
-1.0123647752069107
-1.0123638245524635
-1.0123628652747008
-1.0123619055148174
-1.0123609515135492
-1.0123600079493731
-1.0123590782343486
-1.0123581647630386
-1.0123572691473819
-1.0123563923841121
-1.0123555350152424
-1.0123546972318302
-1.0123538789591593
-1.0123530799312808
-1.0123522997452545
-1.0123515379022714
-1.0123507938391565
-1.012350066952225
-1.0123493566152191
-1.0123486621926863
-1.0123479830498736
-1.0123473185597764
-1.0123466681080815
-1.0123460310966139
-1.0123454069464066
-1.0123447950994839
-1.0123441950179159
-1.0123436061841524
-1.0123430281019634
-1.0123424602959215
-1.0123419023106568
-1.0123413537101391
-1.0123408140769037
-1.0123402830112251
-1.0123397601302655
-1.0123392450672108
-1.0123387374704196
-1.0123382370025884
-1.0123377433399359
-1.0123372561714217
-1.0123367751979886
-1.0123363001318402
-1.0123358306957237
-1.0123353666221888
-1.0123349076529957
-1.0123344535441696
-1.0123340040451481
-1.0123335589272386
-1.012333117964038
-1.0123326809357771
-1.0123322476290173
-1.0123318178361456
-1.0123313913549583
-1.0123309679882753
-1.0123305475435789
-1.0123301298326692
-1.0123297146713388
-1.0123293018790613
-1.0123288912786925
-1.01232848269619
-1.0123280759603335
-1.0123276709024696
-1.0123272673562511
-1.0123268651573989
-1.0123264641434615
-1.0123260641535838
-1.0123256650282859
-1.0123252666092406
-1.0123248687390598
-1.1003970532477996
-1.1003968277743563
-1.1003965443422654
-1.1003961460925977
-1.100395627752039
-1.1003950123997053
-1.1003943174020272
-1.100393558823874
-1.1003927515972856
-1.1003919090618413
-1.1003910426424004
-1.1003901618802032
-1.1003892745570159
-1.1003883868872044
-1.1003875037398065
-1.1003866288548143
-1.1003857650336093
-1.1003849143136368
-1.1003840781328715
-1.1003832574546308
-1.1003824528633104
-1.1003816646495057
-1.1003808928796344
-1.100380137450238
-1.1003793981306822
-1.1003786745968331
-1.1003779664574174
-1.1003772732745281
-1.1003765945794743
-1.1003759298850562
-1.1003752786954688
-1.1003746405123058
-1.1003740148402668
-1.1003734011913666
-1.1003727990884684
-1.1003722080653382
-1.1003716276689839
-1.1003710574606318
-1.1003704970160859
-1.1003699459258571
-1.1003694037950791
-1.1003688702432828
-1.1003683449040449
-1.1003678274245565
-1.1003673174651292
-1.1003668146986687
-1.1003663188101223
-1.1003658294959164
-1.1003653464633982
-1.1003648694302728
-1.1003643981240483
-1.1003639322814549
-1.1003634716479826
-1.1003630159782689
-1.1003625650333326
-1.1003621185803349
-1.100361676396163
-1.1003612382630859
-1.1003608039693127
-1.1003603733087166
-1.1003599460804656
-1.1003595220886708
-1.1003591011420519
-1.1003586830536127
-1.1003582676403378
-1.1003578547228943
-1.1003574441253567
-1.1003570356749326
-1.1003566292017031
-1.1003562245383784
-1.1003558215200497
-1.1003554199839627
-1.1003550197692868
-1.1003546207168982
-1.1003542226691654
-1.1003538254697407
-1.1003534289633543
-1.1003530329956164
-1.1884236818343785
-1.1884234764453627
-1.1884232190901749
-1.1884228626553035
-1.1884224046995921
-1.1884218590012627
-1.1884212398279168
-1.1884205601818871
-1.1884198323095545
-1.1884190674912098
-1.1884182757310768
-1.1884174656382931
-1.1884166444585142
-1.1884158181731925
-1.1884149916340654
-1.1884141687103413
-1.1884133524324276
-1.1884125451209373
-1.1884117485252923
-1.1884109639226152
-1.1884101922065382
-1.1884094339640523
-1.1884086895389341
-1.1884079590835972
-1.1884072426012164
-1.1884065399797845
-1.1884058510194642
-1.1884051754543878
-1.1884045129700009
-1.188403863217411
-1.1884032258244595
-1.1884026004033215
-1.1884019865573987
-1.1884013838870684
-1.1884007919934145
-1.1884002104811202
-1.1883996389607026
-1.1883990770502644
-1.1883985243766813
-1.1883979805763967
-1.1883974452959249
-1.1883969181921255
-1.1883963989322983
-1.1883958871941485
-1.188395382665635
-1.1883948850447574
-1.1883943940392707
-1.1883939093663702
-1.1883934307523483
-1.1883929579322312
-1.1883924906493866
-1.1883920286550766
-1.1883915717084137
-1.1883911195752708
-1.1883906720272501
-1.1883902288442427
-1.1883897898116822
-1.1883893547206603
-1.1883889233676503
-1.1883884955541861
-1.1883880710865737
-1.1883876497755756
-1.1883872314361335
-1.1883868158870798
-1.1883864029508773
-1.1883859924533515
-1.1883855842234448
-1.1883851780929755
-1.1883847738964044
-1.1883843714706062
-1.1883839706546564
-1.1883835712896149
-1.188383173218321
-1.1883827762851928
-1.1883823803360312
-1.1883819852178252
-1.1883815907785649
-1.1883811968670559
-1.2764504268338253
-1.276450235136219
-1.2764499989007967
-1.2764496775732981
-1.276449267929276
-1.2764487789379242
-1.276448222984931
-1.2764476101320827
-1.2764469504168638
-1.2764462533705487
-1.276445527663518
-1.2764447809622386
-1.276444019895318
-1.2764432500886309
-1.2764424762362054
-1.2764417021947234
-1.2764409310852378
-1.2764401653948545
-1.2764394070741942
-1.2764386576242466
-1.2764379181720504
-1.2764371895370787
-1.2764364722879538
-1.2764357667902395
-1.2764350732463432
-1.2764343917285592
-1.2764337222062259
-1.2764330645676407
-1.276432418638503
-1.2764317841973272
-1.2764311609862113
-1.2764305487213661
-1.2764299470996414
-1.2764293558053337
-1.2764287745153009
-1.2764282029026284
-1.2764276406395361
-1.2764270873997776
-1.2764265428604715
-1.2764260067034698
-1.2764254786163729
-1.2764249582932536
-1.2764244454351645
-1.276423939750452
-1.2764234409549444
-1.2764229487719991
-1.2764224629324978
-1.2764219831747439
-1.2764215092443361
-1.2764210408939964
-1.2764205778833841
-1.2764201199790473
-1.2764196669537509
-1.2764192185831515
-1.2764187746537825
-1.2764183349555251
-1.2764178992836015
-1.2764174674382935
-1.276417039224627
-1.2764166144521132
-1.2764161929344837
-1.2764157744894489
-1.2764153589384493
-1.2764149461064205
-1.2764145358215582
-1.2764141279150976
-1.276413722221093
-1.2764133185762057
-1.2764129168194984
-1.276412516792234
-1.2764121183376802
-1.2764117213009201
-1.2764113255286653
-1.2764109308690721
-1.2764105371715642
-1.2764101442866582
-1.2764097520657898
-1.2764093603611431
-1.3644772714890419
-1.3644770896246767
-1.3644768706499524
-1.3644765784578448
-1.3644762087343725
-1.3644757656996669
-1.3644752631757697
-1.3644747071691343
-1.3644741061709453
-1.3644734682762081
-1.3644728009747593
-1.3644721110284936
-1.3644714044249875
-1.3644706863693956
-1.3644699613092863
-1.3644692329905557
-1.3644685045271956
-1.3644677784740009
-1.364467056897978
-1.3644663414482345
-1.3644656334186678
-1.3644649338041783
-1.3644642433500751
-1.3644635625947832
-1.3644628919065049
-1.3644622315143276
-1.3644615815341512
-1.3644609419903801
-1.3644603128339994
-1.3644596939580853
-1.3644590852103393
-1.3644584864023848
-1.3644578973181785
-1.3644573177213526
-1.3644567473606672
-1.3644561859744535
-1.3644556332941871
-1.3644550890474163
-1.3644545529601035
-1.3644540247584691
-1.3644535041704462
-1.3644529909268039
-1.3644524847620096
-1.3644519854148671
-1.3644514926289901
-1.3644510061531219
-1.3644505257413448
-1.3644500511532032
-1.3644495821537386
-1.3644491185134879
-1.3644486600091372
-1.3644482064249295
-1.3644477575388894
-1.3644473131475956
-1.3644468730472135
-1.3644464370385698
-1.3644460049271083
-1.364445576522588
-1.3644451516388585
-1.3644447300936542
-1.3644443117083913
-1.3644438963079681
-1.3644434837205646
-1.3644430737774473
-1.3644426663127724
-1.3644422611634031
-1.3644418581687168
-1.364441457170424
-1.3644410580123922
-1.3644406605404653
-1.3644402646022957
-1.3644398700471772
-1.3644394767258718
-1.3644390844904555
-1.364438693194151
-1.3644383026911746
-1.3644379128365773
-1.3644375234860924
-1.4525042024878509
-1.452504028043847
-1.4525038232558209
-1.4525035549889007
-1.4525032174346471
-1.4525028152625123
-1.4525023569333186
-1.4525018493114288
-1.4525012990326618
-1.4525007128587391
-1.4525000972178763
-1.4524994580411683
-1.4524988006911481
-1.4524981299213551
-1.4524974498820991
-1.4524967641453876
-1.4524960757472327
-1.4524953872379611
-1.4524947007334097
-1.4524940179684593
-1.4524933403476987
-1.4524926689919675
-1.4524920047802996
-1.4524913483871764
-1.4524907003153749
-1.45249006092443
-1.4524894304548395
-1.4524888090486789
-1.4524881967671786
-1.4524875936056492
-1.4524869995064644
-1.4524864143683804
-1.4524858380557479
-1.4524852704058231
-1.4524847112347095
-1.4524841603423082
-1.452483617516378
-1.4524830825358839
-1.4524825551737468
-1.452482035199079
-1.4524815223790004
-1.452481016480095
-1.4524805172695856
-1.4524800245162544
-1.4524795379911688
-1.4524790574682354
-1.4524785827246129
-1.4524781135410143
-1.4524776497018086
-1.4524771909952692
-1.4524767372209315
-1.4524762881627737
-1.4524758436274094
-1.4524754034194702
-1.4524749673472199
-1.4524745352228174
-1.4524741068621401
-1.4524736820846358
-1.4524732607131845
-1.4524728425739479
-1.4524724274962286
-1.4524720153123103
-1.4524716058573079
-1.4524711989690138
-1.4524707944877366
-1.4524703922561493
-1.4524699921191366
-1.4524695939236383
-1.4524691975185013
-1.4524688027543216
-1.4524684094833087
-1.4524680175591274
-1.4524676268367598
-1.4524672371723562
-1.4524668484230989
-1.4524664604470598
-1.4524660731030596
-1.4524656862505338
-1.5405312091058405
-1.5405310404751709
-1.5405308474772481
-1.5405305992260001
-1.5405302889387642
-1.5405299204400167
-1.5405295002618768
-1.5405290341986873
-1.5405285279292997
-1.5405279870965818
-1.5405274172107475
-1.5405268234573082
-1.5405262106048028
-1.540525582960462
-1.5405249443547375
-1.5405242981463174
-1.5405236472447676
-1.5405229941440926
-1.5405223409571143
-1.5405216894546934
-1.5405210411059087
-1.540520397115607
-1.540519758459149
-1.5405191259143405
-1.5405185000901425
-1.5405178814520091
-1.5405172703441263
-1.5405166670084969
-1.5405160716015454
-1.5405154842084998
-1.5405149048555371
-1.5405143335200417
-1.5405137701393601
-1.540513214618267
-1.5405126668352047
-1.5405121266475241
-1.5405115938958664
-1.5405110684078316
-1.540510550001025
-1.5405100384856136
-1.540509533666415
-1.5405090353446453
-1.5405085433193375
-1.5405080573885168
-1.5405075773501387
-1.5405071030028534
-1.5405066341465683
-1.5405061705829584
-1.5405057121158729
-1.5405052585544339
-1.5405048097039076
-1.5405043653763815
-1.5405039253872581
-1.5405034895542633
-1.5405030576980054
-1.5405026296420166
-1.5405022052127266
-1.5405017842394142
-1.5405013665541303
-1.5405009519916162
-1.5405005403892109
-1.5405001315867388
-1.5404997254264063
-1.540499321752683
-1.5404989204121853
-1.5404985212535534
-1.5404981241273308
-1.540497728885839
-1.54049733538305
-1.5404969434744689
-1.5404965530170003
-1.5404961638688306
-1.5404957758893008
-1.5404953889387816
-1.5404950028785527
-1.5404946175706822
-1.5404942328778981
-1.5404938486634721
-1.6285582825351428
-1.6285581185878493
-1.6285579354856359
-1.6285577041157098
-1.6285574169452903
-1.6285570769050337
-1.628556689458946
-1.628556259405368
-1.6285557914794244
-1.6285552905184679
-1.6285547612353946
-1.628554208150889
-1.6285536354923962
-1.6285530471404257
-1.6285524466002168
-1.6285518369971479
-1.6285512210859832
-1.6285506012677509
-1.6285499796128402
-1.6285493578896741
-1.6285487375947847
-1.6285481199822756
-1.6285475060921446
-1.6285468967768966
-1.6285462927262371
-1.6285456944894148
-1.6285451024949118
-1.6285445170678825
-1.6285439384455569
-1.628543366790701
-1.6285428022031749
-1.6285422447300313
-1.6285416943740805
-1.6285411511013126
-1.6285406148472159
-1.6285400855221617
-1.6285395630159678
-1.6285390472017691
-1.6285385379392923
-1.6285380350776197
-1.6285375384575143
-1.6285370479133723
-1.628536563274861
-1.6285360843682819
-1.6285356110177183
-1.6285351430459714
-1.6285346802751797
-1.6285342225277712
-1.6285337696274338
-1.6285333213973276
-1.6285328776627992
-1.6285324382507234
-1.6285320029899408
-1.6285315717112503
-1.6285311442474628
-1.6285307204334774
-1.6285303001063236
-1.6285298831051773
-1.628529469271351
-1.628529058448261
-1.6285286504813825
-1.6285282452181926
-1.6285278425081016
-1.6285274422023774
-1.6285270441540631
-1.6285266482178902
-1.628526254250183
-1.6285258621087679
-1.6285254716528732
-1.6285250827430291
-1.6285246952409664
-1.6285243090095145
-1.6285239239124965
-1.6285235398146285
-1.6285231565814098
-1.6285227740790229
-1.6285223921742271
-1.6285220107342553
-1.7165854154361457
-1.7165852553415351
-1.7165850806201974
-1.7165848635947099
-1.7165845961389887
-1.7165842804565812
-1.7165839212216574
-1.7165835224805621
-1.7165830881546764
-1.7165826223558887
-1.7165821291807419
-1.7165816125548916
-1.7165810762204097
-1.7165805236554357
-1.7165799580493624
-1.716579382290377
-1.7165787989606318
-1.7165782103441916
-1.7165776184417072
-1.7165770249900649
-1.716576431484238
-1.7165758391994004
-1.7165752492135748
-1.7165746624295399
-1.7165740795956352
-1.7165735013249919
-1.716572928112811
-1.7165723603519711
-1.7165717983470088
-1.7165712423265258
-1.7165706924540365
-1.716570148837552
-1.7165696115378735
-1.7165690805758309
-1.7165685559385344
-1.7165680375847641
-1.7165675254496053
-1.7165670194484239
-1.7165665194802713
-1.7165660254307982
-1.7165655371747364
-1.71656505457801
-1.7165645774995379
-1.7165641057927408
-1.7165636393068668
-1.7165631778883288
-1.7165627213806309
-1.7165622696262997
-1.7165618224669679
-1.7165613797439863
-1.7165609412987552
-1.7165605069731258
-1.7165600766098204
-1.7165596500525941
-1.7165592271463623
-1.7165588077373417
-1.7165583916731466
-1.7165579788028638
-1.7165575689770933
-1.7165571620479692
-1.7165567578691643
-1.7165563562958712
-1.7165559571847824
-1.7165555603940452
-1.7165551657832177
-1.7165547732132109
-1.7165543825462293
-1.7165539936457006
-1.7165536063762068
-1.7165532206034069
-1.716552836193959
-1.7165524530154399
-1.7165520709362596
-1.7165516898255797
-1.7165513095532281
-1.7165509299896056
-1.7165505510056085
-1.7165501724725307
-1.8046126016192723
-1.8046124447456413
-1.8046122771812856
-1.8046120724382728
-1.8046118219188763
-1.804611527248416
-1.8046111924921653
-1.8046108210754546
-1.8046104163105308
-1.8046099816694094
-1.8046095206662758
-1.8046090367692149
-1.8046085332929589
-1.8046080133296991
-1.8046074797691714
-1.8046069352692278
-1.8046063822313032
-1.8046058228085669
-1.8046052589132855
-1.8046046922295811
-1.8046041242290369
-1.8046035561855374
-1.804602989193296
-1.8046024241847611
-1.8046018619478525
-1.8046013031421815
-1.8046007483140529
-1.8046001979100705
-1.8045996522896504
-1.8045991117363007
-1.8045985764676038
-1.8045980466441613
-1.8045975223774866
-1.8045970037369525
-1.8045964907558596
-1.8045959834367267
-1.804595481755898
-1.8045949856675341
-1.8045944951070758
-1.8045940099942337
-1.8045935302355767
-1.8045930557267491
-1.8045925863543777
-1.8045921219976666
-1.8045916625297569
-1.8045912078210944
-1.8045907577331366
-1.8045903121296185
-1.8045898708701409
-1.804589433812855
-1.8045890008149104
-1.8045885717328998
-1.8045881464232534
-1.8045877247425162
-1.804587306547581
-1.8045868916958785
-1.804586480045536
-1.8045860714555049
-1.8045856657856498
-1.8045852628968218
-1.8045848626509009
-1.8045844649108265
-1.8045840695406075
-1.8045836764053187
-1.8045832853710866
-1.8045828963050663
-1.8045825090754062
-1.8045821235512094
-1.8045817396024852
-1.8045813571001019
-1.8045809759157245
-1.8045805959217573
-1.8045802169912848
-1.8045798389980015
-1.8045794618161439
-1.8045790853204264
-1.8045787093859647
-1.804578333888208
-1.8926398358116561
-1.8926396816658535
-1.8926395202608217
-1.8926393261118142
-1.8926390902438341
-1.8926388138206054
-1.892638500428657
-1.8926381529896086
-1.8926377743020739
-1.8926373673431796
-1.8926369351625669
-1.8926364806427605
-1.8926360069383974
-1.8926355166947686
-1.8926350125262976
-1.8926344968826643
-1.8926339719803096
-1.8926334398341125
-1.8926329022559738
-1.8926323608623403
-1.8926318170864063
-1.8926312721832499
-1.8926307272455987
-1.8926301832184482
-1.8926296409131387
-1.8926291010208338
-1.8926285641253198
-1.8926280307144223
-1.8926275011911464
-1.892626975883883
-1.892626455055312
-1.8926259389106959
-1.892625427605287
-1.8926249212508952
-1.8926244199216833
-1.8926239236592812
-1.8926234324772651
-1.8926229463651034
-1.8926224652916099
-1.8926219892079588
-1.8926215180503103
-1.8926210517421023
-1.8926205901960647
-1.8926201333158834
-1.8926196809977638
-1.8926192331317429
-1.8926187896020623
-1.8926183502896101
-1.8926179150716411
-1.8926174838227106
-1.8926170564153042
-1.8926166327203624
-1.8926162126077291
-1.8926157959465091
-1.8926153826053724
-1.8926149724528061
-1.892614565357325
-1.8926141611876481
-1.8926137598128374
-1.8926133611024085
-1.8926129649264258
-1.8926125711555599
-1.8926121796611381
-1.8926117903151769
-1.892611402990396
-1.8926110175602264
-1.8926106338988018
-1.8926102518809438
-1.8926098713821444
-1.8926094922785324
-1.8926091144468404
-1.8926087377643674
-1.8926083621089336
-1.8926079873588328
-1.8926076133927845
-1.892607240089881
-1.8926068673295351
-1.8926064949914185
-1.9806671134817162
-1.9806669616706241
-1.9806668056046373
-1.9806666206556154
-1.9806663975451937
-1.9806661370654401
-1.9806658424204899
-1.98066551612252
-1.9806651605441259
-1.9806647782367444
-1.9806643718366026
-1.9806639439589149
-1.9806634971972132
-1.9806630340620592
-1.9806625568349223
-1.980662067834315
-1.9806615690525458
-1.9806610623680252
-1.9806605494863576
-1.9806600319457974
-1.9806595111339445
-1.9806589882729464
-1.9806584644395377
-1.980657940577258
-1.9806574175074538
-1.9806568959401671
-1.9806563764851737
-1.9806558596604429
-1.9806553459024014
-1.9806548355753488
-1.9806543289787788
-1.9806538263551894
-1.9806533278969813
-1.9806528337525733
-1.9806523440318582
-1.9806518588110673
-1.9806513781370449
-1.9806509020310892
-1.9806504304923569
-1.9806499635008363
-1.9806495010199789
-1.9806490429990034
-1.980648589375186
-1.9806481400747047
-1.9806476950155241
-1.9806472541077995
-1.9806468172552183
-1.9806463843562825
-1.9806459553050189
-1.9806455299917491
-1.9806451083037631
-1.9806446901259003
-1.9806442753410489
-1.9806438638305719
-1.9806434554746593
-1.9806430501526411
-1.9806426477432442
-1.9806422481248116
-1.9806418511754871
-1.9806414567733683
-1.9806410647966306
-1.980640675123629
-1.9806402876329781
-1.9806399022036205
-1.9806395187148611
-1.9806391370464114
-1.9806387570784045
-1.980638378691405
-1.9806380017664114
-1.9806376261848506
-1.9806372518285627
-1.9806368785797801
-1.9806365063211082
-1.9806361349354895
-1.9806357643061778
-1.9806353943166994
-1.9806350248508147
-1.9806346557924812
-2.068694430704745
-2.0686942809099631
-2.0686941295025316
-2.0686939525938124
-2.0686937406592532
-2.0686934941890112
-2.068693216078421
-2.0686929085048504
-2.0686925734882058
-2.0686922132243679
-2.0686918300052874
-2.0686914261390288
-2.0686910039208226
-2.0686905656046006
-2.0686901129795183
-2.0686896486300603
-2.0686891740929516
-2.0686886911644176
-2.0686882014380896
-2.068687706361501
-2.0686872072869908
-2.0686867053871696
-2.0686862017101806
-2.068685697187171
-2.0686851926386578
-2.0686846887828971
-2.0686841862466556
-2.0686836855681507
-2.0686831872079807
-2.0686826915587058
-2.0686821989489923
-2.068681709651659
-2.0686812238901062
-2.0686807418438939
-2.0686802636537593
-2.0686797894262345
-2.0686793192375772
-2.0686788531375058
-2.0686783911525204
-2.0686779332887739
-2.0686774795347334
-2.0686770298633328
-2.0686765842342232
-2.0686761425952698
-2.0686757048844258
-2.0686752710309415
-2.0686748409565938
-2.0686744145768357
-2.0686739918016883
-2.0686735725365599
-2.0686731566829564
-2.0686727441391133
-2.0686723348005378
-2.0686719285604847
-2.0686715253103611
-2.0686711249400753
-2.0686707273383425
-2.0686703323929478
-2.0686699399909609
-2.0686695500189329
-2.0686691623630487
-2.0686687769092673
-2.0686683935434309
-2.0686680121513503
-2.0686676326188929
-2.0686672548320244
-2.0686668786768672
-2.0686665040397267
-2.0686661308071166
-2.0686657588657735
-2.0686653881026635
-2.0686650184049777
-2.0686646496601342
-2.0686642817557583
-2.0686639145796697
-2.068663548019869
-2.0686631819645052
-2.0686628163018619
-2.1567217840580821
-2.1567216360184078
-2.1567214887004997
-2.1567213188600918
-2.1567211167708233
-2.1567208826755087
-2.1567206192179302
-2.1567203282999401
-2.156720011648134
-2.1567196711597374
-2.1567193088334973
-2.1567189266977951
-2.1567185267749234
-2.1567181110415867
-2.1567176813580495
-2.1567172396728607
-2.1567167875775417
-2.1567163268156322
-2.1567158587997719
-2.156715384823388
-2.1567149063141189
-2.1567144243254024
-2.1567139398704076
-2.1567134538627508
-2.1567129671137208
-2.1567124803398214
-2.156711994180724
-2.1567115091846967
-2.156711025827255
-2.1567105445243913
-2.1567100656263025
-2.1567095894296471
-2.1567091161832237
-2.1567086460926976
-2.1567081793249914
-2.1567077160130457
-2.1567072562587581
-2.1567068001369227
-2.1567063476985155
-2.1567058989732355
-2.1567054539721782
-2.1567050126900398
-2.1567045751071574
-2.1567041411912391
-2.1567037108990004
-2.1567032841775462
-2.1567028609656127
-2.1567024411946831
-2.1567020247899622
-2.1567016116712185
-2.156701201753545
-2.1567007949480241
-2.1567003911623077
-2.1566999903011315
-2.1566995922667638
-2.1566991969593872
-2.1566988042774464
-2.1566984141179391
-2.156698026376676
-2.1566976409484964
-2.1566972577274623
-2.1566968766070223
-2.156696497480151
-2.1566961202394621
-2.1566957447773158
-2.1566953709858927
-2.1566949987572679
-2.1566946279834656
-2.156694258556497
-2.1566938903684059
-2.1566935233112803
-2.1566931572772798
-2.1566927921586432
-2.1566924278476929
-2.1566920642368395
-2.1566917012185738
-2.1566913386854614
-2.1566909765301316
-2.2447491705380478
-2.2447490240368286
-2.2447488803291407
-2.2447487167365194
-2.2447485233656805
-2.2447483002551079
-2.2447480498420815
-2.2447477738003565
-2.2447474736113748
-2.2447471509202135
-2.2447468074749768
-2.2447464450613621
-2.244746065469819
-2.2447456704662185
-2.2447452617671528
-2.2447448410526127
-2.2447444098832534
-2.2447439697856315
-2.2447435221779259
-2.244743067858078
-2.2447426088577109
-2.2447421457706103
-2.2447416796228996
-2.2447412113171326
-2.2447407416489669
-2.2447402713121516
-2.2447398009801129
-2.2447393311891402
-2.2447388624147
-2.2447383951062125
-2.2447379296211669
-2.2447374662744473
-2.2447370053357019
-2.2447365470322809
-2.2447360915525323
-2.2447356390529003
-2.2447351896569256
-2.2447347434613887
-2.2447343005388207
-2.2447338609400065
-2.2447334246964443
-2.2447329918225338
-2.2447325623175547
-2.2447321361673986
-2.2447317133461682
-2.244731293817575
-2.2447308775361834
-2.244730464448546
-2.2447300544941799
-2.2447296476064644
-2.2447292437134085
-2.2447288427383509
-2.2447284446005802
-2.2447280492158601
-2.2447276564969258
-2.244727266353896
-2.244726878694645
-2.2447264934251279
-2.244726110449669
-2.2447257296712073
-2.2447253509915179
-2.2447249743113979
-2.2447245995308349
-2.2447242265491449
-2.2447238552650988
-2.2447234855770208
-2.2447231173828883
-2.2447227505803933
-2.2447223850670173
-2.2447220207400784
-2.2447216574967732
-2.2447212952342142
-2.2447209338494609
-2.2447205732395279
-2.2447202133014197
-2.2447198539321258
-2.2447194950286358
-2.2447191364879435
-2.3327765874934459
-2.3327764423492336
-2.33277630184533
-2.3327761438031831
-2.3327759581904406
-2.3327757448754216
-2.3327755061246491
-2.3327752434219478
-2.332774958042886
-2.3327746514188483
-2.3327743250833852
-2.332773980612453
-2.3327736195961517
-2.3327732436151849
-2.3327728542202957
-2.3327724529213838
-2.3327720411583179
-2.3327716203050102
-2.3327711916398277
-2.3327707562835966
-2.3327703155246451
-2.3327698703092254
-2.332769421571057
-2.3327689701707182
-2.3327685168865857
-2.3327680623073759
-2.3327676072642394
-2.3327671522018649
-2.332766697557207
-2.3327662438835874
-2.3327657914957594
-2.3327653407278275
-2.3327648918677291
-2.3327644451604721
-2.3327640008133272
-2.3327635590002469
-2.3327631198643539
-2.3327626835214934
-2.3327622500630234
-2.3327618195583177
-2.3327613920570798
-2.3327609675914358
-2.3327605461778438
-2.3327601278187973
-2.3327597125043771
-2.3327593002136351
-2.3327588909158465
-2.3327584845716274
-2.3327580811339326
-2.3327576805489598
-2.3327572827569378
-2.3327568876928488
-2.3327564952870605
-2.332756105465895
-2.3327557181521295
-2.3327553332654407
-2.3327549507228076
-2.3327545704388566
-2.3327541923261741
-2.3327538162955825
-2.3327534422563709
-2.3327530701165267
-2.3327526997829047
-2.3327523311614011
-2.3327519641570906
-2.332751598674355
-2.3327512346169912
-2.3327508718883023
-2.332750510391183
-2.3327501500281826
-2.332749790701572
-2.332749432313391
-2.33274907476549
-2.3327487179595709
-2.3327483617972127
-2.3327480061798971
-2.3327476510090359
-2.332747296185981
-2.4208040325717759
-2.4208038886313989
-2.4208037509843652
-2.4208035978965032
-2.4208034192186281
-2.4208032146763427
-2.4208029863940514
-2.4208027356965336
-2.4208024636856589
-2.4208021716110588
-2.4208018608221775
-2.420801532713329
-2.420801188699528
-2.4208008301965998
-2.4208004586026868
-2.42080007528372
-2.4207996815556725
-2.4207992786765598
-2.4207988678333514
-2.420798450137934
-2.4207980266725797
-2.4207975983996186
-2.4207971662098742
-2.4207967309230809
-2.420796293284865
-2.4207958539573786
-2.4207954135967271
-2.4207949727336739
-2.4207945318478896
-2.4207940914009409
-2.4207936517688577
-2.4207932132901235
-2.420792776261893
-2.4207923409419587
-2.4207919075520592
-2.4207914762811868
-2.420791047288442
-2.4207906207059047
-2.4207901966412524
-2.4207897751801322
-2.4207893563883456
-2.420788940313841
-2.4207885269885359
-2.4207881164299754
-2.4207877086428198
-2.4207873036202163
-2.4207869013450232
-2.420786501790912
-2.4207861049233803
-2.4207857107006356
-2.4207853190744144
-2.4207849299906994
-2.4207845433903756
-2.4207841592098114
-2.420783777381375
-2.4207833978339104
-2.4207830204931451
-2.4207826452820638
-2.4207822721212429
-2.4207819009291369
-2.4207815316223478
-2.4207811641158559
-2.4207807983232219
-2.4207804341567778
-2.4207800715277776
-2.4207797103465505
-2.4207793505226172
-2.4207789919648133
-2.4207786345813722
-2.4207782782800193
-2.4207779229680462
-2.4207775685523751
-2.4207772149396165
-2.4207768620361207
-2.4207765097480167
-2.4207761579812628
-2.4207758066416689
-2.4207754556349332
-2.5088315036753053
-2.5088313608084958
-2.5088312257204337
-2.508831077074257
-2.5088309046217074
-2.5088307079679431
-2.5088304891183979
-2.5088302492639389
-2.5088299893592012
-2.5088297104986506
-2.5088294138733032
-2.5088291007198005
-2.5088287722997133
-2.5088284298825596
-2.508828074729295
-2.5088277080779657
-2.5088273311301168
-2.5088269450413327
-2.5088265509126448
-2.508826149787037
-2.508825742656263
-2.5088253304358612
-2.5088249139746686
-2.508824494056423
-2.508824071400388
-2.5088236466635667
-2.5088232204536514
-2.5088227933099971
-2.5088223657183399
-2.5088219381205272
-2.5088215109051974
-2.5088210844173875
-2.5088206589619477
-2.5088202348063442
-2.5088198121835017
-2.5088193912946437
-2.5088189723119534
-2.5088185553811337
-2.5088181406237986
-2.508817728139682
-2.5088173180086843
-2.5088169102927509
-2.5088165050376094
-2.5088161022743369
-2.508815702020819
-2.5088153042830621
-2.5088149090563943
-2.5088145163265465
-2.5088141260706478
-2.5088137382581128
-2.5088133528514507
-2.5088129698069954
-2.5088125890755619
-2.5088122106030402
-2.5088118343309289
-2.5088114601968128
-2.5088110881347983
-2.5088107180758961
-2.5088103499483734
-2.5088099836780593
-2.5088096191886304
-2.5088092564018543
-2.5088088952378169
-2.5088085356151155
-2.5088081774510473
-2.5088078206617581
-2.5088074651623873
-2.5088071108671968
-2.5088067576896775
-2.5088064055426544
-2.5088060543383737
-2.5088057039885809
-2.508805354404597
-2.5088050054973734
-2.5088046571775573
-2.5088043093555403
-2.5088039619415032
-2.508803614845462
-2.5968589989248825
-2.5968588570200373
-2.5968587242338383
-2.5968585795861658
-2.5968584127443202
-2.5968582232111173
-2.596858012891794
-2.5968577828638977
-2.5968575339567126
-2.5968572671317363
-2.5968569834432538
-2.5968566839907359
-2.5968563699011105
-2.5968560423142444
-2.5968557023683405
-2.5968553511867878
-2.5968549898665589
-2.5968546194690254
-2.5968542410125055
-2.5968538554675322
-2.5968534637553589
-2.5968530667384857
-2.5968526652217072
-2.5968522599524198
-2.5968518516213139
-2.5968514408640777
-2.5968510282652466
-2.5968506143547008
-2.5968501996127702
-2.5968497844746414
-2.5968493693299779
-2.5968489545270454
-2.5968485403757668
-2.5968481271504507
-2.5968477150923843
-2.5968473044123601
-2.5968468952930905
-2.5968464878915118
-2.5968460823409609
-2.5968456787532124
-2.5968452772203809
-2.5968448778166797
-2.5968444806000495
-2.5968440856136645
-2.5968436928873091
-2.5968433024386481
-2.5968429142743856
-2.5968425283913223
-2.5968421447773244
-2.596841763412201
-2.5968413842685063
-2.5968410073122614
-2.5968406325036177
-2.5968402597974527
-2.5968398891439084
-2.5968395204888814
-2.5968391537744671
-2.5968387889393543
-2.5968384259191888
-2.5968380646468927
-2.5968377050529656
-2.5968373470657418
-2.5968369906116253
-2.5968366356153121
-2.5968362819999729
-2.5968359296874302
-2.5968355785983155
-2.5968352286522056
-2.5968348797677479
-2.5968345318627759
-2.5968341848544108
-2.5968338386591543
-2.5968334931929653
-2.5968331483713478
-2.5968328041094098
-2.5968324603219304
-2.5968321169234176
-2.5968317738281654
-2.6848865166300211
-2.6848863755909105
-2.6848862448834816
-2.684886103849319
-2.6848859420832971
-2.6848857590007009
-2.6848855564219174
-2.6848853353281412
-2.6848850964414801
-2.6848848406090804
-2.6848845687668534
-2.6848842818946803
-2.6848839810011764
-2.6848836671113401
-2.684883341253677
-2.6848830044484324
-2.6848826576972646
-2.6848823019746781
-2.684881938221038
-2.6848815673373467
-2.6848811901815206
-2.6848808075634252
-2.6848804202434553
-2.6848800289319423
-2.6848796342892673
-2.6848792369266854
-2.6848788374079224
-2.6848784362490048
-2.6848780339207785
-2.6848776308514894
-2.6848772274281236
-2.6848768239990735
-2.6848764208766167
-2.6848760183393061
-2.6848756166342724
-2.6848752159794693
-2.6848748165658374
-2.684874418559366
-2.6848740221030791
-2.6848736273188982
-2.684873234309384
-2.6848728431593845
-2.6848724539375564
-2.684872066697777
-2.6848716814804652
-2.6848712983137819
-2.6848709172147434
-2.6848705381902533
-2.6848701612380323
-2.6848697863474835
-2.6848694135004734
-2.6848690426720525
-2.6848686738311094
-2.6848683069409653
-2.6848679419599151
-2.6848675788417267
-2.6848672175360804
-2.6848668579889825
-2.6848665001431318
-2.6848661439382524
-2.6848657893114005
-2.6848654361972355
-2.6848650845282744
-2.6848647342351044
-2.6848643852466085
-2.6848640374901267
-2.6848636908916417
-2.6848633453759181
-2.6848630008666472
-2.684862657286569
-2.6848623145575865
-2.6848619726008698
-2.6848616313369487
-2.684861290685804
-2.6848609505669399
-2.684860610899467
-2.684860271602167
-2.6848599325935569
-2.7729140552639406
-2.7729139150071531
-2.7729137861839881
-2.7729136484273615
-2.7729134912696032
-2.7729133140506987
-2.7729131185188134
-2.7729129055728414
-2.7729126758428739
-2.7729124300773589
-2.7729121691094316
-2.7729118938144626
-2.772911605096954
-2.7729113038800532
-2.7729109910942564
-2.7729106676669191
-2.7729103345129777
-2.7729099925270559
-2.7729096425768534
-2.7729092854978679
-2.7729089220891994
-2.7729085531097977
-2.7729081792763179
-2.7729078012619457
-2.7729074196959642
-2.7729070351639433
-2.7729066482084237
-2.7729062593294187
-2.7729058689859043
-2.7729054775975204
-2.7729050855461264
-2.7729046931777606
-2.7729043008046714
-2.772903908707355
-2.7729035171365539
-2.7729031263152248
-2.7729027364404635
-2.7729023476853509
-2.7729019602007297
-2.7729015741169118
-2.7729011895452724
-2.7729008065797651
-2.7729004252983431
-2.7729000457642834
-2.7728996680274176
-2.7728992921252904
-2.7728989180842092
-2.7728985459202327
-2.7728981756400808
-2.7728978072419563
-2.7728974407163234
-2.7728970760466041
-2.7728967132098266
-2.7728963521772108
-2.7728959929147141
-2.7728956353835206
-2.7728952795404931
-2.7728949253385786
-2.772894572727199
-2.7728942216525705
-2.7728938720580327
-2.7728935238843246
-2.7728931770698404
-2.7728928315508665
-2.7728924872618026
-2.7728921441353434
-2.7728918021026656
-2.7728914610935873
-2.7728911210367175
-2.7728907818595894
-2.7728904434887816
-2.7728901058500393
-2.7728897688683767
-2.7728894324681654
-2.7728890965732389
-2.7728887611069655
-2.7728884259923374
-2.7728880911520268
-2.8609416134425691
-2.8609414738954468
-2.8609413467862321
-2.8609412120126692
-2.8609410590527578
-2.8609408871813464
-2.8609406980848391
-2.8609404925915176
-2.860940271252161
-2.8609400347297238
-2.8609397837678436
-2.8609395191503517
-2.8609392416899682
-2.8609389522194428
-2.8609386515816579
-2.8609383406202884
-2.8609380201714738
-2.8609376910565549
-2.8609373540759013
-2.8609370100037754
-2.8609366595841452
-2.8609363035272644
-2.8609359425072878
-2.8609355771607303
-2.8609352080856336
-2.8609348358412987
-2.860934460948469
-2.8609340838897768
-2.8609337051106625
-2.8609333250205884
-2.8609329439943534
-2.8609325623736335
-2.8609321804686387
-2.8609317985598075
-2.8609314168995308
-2.8609310357138602
-2.8609306552041982
-2.8609302755489305
-2.8609298969050401
-2.8609295194096203
-2.8609291431813477
-2.8609287683218629
-2.8609283949170914
-2.8609280230384648
-2.8609276527440906
-2.8609272840798248
-2.8609269170802847
-2.8609265517697802
-2.8609261881631878
-2.8609258262667496
-2.8609254660788195
-2.8609251075905431
-2.8609247507864977
-2.8609243956452608
-2.8609240421399553
-2.8609236902387325
-2.860923339905221
-2.8609229910989424
-2.8609226437756874
-2.8609222978878615
-2.8609219533848007
-2.8609216102130586
-2.860921268316678
-2.8609209276374283
-2.8609205881150279
-2.8609202496873474
-2.8609199122905995
-2.8609195758595063
-2.8609192403274561
-2.8609189056266486
-2.8609185716882317
-2.8609182384424154
-2.8609179058185954
-2.8609175737454553
-2.8609172421510665
-2.8609169109629753
-2.8609165801083063
-2.8609162495138265
-2.9489691899067858
-2.9489690510057494
-2.9489689254607532
-2.9489687934110993
-2.9489686442873677
-2.9489684773077758
-2.9489682941056539
-2.9489680954484503
-2.948967881818314
-2.9489676538038925
-2.9489674120706728
-2.9489671573221004
-2.9489668902898423
-2.9489666117263149
-2.9489663223960201
-2.9489660230672419
-2.948965714504562
-2.948965397462235
-2.9489650726784524
-2.9489647408704585
-2.9489644027305122
-2.9489640589225945
-2.9489637100799384
-2.9489633568032687
-2.9489629996596833
-2.9489626391820694
-2.948962275868944
-2.9489619101846571
-2.94896154255995
-2.9489611733927905
-2.9489608030494012
-2.9489604318654643
-2.948960060147455
-2.948959688174051
-2.9489593161975907
-2.9489589444455375
-2.9489585731219576
-2.948958202408964
-2.948957832468138
-2.9489574634418991
-2.9489570954548388
-2.948956728614974
-2.9489563630149629
-2.9489559987332443
-2.9489556358351092
-2.9489552743737231
-2.9489549143910727
-2.9489545559188501
-2.9489541989792838
-2.9489538435859117
-2.9489534897442868
-2.9489531374526528
-2.9489527867025478
-2.9489524374793774
-2.9489520897629355
-2.9489517435278891
-2.9489513987442257
-2.9489510553776546
-2.9489507133899955
-2.948950372739521
-2.9489500333812755
-2.9489496952673635
-2.9489493583472322
-2.9489490225679034
-2.9489486878742208
-2.9489483542090413
-2.9489480215134409
-2.9489476897268854
-2.9489473587874011
-2.9489470286317219
-2.9489466991954343
-2.9489463704131058
-2.9489460422184082
-2.9489457145442324
-2.9489453873227931
-2.948945060485733
-2.948944733964221
-2.9489444076890372
-3.0369967835073126
-3.0369966451964854
-3.0369965210835588
-3.0369963915289016
-3.036996245921483
-3.0369960834300587
-3.0369959056421605
-3.0369957132726015
-3.0369955067439256
-3.0369952865799981
-3.0369950533778431
-3.0369948077701654
-3.0369945504169071
-3.0369942819989908
-3.0369940032107365
-3.0369937147524841
-3.036993417323866
-3.0369931116177975
-3.0369927983151683
-3.0369924780802768
-3.0369921515569658
-3.0369918193654497
-3.0369914820998201
-3.0369911403261631
-3.0369907945812558
-3.03699044537175
-3.0369900931737552
-3.0369897384328057
-3.0369893815641289
-3.0369890229531928
-3.0369886629564515
-3.0369883019022748
-3.0369879400920068
-3.0369875778011224
-3.0369872152804396
-3.0369868527573747
-3.0369864904372119
-3.036986128504374
-3.0369857671236726
-3.0369854064415347
-3.036985046587195
-3.0369846876738467
-3.0369843297997394
-3.0369839730492365
-3.0369836174938061
-3.0369832631929685
-3.0369829101951917
-3.0369825585387198
-3.0369822082523656
-3.0369818593562403
-3.0369815118624404
-3.0369811657756851
-3.0369808210939109
-3.0369804778088216
-3.0369801359064015
-3.0369797953673872
-3.0369794561677073
-3.036979118278889
-3.0369787816684295
-3.0369784463001488
-3.0369781121345016
-3.0369777791288777
-3.0369774472378768
-3.0369771164135515
-3.0369767866056501
-3.0369764577618259
-3.0369761298278388
-3.0369758027477358
-3.0369754764640264
-3.0369751509178382
-3.0369748260490641
-3.0369745017965073
-3.0369741780979984
-3.0369738548905296
-3.0369735321103595
-3.0369732096931275
-3.0369728875739539
-3.0369725656875448
-3.1250243931918029
-3.1250242554218395
-3.1250241326238699
-3.1250240053613578
-3.1250238629864353
-3.1250237046244571
-3.1250235318232904
-3.12502334525204
-3.1250231452813035
-3.1250229323782692
-3.1250227070798395
-3.1250224699562965
-3.1250222216039925
-3.1250219626401341
-3.125021693696135
-3.1250214154110632
-3.12502112842561
-3.1250208333766425
-3.1250205308923307
-3.1250202215878944
-3.125019906061949
-3.1250195848934617
-3.1250192586392669
-3.1250189278321541
-3.1250185929794276
-3.1250182545619212
-3.1250179130334113
-3.125017568820355
-3.1250172223219459
-3.1250168739104147
-3.1250165239315391
-3.1250161727053287
-3.125015820526857
-3.1250154676671849
-3.1250151143743685
-3.1250147608745116
-3.1250144073728583
-3.1250140540548865
-3.1250137010874175
-3.1250133486196945
-3.1250129967844562
-3.1250126456989613
-3.1250122954660089
-3.125011946174884
-3.125011597902287
-3.1250112507132055
-3.1250109046617465
-3.1250105597919267
-3.1250102161384041
-3.1250098737271812
-3.1250095325762524
-3.1250091926962242
-3.1250088540908751
-3.1250085167576978
-3.1250081806883898
-3.1250078458693182
-3.1250075122819516
-3.1250071799032502
-3.1250068487060458
-3.1250065186593861
-3.1250061897288397
-3.1250058618768088
-3.1250055350627908
-3.1250052092436333
-3.1250048843737828
-3.1250045604054821
-3.1250042372889935
-3.1250039149727717
-3.1250035934036493
-3.1250032725270027
-3.1250029522868923
-3.1250026326262241
-3.1250023134868705
-3.1250019948098062
-3.1250016765352258
-3.1250013586026597
-3.1250010409510853
-3.125000723519034
-3.213052017993788
-3.2130518807208865
-3.213051759133803
-3.2130516339830155
-3.2130514945879831
-3.2130513400357184
-3.2130511718395827
-3.2130509906288713
-3.2130507967287509
-3.2130505905566911
-3.2130503725966357
-3.2130501433636662
-3.2130499033976436
-3.2130496532588873
-3.2130493935223625
-3.2130491247718522
-3.2130488475945485
-3.2130485625761298
-3.2130482702963019
-3.2130479713248596
-3.213047666218253
-3.213047355516681
-3.213047039741681
-3.213046719394185
-3.2130463949530226
-3.2130460668738321
-3.2130457355883189
-3.2130454015038401
-3.2130450650032678
-3.2130447264450952
-3.2130443861637485
-3.2130440444700725
-3.2130437016519431
-3.2130433579750179
-3.2130430136835391
-3.2130426690012182
-3.2130423241321644
-3.2130419792618166
-3.2130416345579196
-3.2130412901714727
-3.2130409462376761
-3.2130406028768679
-3.2130402601954233
-3.2130399182866354
-3.2130395772315574
-3.2130392370998155
-3.2130388979503741
-3.2130385598322753
-3.2130382227853262
-3.2130378868407692
-3.2130375520218877
-3.2130372183445948
-3.2130368858179863
-3.2130365544448405
-3.2130362242221078
-3.2130358951413571
-3.2130355671891917
-3.2130352403476392
-3.2130349145945227
-3.2130345899037924
-3.2130342662458427
-3.2130339435878041
-3.2130336218938247
-3.2130333011253116
-3.2130329812411818
-3.2130326621980738
-3.2130323439505544
-3.2130320264513159
-3.2130317096513505
-3.2130313935001205
-3.2130310779457187
-3.2130307629350141
-3.2130304484137957
-3.2130301343268939
-3.2130298206183299
-3.213029507231413
-3.2130291941088678
-3.213028881192951
-3.3010796570232017
-3.3010795202084502
-3.3010793997396171
-3.3010792765394195
-3.3010791398986767
-3.3010789888703003
-3.3010788249374374
-3.30107864869459
-3.3010784604270995
-3.3010782605086701
-3.3010780493764798
-3.301077827496675
-3.3010775953588256
-3.3010773534723907
-3.3010771023616146
-3.3010768425603478
-3.3010765746072082
-3.3010762990411333
-3.3010760163972996
-3.301075727203505
-3.3010754319769511
-3.3010751312214976
-3.3010748254253293
-3.3010745150590299
-3.3010742005740723
-3.3010738824016452
-3.3010735609518176
-3.3010732366129973
-3.3010729097516411
-3.3010725807122108
-3.3010722498173095
-3.3010719173679974
-3.3010715836442386
-3.3010712489054739
-3.3010709133912584
-3.301070577322001
-3.3010702408997266
-3.30106990430889
-3.3010695677171986
-3.3010692312764598
-3.3010688951234175
-3.3010685593805738
-3.3010682241570164
-3.3010678895491954
-3.3010675556417124
-3.3010672225080584
-3.3010668902113216
-3.3010665588048735
-3.3010662283330183
-3.3010658988316113
-3.3010655703286469
-3.3010652428448006
-3.3010649163939627
-3.3010645909837222
-3.3010642666158327
-3.3010639432866453
-3.3010636209875086
-3.3010632997051528
-3.3010629794220492
-3.3010626601167403
-3.3010623417641436
-3.3010620243358555
-3.3010617078004083
-3.3010613921235383
-3.301061077268411
-3.3010607631958502
-3.3010604498645404
-3.3010601372312252
-3.3010598252508894
-3.3010595138769272
-3.3010592030613091
-3.3010588927547291
-3.3010585829067551
-3.3010582734659586
-3.3010579643800519
-3.3010576555960132
-3.3010573470602051
-3.3010570387184992
-3.3891073094581619
-3.3891071730669666
-3.3891070536333032
-3.3891069322397951
-3.3891067981512526
-3.3891066503903815
-3.3891064904139383
-3.3891063187858697
-3.3891061357564478
-3.3891059416607492
-3.3891057368945399
-3.3891055218804862
-3.3891052970632987
-3.3891050629068786
-3.3891048198898397
-3.3891045685008949
-3.3891043092345368
-3.389104042587006
-3.3891037690525905
-3.3891034891202834
-3.3891032032708113
-3.3891029119740264
-3.3891026156866766
-3.3891023148505437
-3.3891020098909186
-3.3891017012153903
-3.3891013892129491
-3.3891010742533436
-3.3891007566866853
-3.3891004368432669
-3.3891001150335724
-3.3890997915484369
-3.3890994666593599
-3.3890991406189102
-3.389098813661251
-3.3890984860027151
-3.3890981578424477
-3.3890978293630822
-3.3890975007314648
-3.3890971720993708
-3.3890968436042579
-3.3890965153699839
-3.3890961875075503
-3.3890958601158054
-3.3890955332821524
-3.3890952070832312
-3.389094881585573
-3.3890945568462292
-3.3890942329133855
-3.3890939098269244
-3.3890935876189912
-3.3890932663145068
-3.3890929459316674
-3.3890926264824106
-3.389092307972859
-3.3890919904037338
-3.3890916737707539
-3.3890913580649942
-3.3890910432732433
-3.3890907293783181
-3.3890904163593776
-3.3890901041921992
-3.3890897928494614
-3.3890894823009781
-3.3890891725139505
-3.3890888634531735
-3.3890885550812566
-3.389088247358814
-3.3890879402446479
-3.3890876336959255
-3.3890873276683386
-3.3890870221162657
-3.3890867169929111
-3.3890864122504554
-3.3890861078401833
-3.3890858037126166
-3.3890854998176327
-3.3890851961045971
-3.4771349745375417
-3.4771348385389902
-3.4771347200661382
-3.4771346003500438
-3.4771344686321948
-3.4771343239084169
-3.4771341676122525
-3.4771340002807412
-3.4771338221331756
-3.4771336334704435
-3.4771334346515461
-3.4771332260604284
-3.4771330081017084
-3.4771327811984087
-3.477132545788038
-3.477132302318465
-3.4771320512440611
-3.4771317930220627
-3.4771315281092057
-3.477131256958657
-3.4771309800172641
-3.4771306977231045
-3.4771304105033694
-3.4771301187725689
-3.4771298229310239
-3.4771295233636437
-3.4771292204389836
-3.4771289145085436
-3.4771286059062789
-3.4771282949483244
-3.4771279819328802
-3.4771276671402629
-3.4771273508330869
-3.47712703325656
-3.4771267146388611
-3.4771263951916138
-3.4771260751103887
-3.4771257545754302
-3.4771254337518469
-3.477125112790667
-3.4771247918293438
-3.4771244709923592
-3.477124150391925
-3.4771238301285821
-3.4771235102918601
-3.4771231909608935
-3.4771228722050225
-3.4771225540843784
-3.4771222366504415
-3.4771219199465793
-3.4771216040085626
-3.4771212888650633
-3.4771209745381118
-3.4771206610435517
-3.477120348391459
-3.4771200365865376
-3.4771197256285005
-3.477119415512425
-3.4771191062290865
-3.4771187977652773
-3.4771184901041035
-3.4771181832252664
-3.4771178771053255
-3.4771175717179457
-3.4771172670341346
-3.4771169630224561
-3.4771166596492478
-3.4771163568788057
-3.4771160546735795
-3.4771157529943415
-3.4771154518003526
-3.4771151510495213
-3.4771148506985554
-3.4771145507031056
-3.4771142510178965
-3.4771139515968716
-3.4771136523933097
-3.4771133533599543
-3.5651536800818562
-3.5651533669150233
-3.5651530534871583
-3.5651527399349239
-3.5651524263827961
-3.5651521129435708
-3.5651517997188544
-3.5651514867996927
-3.5651511742671103
-3.5651508621926791
-3.5651505506390406
-3.5651502396604422
-3.5651499293032107
-3.56514961960626
-3.5651493106015368
-3.5651490023144645
-3.565148694764372
-3.5651483879648858
-3.565148081924316
-3.5651477766460133
-3.5651474721287197
-3.5651471683668841
-3.5651468653509735
-3.5651465630677639
-3.5651462615006113
-3.5651459606297102
-3.565145660432341
-3.5651453608830979
-3.5651450619541079
-3.5651447636152334
-3.565144465834277
-3.565144168577155
-3.5651438718080772
-3.5651435754897154
-3.5651432795833631
-3.5651429840490838
-3.5651426888458579
-3.5651423939317244
-3.5651420992639133
-3.5651418047989756
-3.5651415104929223
-3.6531809943127023
-3.6531806880449036
-3.6531803816646757
-3.653180075284848
-3.6531797690075205
-3.6531794629246797
-3.6531791571187062
-3.6531788516628674
-3.6531785466218061
-3.6531782420520211
-3.6531779380023339
-3.6531776345143263
-3.6531773316227891
-3.6531770293561139
-3.6531767277367115
-3.6531764267813793
-3.6531761265016711
-3.6531758269042376
-3.6531755279911566
-3.6531752297602429
-3.6531749322053493
-3.6531746353166472
-3.6531743390808851
-3.6531740434816555
-3.6531737484996207
-3.6531734541127392
-3.653173160296495
-3.6531728670240842
-3.6531725742666254
-3.6531722819933283
-3.653171990171677
-3.6531716987675962
-3.6531714077456043
-3.6531711170689714
-3.6531708266998764
-3.6531705365995339
-3.6531702467283309
-3.6531699570459688
-3.6531696675115839
)
;

boundaryField
{
    hotWall
    {
        type            calculated;
        value           nonuniform List<scalar> 
40
(
-0.044122831648568187
-0.13213260375145972
-0.22014954840814377
-0.30817020986813681
-0.39619285364556789
-0.48421670153255342
-0.57224134239536062
-0.66026653634477495
-0.74829213606766842
-0.8363180504573785
-0.92434421439370507
-1.0123705602705939
-1.1003970532478036
-1.1884236818343836
-1.2764504268338308
-1.3644772714890474
-1.4525042024878554
-1.5405312091058443
-1.6285582825351461
-1.7165854154361493
-1.8046126016192761
-1.8926398358116601
-1.9806671134817204
-2.068694430704749
-2.1567217840580861
-2.244749170538054
-2.3327765874934507
-2.4208040325717817
-2.5088315036753115
-2.5968589989248883
-2.6848865166300255
-2.7729140552639437
-2.8609416134425727
-2.9489691899067889
-3.0369967835073153
-3.1250243931918051
-3.2130520179937903
-3.3010796570232035
-3.389107309458165
-3.4771349745375395
)
;
    }
    coldWall
    {
        type            calculated;
        value           nonuniform List<scalar> 0();
    }
    bottomWall
    {
        type            calculated;
        value           nonuniform List<scalar> 
78
(
-0.00012395100194179961
-0.00010080842777263631
-8.4116273045093133e-05
-7.3750553581693415e-05
-6.7004668223177499e-05
-6.2095198223384668e-05
-5.8216331179852435e-05
-5.4994497519940009e-05
-5.2230621829298264e-05
-4.9805181829437352e-05
-4.7640435782796118e-05
-4.5682950959516428e-05
-4.3894399325786939e-05
-4.2246293209781862e-05
-4.0716850644985706e-05
-3.92890352092025e-05
-3.7949262115792211e-05
-3.6686516572025851e-05
-3.5491739281101773e-05
-3.4357382714768497e-05
-3.3277086862926648e-05
-3.2245437990283433e-05
-3.1257793771978332e-05
-3.0310143317749313e-05
-2.9398994729989356e-05
-2.8521288138261464e-05
-2.7674326271476561e-05
-2.6855718471838975e-05
-2.6063335644538683e-05
-2.5295272074999738e-05
-2.4549814470223671e-05
-2.3825417882544157e-05
-2.3120683335062707e-05
-2.2434338823182336e-05
-2.1765222949948965e-05
-2.1112273150853614e-05
-2.047451463745437e-05
-1.9851050029270277e-05
-1.9241051067203513e-05
-1.8643751076840788e-05
-1.8058438578901666e-05
-1.7484451735484015e-05
-1.6921173438467011e-05
-1.6368026978541667e-05
-1.5824472250735309e-05
-1.5290002444706707e-05
-1.476414075021726e-05
-1.4246437700025388e-05
-1.3736468813400508e-05
-1.3233832443401886e-05
-1.2738147809283812e-05
-1.2249053226028801e-05
-1.176620451046972e-05
-1.1289273539518173e-05
-1.0817946941532181e-05
-1.0351924904541096e-05
-9.8909200835416807e-06
-9.4346565744687318e-06
-8.9828688569439552e-06
-8.5353005305380966e-06
-8.0917046679883765e-06
-7.6518430940710161e-06
-7.2154852328139457e-06
-6.7824066503308645e-06
-6.3523895579467851e-06
-5.9252220383545232e-06
-5.5006975903708069e-06
-5.0786145452560128e-06
-4.6587756362548734e-06
-4.2409875979178935e-06
-3.8250607774602806e-06
-3.4108087624647956e-06
-2.9980480249038494e-06
-2.586597579657379e-06
-2.1762786560869898e-06
-1.7669143808440398e-06
-1.358329470122857e-06
-9.5034992996671901e-07
)
;
    }
    topWall
    {
        type            calculated;
        value           nonuniform List<scalar> 0();
    }
    front
    {
        type            empty;
    }
    back
    {
        type            empty;
    }
    procBoundary4to5
    {
        type            processor;
        value           nonuniform List<scalar> 
80
(
-3.5651626515547128
-3.5651625159210072
-3.565162398342141
-3.5651622801871761
-3.5651621506767137
-3.5651620087824636
-3.565161855917486
-3.5651616925950647
-3.5651615190070802
-3.5651613354240741
-3.5651611421723324
-3.5651609396012245
-3.5651607280794559
-3.5651605079933155
-3.5651602797432091
-3.5651600437400162
-3.5651598004016085
-3.565159550149565
-3.5651592934061389
-3.5651590305914338
-3.5651587621208467
-3.5651584884028065
-3.5651582098367602
-3.5651579268114491
-3.5651576397034366
-3.5651573488759154
-3.5651570546777251
-3.5651567574426042
-3.5651564574886421
-3.5651561551179221
-3.5651558506163328
-3.5651555442534995
-3.5651552362828771
-3.5651549269419265
-3.5651546164524026
-3.5651543050206929
-3.5651539928383502
-3.5651539928383502
-3.6531816060046647
-3.6531813003447624
-3.6531813003447624
-3.7412089353794697
-3.7412086362717925
-3.7412083369504643
-3.7412080375276768
-3.7412077381055218
-3.7412074387764207
-3.741207139623592
-3.7412068407215084
-3.741206542136335
-3.7412062439263725
-3.7412059461424714
-3.7412056488284642
-3.7412053520215571
-3.741205055752725
-3.7412047600470748
-3.7412044649242113
-3.7412041703985892
-3.7412038764798226
-3.7412035831730162
-3.7412032904790604
-3.7412029983949115
-3.7412027069138629
-3.7412024160258133
-3.7412021257174994
-3.7412018359727415
-3.7412015467726603
-3.7412012580958867
-3.7412009699187605
-3.7412006822155197
-3.7412003949584989
-3.7412001081182868
-3.7411998216638946
-3.7411995355629282
-3.7411992497817246
-3.7411989642855006
-3.7411986790385097
-3.7411983940041695
-3.7411981091451909
-3.7411978244237258
)
;
    }
    procBoundary4to6
    {
        type            processor;
        value           nonuniform List<scalar> 4(-3.389084892522499 -3.4771130544491373 -3.5651412163013241 -3.6531693780838856);
    }
    procBoundary4to7
    {
        type            processor;
        value           nonuniform List<scalar> 
38
(
-0.044014627309804093
-0.13204279619516915
-0.22007096485418173
-0.30809913324896271
-0.39612730138367491
-0.48415546926138581
-0.57218363688398188
-0.66021180425364567
-0.74823997137299991
-0.83626813824505264
-0.92429630487317438
-1.0123244712610795
-1.1003526374128147
-1.1883808033327345
-1.2764089690254847
-1.3644371344959818
-1.452465299749389
-1.5404934647910993
-1.6285216296267055
-1.7165497942619818
-1.8045779587028621
-1.8926061229554108
-1.9806342870258078
-2.0686624509203178
-2.1566906146452731
-2.2447187782070501
-2.3327469416120503
-2.4207751048666752
-2.5088032679773087
-2.5968314309503024
-2.6848595937919524
-2.7728877565084882
-2.8609159191060467
-2.9489440815906667
-3.0369722439682771
-3.1250004062446766
-3.2130285684255271
-3.3010567305163381
)
;
    }
}


// ************************************************************************* //
