#              distance                     U_x                     U_y                     U_z                       T
  1.387778780781448e-19   1.682371502651312e-18   1.281997828729862e-16   2.214764495622437e-53       300.5000000000016
  0.0003906250000000002   9.566026312980779e-05    0.007131936960562786   6.234007848249198e-40       300.4665549332855
  0.0007812500000000002   0.0001913205262596156     0.01426387392112557   1.246801569649829e-39        300.433109866571
            0.001171875   0.0002869807893894236     0.02139581088168836   1.870202354474738e-39       300.3996647998565
              0.0015625   0.0003585093428784036     0.02389429561087089   1.745522197509757e-39        300.367819910277
            0.001953125   0.0004240049689571768     0.02523441728220838   1.433821805097304e-39       300.3363750649813
             0.00234375   0.0004895005950359502     0.02657453895354587   1.122121412684851e-39       300.3049302196855
   0.002734375000000001   0.0005549962211147235     0.02791466062488335   8.104210202723851e-40       300.2734853743897
               0.003125   0.0006204918471934965     0.02925478229622083   4.987206278599297e-40        300.242040529094
   0.003515625000000001     0.00068598747327227     0.03059490396755832   1.870202354474736e-40       300.2105956837983
             0.00390625   0.0007012969473115152     0.03089524395251737                       0       300.1832167422743
            0.004296875   0.0006413271932914663     0.02963591140790878                       0        300.161936656408
   0.004687500000000001   0.0005813574392714182     0.02837657886330019                       0       300.1406565705416
            0.005078125   0.0005213876852513681      0.0271172463186916                       0       300.1193764846753
   0.005468750000000001   0.0004614179312313215     0.02585791377408301                       0        300.098096398809
   0.005859375000000002   0.0004014481772112743     0.02459858122947442                       0       300.0768163129426
   0.006250000000000001   0.0003414784231912258     0.02333924868486584                       0       300.0555362270765
   0.006640625000000001   0.0002508129668473858     0.02170320724102626                       0       300.0455641813176
   0.007031250000000001   0.0001601475105035441     0.02006716579718668                       0       300.0355921355587
   0.007421875000000001   6.948205415970341e-05     0.01843112435334711                       0       300.0256200897998
              0.0078125   -2.11834021841374e-05     0.01679508290950753                       0        300.015648044041
            0.008203125  -0.0001118488585279782     0.01515904146566796                       0       300.0056759982821
   0.008593750000000001  -0.0002025143148718191     0.01352300002182838                       0       299.9957039525232
   0.008984375000000001  -0.0002764995937868758     0.01216264510387599                       0       299.9901942493508
   0.009375000000000001  -0.0003393647544160789     0.01098608120318172                       0       299.9876594412361
            0.009765625  -0.0004022299150452807    0.009809517302487454                       0       299.9851246331213
             0.01015625  -0.0004650950756744832    0.008632953401793188                       0       299.9825898250066
            0.010546875  -0.0005279602363036853    0.007456389501098921                       0        299.980055016892
              0.0109375  -0.0005908253969328874    0.006279825600404657                       0       299.9775202087773
            0.011328125  -0.0006439099099694047    0.005211417978995227                       0       299.9756411374201
             0.01171875  -0.0006578718326351855    0.004575635474725119                       0       299.9763850130929
            0.012109375  -0.0006718337553009645    0.003939852970455007                       0       299.9771288887655
                 0.0125  -0.0006857956779667443      0.0033040704661849                       0       299.9778727644383
            0.012890625  -0.0006997576006325239    0.002668287961914788                       0       299.9786166401109
             0.01328125  -0.0007137195232983037    0.002032505457644677                       0       299.9793605157836
            0.013671875  -0.0007276814459640834    0.001396722953374568                       0       299.9801043914563
              0.0140625   -0.000711366198287482    0.001061909638883189                       0       299.9814314653489
            0.014453125  -0.0006874816580252854   0.0008023386218364976                       0       299.9829043387962
             0.01484375  -0.0006635971177630886    0.000542767604789805                       0       299.9843772122437
            0.015234375  -0.0006397125775008916   0.0002831965877431139                       0       299.9858500856911
               0.015625  -0.0006158280372386945   2.362557069642403e-05                       0       299.9873229591386
            0.016015625  -0.0005919434969764969  -0.0002359454463502682                       0       299.9887958325859
             0.01640625   -0.000561367484760791  -0.0004147523524807293                       0       299.9901374744958
            0.016796875  -0.0005207542646148109  -0.0004724130922368406                       0       299.9912822690937
              0.0171875  -0.0004801410444688337  -0.0005300738319929545                       0       299.9924270636933
            0.017578125   -0.000439527824322858  -0.0005877345717490674                       0        299.993571858293
    0.01796875000000001   -0.000398914604176879  -0.0006453953115051825                       0       299.9947166528925
            0.018359375  -0.0003583013840309021  -0.0007030560512612961                       0       299.9958614474921
                0.01875  -0.0003176881638849262  -0.0007607167910174112                       0       299.9970062420925
            0.019140625  -0.0002787131307923234  -0.0007353098642987705                       0       299.9976094822185
             0.01953125  -0.0002397380976997225  -0.0007099029375801328                       0       299.9982127223455
    0.01992187500000001  -0.0002007630646071206  -0.0006844960108614944                       0       299.9988159624725
              0.0203125  -0.0001617880315145183  -0.0006590890841428573                       0       299.9994192025994
            0.020703125  -0.0001228129984219176  -0.0006336821574242183                       0       300.0000224427263
             0.02109375  -8.383796532931604e-05  -0.0006082752307055802                       0       300.0006256828532
            0.021484375   -5.13346357834577e-05   -0.000571554228274351                       0       300.0009764437135
    0.02187500000000001  -2.314577526876286e-05  -0.0005272905087013923                       0       300.0011588850623
            0.022265625   5.043085245931486e-06  -0.0004830267891284345                       0       300.0013413264112
             0.02265625   3.323194576062462e-05  -0.0004387630695554765                       0       300.0015237677601
            0.023046875   6.142080627531914e-05  -0.0003944993499825191                       0        300.001706209109
              0.0234375   8.960966679001368e-05  -0.0003502356304095616                       0       300.0018886504579
            0.023828125   0.0001153235546196313  -0.0003075955552291979                       0       300.0020241940788
             0.02421875   0.0001311375517089367  -0.0002714500576192006                       0       300.0019721467783
            0.024609375   0.0001469515487982437  -0.0002353045600092061                       0       300.0019200994798
                  0.025   0.0001627655458875484    -0.00019915906239921                       0       300.0018680521802
            0.025390625   0.0001785795429768564  -0.0001630135647892147                       0       300.0018160048814
             0.02578125   0.0001943935400661615  -0.0001268680671792192                       0       300.0017639575823
            0.026171875   0.0002102075371554679  -9.072256956922386e-05                       0       300.0017119102834
              0.0265625   0.0002180634475759179  -6.627200025761287e-05                       0       300.0015900020595
            0.026953125   0.0002239298363291539  -4.474516302059768e-05                       0       300.0014506286042
             0.02734375   0.0002297962250823897  -2.321832578358249e-05                       0       300.0013112551491
            0.027734375   0.0002356626138356271  -1.691488546567216e-06                       0       300.0011718816953
               0.028125   0.0002415290025888628   1.983534869044796e-05                       0       300.0010325082395
    0.02851562500000001   0.0002473953913420974   4.136218592746312e-05                       0       300.0008931347835
             0.02890625   0.0002506904729875069   5.797384930220666e-05  -2.685988400967997e-27       300.0007535292922
            0.029296875   0.0002501285939711727   6.721275188354336e-05  -9.400959403387603e-27       300.0006135757463
    0.02968750000000001   0.0002495667149548397   7.645165446488032e-05  -1.611593040580739e-26       300.0004736222005
            0.030078125   0.0002490048359385083   8.569055704621768e-05  -2.283090140822722e-26       300.0003336686564
    0.03046875000000001   0.0002484429569221744   9.492945962755405e-05  -2.954587241064672e-26        300.000193715109
            0.030859375   0.0002478810779058418   0.0001041683622088908  -3.626084341306628e-26       300.0000537615633
                0.03125   0.0002473191988895093   0.0001134072647902276   -4.29758144154859e-26       299.9999138080176
            0.031640625    0.000243346782301244   0.0001149528894884237   -3.64233335530636e-26       299.9998113508314
             0.03203125   0.0002393743657129814   0.0001164985141866199  -2.987085269064072e-26       299.9997088936451
            0.032421875   0.0002354019491247175    0.000118044138884816  -2.331837182821818e-26       299.9996064364589
    0.03281249999999999   0.0002314295325364557   0.0001195897635830123  -1.676589096579545e-26       299.9995039792732
            0.033203125   0.0002274571159481913   0.0001211353882812082  -1.021341010337272e-26       299.9994015220867
             0.03359375   0.0002234846993599283   0.0001226810129794043  -3.660929240950104e-27       299.9992990649004
            0.033984375   0.0002186698471224015    0.000121973671730752  -9.424428119827687e-28       299.9992241538981
               0.034375    0.000213293371118699   0.0001197643531842006  -7.799526719857414e-28       299.9991676070184
            0.034765625   0.0002079168951149965   0.0001175550346376492  -6.174625319887141e-28       299.9991110601387
    0.03515625000000001   0.0002025404191112953    0.000115345716091098  -4.549723919916777e-28        299.999054513259
    0.03554687500000001   0.0001971639431075931   0.0001131363975445466  -2.924822519946491e-28       299.9989979663793
              0.0359375   0.0001917874671038898   0.0001109270789979952  -1.299921119976234e-28       299.9989414194996
            0.036328125   0.0001863466346775602   0.0001084635748352628                       0       299.9988929357675
    0.03671874999999999   0.0001806483765607218   0.0001049833282078063                       0       299.9988767046261
            0.037109375   0.0001749501184438832   0.0001015030815803496                       0       299.9988604734846
    0.03750000000000001   0.0001692518603270446   9.802283495289298e-05                       0       299.9988442423432
            0.037890625   0.0001635536022102078   9.454258832543655e-05                       0       299.9988280112019
             0.03828125   0.0001578553440933685   9.106234169797988e-05                       0       299.9988117800604
    0.03867187499999999   0.0001521570859765305   8.758209507052338e-05                       0       299.9987955489189
              0.0390625   0.0001465630998295024   8.405211852129586e-05                       0       299.9988036531975
    0.03945312500000001   0.0001409951816749334   8.050970949162605e-05                       0       299.9988178413309
    0.03984375000000001   0.0001354272635203598   7.696730046195598e-05                       0       299.9988320294644
            0.040234375   0.0001298593453657891   7.342489143228623e-05                       0       299.9988462175979
    0.04062500000000001   0.0001242914272112162    6.98824824026162e-05                       0       299.9988604057314
            0.041015625   0.0001187235090566446    6.63400733729464e-05                       0       299.9988745938649
    0.04140625000000001   0.0001132507383869941   6.293196012721212e-05                       0       299.9988971340809
    0.04179687500000001    0.000107920688944726   5.972529055738157e-05                       0        299.998932202421
              0.0421875    0.000102590639502458   5.651862098755106e-05                       0       299.9989672707611
            0.042578125   9.726059006019001e-05   5.331195141772053e-05                       0       299.9990023391012
             0.04296875    9.19305406179224e-05   5.010528184789003e-05                       0       299.9990374074412
    0.04335937500000001   8.660049117565469e-05   4.689861227805947e-05                       0       299.9990724757814
                0.04375   8.127044173338711e-05     4.3691942708229e-05                       0       299.9991075441216
            0.044140625   7.613896054953345e-05   4.082497616361046e-05                       0        299.999155779199
             0.04453125   7.100747936567762e-05   3.795800961899177e-05                       0       299.9992040142766
            0.044921875    6.58759981818229e-05   3.509104307437318e-05                       0       299.9992522493542
    0.04531250000000001     6.0744516997968e-05   3.222407652975447e-05                       0       299.9993004844317
            0.045703125   5.561303581411207e-05   2.935710998513571e-05                       0       299.9993487195093
             0.04609375   5.048155463025829e-05   2.649014344051713e-05                       0       299.9993969545868
            0.046484375   4.542133158888909e-05   2.375050748252223e-05                       0       299.9994494982997
               0.046875   4.040861397584363e-05   2.109575858227648e-05                       0       299.9995049144362
    0.04726562500000001   3.539589636279808e-05   1.844100968203069e-05                       0       299.9995603305726
    0.04765625000000001   3.038317874975257e-05   1.578626078178494e-05                       0       299.9996157467107
            0.048046875   2.537046113670697e-05    1.31315118815392e-05                       0       299.9996711628456
    0.04843750000000001   2.035774352366148e-05    1.04767629812935e-05                       0       299.9997265789854
    0.04882812499999999   1.535279346162262e-05    7.83582744025421e-06                       0       299.9997824511096
    0.04921875000000001   1.037891360361686e-05   5.250145336041157e-06                       0       299.9998401472011
    0.04960937500000001   5.405033745610137e-06   2.664463231828064e-06                       0       299.9998978432925
                   0.05   4.311538876035934e-07   7.878112761506646e-08                       0       299.9999555393856
    0.05039062500000001   -4.54272597040249e-06  -2.506900976598064e-06                       0       300.0000132354783
             0.05078125  -9.516605828408136e-06  -5.092583080810964e-06                       0       300.0000709315675
    0.05117187500000001  -1.449048568641405e-05  -7.678265185024002e-06                       0       300.0001286276585
              0.0515625  -1.949425469349103e-05  -1.031887262607558e-05                       0       300.0001845142815
    0.05195312500000001  -2.450549598783458e-05  -1.297321140133673e-05                       0       300.0002399485375
             0.05234375  -2.951673728217794e-05   -1.56275501765978e-05                       0       300.0002953827935
            0.052734375  -3.452797857652164e-05  -1.828188895185904e-05                       0       300.0003508170512
    0.05312500000000001  -3.953921987086515e-05  -2.093622772712017e-05                       0       300.0004062513073
            0.053515625  -4.455046116520856e-05  -2.359056650238126e-05                       0       300.0004616855633
             0.05390625  -4.960864384278743e-05  -2.632961476617373e-05                       0       300.0005142552566
            0.054296875  -5.473723859522013e-05  -2.919572726276362e-05                       0         300.00056252811
              0.0546875  -5.986583334765286e-05  -3.206183975935352e-05                       0       300.0006108009636
    0.05507812500000001  -6.499442810008561e-05  -3.492795225594344e-05                       0        300.000659073817
             0.05546875  -7.012302285251851e-05  -3.779406475253352e-05                       0       300.0007073466721
            0.055859375  -7.525161760495073e-05  -4.066017724912322e-05                       0       300.0007556195239
                0.05625  -8.038021235738332e-05  -4.352628974571311e-05                       0       300.0008038923774
            0.056640625  -8.570613351072617e-05  -4.673170422177979e-05                       0       300.0008390202231
    0.05703125000000001  -9.103205466406919e-05  -4.993711869784626e-05                       0       300.0008741480665
            0.057421875  -9.635797581741109e-05  -5.314253317391274e-05                       0       300.0009092759113
    0.05781250000000001  -0.0001016838969707535  -5.634794764997929e-05                       0       300.0009444037559
            0.058203125  -0.0001070098181240957  -5.955336212604571e-05                       0       300.0009795316005
             0.05859375  -0.0001123357392774391  -6.275877660211229e-05                       0       300.0010146594452
            0.058984375  -0.0001178038457070478  -6.616559177581168e-05                       0       300.0010372742341
               0.059375  -0.0001233667423208373  -6.970667408126662e-05                       0       300.0010515469857
            0.059765625  -0.0001289296389346254  -7.324775638672142e-05                       0       300.0010658197373
    0.06015624999999999  -0.0001344925355484143  -7.678883869217618e-05                       0        300.001080092489
    0.06054687499999999  -0.0001400554321622008  -8.032992099763088e-05                       0       300.0010943652406
    0.06093750000000001  -0.0001456183287759886  -8.387100330308578e-05                       0       300.0011086379923
            0.061328125  -0.0001512072432752252  -8.739981759806363e-05                       0       300.0011168325931
             0.06171875  -0.0001569002293162537  -9.087955985113131e-05                       0       300.0011007145811
            0.062109375  -0.0001625932153572829  -9.435930210419945e-05                       0       300.0010845965708
                 0.0625  -0.0001682862013983121  -9.783904435726756e-05                       0       300.0010684785604
    0.06289062499999999  -0.0001739791874393421  -0.0001013187866103357                       0         300.00105236055
             0.06328125  -0.0001796721734803709  -0.0001047985288634038                       0       300.0010362425397
            0.063671875  -0.0001853651595213985  -0.0001082782711164719                       0       300.0010201245294
    0.06406250000000001  -0.0001908013674712332  -0.0001107432994626654   8.279599884624751e-29        300.000971776931
            0.064453125  -0.0001961733808982693  -0.0001129546493321402   1.862909974040523e-28       300.0009153719357
    0.06484375000000001  -0.0002015453943253065  -0.0001151659992016156   2.897859959618607e-28       300.0008589669419
            0.065234375  -0.0002069174077523422  -0.0001173773490710904   3.932809945196696e-28       300.0008025619465
               0.065625  -0.0002122894211793777  -0.0001195886989405652   4.967759930774786e-28       300.0007461569511
    0.06601562500000001  -0.0002176614346064132    -0.00012180004881004   6.002709916352878e-28       300.0006897519557
             0.06640625  -0.0002224727618100227  -0.0001225114550203947   1.293423837838319e-26       300.0006149908883
    0.06679687500000001  -0.0002264430596784936   -0.000120972945742069   4.361391434741732e-26       300.0005126957125
    0.06718749999999998   -0.000230413357546963  -0.0001194344364637428   7.429359031644929e-26       300.0004104005351
    0.06757812499999999  -0.0002343836554154349  -0.0001178959271854178   1.049732662854844e-25       300.0003081053609
    0.06796875000000001  -0.0002383539532839044  -0.0001163574179070915   1.356529422545182e-25       300.0002058101836
            0.068359375  -0.0002423242511523748   -0.000114818908628766   1.663326182235509e-25       300.0001035150079
    0.06874999999999999  -0.0002462945490208465  -0.0001132803993504405   1.970122941925839e-25       300.0000012198323
    0.06914062499999998  -0.0002468585138724616   -0.000104056485394886    2.32082633192882e-25       299.9998614227588
             0.06953125  -0.0002474224787240751   -9.48325714393305e-05   2.671529721931823e-25       299.9997216256854
    0.06992187499999999    -0.00024798644357569  -8.560865748377574e-05   3.022233111934804e-25        299.999581828612
              0.0703125   -0.000248550408427305  -7.638474352822067e-05   3.372936501937798e-25       299.9994420315385
    0.07070312500000001    -0.00024911437327892  -6.716082957266569e-05   3.723639891940788e-25       299.9993022344651
    0.07109375000000001   -0.000249678338130535   -5.79369156171107e-05   4.074343281943778e-25       299.9991624373916
    0.07148437499999999  -0.0002463888521068434  -4.134576497865965e-05   3.936364740619498e-25       299.9990229548214
    0.07187500000000001  -0.0002405303988329445  -1.984312321827505e-05   3.472598245076996e-25       299.9988836819172
            0.072265625   -0.000234671945559046   1.659518542108002e-06   3.008831749534525e-25        299.998744409013
    0.07265624999999999  -0.0002288134922851489   2.316216030249146e-05   2.545065253992048e-25        299.998605136108
            0.073046875  -0.0002229550390112493   4.466480206287508e-05   2.081298758449565e-25        299.998465863204
              0.0734375   -0.000217096585737351   6.616744382325886e-05   1.617532262907083e-25       299.9983265903001
    0.07382812499999999  -0.0002092498480464473   9.059264261488375e-05    1.14893803479418e-25       299.9982047562839
             0.07421875  -0.0001934499726875212   0.0001267080695314776    6.61032876399515e-26         299.99815267782
    0.07460937500000001  -0.0001776500973285945    0.000162823496448071   1.731277180048425e-26        299.998100599354
    0.07500000000000001  -0.0001618502219696694   0.0001989389233646651  -3.147774403898193e-26       299.9980485208908
    0.07539062499999999   -0.000146050346610742   0.0002350543502812562  -8.026825987844763e-26       299.9979964424243
    0.07578125000000001  -0.0001302504712518141   0.0002711697771978515  -1.290587757179166e-25       299.9979443639594
            0.076171875  -0.0001144505958928874   0.0003072852041144441  -1.778492915573822e-25       299.9978922854946
    0.07656250000000001  -8.875376295522467e-05   0.0003499005518075168  -1.523826273400604e-25       299.9980276257635
    0.07695312500000001  -6.058269062287766e-05   0.0003941408796947094  -1.083516681085381e-25       299.9982098207158
    0.07734374999999999  -3.241161829053267e-05   0.0004383812075818989  -6.432070887701904e-26       299.9983920156683
    0.07773437500000001  -4.240545958184349e-06   0.0004826215354690934  -2.028974964549352e-26       299.9985742106208
               0.078125   2.393052637416287e-05   0.0005268618633562855   2.374120958602739e-26        299.998756405574
    0.07851562499999998   5.210159870650749e-05   0.0005711021912434736   6.777216881754675e-26       299.9989386005255
    0.07890625000000001   8.458832226775256e-05   0.0006078128628031749   8.830382283418511e-26       299.9992890126945
            0.079296875   0.0001235485226723389   0.0006332290498716313   7.358651902848805e-26       299.9998917506892
    0.07968750000000001   0.0001625087230769251   0.0006586452369400856   5.886921522279032e-26       300.0004944886821
    0.08007812499999999   0.0002014689234815094   0.0006840614240085398   4.415191141709316e-26        300.001097226676
    0.08046874999999999   0.0002404291238860974    0.000709477611076995   2.943460761139544e-26       300.0016999646698
    0.08085937500000001   0.0002793893242906845   0.0007348937981454526    1.47173038056972e-26       300.0023027026637
                0.08125   0.0003183495246952699   0.0007603099852139079   1.924799713963608e-41       300.0029054406576
    0.08164062500000001   0.0003589606693831584   0.0007027299393189639   4.729497785003522e-25       300.0040495751846
             0.08203125   0.0003995718140710431   0.0006451498934240236   9.458995570006878e-25       300.0051937097118
    0.08242187500000001   0.0004401829587589303   0.0005875698475290806    1.41884933550104e-24       300.0063378442389
              0.0828125   0.0004807941034468182   0.0005299898016341397    1.89179911400138e-24       300.0074819787666
    0.08320312499999999   0.0005214052481347027   0.0004724097557391985   2.364748892501712e-24       300.0086261132934
    0.08359374999999999   0.0005620163928225902   0.0004148297098442556   2.837698671002062e-24       300.0097702478206
    0.08398437499999999   0.0005926023266484215   0.0002361698588918226   3.240326051709852e-24       300.0111113553123
    0.08437500000000001   0.0006165047865662168   -2.32098620989689e-05   3.596071833889297e-24       300.0125837781139
    0.08476562500000001   0.0006404072464840112  -0.0002825895830897512   3.951817616068729e-24       300.0140562009154
             0.08515625   0.0006643097064018064   -0.000541969304080525   4.307563398248145e-24       300.0155286237172
    0.08554687499999999   0.0006882121663196015  -0.0008013490250712984   4.663309180427568e-24       300.0170010465192
              0.0859375   0.0007121146262373975   -0.001060728746062081   5.019054962607002e-24       300.0184734693212
    0.08632812499999999   0.0007284501326515954   -0.001395326363473813   5.137912476214631e-24       300.0198002805477
             0.08671875   0.0007145178250513938   -0.002030795566569468   4.309216915534828e-24        300.020544645471
    0.08710937499999999   0.0007005855174511967   -0.002666264769665105    3.48052135485508e-24       300.0212890103958
    0.08750000000000001   0.0006866532098510026   -0.003301733972760796   2.651825794175303e-24       300.0220333753223
    0.08789062500000001   0.0006727209022508037    -0.00393720317585646   1.823130233495484e-24       300.0227777402461
    0.08828125000000001   0.0006587885946506056   -0.004572672378952089   9.944346728157322e-25       300.0235221051704
    0.08867187500000001   0.0006448562870504088   -0.005208141582047749   1.657391121359507e-25       300.0242664700952
              0.0890625   0.0005917912305537778   -0.006276176857446554                       0       300.0223893813187
    0.08945312500000001   0.0005289429868330359   -0.007452353650921191                       0       300.0198569291168
             0.08984375    0.000466094743112296   -0.008628530444395785                       0        300.017324476915
    0.09023437499999999   0.0004032464993915561   -0.009804707237870375                       0       300.0147920247132
    0.09062500000000001   0.0003403982556708147    -0.01098088403134508                       0       300.0122595725122
    0.09101562499999999    0.000277550011950077    -0.01215706082481958                       0       300.0097271203097
    0.09140625000000001   0.0002035637613031115    -0.01351704431200785                       0        300.004220659565
    0.09179687499999999   0.0001128705002668163    -0.01515273783976615                       0       299.9942531860011
    0.09218750000000001   2.217723923051268e-05     -0.0167884313675247                       0       299.9842857124386
    0.09257812500000001  -6.851602180578731e-05    -0.01842412489528321                       0       299.9743182388765
    0.09296874999999999  -0.0001592092828420821    -0.02005981842304159                       0       299.9643507653139
    0.09335937500000001  -0.0002499025438783904    -0.02169551195080041                       0       299.9543832917547
                0.09375  -0.0003405958049146814    -0.02333120547855854                       0       299.9444158181888
    0.09414062500000001  -0.0004006489591796264    -0.02459043839976489  -1.189024028527269e-24       299.9231409584693
    0.09453125000000001  -0.0004607021134445654    -0.02584967132097094  -2.378048057054495e-24       299.9018660987464
    0.09492187499999999  -0.0005207552677095024    -0.02710890424217701  -3.567072085581638e-24        299.880591239025
    0.09531249999999999  -0.0005808084219744431    -0.02836813716338317  -4.756096114108823e-24       299.8593163793038
    0.09570312499999999  -0.0006408615762393819    -0.02962737008458929  -5.945120142636008e-24       299.8380415195826
    0.09609374999999999  -0.0007009147305043228    -0.03088660300579545  -7.134144171163237e-24       299.8167666598614
    0.09648437500000001   -0.000685673845043071    -0.03058659743432564  -9.051026462945698e-24       299.7893911914216
    0.09687500000000002  -0.0006202369330976891    -0.02924709953440515  -1.145314759689833e-23       299.7579486505028
    0.09726562500000001  -0.0005548000211523141    -0.02790760163448489  -1.385526873085087e-23       299.7265061095858
    0.09765625000000001    -0.00048936310920693    -0.02656810373456434  -1.625738986480355e-23        299.695063568667
    0.09804687499999999  -0.0004239261972615525    -0.02522860583464393    -1.8659510998756e-23       299.6636210277483
    0.09843750000000001  -0.0003584892853161661    -0.02388910793472325  -2.106163213270858e-23       299.6321784868279
    0.09882812500000002  -0.0002870060210248693    -0.02139141526386258  -2.154687097487857e-23       299.6003354257136
    0.09921874999999999  -0.0001913373473499152     -0.0142609435092419  -1.436458064991917e-23        299.566890283808
    0.09960937499999999  -9.566867367495932e-05   -0.007130471754621076  -7.182290324959652e-24       299.5334451419041
    0.09999999999999998                       0                       0                       0                   299.5
