/*--------------------------------*- C++ -*----------------------------------*\
  =========                 |
  \\      /  F ield         | OpenFOAM: The Open Source CFD Toolbox
   \\    /   O peration     | Website:  https://openfoam.org
    \\  /    A nd           | Version:  13
     \\/     M anipulation  |
\*---------------------------------------------------------------------------*/
FoamFile
{
    format      ascii;
    class       volScalarField;
    location    "4.707987914239";
    object      p;
}
// * * * * * * * * * * * * * * * * * * * * * * * * * * * * * * * * * * * * * //

dimensions      [1 -1 -2 0 0 0 0];

internalField   nonuniform List<scalar> 
2112
(
-3.0369225182740465
-3.0369293098644019
-3.036935607296487
-3.0369414121523635
-3.0369467396084797
-3.0369516154212532
-3.0369560728295002
-3.0369601496231748
-3.0369638855461525
-3.0369673201241572
-3.0369704909469615
-3.0369734323901669
-3.0369761747351824
-3.0369787436333175
-3.0369811598566949
-3.0369834392814252
-3.0369855930539842
-3.0369876278981085
-3.0369895465256955
-3.0369913481206781
-3.0369930288694444
-3.0369945825153368
-3.0369960009181454
-3.124958652033988
-3.1249658287342319
-3.1249725243190469
-3.124978730401009
-3.1249844525225967
-3.1249897076372171
-3.1249945213546138
-3.1249989252011674
-3.1250029540826687
-3.1250066440705595
-3.1250100305731925
-3.1250131469069227
-3.1250160232493198
-3.125018685937119
-3.1250211570621476
-3.1250234543160089
-3.1250255910362545
-3.1250275764109374
-3.1250294158034029
-3.1250311111641333
-3.1250326615011428
-3.1250340633844997
-3.1250353114643028
-3.1250363989846912
-3.1250373182795648
-3.1250380612382029
-3.1250386197320554
-3.1250389859957242
-3.1250391529578425
-3.1250391145192822
-3.1250388657779826
-3.1250384032012035
-3.1250377247472132
-3.1250368299395519
-3.1250357198976846
-3.1250343973284291
-3.1250328664829796
-3.1250311330841711
-3.1250292042290968
-3.1250270882716937
-3.125024794689844
-3.1250223339408825
-3.1250197173097161
-3.1250169567527202
-3.2129936565601662
-3.2130011718673299
-3.2130082275481158
-3.2130148057759103
-3.2130209025497014
-3.2130265257141719
-3.2130316926222422
-3.2130364276771815
-3.2130407599477699
-3.2130447209968453
-3.2130483430105783
-3.213051657269967
-3.2130546929707493
-3.2130574763733253
-3.21306003024957
-3.2130623735860673
-3.2130645215013294
-3.2130664853359456
-3.2130682728776607
-3.2130698886874547
-3.2130713344967563
-3.2130726096499913
-3.2130737115703636
-3.2130746362303237
-3.2130753786112281
-3.2130759331397942
-3.2130762940914863
-3.2130764559536047
-3.2130764137430226
-3.2130761632755469
-3.213075701385756
-3.2130750260976004
-3.2130741367473994
-3.2130730340619187
-3.2130717201949222
-3.2130701987263004
-3.2130684746282081
-3.2130665542021082
-3.2130644449924444
-3.2130621556805705
-3.2130596959633309
-3.2130570764205211
-3.2130543083747272
-3.2130514037467206
-3.3010275595448761
-3.3010353577924985
-3.3010427251151442
-3.3010496351761081
-3.301056074949178
-3.3010620432852584
-3.3010675490354919
-3.3010726089430014
-3.3010772454902102
-3.3010814848500925
-3.3010853550461348
-3.3010888843841393
-3.3010921001837814
-3.3010950278108777
-3.3010976899925999
-3.3011001063865142
-3.3011022933684515
-3.3011042640026882
-3.3011060281586451
-3.3011075927408817
-3.3011089620023695
-3.3011101379145242
-3.3011111205710297
-3.3011119086058986
-3.3011124996094341
-3.3011128905287683
-3.3011130780424023
-3.3011130589007838
-3.3011128302271859
-3.3011123897753105
-3.3011117361418165
-3.3011108689335349
-3.3011097888904861
-3.3011084979667817
-3.3011069993724722
-3.3011052975800124
-3.3011033982993601
-3.3011013084241752
-3.3010990359573831
-3.3010965899157383
-3.3010939802204518
-3.3010912175765625
-3.3010883133446116
-3.3010852794078369
-3.3010821280377822
-3.3010788717608364
-3.3010755232264102
-3.3010720950802859
-3.3010685998431071
-3.3010650497950782
-3.3010614568675245
-3.3010578325417477
-3.3010541877538011
-3.3010505328063537
-3.3010468772860415
-3.3010432299853281
-3.3010395988279142
-3.3010359907983045
-3.3010324118702732
-3.3010288669352161
-3.3010253597283663
-3.3890604102471769
-3.3890684288085788
-3.3890760507967297
-3.3890832426074264
-3.3890899830803143
-3.3890962625858823
-3.3891020816203863
-3.3891074490879252
-3.3891123804401135
-3.3891168958192863
-3.389121018318372
-3.3891247724356299
-3.3891281827699853
-3.3891312729755319
-3.3891340649731068
-3.3891365784024021
-3.3891388302891556
-3.3891408348973604
-3.3891426037349746
-3.3891441456822138
-3.3891454672135639
-3.3891465726871992
-3.3891474646786559
-3.3891481443386371
-3.3891486117580127
-3.389148866325931
-3.3891489070697802
-3.3891487329682541
-3.3891483432311804
-3.3891477375417818
-3.3891469162589276
-3.3891458805785533
-3.389144632654661
-3.3891431756815176
-3.3891415139394914
-3.3891396528076001
-3.389137598747284
-3.3891353592582041
-3.389132942812294
-3.3891303587716783
-3.3891276172898683
-3.3891247292031412
-3.3891217059141852
-3.3891185592709827
-3.389115301443907
-3.389111944804641
-3.3891085018042029
-3.3891049848573869
-3.3891014062316249
-3.3890977779415246
-3.3890941116497526
-3.3890904185761848
-3.3890867094104484
-3.3890829942329694
-3.3890792824407221
-3.3890755826768344
-3.3890719027649894
-3.3890682496469942
-3.3890646293195181
-3.3890610467710225
-3.3890575059166341
-3.4770922767218249
-3.4771004486143693
-3.4771082621820155
-3.4771156780023231
-3.4771226679594807
-3.4771292147980741
-3.477135311171085
-3.4771409583247572
-3.4771461645671091
-3.4771509436552059
-3.4771553132141535
-3.4771592932739219
-3.4771629049822934
-3.4771661695270204
-3.4771691072793742
-3.4771717371552273
-3.4771740761786769
-3.4771761392261289
-3.4771779389251227
-3.4771794856808644
-3.4771807878039858
-3.4771818517146253
-3.4771826822001848
-3.477183282706684
-3.4771836556466118
-3.4771838027087192
-3.477183725157873
-3.4771834241156609
-3.4771829008146642
-3.4771821568214447
-3.4771811942251216
-3.4771800157899873
-3.4771786250720758
-3.4771770265007325
-3.4771752254268371
-3.4771732281349115
-3.4771710418469719
-3.4771686746735568
-3.4771661355627801
-3.4771634342290492
-3.4771605810644655
-3.4771575870422731
-3.4771544636122611
-3.4771512225908507
-3.477147876049334
-3.4771444362074124
-3.4771409153178974
-3.4771373255639104
-3.4771336789578289
-3.4771299872452288
-3.4771262618142957
-3.4771225136192458
-3.4771187530935004
-3.4771149900846332
-3.4771112337863812
-3.4771074926753522
-3.4771037744557245
-3.4771000860024581
-3.4770964333045149
-3.4770928214121835
-3.4770892543785696
-3.5651232421102335
-3.5651314987670921
-3.5651394374463594
-3.5651470144489958
-3.5651541960666866
-3.5651609585299711
-3.5651672874661244
-3.5651731769730333
-3.5651786284286886
-3.5651836491540285
-3.5651882510353237
-3.5651924491931042
-3.5651962607628938
-3.5651997038311651
-3.5652027965504378
-3.5652055564411711
-3.5652079998758404
-3.5652101417317645
-3.5652119951937205
-3.5652135716844824
-3.5652148809003275
-3.565215930929011
-3.5652167284290601
-3.5652172788507395
-3.5652175866823823
-3.5652176557070931
-3.5652174892577695
-3.5652170904606204
-3.5652164624595821
-3.5652156086160507
-3.5652145326801388
-3.565213238931261
-3.5652117322875378
-3.5652100183849695
-3.5652081036278305
-3.5652059951762451
-3.5652037010215971
-3.5652012298744515
-3.5651985911557889
-3.5651957949336657
-3.5651928518397833
-3.5651897729866877
-3.5651865698743603
-3.5651832542906643
-3.5651798382059763
-3.5651763336999305
-3.5651727528245583
-3.5651691075337184
-3.5651654095867578
-3.5651616704615918
-3.5651579012657364
-3.5651541126971802
-3.5651503149232915
-3.5651465175543962
-3.5651427295741063
-3.5651389592844134
-3.5651352142553816
-3.5651315012769631
-3.5651278263105937
-3.5651241944410761
-3.5651206098266561
-3.6531534003483195
-3.6531616743196724
-3.6531696710570949
-3.6531773441106248
-3.6531846556187912
-3.6531915765688403
-3.6531980866044638
-3.6532041734535716
-3.6532098320684554
-3.6532150635748235
-3.6532198741240705
-3.6532242737312988
-3.6532282751656679
-3.6532318929424452
-3.6532351424490215
-3.6532380392220722
-3.6532405983804765
-3.6532428342090548
-3.6532447598813453
-3.6532463873053151
-3.6532477270735431
-3.6532487884986886
-3.6532495797154412
-3.6532501078299573
-3.6532503791025488
-3.653250399148368
-3.6532501731440474
-3.6532497060304325
-3.653249002703375
-3.6532480681865427
-3.6532469077818135
-3.6532455271945787
-3.6532439326337083
-3.65324213088223
-3.6532401293279881
-3.6532379360530438
-3.6532355597166299
-3.6532330096262671
-3.653230295660149
-3.6532274282386119
-3.6532244182219018
-3.6532212768584382
-3.6532180156980409
-3.6532146465042499
-3.6532111811220966
-3.6532076315365773
-3.6532040095757528
-3.6532003269715099
-3.6531965952346273
-3.6531928255787203
-3.6531890288491513
-3.6531852154637465
-3.6531813953421057
-3.6531775778560016
-3.6531737717766877
-3.6531699852270934
-3.6531662256370558
-3.6531624997019305
-3.6531588133405251
-3.6531551716533035
-3.6531515788791706
-3.7411828516798975
-3.7411910790530194
-3.7411990688382226
-3.7412067732531717
-3.7412141516990349
-3.7412211712493972
-3.7412278067387206
-3.7412340404942883
-3.7412398617786242
-3.7412452660162625
-3.7412502538847452
-3.7412548303435034
-3.7412590036642781
-3.7412627845139221
-3.741266185126789
-3.741269218590598
-3.7412718982580553
-3.7412742372867056
-3.7412762483021691
-3.7412779431746124
-3.7412793328948561
-3.741280427534897
-3.7412812362781978
-3.7412817674983492
-3.7412820288794109
-3.741282027559631
-3.741281770287908
-3.7412812635832728
-3.7412805138892939
-3.7412795277170035
-3.7412783117713233
-3.7412768730576706
-3.7412752189740841
-3.7412733573745443
-3.7412712965425263
-3.741269045386165
-3.7412666132474786
-3.7412640099803705
-3.741261245863456
-3.74125833168597
-3.7412552784954767
-3.7412520976676942
-3.7412488007931164
-3.741245399599634
-3.7412419058697188
-3.7412383313884714
-3.7412346878269198
-3.7412309866918187
-3.7412272392485315
-3.7412234564529943
-3.7412196488888871
-3.7412158267110218
-3.741211999590365
-3.7412081766660341
-3.7412043665006798
-3.7412005770392796
-3.7411968155707247
-3.7411930886914457
-3.7411894022696406
-3.7411857614092434
-3.7411821704125017
-3.8292116983434865
-3.8292198207230195
-3.8292277428550459
-3.8292354168691318
-3.8292428007391761
-3.8292498589234483
-3.8292565626627146
-3.8292628899582706
-3.8292688252771589
-3.8292743590322194
-3.8292794869047286
-3.8292842090712695
-3.8292885293917278
-3.8292924546075562
-3.8292959935890307
-3.8292991566593622
-3.8293019550132543
-3.8293044002386023
-3.8293065039424343
-3.8293082774765446
-3.8293097317539631
-3.8293108771438593
-3.8293117234456293
-3.8293122798911723
-3.8293125552133835
-3.8293125577327101
-3.8293122954633962
-3.8293117762289666
-3.8293110077787844
-3.8293099978992369
-3.8293087545141544
-3.8293072857657604
-3.8293056001029546
-3.8293037062947883
-3.8293016135651459
-3.829299331435684
-3.829296869879494
-3.8292942392455926
-3.8292914502288111
-3.8292885138531325
-3.8292854413851676
-3.82928224430005
-3.8292789342127684
-3.8292755228097417
-3.8292720217795986
-3.8292684427485599
-3.8292647972060436
-3.8292610964417726
-3.8292573514830455
-3.8292535730356816
-3.8292497714291991
-3.8292459565666617
-3.8292421378780293
-3.8292383242782111
-3.8292345241286641
-3.8292307452020631
-3.8292269946495021
-3.8292232789692218
-3.8292196039761222
-3.8292159747708947
-3.8292123957077733
-3.9172400407351242
-3.9172480066898387
-3.9172558065476766
-3.9172633933796637
-3.9172707248779095
-3.917277764079977
-3.9172844798124284
-3.9172908468439185
-3.9172968458232451
-3.9173024629689328
-3.9173076896045416
-3.9173125215785456
-3.9173169586150838
-3.9173210036413617
-3.9173246621296962
-3.9173279414831086
-3.9173308504852451
-3.9173333988276773
-3.9173355967205623
-3.9173374545872011
-3.9173389828379275
-3.9173401917005548
-3.9173410911867212
-3.9173416909729939
-3.9173420004605424
-3.9173420287967424
-3.9173417849336656
-3.9173412777009107
-3.9173405158842893
-3.9173395083043459
-3.9173382638898109
-3.9173367917423989
-3.9173351011920561
-3.917333201806652
-3.9173311035054028
-3.9173288164535829
-3.9173263511338283
-3.9173237183149174
-3.9173209290218809
-3.9173179945033447
-3.9173149261816751
-3.9173117356051912
-3.9173084343922793
-3.917305034172327
-3.9173015465254228
-3.9172979829232064
-3.9172943546677836
-3.9172906728350947
-3.9172869482205086
-3.9172831912877277
-3.917279412121403
-3.9172756203836441
-3.9172718252742009
-3.9172680354944323
-3.9172642592145115
-3.9172605040434019
-3.9172567770009854
-3.9172530844915534
-3.9172494322778975
-3.9172458254549976
-3.9172422684223283
-4.0052679742561876
-4.0052757402044898
-4.005283370457839
-4.005290819828164
-4.005298046672702
-4.0053050136456188
-4.0053116882506599
-4.0053180430526183
-4.0053240558770495
-4.0053297096243705
-4.0053349919974712
-4.0053398951013426
-4.005344414950514
-4.005348550929253
-4.0053523052390343
-4.0053556823614542
-4.0053586885583536
-4.0053613314247452
-4.0053636195039486
-4.0053655619691693
-4.0053671683710208
-4.0053684484464052
-4.0053694119961172
-4.0053700687864771
-4.0053704285166791
-4.0053705008078557
-4.005370295218011
-4.0053698212741837
-4.0053690885147173
-4.0053681065357791
-4.0053668850377999
-4.0053654338709963
-4.0053637630764145
-4.005361882815083
-4.0053598036143976
-4.0053575361299334
-4.0053550912538514
-4.0053524800857225
-4.0053497139016772
-4.0053468041222713
-4.0053437622713144
-4.0053405999313387
-4.0053373286945781
-4.0053339601114555
-4.0053305056380983
-4.0053269765840724
-4.0053233840603601
-4.0053197389299466
-4.0053160517607722
-4.0053123327817142
-4.0053085918418887
-4.0053048383733767
-4.0053010813573193
-4.0052973292932883
-4.0052935901714894
-4.0052898714474425
-4.0052861800184862
-4.0052825222014574
-4.0052789037108054
-4.0052753296362491
-4.0052718044190687
-4.0932955869528165
-4.09330311751489
-4.0933105387832613
-4.0933178078695667
-4.0933248845423895
-4.0933317319304319
-4.0933383171121687
-4.0933446114645538
-4.0933505908938148
-4.0933562358485691
-4.0933615311905909
-4.0933664659418554
-4.0933710329360764
-4.0933752284073925
-4.0933790515459672
-4.0933825040464971
-4.0933855896710538
-4.0933883138428175
-4.0933906832821423
-4.0933927056919082
-4.0933943894950522
-4.093395743623967
-4.0933967773602724
-4.0933975002146159
-4.0933979218483483
-4.0933980520257833
-4.093397900591496
-4.0933974774663682
-4.0933967926564385
-4.0933958562693133
-4.0933946785337705
-4.0933932698195381
-4.0933916406475879
-4.0933898017470156
-4.093387763952113
-4.0933855382992812
-4.0933831359805666
-4.0933805683261379
-4.0933778467774955
-4.0933749828568438
-4.0933719881302446
-4.0933688741671377
-4.0933656524967539
-4.0933623345628085
-4.0933589316775478
-4.0933554549760354
-4.0933519153713469
-4.0933483235117425
-4.0933446897401433
-4.0933410240563575
-4.093337336082258
-4.0933336350300475
-4.0933299296735122
-4.0933262283221223
-4.0933225387976639
-4.0933188684129798
-4.0933152239523007
-4.0933116116525587
-4.0933080371849604
-4.0933045056360662
-4.0933010214875285
-4.1813229579609521
-4.1813302258488649
-4.1813374068859295
-4.1813444607012089
-4.1813513491207068
-4.1813580364089393
-4.1813644899788383
-4.1813706808175342
-4.181376583764532
-4.1813821776360616
-4.1813874452145452
-4.1813923731206399
-4.1813969515896234
-4.1814011741769495
-4.1814050374175507
-4.181408540461546
-4.1814116847061689
-4.1814144734401486
-4.1814169115128665
-4.1814190050368687
-4.1814207611287575
-4.1814221876905968
-4.1814232932315081
-4.1814240867257757
-4.1814245775057737
-4.1814247751839106
-4.181424689598809
-4.1814243307806933
-4.1814237089310637
-4.1814228344122117
-4.1814217177426638
-4.1814203695945853
-4.1814188007880499
-4.1814170223422344
-4.1814150453333934
-4.1814128810117683
-4.181410540739031
-4.1814080359656352
-4.1814053782045439
-4.181402579000796
-4.1813996498969557
-4.1813966023957985
-4.1813934479209616
-4.1813901977766097
-4.1813868631068489
-4.1813834548556619
-4.1813799837280108
-4.1813764601527144
-4.1813728942475272
-4.1813692957867143
-4.1813656741713503
-4.1813620384022929
-4.1813583970558907
-4.1813547582621533
-4.1813511296851456
-4.1813475185052331
-4.1813439314026475
-4.1813403745418745
-4.1813368535562034
-4.1813333735316878
-4.1813299389897951
-4.2693501567101846
-4.2693571423514323
-4.2693640595428812
-4.2693708710062452
-4.2693775407625649
-4.269384034716416
-4.2693903212295412
-4.2693963715686927
-4.2694021602263375
-4.2694076651150183
-4.2694128676453484
-4.2694177526972474
-4.2694223084997365
-4.2694265264378863
-4.2694304008063568
-4.2694339285284668
-4.2694371088581669
-4.2694399430798828
-4.2694424342185204
-4.2694445867687465
-4.2694464064500268
-4.2694478999910634
-4.2694490749451255
-4.269449939535483
-4.2694505025297156
-4.2694507731397264
-4.2694507609440091
-4.2694504758284344
-4.2694499279417562
-4.2694491276621918
-4.2694480855718755
-4.2694468124359783
-4.269445319181032
-4.2694436169044758
-4.2694417167947174
-4.2694396301667235
-4.2694373684204461
-4.2694349430136587
-4.2694323654332278
-4.2694296471639444
-4.2694267996550179
-4.2694238342848774
-4.2694207623249545
-4.2694175949031532
-4.2694143429675568
-4.26941101725098
-4.2694076282368298
-4.269404186126752
-4.2694007008103796
-4.2693971818373937
-4.2693936383920557
-4.2693900792702042
-4.269386512858607
-4.2693829471165952
-4.2693793895595658
-4.269375847244139
-4.2693723267544286
-4.2693688341889873
-4.2693653751477783
-4.2693619547185993
-4.2693585774621114
-4.357377242709644
-4.3573839333621587
-4.3573905705157632
-4.3573971198883061
-4.3574035479740534
-4.3574098226316789
-4.3574159136083965
-4.3574217929736987
-4.3574274354571445
-4.3574328186860019
-4.3574379233241496
-4.3574427331172521
-4.3574472348542734
-4.3574514182585142
-4.3574552758229022
-4.3574588026046728
-4.3574619959940541
-4.3574648554701367
-4.3574673823553187
-4.3574695795774527
-4.3574714514466679
-4.3574730034515872
-4.3574742420776635
-4.3574751746487079
-4.357475809191385
-4.3574761543212741
-4.3574762191484524
-4.3574760131999488
-4.3574755463564347
-4.3574748288003464
-4.3574738709727869
-4.3574726835357813
-4.357471277337023
-4.3574696633967314
-4.3574678528461908
-4.3574658569279583
-4.3574636869562751
-4.3574613542852898
-4.3574588702787578
-4.3574562462777342
-4.3574534935670934
-4.3574506233415775
-4.35744764667173
-4.3574445744701658
-4.3574414174585536
-4.3574381861357594
-4.3574348907474958
-4.3574315412577729
-4.3574281473224064
-4.357424718264725
-4.3574212630535314
-4.3574177902833409
-4.3574143081567502
-4.3574108244687952
-4.3574073465930327
-4.3574038814690148
-4.3574004355907485
-4.3573970149956995
-4.3573936252537528
-4.357390271455559
-4.3573869581995863
-4.4454042658727309
-4.445410654888919
-4.4454170022215314
-4.4454232765056174
-4.4454294468004933
-4.4454354831110772
-4.4454413568625526
-4.445447041308622
-4.4454525118686714
-4.4454577463862126
-4.4454627253056955
-4.4454674317694467
-4.4454718516406579
-4.4454759734611073
-4.4454797883543318
-4.4454832898858676
-4.4454864738923288
-4.4454893382904741
-4.4454918828763628
-4.4454941091231293
-4.4454960199843248
-4.4454976197080027
-4.4454989136651406
-4.4454999081944893
-4.4455006104647241
-4.4455010283537657
-4.4455011703442864
-4.4455010454339652
-4.4455006630586462
-4.4455000330265095
-4.4454991654612082
-4.4454980707513414
-4.4454967595030617
-4.4454952425109271
-4.4454935307030414
-4.4454916351200815
-4.4454895668728449
-4.4454873371075303
-4.4454849569725896
-4.4454824375848556
-4.4454797899957237
-4.4454770251577544
-4.4454741538919533
-4.4454711868559684
-4.4454681345134848
-4.4454650071050521
-4.4454618146206029
-4.4454585667738478
-4.4454552729787133
-4.4454519423278702
-4.4454485835734099
-4.445445205109591
-4.4454418149575634
-4.4454384207518798
-4.4454350297285554
-4.4454316487143553
-4.4454282841169626
-4.4454249419155536
-4.4454216276513154
-4.4454183464173429
-4.4454151028472371
-4.5334312671925874
-4.5334373530598864
-4.5334434063233919
-4.5334493984201076
-4.5334553009574572
-4.5334610861667439
-4.5334667273235167
-4.5334721991238434
-4.5334774780079581
-4.533482542422715
-4.5334873730182377
-4.5334919527782267
-4.5334962670864938
-4.5335003037352326
-4.5335040528821819
-4.5335075069653721
-4.5335106605845441
-4.5335135103583406
-4.533516054765812
-4.5335182939799257
-4.5335202296995263
-4.5335218649849951
-4.5335232041015736
-4.5335242523730672
-4.5335250160476104
-4.5335255021762375
-4.5335257185041913
-4.5335256733744211
-4.5335253756422969
-4.5335248346002475
-4.5335240599109898
-4.533523061547382
-4.5335218497369816
-4.533520434919569
-4.5335188276938583
-4.533517038783077
-4.5335150789898542
-4.5335129591577825
-4.5335106901355342
-4.5335082827413631
-4.5335057477285954
-4.533503095752315
-4.5335003373373919
-4.5334974828479453
-4.5334945424583681
-4.5334915261261051
-4.5334884435662488
-4.5334853042281154
-4.5334821172738557
-4.5334788915591027
-4.5334756356156651
-4.5334723576361711
-4.533469065460527
-4.533465766564051
-4.5334624680469791
-4.5334591766251089
-4.5334558986212015
-4.5334526399567476
-4.5334494061436272
-4.53344620227515
-4.6214582796109998
-4.6214640650141403
-4.6214698245826193
-4.6214755323915
-4.621481162510519
-4.6214866893921185
-4.6214920882391199
-4.6214973353447748
-4.6215024083944254
-4.6215072867204707
-4.6215119515054495
-4.6215163859309243
-4.6215205752727515
-4.6215245069455531
-4.6215281705010351
-4.6215315575862634
-4.6215346618686617
-4.6215374789349219
-4.6215400061708269
-4.621542242628558
-4.6215441888872846
-4.6215458469120039
-4.6215472199146186
-4.6215483122202814
-4.621549129141159
-4.6215496768589652
-4.6215499623169061
-4.6215499931211435
-4.6215497774514631
-4.6215493239805436
-4.6215486418009881
-4.621547740358845
-4.6215466293921272
-4.621545318879595
-4.6215438189866633
-4.6215421400224441
-4.6215402923915345
-4.6215382865529113
-4.6215361329815696
-4.6215338421314138
-4.6215314243999268
-4.6215288900946998
-4.6215262494017768
-4.6215235123558713
-4.6215206888124847
-4.6215177884219605
-4.6215148206055572
-4.6215117945335464
-4.6215087191053588
-4.6215056029317365
-4.6215024543188559
-4.6214992812543079
-4.6214960913947865
-4.6214928920553238
-4.6214896901998204
-4.6214864924326013
-4.6214833049906714
-4.6214801337362852
-4.621476984149405
-4.6214738613195365
-4.7094853289902039
-4.7094908199599166
-4.7094962899373893
-4.7095017154566756
-4.7095070729216362
-4.7095123389406846
-4.7095174906478423
-4.7095225060053174
-4.7095273640786548
-4.7095320452769354
-4.7095365315526454
-4.7095408065580617
-4.7095448557572883
-4.7095486664950066
-4.709552228024652
-4.7095555315000253
-4.7095585699352407
-4.7095613381384762
-4.7095638326250624
-4.7095660515153535
-4.7095679944224278
-4.7095696623340357
-4.7095710574926466
-4.7095721832766237
-4.7095730440849177
-4.7095736452270183
-4.7095739928192151
-4.7095740936878414
-4.7095739552796765
-4.7095735855794176
-4.7095729930337384
-4.7095721864811608
-4.7095711750868832
-4.7095699682878269
-4.7095685757347656
-4.709567007245238
-4.7095652727535429
-4.7095633822667828
-4.7095613458247199
-4.709559173461515
-4.7095568751696328
-4.7095544608660536
-4.7095519403607202
-4.7095493233271943
-4.709546619275411
-4.7095438375265868
-4.70954098719025
-4.7095380771433408
-4.7095351160113887
-4.7095321121516545
-4.7095290736381967
-4.7095260082487096
-4.7095229234530089
-4.7095198264029552
-4.7095167239236089
-4.7095136225053347
-4.709510528296585
-4.7095074470969269
-4.70950438434999
-4.7095013451358056
-4.7975124352381764
-4.7975176403009723
-4.7975228276815223
-4.797527976156581
-4.7975330643028284
-4.7975380707784572
-4.7975429745993186
-4.7975477554046968
-4.7975523937042492
-4.7975568710992214
-4.7975611704727088
-4.7975652761454572
-4.7975691739956066
-4.7975728515421512
-4.7975762979934649
-4.7975795042633207
-4.7975824629578367
-4.7975851683372648
-4.7975876162569664
-4.7975898040919081
-4.7975917306488869
-4.7975933960703792
-4.7975948017334371
-4.7975959501465866
-4.797596844847134
-4.7975974903007401
-4.7975978918046822
-4.7975980553957251
-4.7975979877632078
-4.7975976961676405
-4.797597188364854
-4.7975964725350604
-4.7975955572116833
-4.7975944512352635
-4.7975931636831595
-4.7975917038240992
-4.7975900810669687
-4.7975883049152417
-4.7975863849255393
-4.7975843306684602
-4.7975821516919606
-4.7975798574873405
-4.7975774574577299
-4.7975749608889693
-4.7975723769227603
-4.7975697145321297
-4.797566982498993
-4.7975641893939347
-4.7975613435579696
-4.7975584530863147
-4.7975555258139755
-4.7975525693030976
-4.7975495908318599
-4.7975465973847555
-4.7975435956440595
-4.7975405919821723
-4.7975375924546233
-4.7975346027932995
-4.7975316283996143
-4.7975286743370704
-4.8855396131227939
-4.8855445426922293
-4.8855494566419813
-4.8855543357995561
-4.8855591607466424
-4.8855639120606575
-4.885568570553553
-4.8855731175034922
-4.8855775348737707
-4.8855818055130493
-4.8855859133320969
-4.8855898434536176
-4.8855935823329926
-4.885597117849124
-4.8856004393656631
-4.8856035377639664
-4.8856064054499893
-4.8856090363379163
-4.8856114258137069
-4.8856135706820245
-4.8856154690998936
-4.8856171205004042
-4.8856185255094688
-4.8856196858583099
-4.8856206042939849
-4.8856212844898623
-4.8856217309575101
-4.8856219489612203
-4.8856219444359246
-4.8856217239091349
-4.8856212944277235
-4.885620663490247
-4.8856198389607091
-4.8856188290550353
-4.8856176422380457
-4.8856162871915663
-4.8856147727615724
-4.8856131079118121
-4.8856113016815037
-4.8856093631457469
-4.885607301378732
-4.8856051254196888
-4.8856028442414523
-4.8856004667215203
-4.8855980016154854
-4.8855954575328049
-4.8855928429147442
-4.8855901660144925
-4.885587434879282
-4.8855846573344381
-4.8855818409692491
-4.8855789931244979
-4.8855761208815025
-4.8855732310524909
-4.8855703301721052
-4.8855674244897553
-4.8855645199625926
-4.8855616222487344
-4.8855587367004008
-4.8855558683565095
-4.9735668733684131
-4.9735715390911794
-4.9735761903051943
-4.9735808096837975
-4.9735853796375
-4.9735898825188851
-4.9735943008274548
-4.9735986174101789
-4.9736028156537238
-4.9736068796633255
-4.9736107944240473
-4.9736145459411105
-4.9736181213571093
-4.9736215090447651
-4.9736246986749597
-4.9736276812605924
-4.9736304491775059
-4.9736329961644801
-4.9736353173044954
-4.9736374089899575
-4.9736392688744937
-4.9736408958141114
-4.973642289800166
-4.9736434518866242
-4.9736443841136486
-4.9736450894293434
-4.9736455716112093
-4.9736458351884867
-4.9736458853663628
-4.9736457279526816
-4.9736453692869622
-4.9736448161714648
-4.9736440758399265
-4.9736431558204357
-4.9736420639582422
-4.9736408083308836
-4.9736393972007216
-4.9736378389703502
-4.9736361421404265
-4.9736343152702585
-4.9736323669412137
-4.9736303057228781
-4.9736281401418294
-4.9736258786529319
-4.9736235296130129
-4.9736211012568754
-4.9736186016754491
-4.9736160387961199
-4.9736134203649902
-4.9736107539310286
-4.9736080468319965
-4.9736053061819643
-4.9736025388602974
-4.973599751501915
-4.9735969504886395
-4.9735941419413612
-4.9735913317128171
-4.9735885253806158
-4.9735857282401508
-4.9735829452970748
-5.061594223330304
-5.0615986376489648
-5.0616030378359929
-5.0616074082228755
-5.0616117328774797
-5.0616159957791993
-5.0616201809941641
-5.0616242728478014
-5.061628256092364
-5.061632116065125
-5.0616358388334515
-5.0616394113237559
-5.0616428214321729
-5.0616460581154232
-5.0616491114612643
-5.061651972738499
-5.0616546344271898
-5.0616570902303604
-5.0616593350687165
-5.0616613650603393
-5.0616631774874552
-5.0616647707524081
-5.0616661443249757
-5.0616672986830631
-5.0616682352486428
-5.061668956320597
-5.0616694650059362
-5.0616697651506026
-5.0616698612708779
-5.0616697584861177
-5.0616694624534366
-5.0616689793048391
-5.0616683155974229
-5.0616674782287312
-5.0616664744112683
-5.0616653116111303
-5.0616639975001503
-5.0616625399115218
-5.0616609467982805
-5.0616592261945579
-5.06165738617955
-5.0616554348441589
-5.0616533802601724
-5.061651230451921
-5.0616489933702358
-5.0616466768686923
-5.0616442886819693
-5.0616418364062579
-5.0616393274815801
-5.0616367691759381
-5.0616341685711417
-5.0616315325501908
-5.0616288677860481
-5.0616261807316612
-5.0616234776110005
-5.0616207644109235
-5.0616180468735887
-5.0616153304891407
-5.0616126204883054
-5.0616099218345409
-5.1496216677481064
-5.1496258435182263
-5.1496300049788948
-5.149634137948139
-5.1496382279891444
-5.1496422605619037
-5.1496462211735698
-5.1496500955263169
-5.1496538696624787
-5.1496575301033669
-5.1496610639783951
-5.1496644591418397
-5.1496677042752088
-5.1496707889737117
-5.1496737038159583
-5.1496764404165969
-5.1496789914620758
-5.1496813507302548
-5.1496835130949661
-5.149685474516847
-5.1496872320220737
-5.1496887836706664
-5.1496901285160774
-5.1496912665578147
-5.1496921986886308
-5.1496929266378668
-5.1496934529121843
-5.1496937807349425
-5.1496939139851641
-5.1496938571369606
-5.1496936151998565
-5.1496931936611468
-5.1496925984320008
-5.1496918357875643
-5.1496909123228543
-5.1496898349019498
-5.1496886106118822
-5.1496872467198802
-5.1496857506331102
-5.1496841298609795
-5.1496823919800505
-5.1496805446014537
-5.1496785953406921
-5.1496765517898062
-5.1496744214917429
-5.1496722119168838
-5.1496699304415978
-5.1496675843287516
-5.1496651807100475
-5.1496627265701118
-5.1496602287321389
-5.1496576938450875
-5.149655128372161
-5.1496525385804732
-5.1496499305317247
-5.1496473100736333
-5.1496446828319167
-5.1496420542025287
-5.1496394293438206
-5.1496368131682724
-5.2376492093462277
-5.2376531595364542
-5.2376570948306727
-5.2376610023750851
-5.2376648690767249
-5.2376686817370857
-5.2376724271794357
-5.2376760923761507
-5.2376796645739665
-5.2376831314150012
-5.2376864810507149
-5.2376897022464259
-5.2376927844745378
-5.2376957179950292
-5.2376984939223288
-5.2377011042779751
-5.2377035420290881
-5.2377058011129485
-5.23770787644838
-5.2377097639348893
-5.2377114604407282
-5.2377129637811937
-5.2377142726885033
-5.2377153867746973
-5.2377163064888679
-5.2377170330700569
-5.2377175684969668
-5.2377179154356286
-5.2377180771859084
-5.2377180576276761
-5.2377178611671811
-5.2377174926844612
-5.2377169574825686
-5.2377162612369013
-5.2377154099491996
-5.2377144099012352
-5.2377132676115146
-5.2377119897946542
-5.2377105833228823
-5.2377090551898782
-5.2377074124769409
-5.2377056623214475
-5.2377038118875197
-5.2377018683388838
-5.2376998388137554
-5.2376977304017709
-5.2376955501227922
-5.2376933049075483
-5.2376910015800124
-5.2376886468414101
-5.2376862472556942
-5.2376838092364961
-5.2376813390352774
-5.2376788427306318
-5.2376763262184935
-5.23767379520313
-5.2376712551885944
-5.2376687114704747
-5.2376661691275359
-5.2376636330129438
-5.3256768493304589
-5.3256805867928145
-5.3256843084879923
-5.3256880027327806
-5.3256916576421158
-5.3256952612278434
-5.3256988015091737
-5.3257022666221889
-5.3257056449277798
-5.3257089251167402
-5.3257120963096432
-5.3257151481495795
-5.3257180708859888
-5.325720855448413
-5.3257234935091216
-5.3257259775340966
-5.3257283008220879
-5.3257304575318898
-5.3257324426981709
-5.3257342522365789
-5.3257358829388535
-5.3257373324590649
-5.3257385992919035
-5.3257396827442758
-5.325740582901247
-5.3257413005874676
-5.3257418373250953
-5.3257421952892106
-5.3257423772615509
-5.3257423865833067
-5.3257422271076198
-5.3257419031526823
-5.3257414194549426
-5.3257407811243169
-5.3257399936005081
-5.3257390626107171
-5.3257379941292688
-5.3257367943393747
-5.3257354695968333
-5.3257340263956996
-5.3257324713360115
-5.3257308110935577
-5.3257290523916172
-5.3257272019746784
-5.3257252665839916
-5.3257232529350143
-5.3257211676965444
-5.3257190174715996
-5.3257168087798341
-5.3257145480415078
-5.3257122415628571
-5.3257098955227438
-5.3257075159605272
-5.3257051087649456
-5.3257026796639
-5.3257002342149198
-5.3256977777961092
-5.3256953155973301
-5.3256928526112937
-5.325690393624253
-5.4137045877804733
-5.4137081251063384
-5.4137116455825502
-5.4137151385685867
-5.4137185932626082
-5.4137219987648066
-5.413725344176564
-5.4137286186942362
-5.4137318117021129
-5.4137349128633501
-5.4137379122070692
-5.4137408002099772
-5.4137435678711103
-5.4137462067784563
-5.4137487091666667
-5.4137510679651353
-5.4137532768362204
-5.4137553302034824
-5.4137572232701734
-5.41375895202835
-5.4137605132592279
-5.4137619045255043
-5.4137631241564463
-5.4137641712266626
-5.4137650455294795
-5.4137657475458116
-5.4137662784094198
-5.4137666398693947
-5.4137668342506275
-5.4137668644129384
-5.4137667337095907
-5.4137664459463712
-5.4137660053378989
-5.413765416469416
-5.4137646842557912
-5.4137638139031328
-5.4137628108718703
-5.4137616808410716
-5.4137604296744959
-5.4137590633883672
-5.413757588120915
-5.4137560101036204
-5.4137543356342297
-5.4137525710514769
-5.4137507227114714
-5.4137487969657414
-5.4137468001408413
-5.4137447385194752
-5.4137426183231137
-5.4137404456959306
-5.4137382266900849
-5.4137359672521637
-5.4137336732107615
-5.4137313502649702
-5.4137290039737218
-5.4137266397457635
-5.4137242628300655
-5.41372187830643
-5.4137194910760247
-5.4137171058514824
-5.5017324239917809
-5.5017357733906778
-5.5017391047027182
-5.501742408235569
-5.501745674142434
-5.5017488925036977
-5.5017520533972482
-5.5017551469813482
-5.50175816357517
-5.5017610937371648
-5.5017639283406758
-5.5017666586453888
-5.5017692763634036
-5.5017717737188656
-5.501774143500346
-5.5017763791054
-5.5017784745769251
-5.5017804246311712
-5.501782224677469
-5.5017838708299145
-5.5017853599113922
-5.5017866894505083
-5.5017878576720136
-5.5017888634814227
-5.5017897064446126
-5.5017903867630613
-5.5017909052455494
-5.5017912632769779
-5.5017914627849995
-5.5017915062049916
-5.5017913964441769
-5.5017911368464247
-5.5017907311523055
-5.5017901834662375
-5.5017894982190629
-5.5017886801335694
-5.5017877341908061
-5.5017866655972236
-5.5017854797533214
-5.5017841822236591
-5.5017827787083462
-5.5017812750159427
-5.5017796770378702
-5.5017779907242899
-5.5017762220614363
-5.5017743770503724
-5.5017724616871604
-5.5017704819443756
-5.5017684437538934
-5.50176635299096
-5.501764215459394
-5.5017620368779028
-5.5017598228673608
-5.5017575789389879
-5.501755310483273
-5.5017530227594555
-5.5017507208854131
-5.5017484098277221
-5.5017460943915859
-5.5017437792103854
-5.5897603567224374
-5.5897635299454329
-5.5897666837479321
-5.5897698092843786
-5.5897728975540755
-5.5897759395212727
-5.5897789261419524
-5.5897818484441038
-5.5897846975971364
-5.58978746497929
-5.5897901422429221
-5.5897927213767504
-5.5897951947639148
-5.5897975552348749
-5.5897997961144599
-5.5898019112625219
-5.5898038951078481
-5.589805742675086
-5.5898074496047077
-5.5898090121661133
-5.5898104272641413
-5.589811692439338
-5.5898128058625023
-5.5898137663240055
-5.589814573218483
-5.5898152265254453
-5.589815726786564
-5.589816075080039
-5.5898162729927572
-5.5898163225907611
-5.5898162263888382
-5.5898159873167126
-5.5898156086917163
-5.5898150941822493
-5.589814447777874
-5.5898136737581119
-5.5898127766617849
-5.5898117612572156
-5.5898106325135029
-5.5898093955728747
-5.5898080557241814
-5.5898066183775921
-5.58980508904048
-5.5898034732945758
-5.5898017767743342
-5.5898000051465253
-5.5897981640910279
-5.589796259282811
-5.5897942963750253
-5.5897922809832084
-5.5897902186705259
-5.5897881149339632
-5.5897859751914183
-5.5897838047695823
-5.5897816088924541
-5.5897793926704065
-5.589777161089561
-5.5897749190013011
-5.5897726711116462
-5.5897704219702176
-5.6777883843967505
-5.6777913927006756
-5.67779438019019
-5.6777973387562852
-5.6778002601821704
-5.6778031362059469
-5.6778059585747247
-5.677808719102134
-5.6778114097282879
-5.6778140225787492
-5.6778165500207258
-5.6778189847170957
-5.6778213196771095
-5.6778235483030572
-5.6778256644320795
-5.6778276623728718
-5.6778295369367608
-5.6778312834630293
-5.677832897838397
-5.6778343765106891
-5.6778357164968627
-5.6778369153856776
-5.6778379713353067
-5.6778388830663404
-5.6778396498506094
-5.6778402714963221
-5.6778407483299951
-5.6778410811757052
-5.6778412713320083
-5.6778413205472846
-5.6778412309945789
-5.677841005241242
-5.6778406462258584
-5.6778401572271742
-5.6778395418369838
-5.6778388039325272
-5.6778379476490395
-5.6778369773529507
-5.6778358976157861
-5.6778347131888722
-5.677833428978909
-5.6778320500244579
-5.6778305814734358
-5.6778290285615762
-5.6778273965918951
-5.6778256909152214
-5.6778239169116747
-5.6778220799731871
-5.677820185486965
-5.6778182388199179
-5.6778162453039771
-5.6778142102222411
-5.6778121387959457
-5.6778100361720458
-5.6778079074114451
-5.6778057574776195
-5.6778035912255556
-5.6778014133907151
-5.6777992285779035
-5.677797041249641
-5.7658165052577663
-5.7658193593848308
-5.7658221912614254
-5.7658249934400008
-5.7658277583935629
-5.7658304785606935
-5.7658331463938506
-5.7658357544151926
-5.7658382952618927
-5.7658407617381897
-5.7658431468642446
-5.7658454439228679
-5.7658476465035964
-5.7658497485435021
-5.7658517443641628
-5.7658536287043942
-5.7658553967484174
-5.7658570441492127
-5.765858567047049
-5.7658599620830966
-5.7658612264082709
-5.7658623576874755
-5.7658633540994959
-5.7658642143328036
-5.7658649375777218
-5.7658655235152105
-5.765865972302775
-5.7658662845578039
-5.7658664613386303
-5.7658665041237658
-5.7658664147941794
-5.7658661956000214
-5.7658658491479367
-5.7658653783715366
-5.7658647865076862
-5.7658640770723393
-5.7658632538362138
-5.7658623208008368
-5.7658612821749982
-5.765860142351797
-5.7658589058862768
-5.7658575774737457
-5.7658561619288546
-5.7658546641654453
-5.7658530891771704
-5.765851442018965
-5.7658497277893108
-5.7658479516133383
-5.7658461186267376
-5.7658442339604496
-5.7658423027261216
-5.765840330002308
-5.7658383208212758
-5.7658362801564653
-5.7658342129103772
-5.7658321239028592
-5.7658300178595994
-5.7658278994006347
-5.765825773028685
-5.7658236431170167
-5.8538447174835859
-5.8538474276629699
-5.853850114129159
-5.8538527700255649
-5.8538553884351394
-5.8538579624328335
-5.8538604850912028
-5.8538629495753423
-5.8538653491504968
-5.853867677235244
-5.8538699274439558
-5.8538720936269559
-5.8538741699085683
-5.8538761507226891
-5.8538780308451992
-5.8538798054229444
-5.8538814699989343
-5.8538830205336314
-5.8538844534221743
-5.853885765507524
-5.8538869540895773
-5.8538880169303953
-5.8538889522556552
-5.8538897587526382
-5.8538904355649573
-5.8538909822843381
-5.8538913989397772
-5.8538916859844061
-5.853891844280434
-5.8538918750830078
-5.8538917800170465
-5.8538915610681777
-5.8538912205531997
-5.853890761102968
-5.8538901856410845
-5.8538894973624904
-5.853888699712094
-5.8538877963634697
-5.853886791197807
-5.8538856882831816
-5.853884491854215
-5.8538832062922159
-5.8538818361058267
-5.853880385912249
-5.8538788604190497
-5.8538772644066217
-5.8538756027112422
-5.853873880208825
-5.8538721017992899
-5.8538702723916005
-5.8538683968894158
-5.8538664801773264
-5.8538645271076684
-5.8538625424877804
-5.8538605310676841
-5.8538584975280452
-5.8538564464682761
-5.8538543823946201
-5.85385230970798
-5.8538502326913271
-5.9418730192726619
-5.9418755952333147
-5.9418781460004988
-5.941880665244426
-5.9418831465944848
-5.9418855836768429
-5.9418879701460279
-5.94189029972706
-5.9418925662527737
-5.9418947636975457
-5.9418968862148036
-5.9418989281723693
-5.9419008841851584
-5.9419027491460445
-5.9419045182541304
-5.9419061870401571
-5.941907751388908
-5.9419092075583011
-5.9419105521951812
-5.9419117823476988
-5.9419128954743083
-5.9419138894495021
-5.9419147625663395
-5.9419155135359816
-5.9419161414844339
-5.9419166459466926
-5.9419170268585493
-5.9419172845462587
-5.9419174197146427
-5.9419174334353793
-5.9419173271249814
-5.9419171025383646
-5.9419167617456878
-5.9419163071161725
-5.9419157413002326
-5.9419150672108714
-5.9419142880049725
-5.9419134070645603
-5.9419124279780524
-5.9419113545217028
-5.941910190641174
-5.9419089404334269
-5.9419076081289139
-5.9419061980741743
-5.9419047147147968
-5.9419031625788747
-5.9419015462609011
-5.9418998704061767
-5.9418981396956747
-5.9418963588314702
-5.9418945325226025
-5.9418926654714337
-5.94189076236046
-5.9418888278394641
-5.9418868665129949
-5.9418848829280648
-5.941882881561904
-5.9418808668096457
-5.9418788429717271
-5.9418768142408096
-6.0299014089055882
-6.0299038598980204
-6.0299062842037348
-6.02990867596115
-6.0299110292857891
-6.0299133383010695
-6.0299155971701914
-6.0299178001290805
-6.029919941516523
-6.0299220158077551
-6.0299240176443663
-6.0299259418644153
-6.029927783530896
-6.0299295379587114
-6.0299312007390107
-6.0299327677613528
-6.0299342352333865
-6.0299355996978585
-6.0299368580468613
-6.0299380075332802
-6.0299390457794004
-6.0299399707828032
-6.0299407809195298
-6.0299414749447582
-6.0299420519910276
-6.0299425115642782
-6.0299428535377491
-6.0299430781437797
-6.0299431859636998
-6.0299431779265253
-6.0299430552734954
-6.0299428195687987
-6.0299424726744038
-6.0299420167364577
-6.0299414541702205
-6.0299407876441498
-6.0299400200636226
-6.0299391545545324
-6.0299381944467205
-6.0299371432573778
-6.0299360046744752
-6.0299347825403071
-6.0299334808351741
-6.0299321036612588
-6.0299306552267762
-6.0299291398303776
-6.0299275618458763
-6.0299259257073174
-6.0299242358943959
-6.0299224969182372
-6.0299207133075425
-6.0299188895951037
-6.0299170303046212
-6.0299151399378061
-6.0299132229617181
-6.0299112837962046
-6.0299093268013646
-6.029907356264876
-6.0299053763890118
-6.0299033912771245
-6.1179298847886407
-6.1179322196131443
-6.1179345262462732
-6.1179367992421119
-6.1179390331481196
-6.117941222531897
-6.1179433620085941
-6.1179454462698324
-6.1179474701098036
-6.1179494284526257
-6.1179513163803101
-6.1179531291571498
-6.1179548622537228
-6.117956511371359
-6.1179580724626499
-6.1179595417505883
-6.1179609157457824
-6.1179621912614417
-6.1179633654260979
-6.1179644356940086
-6.117965399853202
-6.1179662560312664
-6.117967002698868
-6.1179676386711535
-6.117968163107129
-6.1179685755070921
-6.1179688757083008
-6.1179690638793147
-6.1179691405138739
-6.1179691064112829
-6.1179689626912142
-6.1179687107585403
-6.1179683523016886
-6.117967889279619
-6.117967323908382
-6.1179666586474735
-6.1179658961857903
-6.1179650394273191
-6.1179640914765381
-6.1179630556236626
-6.1179619353297827
-6.1179607342119384
-6.1179594560282231
-6.1179581046628817
-6.117956684111574
-6.1179551984667073
-6.1179536519029849
-6.1179520486631143
-6.117950393043766
-6.1179486893817501
-6.1179469420404526
-6.1179451553964865
-6.1179433338266085
-6.1179414816947677
-6.1179396033393276
-6.1179377030603082
-6.1179357851065888
-6.1179338536629233
-6.1179319128365863
-6.1179299666434837
-6.2059678553282707
-6.205966009894226
-6.2059641429885897
-6.2059622587556742
-6.2059603612825844
-6.2059584545855486
-6.2059565425956835
)
;

boundaryField
{
    hotWall
    {
        type            calculated;
        value           nonuniform List<scalar> 0();
    }
    coldWall
    {
        type            calculated;
        value           nonuniform List<scalar> 0();
    }
    bottomWall
    {
        type            calculated;
        value           nonuniform List<scalar> 0();
    }
    topWall
    {
        type            calculated;
        value           nonuniform List<scalar> 0();
    }
    front
    {
        type            empty;
    }
    back
    {
        type            empty;
    }
    procBoundary10to0
    {
        type            processor;
        value           nonuniform List<scalar> 
14
(
-3.3010218927506072
-3.3890540095293451
-3.477085735199418
-3.565117075646171
-3.6531480383492729
-3.7411786327397727
-3.8292088703596301
-3.9172387648536589
-4.0052683318259747
-4.0932975885934777
-4.1813265538678008
-4.269355247394782
-4.3573836895770981
-4.4454119011017337
)
;
    }
    procBoundary10to2
    {
        type            processor;
        value           nonuniform List<scalar> 
25
(
-4.5334430330158533
-4.5334430330158533
-4.6214707699363844
-4.70949833416201
-4.797525745322778
-4.8855530219342631
-4.9735801812587441
-5.0616072392152383
-5.1496342103333301
-5.2376611077446764
-5.3256879432058764
-5.4137147271462442
-5.5017414687344415
-5.5897681759584339
-5.677794855713838
-5.7658215138965652
-5.8538481554962774
-5.9418747846879203
-6.0299014049193582
-6.1179280189934859
-6.2939887494739279
-6.2939868808623993
-6.2939850033797091
-6.2059546291439949
-6.2939831208755228
)
;
    }
    procBoundary10to6
    {
        type            processor;
        value           nonuniform List<scalar> 3(-2.948885250720962 -3.0369152471487908 -3.1249510185231211);
    }
    procBoundary10to8
    {
        type            processor;
        value           nonuniform List<scalar> 
34
(
-3.2129857146424667
-3.3010193707957813
-3.3890520414160408
-3.4770837970549158
-3.5651147206500919
-3.6531449034264978
-3.7411744407799352
-3.8292034284530567
-3.9172319592420215
-4.0052601203827978
-4.0932879916760827
-4.1813156443311161
-4.2693431404512063
-4.3573705330434347
-4.4453978664316445
-4.5334251769470573
-4.6214524937904518
-4.7094798399713538
-4.7975072331315118
-4.8855346865982865
-4.9735622100028225
-5.0615898101292194
-5.1496174914803801
-5.2376452567953011
-5.3256731074817756
-5.4137010439649664
-5.5017290659707045
-5.5897571727460864
-5.6777853632330197
-5.7658136362010355
-5.8538419903477807
-5.9418704243735361
-6.0298989370354441
-6.1179275271859161
)
;
    }
    procBoundary10to9
    {
        type            processor;
        value           nonuniform List<scalar> 
57
(
-6.2059584454831782
-6.2059606725220782
-6.2059628698529758
-6.2059650323982147
-6.2059671550882163
-6.2059692328850309
-6.2059712608061739
-6.2059732339487601
-6.205975147513545
-6.2059769968282259
-6.2059787773698094
-6.2059804847878466
-6.205982114921885
-6.2059836638259798
-6.2059851277844791
-6.2059865033286474
-6.2059877872516687
-6.2059889766217893
-6.2059900687935281
-6.2059910614170102
-6.205991952445312
-6.2059927401400055
-6.2059934230747373
-6.2059940001371299
-6.2059944705289407
-6.2059948337645485
-6.2059950896678524
-6.2059952383679349
-6.2059952802948013
-6.2059952161674055
-6.2059950469945901
-6.2059947740591346
-6.2059943989101924
-6.2059939233532377
-6.2059933494389732
-6.2059926794516977
-6.2059919158972727
-6.2059910614906402
-6.2059901191430606
-6.2059890919489877
-6.2059879831727818
-6.2059867962352024
-6.2059855346997947
-6.2059842022591729
-6.2059828027213007
-6.2059813399957067
-6.2059798180798111
-6.2059782410452797
-6.2059766130244665
-6.2059749381970182
-6.205973220776575
-6.2059714649976234
-6.2059696751024536
-6.2059696751024536
-6.2939942624694938
-6.2939924442986861
-6.2939906052844838
)
;
    }
    procBoundary10to11
    {
        type            processor;
        value           nonuniform List<scalar> 
63
(
-2.9488916214685332
-2.9488974942615207
-2.9489028807305848
-2.9489078053314346
-2.9489123019130385
-2.9489164103767957
-2.9489201736584505
-2.9489236351673331
-2.9489268367355019
-2.9489298170694962
-2.9489326106604716
-2.948935247090307
-2.9489377506666705
-2.9489401403235029
-2.9489424297306788
-2.9489446275649813
-2.9489467379023164
-2.9489487606978182
-2.9489506923257496
-2.9489525261555007
-2.9489542531433477
-2.9489558624226273
-3.0369972746026259
-3.0369972746026259
-3.0369983932821794
-3.0369993463479075
-3.0370001233132653
-3.0370007142091886
-3.0370011099251015
-3.0370013024938216
-3.0370012853199189
-3.0370010533526655
-3.0370006032059167
-3.0369999332283664
-3.0369990435283061
-3.0369979359576309
-3.0369966140600817
-3.0369950829888999
-3.0369933493989922
-3.0369914213185272
-3.0369893080047272
-3.0369870197882363
-3.0369845679093466
-3.0369819643506841
-3.1250140647403013
-3.2130483749095533
-3.2130483749095533
-3.2130452345432445
-3.2130419954927159
-3.2130386706300977
-3.2130352727229403
-3.213031814308946
-3.2130283075778565
-3.2130247642605632
-3.2130211955250809
-3.2130176118792435
-3.2130140230791722
-3.213010438042482
-3.2130068647653642
-3.2130033102421351
-3.2129997803853003
-3.212996279944647
-3.2129928124236615
)
;
    }
}


// ************************************************************************* //
