#              distance                     U_x                     U_y                     U_z                       T
  6.939740885162004e-18                       0                       0                       0       299.9708463874866
  0.0003906250000000001  -1.840902061519222e-05   2.596758618155894e-09                       0       299.9708423419984
  0.0007812500000000002  -3.588272447286093e-05   1.120296941625012e-08                       0       299.9708221145544
            0.001171875  -5.267994015849998e-05   2.453609831942293e-08                       0       299.9707884334704
              0.0015625  -6.902616372945207e-05   4.102050595931442e-08                       0       299.9707457832895
            0.001953125   -8.42881399290465e-05   6.422486410446407e-08                       0        299.970684484509
             0.00234375  -9.913328492348508e-05   8.968394953326112e-08                       0       299.9706171272032
            0.002734375  -0.0001133531831101899   1.185251258875302e-07                       0       299.9705406821094
               0.003125  -0.0001267724131456114   1.511776732562192e-07                       0       299.9704547160325
            0.003515625  -0.0001397993671663141   1.855674896328241e-07                       0       299.9703645894096
   0.003906250000000001  -0.0001520578852794274   2.230950110266755e-07                       0       299.9702673415927
            0.004296875  -0.0001637636727970368   2.625004513551404e-07                       0       299.9701664124168
              0.0046875   -0.000175100973250985    3.03157837640028e-07                       0        299.970063029017
            0.005078125  -0.0001855554140157288   3.462048204340147e-07   1.062708825911027e-31       299.9699560536441
   0.005468750000000001  -0.0001956716644209466   3.899318624565753e-07   1.678031508033399e-31       299.9698485744794
   0.005859374999999999  -0.0002052806292868754   4.346789933219964e-07   1.622274974472724e-31       299.9697403396269
                0.00625  -0.0002142423383736042    4.80274732023385e-07    8.05561833880323e-32       299.9696328030088
            0.006640625  -0.0002228875049036711   5.261767668530568e-07                       0       299.9695260040249
             0.00703125  -0.0002309137569863015   5.724553783598998e-07                       0       299.9694214573604
   0.007421875000000001  -0.0002384964912704303   6.186915209544916e-07                       0       299.9693196578464
              0.0078125  -0.0002457835470222113   6.648993509408783e-07                       0        299.969219689749
   0.008203125000000002  -0.0002523648742209903    7.10542529864128e-07                       0       299.9691258938898
   0.008593750000000001  -0.0002586769064669385   7.557809536530572e-07                       0       299.9690351404007
   0.008984374999999999   -0.000264584996283642   8.004122447405093e-07                       0       299.9689489504685
   0.009375000000000001  -0.0002699797107641516   8.439126608252795e-07                       0       299.9688698717185
            0.009765625  -0.0002751238476066433   8.867761632273316e-07                       0       299.9687945768121
             0.01015625  -0.0002797790492332623   9.282228859012538e-07                       0       299.9687273061038
            0.010546875  -0.0002840853023575954   9.684184046521838e-07                       0       299.9686666584256
              0.0109375  -0.0002881589231470714   1.007779787454445e-06                       0       299.9686104261008
            0.011328125   -0.000291679596550039   1.044783070659426e-06                       0       299.9685661154408
             0.01171875  -0.0002949901658152433   1.080750049660432e-06                       0       299.9685268800052
            0.012109375  -0.0002979855788738025   1.115162572355456e-06                       0       299.9684952574059
                 0.0125  -0.0003005821836495212   1.147347159256177e-06                       0       299.9684743109954
            0.012890625  -0.0003029845489390912   1.178386310690083e-06                       0       299.9684588137186
             0.01328125  -0.0003050087645669731   1.207071656051397e-06                       0        299.968454436855
            0.013671875  -0.0003067643126431297   1.233918283929672e-06                       0       299.9684586765635
              0.0140625  -0.0003083407490181182   1.259539100152498e-06                       0       299.9684686606355
            0.014453125  -0.0003094934106456054    1.28200636130182e-06                       0       299.9684933779885
             0.01484375  -0.0003104858080288232   1.303189137700032e-06                       0        299.968524104893
            0.015234375  -0.0003112378090456711   1.322445186971731e-06                       0       299.9685638461577
               0.015625  -0.0003116870715594777   1.339109698967911e-06                       0       299.9686157786668
    0.01601562500000001  -0.0003119892398716675   1.354478298373014e-06                       0       299.9686738358942
             0.01640625  -0.0003120057698804315   1.367254784689556e-06                       0       299.9687442007503
            0.016796875  -0.0003118203880191454   1.378102059300454e-06                       0       299.9688238451762
              0.0171875  -0.0003115003982444925   1.387663192774223e-06                       0        299.968909675982
            0.017578125  -0.0003108635853102387   1.394057274513163e-06                       0       299.9690109953975
             0.01796875  -0.0003101075956657107   1.399212461278351e-06                       0       299.9691184978386
            0.018359375  -0.0003091728409557713   1.402509305582926e-06                       0       299.9692352748182
                0.01875   -0.000308014199125261   1.403399827480751e-06                       0       299.9693643538794
            0.019140625  -0.0003067470740434365   1.403108563667071e-06                       0       299.9694995591125
             0.01953125  -0.0003052699030769305   1.400496479414222e-06                       0       299.9696469669556
    0.01992187500000001  -0.0003036451203717619   1.396217260974944e-06                       0       299.9698034280877
              0.0203125  -0.0003019219298408223   1.390826619744748e-06                       0       299.9699659247493
    0.02070312500000001  -0.0002999685117090136   1.382793563128639e-06                       0         299.97014330976
             0.02109375  -0.0002979290282817857   1.373762715726408e-06   2.083012480136533e-31       299.9703265570344
            0.021484375  -0.0002957604469114174   1.363235182144995e-06   7.290543680482948e-31       299.9705185976927
               0.021875   -0.000293431219143984    1.35083839373241e-06   4.166024960272527e-31       299.9707221538144
            0.022265625  -0.0002910244011405494   1.337540199461676e-06  -2.445897247887758e-31       299.9709314103512
             0.02265625  -0.0002884678685901767   1.322505636589273e-06  -1.467538348732794e-30       299.9711519530867
            0.023046875  -0.0002858068460732245   1.306272356553908e-06  -1.616523652448737e-30       299.9713807752725
              0.0234375  -0.0002830761635785546   1.289239931743194e-06  -1.049533409345654e-30       299.9716151170938
    0.02382812500000001  -0.0002801836717856222    1.27038709427338e-06  -3.935750285048404e-31       299.9718629302057
             0.02421875  -0.0002772311391197824   1.250878384434109e-06                       0       299.9721159941762
            0.024609375  -0.0002741885451445793    1.23038586604069e-06                       0       299.9723769344322
                  0.025  -0.0002710347435787165    1.20872762117619e-06   5.802789703160605e-30       299.9726480900512
            0.025390625  -0.0002678274376951067    1.18652309360857e-06   1.160690031563335e-29       299.9729242794847
             0.02578125  -0.0002645173221311698    1.16329916169979e-06   1.161350486219371e-29       299.9732103888143
            0.026171875  -0.0002611360520096184   1.139419848992914e-06   1.161009401656256e-29       299.9735037109579
              0.0265625  -0.0002577073455163269   1.115103615754065e-06   1.160000624280334e-29       299.9738018416473
            0.026953125  -0.0002541694120773276   1.089874843365943e-06   1.157349875790717e-29       299.9741116080407
             0.02734375  -0.0002505913181541201     1.0643516207284e-06   8.668195700226927e-30       299.9744258723642
            0.027734375  -0.0002469529835045957    1.03838672271662e-06   1.444699283371158e-30       299.9747468835775
               0.028125  -0.0002432409729316652   1.011970520800004e-06                       0       299.9750765751197
            0.028515625  -0.0002394936855071924   9.853619863132432e-07                       0       299.9754105275439
             0.02890625  -0.0002356789665999908   9.584354254510606e-07                       0       299.9757528432074
            0.029296875  -0.0002318180680596943   9.313665278569619e-07                       0       299.9761011931847
    0.02968750000000001  -0.0002279263830973418   9.042027391082242e-07   1.468436762000717e-44       299.9764535660472
            0.030078125   -0.000223964591435085   8.769549302839122e-07   1.095079121000861e-30       299.9768156000329
             0.03046875  -0.0002199773224961715   8.497316701232565e-07   1.765960028998831e-30       299.9771813408404
            0.030859375  -0.0002159518376422678   8.225452329583639e-07   1.800543617495622e-30       299.9775526418729
                0.03125  -0.0002118801866552722   7.955174468753742e-07    9.03730167597861e-31       299.9779310436841
            0.031640625  -0.0002077865676333583   7.685945749078175e-07                       0        299.978312918441
             0.03203125  -0.0002036512426049099   7.419327083204358e-07                       0       299.9787015842688
            0.032421875  -0.0001994877473583499   7.155376810718931e-07                       0       299.9790951139694
    0.03281249999999999  -0.0001953054719663865   6.893205467158714e-07                       0       299.9794918862584
            0.033203125  -0.0001910810524210648   6.636567641861397e-07                       0       299.9798963880801
    0.03359375000000001  -0.0001868415540424524   6.382537032587668e-07                       0       299.9803038333939
            0.033984375  -0.0001825794374138977   6.132417247347402e-07                       0       299.9807156939357
               0.034375    -0.00017829044666407   5.888216275239877e-07                       0       299.9811331500524
            0.034765625  -0.0001739887744527353   5.647129664723603e-07                       0       299.9815533325096
             0.03515625  -0.0001696632505166451   5.412581687443722e-07                       0       299.9819788247537
    0.03554687499999999   -0.000165321918262114   5.183338547481537e-07                       0       299.9824080894039
              0.0359375  -0.0001609700471286237   4.957631965728735e-07                       0       299.9828398689949
            0.036328125  -0.0001565950013118481   4.741327897648766e-07                       0       299.9832775936356
    0.03671875000000001  -0.0001522118427638587    4.52896661160458e-07                       0       299.9837175624947
    0.03710937500000001  -0.0001478165151190499   4.322519498614587e-07                       0       299.9841608976828
    0.03750000000000001  -0.0001434070645522713   4.124236882272346e-07                       0       299.9846084600107
    0.03789062500000001  -0.0001389910281587301   3.930085384411374e-07                       0       299.9850580721748
             0.03828125  -0.0001345627713800978    3.74429386383287e-07                       0       299.9855116565215
            0.038671875  -0.0001301266348377016   3.564857540712384e-07                       0        299.985968033531
              0.0390625  -0.0001256852451194656   3.389658015897726e-07                       0       299.9864262723227
    0.03945312500000001  -0.0001212326434544816   3.225092668130336e-07                       0       299.9868888625985
    0.03984375000000001  -0.0001167762423053951   3.064759105524441e-07                       0       299.9873530753654
            0.040234375   -0.000112314141930153   2.910773220662937e-07                       0       299.9878197218641
    0.04062500000000001    -0.00010784565778099   2.765132322354114e-07                       0       299.9882893831348
            0.041015625  -0.0001033742493431678   2.623616324565082e-07                       0       299.9887604956768
    0.04140625000000001  -9.889752752465247e-05   2.490254942297777e-07                       0       299.9892343985987
            0.041796875  -9.441752265420022e-05   2.362815394802811e-07                       0       299.9897102302033
              0.0421875  -8.993532908245767e-05   2.239323737156812e-07                       0       299.9901873475997
            0.042578125  -8.544867844543442e-05   2.125297173732375e-07                       0       299.9906674126448
             0.04296875  -8.096059374306787e-05   2.014864285238667e-07   8.518765382119058e-31       299.9911485525589
            0.043359375   -7.64703579426849e-05   1.909821909140247e-07   2.981567883741743e-30       299.9916313047717
                0.04375  -7.197784712573502e-05   1.811525212381653e-07   3.419858033408583e-30       299.9921160030736
            0.044140625  -6.748432339105976e-05   1.716477772316851e-07     3.0031836747228e-30       299.9926016246139
             0.04453125  -6.298902300204939e-05   1.627681679694088e-07   8.580524784922668e-31       299.9930889930175
            0.044921875  -5.849269995647319e-05   1.543167205415817e-07                       0       299.9935775251947
    0.04531250000000001  -5.399569513985338e-05   1.461507143368256e-07                       0       299.9940668332239
            0.045703125  -4.949740742489396e-05   1.386250515400569e-07                       0       299.9945578415176
             0.04609375  -4.499874183479464e-05   1.313242837371169e-07                       0       299.9950494358279
            0.046484375  -4.049950943198443e-05   1.243608584251121e-07                       0       299.9955419091584
               0.046875   -3.59997343125811e-05   1.177813525762802e-07                       0       299.9960353692155
    0.04726562500000001  -3.149972896490935e-05   1.113766179407651e-07                       0       299.9965292769074
             0.04765625  -2.699934542076629e-05   1.052870486953233e-07                       0         299.99702398848
            0.048046875  -2.249877193664227e-05   9.938050887507713e-08                       0       299.9975191673449
              0.0484375   -1.79980718258646e-05   9.359598867162685e-08                       0       299.9980146577417
            0.048828125    -1.3497172940004e-05   8.802529341194864e-08                       0       299.9985107029148
             0.04921875  -8.996230712105805e-06   8.250297430669654e-08                       0        299.999006880959
            0.049609375  -4.495223471150899e-06   7.705321943303012e-08                       0       299.9995032583049
                   0.05    5.81124143277531e-09   7.162510975971169e-08                       0       299.9999997239806
    0.05039062500000001   4.506845980031017e-06   6.618897888872068e-08   -3.35366615581652e-31       300.0004961895271
             0.05078125   9.007853351058426e-06   6.069911802682589e-08  -2.012199693489861e-30       300.0009925662271
    0.05117187500000001   1.350879579008039e-05   5.511262639379541e-08   -2.92100972412901e-30       300.0014887432389
    0.05156250000000001   1.800969494109903e-05   4.946171424666969e-08  -3.317804389922068e-30        300.001984787135
    0.05195312500000001   2.251039546208141e-05   4.355685656593398e-08    -1.2441766462207e-30       300.0024802755953
             0.05234375   2.701096942033558e-05   3.751392532656674e-08                       0       300.0029754522659
            0.052734375   3.151135353449948e-05   3.126388374924038e-08                       0       300.0034701612706
    0.05312500000000001   3.601135959554103e-05    2.46665541038501e-08  -8.473653985757987e-31       300.0039640658974
            0.053515625   4.051113550472981e-05   1.787838745178453e-08  -1.773856536576826e-30       300.0044575226254
    0.05390625000000001   4.501036885963249e-05   1.067416084163651e-08  -2.169485233703595e-30       300.0049499921461
    0.05429687500000001   4.950903554015706e-05   3.108471078655806e-09  -1.454835445346333e-30       300.0054415822592
              0.0546875   5.400732443776654e-05  -4.698194119604171e-09                       0       300.0059325861236
    0.05507812500000001   5.850433069883985e-05  -1.318543184627325e-08                       0       300.0064218891175
             0.05546875   6.300065530731865e-05  -2.197421434447635e-08                       0       300.0069104160235
            0.055859375   6.749595743690735e-05  -3.121531399988985e-08                       0       300.0073977788044
                0.05625   7.198948317854473e-05  -4.111377995171973e-08                       0        300.007883394269
            0.056640625   7.648199614339678e-05  -5.135329341934417e-08                       0       300.0083680862554
    0.05703125000000001   8.097223438907294e-05   -6.22996306531167e-08                       0       300.0088508317122
            0.057421875   8.546032178375845e-05  -7.380922838385592e-08                       0       300.0093319645456
              0.0578125   8.994697527778469e-05  -8.569433311265914e-08                       0       300.0098120222998
    0.05820312500000001     9.4429172158668e-05  -9.856632233792317e-08                       0       300.0102891318697
    0.05859375000000001   9.890918053513796e-05  -1.118492594751018e-07  -8.210426088761313e-31       300.0107649554533
    0.05898437500000002   0.0001033859061549884  -1.257486184801121e-07  -2.873649131066521e-30       300.0112388500579
    0.05937500000000001   0.0001078573188189259  -1.404957701995848e-07  -3.265704884023519e-30       300.0117099539017
            0.059765625   0.0001123258074139093  -1.556715794238309e-07  -2.841334415974436e-30       300.0121796062652
             0.06015625   0.0001167879126890038  -1.717142259528295e-07   -8.11809833135592e-31       300.0126462435042
            0.060546875   0.0001212443190984519  -1.884158944099349e-07   5.936458511425413e-31        300.013110446752
    0.06093750000000001   0.0001256969262641386  -2.055569108190068e-07   1.583055603046282e-30       300.0135730273457
            0.061328125   0.0001301383221128967  -2.238017577789736e-07  -1.016797108055595e-29       300.0140312560326
             0.06171875   0.0001345744650471452  -2.424864401702129e-07  -1.778532834967994e-29        300.014487622796
            0.062109375   0.0001390027286096281  -2.618308757084607e-07  -1.920218149708562e-29        300.014941196671
                 0.0625   0.0001434187723231348  -2.820435888417078e-07  -9.742776063282772e-30       300.0153907980741
    0.06289062500000001   0.0001478282304797152   -3.02685542384704e-07                       0        300.015838349512
             0.06328125   0.0001522235662575597  -3.241761799705992e-07                       0       300.0162816735483
    0.06367187499999999   0.0001566067333458268  -3.462823644025664e-07                       0       300.0167216310913
    0.06406250000000002    0.000160981787974381  -3.687989133987693e-07                       0       300.0171593443144
            0.064453125   0.0001653336685875092  -3.922958297112973e-07                       0       300.0175911122012
    0.06484375000000001   0.0001696750105797237  -4.161623979620382e-07                       0       300.0180203650757
    0.06523437500000001    0.000174000544640556   -4.40583444120007e-07                       0       300.0184458454116
               0.065625   0.0001783022274638493  -4.656902223600093e-07                       0       300.0188660158125
    0.06601562499999999   0.0001825912290590863  -4.911243339032974e-07                       0        300.019283459806
             0.06640625   0.0001868533569796397  -5.171820465775093e-07                       0       300.0196953081088
    0.06679687500000001   0.0001910928669450401  -5.436544987288377e-07                       0       300.0201027411098
    0.06718749999999998    0.000195317298273681   -5.70403443864887e-07                       0       300.0205072305909
            0.067578125   0.0001994995858558446  -5.977449093520165e-07                       0        300.020903990439
    0.06796875000000001   0.0002036630934140153  -6.252798142644433e-07                       0       300.0212975077052
            0.068359375   0.0002077984309361789  -6.531048783148113e-07                       0       300.0216861610716
    0.06875000000000001   0.0002118920625956951  -6.812217621938711e-07                       0       300.0220680233784
    0.06914062500000001   0.0002159637262631929  -7.094588877445232e-07                       0       300.0224464127301
             0.06953125   0.0002199892238252883  -7.378851601519262e-07                       0        300.022817701354
    0.06992187500000002   0.0002239765053922937  -7.663708558360546e-07                       0       300.0231834298054
              0.0703125   0.0002279383096292383  -7.948961670380548e-07                       0       300.0235454514757
    0.07070312500000001   0.0002318300068406359  -8.233746141247051e-07                       0       300.0238978121426
             0.07109375   0.0002356909174128018  -8.517728027223906e-07                       0       300.0242461500017
    0.07148437499999999   0.0002395056480261245  -8.800506035865366e-07                       0       300.0245884536538
    0.07187499999999999   0.0002432529465276807  -9.080391297007642e-07                       0       300.0249223942287
            0.072265625    0.000246964967809132  -9.358495560848217e-07                       0       300.0252520740129
    0.07265625000000001   0.0002506033123219071  -9.632368582977035e-07                       0       300.0255730736812
    0.07304687500000001   0.0002541814152956764  -9.902031443283862e-07                       0         300.02588732664
              0.0734375   0.0002577193572434473  -1.016888752904385e-06                       0       300.0261970817992
    0.07382812500000001   0.0002611480705650093  -1.042695378553183e-06                       0       300.0264952015779
             0.07421875   0.0002645293467008638  -1.068078120437252e-06                       0       300.0267885129751
    0.07460937500000001   0.0002678394670581486  -1.092825036674182e-06                       0       300.0270746117897
    0.07500000000000001   0.0002710467758008192  -1.116577775318496e-06                       0        300.027350791051
    0.07539062500000002   0.0002742005791763491  -1.139796612936662e-06                       0       300.0276219366821
    0.07578125000000002    0.000277243172697904  -1.161874024043023e-06                       0        300.027882867319
            0.076171875    0.000280195702949093  -1.182985092864166e-06                       0       300.0281359219751
    0.07656250000000002   0.0002830881910200485  -1.203451933495381e-06                       0       300.0283837259881
    0.07695312500000001   0.0002858188660579839  -1.222126095207769e-06                       0       300.0286180592436
    0.07734374999999999   0.0002884798794272595  -1.240011607526813e-06                       0       300.0288468731074
    0.07773437499999999   0.0002910364002935364  -1.256714145755656e-06                       0       300.0290674078735
               0.078125    0.000293443202816999  -1.271700009815226e-06                       0        300.029276656948
    0.07851562500000001    0.000295772413098369  -1.285793964778741e-06                       0       300.0294802058514
    0.07890625000000001    0.000297940972754253  -1.298036957527404e-06                       0       300.0296722398364
    0.07929687499999999   0.0002999804309585492  -1.308795848945912e-06                       0       300.0298554808343
    0.07968750000000001   0.0003019338215284756  -1.318565339477757e-06                       0       300.0300328598628
            0.080078125   0.0003036569780694547   -1.32571135253841e-06                       0       300.0301953512559
    0.08046875000000001   0.0003052817239747554  -1.331752642025708e-06                       0       300.0303518074282
    0.08085937500000001   0.0003067588539265334  -1.336136846152981e-06                       0       300.0304992107643
    0.08125000000000002   0.0003080259318860604  -1.338211748045029e-06                       0       300.0306344121219
    0.08164062500000002   0.0003091845234166299  -1.339110119681164e-06                       0       300.0307634876029
             0.08203125   0.0003101192212237266  -1.337611672529011e-06                       0       300.0308802616592
    0.08242187500000001   0.0003108751486382872  -1.334260394324184e-06                       0       300.0309877616717
    0.08281250000000001   0.0003115118957911569  -1.329673895417562e-06                       0       300.0310890789883
    0.08320312499999999   0.0003118318102793732  -1.321926653196626e-06                       0       300.0311749085361
    0.08359375000000001   0.0003120171128027018  -1.312894565768243e-06                       0       300.0312545520458
            0.083984375   0.0003120004973786987  -1.301935210528658e-06                       0       300.0313249164976
    0.08437500000000001   0.0003116982350551247  -1.288383719681551e-06                       0       300.0313829740105
    0.08476562500000001   0.0003112488741110156  -1.273535609886045e-06                       0       300.0314349071505
             0.08515625   0.0003104967655843362  -1.256093159904271e-06                       0       300.0314746497392
    0.08554687500000001   0.0003095042535293062  -1.236719665873096e-06   3.972652495330067e-32       300.0315053784945
    0.08593750000000001   0.0003083514724553828  -1.216058809142375e-06   1.059373998750803e-31       300.0315300980344
    0.08632812500000001   0.0003067749041320054  -1.192233287184596e-06   1.691144214286389e-31        300.031540085153
    0.08671875000000001   0.0003050192188912607  -1.167175850432703e-06   7.845245829042749e-32         300.03154432824
    0.08710937500000002   0.0003029948582744595  -1.140270541489606e-06  -2.429679818848405e-31       300.0315399552742
    0.08750000000000002   0.0003005923371576064  -1.110995709384532e-06  -3.568409882070058e-31       300.0315244625673
    0.08789062499999999   0.0002979955710410113  -1.080566655714024e-06  -3.556261681826737e-31       300.0315035210176
    0.08828125000000001   0.0002949999854256054  -1.047890238944193e-06  -1.016074766234733e-31       300.0314719039447
    0.08867187500000002   0.0002916892349317357  -1.013641858111375e-06                       0       300.0314326744927
    0.08906249999999999   0.0002881683745188939  -9.783455012365865e-07   7.540487199343966e-47       300.0313883701245
    0.08945312499999999   0.0002840945518752671  -9.406567035819967e-07    4.34679492367269e-31       300.0313321448242
             0.08984375   0.0002797880908200189    -9.0211785906737e-07   7.186773014565094e-31       300.0312715044439
    0.09023437499999999   0.0002751326721473386  -8.623039442626375e-07   7.766525856301352e-31       300.0312042414434
    0.09062500000000001     0.00026998830586249   -8.21036852763018e-07   3.941238212325869e-31       300.0311289547529
    0.09101562499999999   0.0002645933556893973  -7.791134470969818e-07   1.208614147730137e-31       300.0310498844435
    0.09140624999999999   0.0002586850175755536  -7.360179614603219e-07    7.25168488638215e-31       300.0309637034147
            0.091796875   0.0002523727274469903   -6.92280653885533e-07   9.988965136570516e-31       300.0308729591208
    0.09218750000000002   0.0002457911359752709  -6.481154650186297e-07   1.052238506111709e-30       300.0307791726387
    0.09257812500000001    0.000238503799789582  -6.033211933636452e-07   3.945894397918847e-31       300.0306792143248
    0.09296875000000002    0.000230920778543925    -5.5847006390898e-07                       0         300.03057742471
    0.09335937500000001   0.0002228942297083081  -5.135336477547699e-07                       0       300.0304728881337
                0.09375   0.0002142487532561543  -4.689109149160058e-07                       0       300.0303660994029
    0.09414062500000001   0.0002052867276345167   -4.24561514826944e-07                       0       300.0302585730814
    0.09453125000000001   0.0001956774329515041  -3.809917624212786e-07                       0       300.0301503485787
    0.09492187500000002   0.0001855608426718499   -3.38385626542909e-07                       0       300.0300428797376
    0.09531249999999999    0.000175106055327752  -2.964219016827066e-07                       0       300.0299359146441
            0.095703125   0.0001637683913303142  -2.567453893892607e-07                       0       300.0298325412911
    0.09609375000000001    0.000152062233374061  -2.182764257461864e-07                       0       300.0297316219774
            0.096484375   0.0001398033344795861  -1.816187850786732e-07                       0       300.0296343837225
    0.09687499999999999   0.0001267759855821651  -1.480028669845882e-07                       0       300.0295442659835
    0.09726562500000001   0.0001133563535154282  -1.160743495442257e-07                       0       300.0294583083257
             0.09765625   9.913603877437827e-05  -8.785371214533471e-08                       0       300.0293818704781
    0.09804687500000001   8.429046588667373e-05  -6.293190879333821e-08                       0       300.0293145191402
    0.09843750000000001   6.902805423453643e-05  -4.020932813927457e-08                       0       300.0292532254887
    0.09882812499999999   5.268137530940146e-05   -2.40617577011893e-08                       0         300.02921057837
    0.09921875000000002   3.588369577457589e-05   -1.09885651838198e-08                       0       300.0291768995985
            0.099609375   1.840951532521393e-05   -2.52693954752469e-09                       0       300.0291566733042
                    0.1                       0                       0                       0       300.0291526280467
