/*--------------------------------*- C++ -*----------------------------------*\
  =========                 |
  \\      /  F ield         | OpenFOAM: The Open Source CFD Toolbox
   \\    /   O peration     | Website:  https://openfoam.org
    \\  /    A nd           | Version:  13
     \\/     M anipulation  |
\*---------------------------------------------------------------------------*/
FoamFile
{
    format      ascii;
    class       volScalarField;
    location    "1.457463432822117";
    object      p;
}
// * * * * * * * * * * * * * * * * * * * * * * * * * * * * * * * * * * * * * //

dimensions      [1 -1 -2 0 0 0 0];

internalField   nonuniform List<scalar> 
2112
(
-0.044086118553060952
-0.044083651906325169
-0.044081222365646565
-0.044078827542046069
-0.044076465263180084
-0.044074133535658401
-0.044071830514626056
-0.044069554479158037
-0.044067303812291618
-0.044065076984742602
-0.044062872541540808
-0.044060689090976601
-0.044058525295376468
-0.044056379863327624
-0.044054251543055041
-0.044052139116712373
-0.044050041395412215
-0.044047957214840644
-0.044045885431351232
-0.044043824918443795
-0.044041774563557311
-0.044039733265118355
-0.044037699929798911
-0.044035673469939661
-0.044033652801115791
-0.044031636839803025
-0.044029624501133825
-0.044027614696711445
-0.044025606332468645
-0.044023598306551393
-0.044021589507211523
-0.044019578810659647
-0.044017565078804714
-0.044015547157383358
-0.044013523877330055
-0.044011494039382627
-0.044009456429460775
-0.044007409805349111
-0.044005352896431385
-0.044003284401321861
-0.044001202984901303
-0.043999107275291424
-0.13211454006121714
-0.13211205937965939
-0.13210961667391316
-0.13210720949106383
-0.13210483559380831
-0.13210249292531323
-0.13210017958035236
-0.13209789378156506
-0.13209563385987469
-0.13209339823827271
-0.13209118541832185
-0.13208899396884735
-0.1320868225163977
-0.13208466973712793
-0.13208253434983372
-0.13208041510991955
-0.13207831080411983
-0.13207622024583951
-0.13207414227099584
-0.13207207573427426
-0.13207001950572167
-0.13206797246761809
-0.13206593351157545
-0.1320639015358257
-0.13206187544265469
-0.13205985413596147
-0.13205783651891126
-0.13205582149165745
-0.13205380794911828
-0.13205179477878237
-0.1320497808585322
-0.13204776505449031
-0.13204574621889459
-0.13204372318770055
-0.13204169477585462
-0.13203965978391477
-0.13203761698329888
-0.13203556512132134
-0.13203350291711419
-0.13203142905854187
-0.13202934219934231
-0.13202724095605117
-0.22014295661781061
-0.22014046248290137
-0.22013800710129616
-0.22013558797623359
-0.22013320282161278
-0.22013084953009346
-0.22012852614639311
-0.22012623084491428
-0.22012396191097058
-0.22012171772498609
-0.22011949674914316
-0.22011729751605225
-0.22011511861907537
-0.22011295870401562
-0.22011081646192204
-0.2201086906228249
-0.22010657995021957
-0.22010448323618881
-0.22010239929703632
-0.22010032696935264
-0.22009826510643679
-0.22009621257501213
-0.22009416825218545
-0.22009213102260713
-0.22009009977579364
-0.22008807340358291
-0.22008605079769211
-0.22008403084735847
-0.22008201243703263
-0.22007999444411522
-0.22007797573670948
-0.22007595517139103
-0.22007393159097238
-0.2200719038219999
-0.22006987067191003
-0.22006783093018839
-0.22006578335939458
-0.22006372669792218
-0.22006165965551422
-0.22005958091040331
-0.22005748910642986
-0.22005538284990364
-0.30817131555603522
-0.30816881161974718
-0.30816634689744138
-0.30816391889359224
-0.30816152531176672
-0.30815916402684923
-0.30815683306131414
-0.30815453056496228
-0.30815225479760583
-0.30815000411425009
-0.30814777695237672
-0.30814557182099955
-0.30814338729120194
-0.30814122198791782
-0.30813907458275758
-0.30813694378769535
-0.30813482834949646
-0.30813272704474498
-0.30813063867538898
-0.30812856206470779
-0.30812649605364234
-0.30812443949741919
-0.30812239126242696
-0.30812035022329587
-0.30811831526014932
-0.30811628525599294
-0.30811425909420864
-0.30811223565613971
-0.30811021381873221
-0.30810819245222282
-0.30810617041784494
-0.30810414656554286
-0.30810211973168633
-0.30810008873677242
-0.30809805238299909
-0.30809600945129928
-0.30809395870030237
-0.30809189886230054
-0.30808982864102324
-0.30808774670878802
-0.30808565170347346
-0.30808354222532336
-0.39619962819953408
-0.3961971173537876
-0.39619464594173459
-0.39619221150088002
-0.39618981175232421
-0.39618744457744315
-0.39618510799750517
-0.39618280015589541
-0.39618051930262738
-0.39617826378084381
-0.39617603201504809
-0.39617382250081706
-0.39617163379579412
-0.3961694645117706
-0.39616731330769905
-0.3961651788835005
-0.39616305997454393
-0.39616095534670043
-0.39615886379188125
-0.39615678412398991
-0.39615471517521644
-0.39615265579263248
-0.39615060483502695
-0.39614856116994818
-0.39614652367091652
-0.3961444912147758
-0.39614246267915698
-0.39614043694002615
-0.39613841286929946
-0.39613638933249945
-0.3961343651864388
-0.39613233927690844
-0.39613031043635971
-0.39612827748161406
-0.39612623921149631
-0.39612419440330637
-0.39612214181291672
-0.39612008016958999
-0.39611800817423426
-0.39611592449651017
-0.39611382777176912
-0.39611171659785094
-0.48422789928183912
-0.48422538401167242
-0.48422290820604585
-0.48422046945734887
-0.48421806552417068
-0.48421569431236156
-0.48421335385803904
-0.48421104231240447
-0.48420875792822676
-0.4842064990478343
-0.48420426409245715
-0.48420205155276902
-0.48419985998048626
-0.48419768798088897
-0.48419553420615358
-0.48419339734938127
-0.48419127613923468
-0.48418916933509742
-0.48418707572267866
-0.48418499411000965
-0.48418292332376112
-0.48418086220585049
-0.48417880961027604
-0.48417676440015872
-0.48417472544494666
-0.48417269161775645
-0.4841706617928257
-0.48416863484305162
-0.48416660963759456
-0.48416458503952642
-0.48416255990350521
-0.48416053307345519
-0.48415850338024319
-0.48415646963933767
-0.48415443064840824
-0.48415238518467857
-0.4841503320029375
-0.48414826983238868
-0.48414619737411085
-0.48414411329820733
-0.48414201624078762
-0.48413990480079105
-0.57225612958287697
-0.57225361218385384
-0.57225113412709339
-0.5722486930745706
-0.57224628683657452
-0.57224391335683455
-0.57224157069872617
-0.57223925703261214
-0.57223697062429313
-0.57223470982453051
-0.57223247305957214
-0.57223025882260448
-0.57222806566604612
-0.57222589219460374
-0.57222373705900209
-0.57222159895031888
-0.57221947659484762
-0.57221736874942453
-0.57221527419716534
-0.57221319174354746
-0.57221112021280351
-0.57220905844457093
-0.57220700529076995
-0.57220495961266737
-0.57220292027810393
-0.57220088615884801
-0.57219885612806232
-0.57219682905784996
-0.57219480381686882
-0.57219277926798695
-0.57219075426596566
-0.57218872765515294
-0.57218669826716684
-0.57218466491855657
-0.57218262640842366
-0.57218058151596785
-0.57217852899806043
-0.5721764675865697
-0.57217439598568398
-0.57217231286908632
-0.57217021687698943
-0.57216810661299788
-0.66028432040076224
-0.66028180294691663
-0.66027932459656546
-0.66027688308951571
-0.66027447629662672
-0.66027210220850141
-0.66026975892457873
-0.66026744464278098
-0.6602651576498203
-0.6602628963121917
-0.66026065906787057
-0.66025844441868897
-0.66025625092335971
-0.66025407719110263
-0.66025192187582771
-0.66024978367081899
-0.66024766130387169
-0.6602455535328392
-0.66024345914153104
-0.66024137693593044
-0.66023930574069034
-0.6602372443958644
-0.66023519175385215
-0.6602331466765109
-0.66023110803243013
-0.66022907469432113
-0.66022704553651379
-0.66022501943253087
-0.66022299525273032
-0.66022097186198292
-0.66021894811738269
-0.66021692286596423
-0.66021489494241536
-0.66021286316676586
-0.66021082634204153
-0.66020878325186227
-0.6602067326579989
-0.66020467329779842
-0.66020260388153784
-0.66020052308965504
-0.66019842956984209
-0.66019632193398092
-0.74831247364500741
-0.74830995796227751
-0.74830748106362632
-0.74830504076937632
-0.748302635015065
-0.7483002618431368
-0.74829791939449564
-0.7482956059001783
-0.74829331967330692
-0.74829105910143545
-0.74828882263932939
-0.74828660880223585
-0.74828441615961649
-0.74828224332935189
-0.74828008897238651
-0.748277951787784
-0.74827583050817048
-0.74827372389551172
-0.74827163073721292
-0.74826954984249372
-0.74826748003900811
-0.74826542016968345
-0.74826336908974689
-0.74826132566392178
-0.74825928876375036
-0.74825725726504755
-0.74825523004543903
-0.74825320598198641
-0.74825118394886325
-0.74824916281507892
-0.74824714144222548
-0.74824511868223831
-0.74824309337514538
-0.74824106434680582
-0.74823903040661099
-0.74823699034513413
-0.74823494293173198
-0.74823288691204715
-0.74823082100542582
-0.74822874390222593
-0.74822665426099677
-0.74822455070550897
-0.83634059137827843
-0.83633807905272906
-0.83633560514285343
-0.83633316754782261
-0.83633076426812691
-0.83632839339966558
-0.83632605312731512
-0.83632374171829016
-0.8363214575155038
-0.83631919893107975
-0.83631696444011605
-0.8363147525747483
-0.8363125619185523
-0.83631039110129468
-0.83630823879402505
-0.83630610370450842
-0.83630398457296273
-0.83630188016809537
-0.83629978928340665
-0.83629771073373327
-0.83629564335201656
-0.83629358598625791
-0.83629153749665075
-0.83628949675285802
-0.83628746263141784
-0.83628543401326261
-0.83628340978131976
-0.83628138881819192
-0.83627937000389074
-0.83627735221361255
-0.83627533431553724
-0.83627331516864067
-0.83627129362050701
-0.83626926850511873
-0.83626723864062025
-0.83626520282704164
-0.83626315984396216
-0.83626110844809987
-0.83625904737081813
-0.83625697531553023
-0.8362548909549895
-0.83625279292844279
-0.92436867562794989
-0.92436616802955762
-0.92436369845549071
-0.9243612648790237
-0.92435886536303546
-0.92435649805592635
-0.92435416118676572
-0.92435185305999146
-0.92434957204992085
-0.92434731659523872
-0.92434508519358738
-0.9243428763963315
-0.9243406888035518
-0.92433852105929015
-0.92433637184706208
-0.92433423988563546
-0.92433212392506359
-0.92433002274297327
-0.92432793514106704
-0.9243258599418529
-0.92432379598555359
-0.92432174212719653
-0.92431969723385377
-0.92431766018201833
-0.92431562985509796
-0.9243136051410078
-0.92431158492985044
-0.92430956811165899
-0.92430755357419803
-0.92430554020080569
-0.9243035268682519
-0.92430151244462366
-0.92429949578719728
-0.9242974757403063
-0.92429545113317957
-0.92429342077774568
-0.92429138346638406
-0.92428933796961432
-0.92428728303370966
-0.92428521737821978
-0.9242831396933916
-0.92428104863746985
-1.0123967282948572
-1.0123942266081916
-1.0123917625516479
-1.0123893341659316
-1.0123869395718494
-1.012384576967557
-1.0123822446248634
-1.0123799408849556
-1.0123776641538029
-1.0123754128974214
-1.0123731856371403
-1.0123709809449528
-1.0123687974390123
-1.012366633779312
-1.0123644886635701
-1.0123623608233243
-1.0123602490202419
-1.0123581520426352
-1.0123560687021713
-1.0123539978307698
-1.0123519382776642
-1.0123498889066247
-1.0123478485933095
-1.0123458162227481
-1.0123437906869259
-1.0123417708824676
-1.0123397557083895
-1.0123377440639281
-1.012335734846411
-1.0123337269491697
-1.0123317192594827
-1.0123297106565228
-1.0123277000093229
-1.0123256861747147
-1.0123236679952652
-1.0123216442971712
-1.0123196138881148
-1.0123175755550675
-1.0123155280620271
-1.0123134701476777
-1.012311400522963
-1.0123093178685578
-1.1004247510892009
-1.1004222563471677
-1.1004197988525257
-1.1004173767057928
-1.1004149880801843
-1.1004126312197531
-1.1004103044365059
-1.1004080061068597
-1.1004057346677045
-1.1004034886122587
-1.1004012664858667
-1.1003990668818167
-1.1003968884372528
-1.1003947298292167
-1.1003925897708557
-1.1003904670077977
-1.1003883603147018
-1.1003862684919898
-1.1003841903627465
-1.1003821247697763
-1.1003800705728146
-1.1003780266458774
-1.10037599187473
-1.1003739651544762
-1.1003719453872385
-1.1003699314799338
-1.1003679223421139
-1.1003659168838711
-1.1003639140137966
-1.1003619126369768
-1.1003599116530083
-1.1003579099540464
-1.100355906422843
-1.1003538999307969
-1.1003518893359738
-1.1003498734811208
-1.1003478511916345
-1.1003458212734916
-1.1003437825111277
-1.1003417336652528
-1.1003396734705952
-1.1003376006335628
-1.1884527454941856
-1.1884502586117192
-1.1884478086145225
-1.1884453936551498
-1.18844301195332
-1.1884406617946128
-1.1884383415280952
-1.1884360495632706
-1.1884337843665944
-1.1884315444577584
-1.1884293284058824
-1.1884271348256874
-1.1884249623737406
-1.188422809744794
-1.1884206756682543
-1.1884185589047991
-1.1884164582431456
-1.1884143724969634
-1.1884123005019527
-1.1884102411130499
-1.1884081932017805
-1.1884061556537227
-1.1884041273661083
-1.1884021072454998
-1.1884000942055812
-1.1883980871650179
-1.1883960850453967
-1.1883940867692124
-1.1883920912579171
-1.1883900974300015
-1.1883881041991069
-1.1883861104721565
-1.188384115147503
-1.1883821171130688
-1.1883801152444904
-1.1883781084032399
-1.1883760954347313
-1.1883740751663867
-1.1883720464056702
-1.1883700079380755
-1.1883679585250568
-1.1883658969018995
-1.2764782345610504
-1.2764757929148951
-1.2764733860144668
-1.2764710121202338
-1.2764686695548728
-1.2764663567011958
-1.2764640719993743
-1.2764618139437571
-1.2764595810794379
-1.2764573719987171
-1.2764551853375494
-1.2764530197720296
-1.2764508740149674
-1.2764487468125769
-1.2764466369412837
-1.2764445432046785
-1.2764424644306012
-1.276440399468362
-1.2764383471860941
-1.2764363064682254
-1.2764342762130749
-1.2764322553305441
-1.2764302427399148
-1.2764282373677283
-1.2764262381457456
-1.2764242440089757
-1.2764222538937566
-1.2764202667358957
-1.2764182814688447
-1.276416297021906
-1.276414312318467
-1.2764123262742468
-1.276410337795556
-1.2764083457775555
-1.2764063491025071
-1.2764043466380179
-1.2764023372352629
-1.2764003197271827
-1.276398292926656
-1.2763962556246313
-1.2763942065882252
-1.3645061851531965
-1.3645037526536514
-1.3645013546277447
-1.3644989893714576
-1.3644966552404392
-1.3644943506480467
-1.3644920740627213
-1.3644898240049559
-1.3644875990440395
-1.3644853977947018
-1.3644832189137399
-1.3644810610966915
-1.3644789230745815
-1.3644768036107826
-1.3644747014979859
-1.3644726155553051
-1.3644705446255028
-1.3644684875723452
-1.3644664432780784
-1.3644644106410224
-1.3644623885732723
-1.3644603759984983
-1.3644583718498424
-1.3644563750678966
-1.3644543845987556
-1.3644523993921385
-1.3644504183995698
-1.3644484405726083
-1.3644464648611194
-1.3644444902115878
-1.3644425155654505
-1.3644405398574613
-1.3644385620140644
-1.3644365809517791
-1.3644345955755932
-1.3644326047773496
-1.3644306074341319
-1.3644286024066434
-1.3644265885375699
-1.3644245646499289
-1.364422529545402
-1.4525341111613874
-1.4525316885662742
-1.452529300192287
-1.4525269443664568
-1.4525246194738111
-1.4525223239554177
-1.452520056305793
-1.45251781506994
-1.452515598840177
-1.4525134062528893
-1.4525112359852761
-1.4525090867521455
-1.4525069573027991
-1.4525048464180181
-1.4525027529071626
-1.4525006756054031
-1.4524986133710671
-1.452496565083113
-1.4524945296387133
-1.452492505950961
-1.4524904929466675
-1.4524884895642689
-1.4524864947518155
-1.4524845074650443
-1.4524825266655328
-1.4524805513189085
-1.4524785803931257
-1.4524766128567952
-1.4524746476775554
-1.4524726838204893
-1.4524707202465648
-1.4524687559111242
-1.4524667897623711
-1.452464820739894
-1.4524628477731996
-1.452460869780261
-1.4524588856660665
-1.4524568943211866
-1.4524548946203406
-1.4524528854209671
-1.4524508655618105
-1.5405620131970601
-1.540559601242891
-1.5405572232746709
-1.5405548776469311
-1.5405525627711705
-1.5405502771138286
-1.5405480191936696
-1.5405457875788147
-1.5405435808836045
-1.5405413977654017
-1.5405392369214037
-1.540537097085533
-1.5405349770254047
-1.5405328755394154
-1.5405307914539488
-1.5405287236207039
-1.5405266709141487
-1.5405246322290926
-1.5405226064783764
-1.5405205925906653
-1.5405185895083513
-1.5405165961855536
-1.540514611586197
-1.5405126346821825
-1.5405106644516304
-1.5405086998771853
-1.5405067399443906
-1.5405047836401164
-1.540502829951037
-1.5405008778621421
-1.5404989263553135
-1.5404969744079093
-1.540495020991397
-1.5404930650700099
-1.5404911055994228
-1.5404891415254705
-1.5404871717828672
-1.5404851952939629
-1.5404832109675219
-1.5404812176975284
-1.5404792143620172
-1.6285898917358141
-1.6285874911505025
-1.6285851243298153
-1.6285827896532103
-1.628580485556506
-1.628578210529767
-1.6285759631146162
-1.6285737419012378
-1.628571545525229
-1.6285693726644179
-1.6285672220357235
-1.628565092392088
-1.6285629825195189
-1.6285608912342513
-1.6285588173800338
-1.6285567598255448
-1.6285547174619328
-1.6285526892004798
-1.6285506739703766
-1.6285486707166126
-1.6285466783979652
-1.6285446959850851
-1.6285427224586724
-1.6285407568077346
-1.6285387980279209
-1.6285368451199236
-1.6285348970879501
-1.6285329529382468
-1.6285310116776812
-1.6285290723123731
-1.6285271338463712
-1.6285251952803705
-1.628523255610475
-1.6285213138269905
-1.6285193689132647
-1.6285174198445551
-1.6285154655869323
-1.6285135050962396
-1.6285115373170758
-1.6285095611818379
-1.62850757560981
-1.7166177471436261
-1.7166153586557964
-1.716613003720878
-1.716610680741643
-1.716608388176857
-1.7166061245390789
-1.7166038883918919
-1.7166016783468674
-1.7165994930603843
-1.7165973312304539
-1.7165951915935918
-1.716593072921788
-1.7165909740196013
-1.7165888937213734
-1.7165868308885905
-1.7165847844073665
-1.7165827531860636
-1.716580736153033
-1.7165787322544765
-1.7165767404524161
-1.7165747597227683
-1.7165727890535183
-1.7165708274429807
-1.7165688738981495
-1.7165669274331203
-1.7165649870675876
-1.7165630518254134
-1.7165611207332487
-1.7165591928192276
-1.7165572671117026
-1.7165553426380415
-1.7165534184234719
-1.7165514934899704
-1.7165495668552095
-1.7165476375315389
-1.7165457045250387
-1.7165437668345747
-1.7165418234509768
-1.7165398733562345
-1.7165379155227707
-1.7165359489127892
-1.8046455797016023
-1.8046432040469174
-1.8046408617384302
-1.8046385512015239
-1.8046362709172938
-1.804634019420267
-1.8046317952955933
-1.8046295971759467
-1.804627423738336
-1.8046252737009094
-1.8046231458198516
-1.804621038886373
-1.8046189517238445
-1.8046168831850624
-1.8046148321496687
-1.8046127975216992
-1.8046107782272729
-1.8046087732124063
-1.8046067814409525
-1.8046048018926486
-1.8046028335612738
-1.8046008754529039
-1.8045989265842604
-1.8045969859811433
-1.804595052676947
-1.8045931257112511
-1.8045912041284831
-1.8045892869766453
-1.8045873733061086
-1.8045854621684632
-1.8045835526154363
-1.8045816436978535
-1.8045797344646732
-1.8045778239620671
-1.8045759112325723
-1.8045739953142961
-1.8045720752401482
-1.8045701500372235
-1.8045682187262184
-1.8045662803209288
-1.8045643338278552
-1.8926733896282353
-1.8926710275531979
-1.8926686986179664
-1.8926664012706633
-1.8926641340147827
-1.8926618954068872
-1.8926596840537599
-1.8926574986092948
-1.8926553377712823
-1.8926532002782308
-1.8926510849062592
-1.8926489904661292
-1.8926469158004038
-1.8926448597807732
-1.8926428213055162
-1.8926407992971173
-1.8926387927000177
-1.8926368004785041
-1.8926348216147151
-1.8926328551067733
-1.8926308999670101
-1.8926289552203162
-1.8926270199025617
-1.8926250930591224
-1.8926231737434833
-1.892621261015923
-1.8926193539422693
-1.8926174515927328
-1.8926155530408004
-1.892613657362205
-1.8926117636339514
-1.8926098709334129
-1.8926079783374941
-1.8926060849218556
-1.8926041897602239
-1.892602291923797
-1.8926003904805457
-1.8925984844948978
-1.8925965730273271
-1.8925946551340891
-1.8925927298670657
-1.9807011770986951
-1.9806988293623662
-1.9806965145552686
-1.980694231149116
-1.9806919776704939
-1.9806897526985774
-1.9806875548623044
-1.9806853828372599
-1.9806832353424815
-1.9806811111372935
-1.980679009018224
-1.9806769278160667
-1.9806748663930926
-1.9806728236404068
-1.9806707984754821
-1.9806687898398234
-1.9806667966967935
-1.9806648180295645
-1.9806628528391987
-1.9806609001428548
-1.9806589589720962
-1.9806570283713099
-1.9806551073962195
-1.9806531951124959
-1.9806512905944489
-1.9806493929237992
-1.9806475011885385
-1.9806456144818565
-1.9806437319011452
-1.9806418525470744
-1.9806399755227397
-1.9806380999328854
-1.980636224883187
-1.9806343494796133
-1.9806324728278801
-1.9806305940333737
-1.9806287121997295
-1.980626826429589
-1.9806249358240675
-1.9806230394826976
-1.980621136503534
-2.0687289422610555
-2.0687266096350982
-2.0687243097194581
-2.0687220410109015
-2.0687198020603215
-2.0687175914705476
-2.0687154078935714
-2.0687132500274759
-2.068711116613283
-2.0687090064318183
-2.0687069183006752
-2.0687048510713222
-2.0687028036263575
-2.0687007748769299
-2.0686987637603225
-2.0686967692376905
-2.0686947902919437
-2.0686928259257722
-2.0686908751598052
-2.0686889370308816
-2.0686870105904456
-2.0686850949030413
-2.0686831890449122
-2.0686812921026947
-2.0686794031721925
-2.0686775213572575
-2.0686756457687263
-2.0686737755234614
-2.0686719097434492
-2.0686700475549982
-2.0686681880879916
-2.0686663304752373
-2.0686644738518858
-2.0686626173548599
-2.0686607601222957
-2.0686589012953611
-2.0686570400130782
-2.0686551754171907
-2.0686533066500918
-2.0686514328551495
-2.0686495531770999
-2.156756685249579
-2.1567543685170065
-2.1567520842638017
-2.1567498310137347
-2.1567476073436675
-2.1567454118814986
-2.156743243303505
-2.156741100331359
-2.1567389817290374
-2.1567368862997585
-2.1567348128830051
-2.1567327603516913
-2.1567307276094834
-2.1567287135882771
-2.1567267172458564
-2.1567247375636933
-2.1567227735449044
-2.1567208242123512
-2.1567188886068651
-2.1567169657856096
-2.1567150548205376
-2.1567131547969827
-2.156711264812333
-2.1567093839748099
-2.1567075114023377
-2.1567056462215102
-2.1567037875666242
-2.1567019345788205
-2.1567000864052885
-2.1566982421985643
-2.1566964011159109
-2.1566945623187808
-2.1566927249723706
-2.1566908882453526
-2.1566890513097636
-2.1566872133387469
-2.1566853735114608
-2.156683531008218
-2.1566816850128196
-2.1566798347127558
-2.1566779792996726
-2.2447844061953326
-2.2447821061482562
-2.2447798383344133
-2.2447776013069136
-2.244775393670571
-2.2447732140800793
-2.2447710612375049
-2.2447689338894197
-2.2447668308239375
-2.244764750867724
-2.2447626928831177
-2.2447606557653708
-2.2447586384400409
-2.2447566398605647
-2.2447546590059591
-2.2447526948787293
-2.2447507465028829
-2.2447488129221109
-2.2447468931980952
-2.2447449864089433
-2.2447430916477376
-2.2447412080211966
-2.2447393346484379
-2.2447374706598482
-2.2447356151960363
-2.2447337674068861
-2.2447319264507004
-2.2447300914934241
-2.2447282617079578
-2.2447264362735657
-2.2447246143753623
-2.2447227952038946
-2.2447209779548221
-2.2447191618287161
-2.2447173460309204
-2.2447155297711734
-2.2447137122647578
-2.2447118927317242
-2.2447100703976695
-2.2447082444942938
-2.2447064142601381
-2.332812105234443
-2.3328098226711091
-2.3328075720771317
-2.3328053520375458
-2.3328031611873667
-2.3328009982100308
-2.3327988618350837
-2.3327967508355094
-2.3327946640248816
-2.3327926002545096
-2.332790558410669
-2.3327885374119304
-2.3327865362066578
-2.3327845537706549
-2.3327825891049772
-2.3327806412338945
-2.332778709203009
-2.3327767920775124
-2.3327748889405755
-2.3327729988918668
-2.3327711210461848
-2.332769254532201
-2.3327673984913142
-2.3327655520765997
-2.3327637144518616
-2.3327618847907678
-2.3327600622760882
-2.3327582460990208
-2.3327564354586041
-2.3327546295612254
-2.332752827620221
-2.3327510288555704
-2.3327492324936978
-2.332747437767372
-2.332745643915711
-2.3327438501842828
-2.332742055825519
-2.3327402600989808
-2.3327384622719514
-2.3327366616201899
-2.3327348574288527
-2.4208397825143373
-2.4208375182356634
-2.4208352856427711
-2.4208330833553688
-2.4208309100410776
-2.4208287644141673
-2.4208266452335141
-2.4208245513001327
-2.4208224814545019
-2.420820434573872
-2.420818409569609
-2.4208164053846652
-2.4208144209911682
-2.4208124553881829
-2.4208105075996134
-2.4208085766722611
-2.4208066616740358
-2.420804761692299
-2.4208028758323414
-2.4208010032159897
-2.4207991429803188
-2.4207972942764941
-2.4207954562686997
-2.4207936281331821
-2.4207918090573903
-2.4207899982391994
-2.4207881948862489
-2.4207863982153581
-2.4207846074520396
-2.4207828218301057
-2.4207810405913817
-2.4207792629855063
-2.420777488269847
-2.4207757157095222
-2.4207739445775363
-2.420772174155041
-2.420770403731793
-2.4207686326066553
-2.4207668600883281
-2.4207650854962486
-2.4207633081616877
-2.508867438198255
-2.5088651930040666
-2.5088629791910244
-2.508860795416342
-2.5088586403827122
-2.5088565128374198
-2.5088544115705957
-2.5088523354129824
-2.5088502832334854
-2.5088482539366419
-2.5088462464601338
-2.5088442597723879
-2.5088422928702996
-2.5088403447771053
-2.5088384145403926
-2.5088365012302694
-2.5088346039376654
-2.5088327217727739
-2.5088308538636217
-2.5088289993547659
-2.5088271574060985
-2.5088253271917735
-2.5088235078992236
-2.508821698728299
-2.5088198988904868
-2.508818107608239
-2.5088163241143873
-2.5088145476516628
-2.5088127774723037
-2.5088110128377643
-2.5088092530185198
-2.5088074972939882
-2.5088057449525407
-2.5088039952916485
-2.5088022476181351
-2.5088005012485701
-2.5087987555098201
-2.5087970097397276
-2.5087952632879587
-2.50879351551706
-2.5087917658037076
-2.5968950724683362
-2.5968928471534456
-2.5968906528932383
-2.5968884883852255
-2.5968863523696615
-2.5968842436290398
-2.5968821609866852
-2.5968801033048119
-2.5968780694822837
-2.5968760584523145
-2.5968740691801409
-2.5968721006607858
-2.5968701519169235
-2.5968682219968811
-2.5968663099727758
-2.5968644149387852
-2.5968625360095658
-2.5968606723187868
-2.5968588230178078
-2.5968569872744638
-2.5968551642719642
-2.5968533532079081
-2.596851553293404
-2.5968497637522781
-2.5968479838204002
-2.5968462127450915
-2.5968444497846401
-2.5968426942079046
-2.596840945294018
-2.5968392023321956
-2.5968374646216383
-2.5968357314715482
-2.5968340022012577
-2.596832276140467
-2.5968305526296223
-2.5968288310204199
-2.5968271106764691
-2.5968253909740895
-2.5968236713033162
-2.5968219510690531
-2.5968202296924701
-2.6849226855275221
-2.6849204808777865
-2.6849183069342093
-2.6849161624373221
-2.6849140461673424
-2.684911956944136
-2.6849098936261475
-2.6849078551087655
-2.6849058403223633
-2.6849038482302001
-2.6849018778263063
-2.6848999281334129
-2.6848979982009853
-2.6848960871033563
-2.6848941939379953
-2.6848923178239041
-2.6848904579001491
-2.6848886133245009
-2.684886783272217
-2.684884966934924
-2.6848831635196118
-2.6848813722477489
-2.6848795923544784
-2.6848778230879393
-2.6848760637086588
-2.6848743134890731
-2.6848725717131097
-2.6848708376758981
-2.6848691106835583
-2.6848673900531006
-2.6848656751124294
-2.6848639652004476
-2.6848622596672853
-2.6848605578746474
-2.6848588591962805
-2.6848571630185929
-2.6848554687414192
-2.6848537757789339
-2.6848520835607634
-2.68485039153326
-2.684848699161019
-2.7729502776004584
-2.7729480943889175
-2.772945941513226
-2.7729438177594892
-2.7729417219502044
-2.7729396529446575
-2.7729376096382716
-2.7729355909612772
-2.7729335958770389
-2.7729316233802099
-2.7729296724948171
-2.7729277422723961
-2.772925831790181
-2.7729239401493957
-2.7729220664736656
-2.7729202099075456
-2.7729183696151627
-2.7729165447789832
-2.7729147345986878
-2.7729129382901734
-2.772911155084631
-2.7729093842277672
-2.7729076249790912
-2.7729058766113175
-2.7729041384098636
-2.7729024096724437
-2.7729006897087585
-2.7728989778402711
-2.7728972734001025
-2.7728955757330174
-2.7728938841955086
-2.7728921981559989
-2.7728905169951665
-2.7728888401063752
-2.7728871668962456
-2.772885496785368
-2.7728838292091602
-2.7728821636188878
-2.7728804994828606
-2.7728788362878332
-2.7728771735405875
-2.8609778489336066
-2.8609756879167803
-2.8609735568444394
-2.8609714545506231
-2.8609693799022322
-2.8609673317999214
-2.8609653091778235
-2.860963311002588
-2.8609613362719926
-2.86095938401336
-2.8609574532818747
-2.8609555431589122
-2.8609536527504127
-2.860951781185344
-2.860949927614246
-2.8609480912079128
-2.860946271156148
-2.8609444666666617
-2.8609426769640538
-2.860940901288914
-2.8609391388970193
-2.8609373890586309
-2.8609356510578898
-2.86093392419231
-2.8609322077723629
-2.8609305011211563
-2.8609288035742111
-2.8609271144793342
-2.860925433196587
-2.8609237590983549
-2.8609220915695306
-2.8609204300077913
-2.8609187738240127
-2.8609171224427823
-2.860915475303063
-2.8609138318589888
-2.8609121915808045
-2.860910553955982
-2.8609089184905012
-2.860907284710319
-2.8609056521630554
-2.9490053997946868
-2.9490032617091004
-2.94900115315671
-2.9489990730215996
-2.948997020217019
-2.9489949936867412
-2.9489929924052216
-2.9489910153769805
-2.9489890616355292
-2.9489871302420521
-2.948985220283971
-2.9489833308734759
-2.9489814611460963
-2.9489796102593298
-2.9489777773913475
-2.9489759617398126
-2.9489741625207806
-2.9489723789677025
-2.948970610330536
-2.9489688558749525
-2.9489671148816305
-2.9489653866456651
-2.9489636704760427
-2.9489619656952373
-2.9489602716388785
-2.9489585876555182
-2.948956913106497
-2.9489552473658911
-2.9489535898205688
-2.9489519398703421
-2.9489502969282309
-2.9489486604208173
-2.9489470297887359
-2.9489454044872789
-2.9489437839871235
-2.9489421677752095
-2.9489405553557599
-2.9489389462514657
-2.9489373400048366
-2.9489357361797452
-2.9489341343631827
-3.0370329304715926
-3.0370308160305735
-3.0370287306930179
-3.0370266733948892
-3.0370246430974857
-3.0370226387892751
-3.0370206594864659
-3.0370187042327643
-3.0370167720986103
-3.0370148621801438
-3.0370129735980043
-3.0370111054960907
-3.037009257040328
-3.037007427417465
-3.0370056158339556
-3.0370038215149116
-3.0370020437031431
-3.0370002816582935
-3.0369985346560675
-3.0369968019875415
-3.036995082958573
-3.0369933768892974
-3.0369916831137145
-3.0369900009793604
-3.0369883298470692
-3.0369866690908305
-3.0369850180977265
-3.0369833762679739
-3.0369817430150481
-3.0369801177659199
-3.0369784999613869
-3.0369768890565121
-3.0369752845211813
-3.036973685840779
-3.0369720925169892
-3.0369705040687371
-3.0369689200332819
-3.0369673399674499
-3.0369657634490634
-3.036964190078526
-3.0369626194806267
-3.1250562897095095
-3.1250542559037955
-3.1250522487553183
-3.1250502672985871
-3.1250483105928204
-3.1250463777220543
-3.125044467794722
-3.1250425799428752
-3.1250407133212543
-3.1250388671062672
-3.1250370404949477
-3.1250352327039468
-3.1250334429685713
-3.1250316705418926
-3.1250299146939251
-3.1250281747108919
-3.1250264498945648
-3.1250247395616992
-3.1250230430435471
-3.1250213596854453
-3.1250196888465043
-3.1250180298993699
-3.1250163822300707
-3.1250147452379617
-3.1250131183357372
-3.1250115009495572
-3.1250098925192402
-3.1250082924985758
-3.1250067003557338
-3.125005115573757
-3.1250035376511995
-3.1250019661028587
-3.125000400460642
-3.1249988402745617
-3.1249972851138912
-3.1249957345684445
-3.1249941882500472
-3.1249926457941721
-3.1249911068617764
-3.2130838304742722
-3.2130818207914724
-3.2130798374101657
-3.2130778794120194
-3.2130759459003091
-3.2130740360003887
-3.213072148859573
-3.2130702836466623
-3.213068439551257
-3.2130666157829588
-3.2130648115705314
-3.2130630261610884
-3.2130612588192862
-3.2130595088265883
-3.2130577754805909
-3.2130560580944154
-3.2130543559961664
-3.2130526685284906
-3.2130509950481811
-3.2130493349258797
-3.2130476875458509
-3.2130460523058382
-3.2130444286169975
-3.2130428159039157
-3.2130412136047117
-3.2130396211712271
-3.2130380380693033
-3.2130364637791509
-3.2130348977958278
-3.213033339629805
-3.2130317888076529
-3.2130302448728401
-3.2130287073866404
-3.213027175929196
-3.2130256501007111
-3.21302412952276
-3.2130226138398128
-3.2130211027208935
-3.2130195958614189
-3.3011113532658847
-3.3011093683097199
-3.301107409288651
-3.301105475332383
-3.3011035655890857
-3.3011016792262105
-3.3010998154307019
-3.3010979734087895
-3.3010961523855622
-3.3010943516043891
-3.3010925703262859
-3.3010908078292842
-3.3010890634077974
-3.301087336372039
-3.3010856260474899
-3.3010839317744134
-3.3010822529074497
-3.3010805888152754
-3.3010789388803219
-3.3010773024985705
-3.30107567907943
-3.3010740680456658
-3.3010724688334343
-3.3010708808923699
-3.3010693036857659
-3.3010677366908334
-3.3010661793990459
-3.3010646313165886
-3.3010630919648696
-3.3010615608811702
-3.3010600376193699
-3.3010585217508024
-3.3010570128652068
-3.30105551057183
-3.3010540145006786
-3.3010525243038078
-3.3010510396569148
-3.3010495602610037
-3.3010480858442324
-3.3891388583717816
-3.38913689871762
-3.3891349646232394
-3.3891330552670147
-3.3891311698426292
-3.3891293075602325
-3.38912746764696
-3.3891256493470112
-3.3891238519214482
-3.3891220746478568
-3.3891203168199131
-3.3891185777469324
-3.3891168567533985
-3.3891151531785448
-3.3891134663759521
-3.3891117957132075
-3.3891101405716135
-3.3891085003459516
-3.3891068744443187
-3.3891052622880187
-3.389103663311519
-3.3891020769624931
-3.3891005027019032
-3.3890989400041915
-3.3890973883575191
-3.3890958472640969
-3.3890943162406031
-3.3890927948186702
-3.3890912825454862
-3.3890897789844638
-3.3890882837160388
-3.3890867963385478
-3.3890853164692469
-3.3890838437454134
-3.3890823778256922
-3.3890809183912816
-3.3890794651476721
-3.3890780178262392
-3.389076576186123
-3.4771663460865221
-3.4771644122800702
-3.4771625036509968
-3.4771606194267415
-3.4771587588468997
-3.4771569211647235
-3.4771551056479373
-3.4771533115790771
-3.4771515382555376
-3.4771497849894399
-3.4771480511074193
-3.4771463359503207
-3.4771446388729235
-3.4771429592436585
-3.4771412964443522
-3.4771396498700105
-3.477138018928648
-3.4771364030411664
-3.4771348016412915
-3.4771332141755584
-3.4771316401033738
-3.4771300788971149
-3.4771285300423198
-3.4771269930379396
-3.4771254673966427
-3.477123952645226
-3.4771224483250736
-3.4771209539927188
-3.4771194692204812
-3.477117993597199
-3.4771165267290511
-3.4771150682404954
-3.477113617775303
-3.477112174997715
-3.4771107395936509
-3.4771093112722551
-3.4771078897672942
-3.4771064748389025
-3.4771050662754144
-3.5651938167099537
-3.5651919092662046
-3.5651900266122545
-3.5651881680247501
-3.5651863327893847
-3.5651845202027275
-3.565182729573309
-3.5651809602222193
-3.5651792114833949
-3.5651774827036955
-3.5651757732428733
-3.5651740824734635
-3.5651724097806605
-3.5651707545621809
-3.5651691162281525
-3.5651674942010176
-3.5651658879154868
-3.5651642968185233
-3.565162720369377
-3.565161158039674
-3.5651596093135551
-3.5651580736878672
-3.5651565506724294
-3.565155039790346
-3.5651535405783923
-3.5651520525874716
-3.5651505753831465
-3.5651491085462443
-3.5651476516735379
-3.5651462043785269
-3.5651447662923035
-3.565143337064506
-3.5651419163643832
-3.5651405038819788
-3.5651390993293637
-3.5651377024421431
-3.5651363129809024
-3.5651349307329014
-3.5651335555139108
-3.6532212705453455
-3.6532193899478069
-3.6532175337492379
-3.653215701275411
-3.6532138918581052
-3.6532121048372201
-3.6532103395621394
-3.6532085953925737
-3.6532068716990675
-3.6532051678632782
-3.6532034832781415
-3.6532018173479184
-3.6532001694882381
-3.6531985391261048
-3.6531969256999144
-3.6531953286594887
-3.65319374746614
-3.6531921815927624
-3.6531906305239681
-3.653189093756263
-3.6531875707982673
-3.653186061171005
-3.6531845644082228
-3.6531830800567779
-3.6531816076770984
-3.6531801468436806
-3.6531786971456834
-3.6531772581875788
-3.65317582958988
-3.6531744109899607
-3.6531730020429358
-3.6531716024226668
-3.6531702118228289
-3.6531688299581089
-3.6531674565654724
-3.6531660914056094
-3.6531647342644149
-3.6531633849546701
-3.6531620433178063
-3.7412487078975132
-3.7412468545976627
-3.7412450253046545
-3.7412432193930876
-3.7412414362405948
-3.7412396752302493
-3.7412379357521703
-3.7412362172045937
-3.7412345189946024
-3.7412328405385926
-3.7412311812626133
-3.7412295406025913
-3.7412279180045127
-3.7412263129245682
-3.7412247248293151
-3.7412231531958167
-3.7412215975118177
-3.7412200572759455
-3.7412185319979425
-3.7412170211989197
-3.7412155244116816
-3.7412140411810642
-3.7412125710643442
-3.7412111136316897
-3.7412096684666682
-3.7412082351668197
-3.7412068133442773
-3.7412054026264769
-3.741204002656922
-3.7412026130960223
-3.7412012336220264
-3.7411998639320245
-3.7411985037430449
-3.7411971527932524
-3.7411958108432204
-3.7411944776773547
-3.7411931531053795
-3.7411918369639663
-3.7411905291184726
-3.8292761290709478
-3.8292743034879515
-3.8292725015202951
-3.8292707225909033
-3.8292689661228514
-3.8292672315420506
-3.8292655182790623
-3.8292638257704201
-3.8292621534595352
-3.8292605007973561
-3.8292588672428707
-3.8292572522634933
-3.8292556553353916
-3.8292540759437697
-3.8292525135831355
-3.8292509677575737
-3.8292494379810305
-3.8292479237776011
-3.8292464246818572
-3.8292449402391933
-3.8292434700062232
-3.8292420135511942
-3.8292405704544681
-3.8292391403090247
-3.8292377227210324
-3.8292363173104671
-3.8292349237117871
-3.8292335415746734
-3.8292321705648331
-3.8292308103648685
-3.8292294606752275
-3.8292281212152322
-3.82922679172417
-3.8292254719625007
-3.8292241617131397
-3.829222860782834
-3.8292215690036513
-3.8292202862345599
-3.8292190123631382
-3.9173035343679921
-3.9173017368886263
-3.917299962635632
-3.917298211079546
-3.9172964816883047
-3.9172947739301427
-3.917293087275648
-3.9172914211992622
-3.9172897751803859
-3.9172881487042104
-3.9172865412623805
-3.9172849523535205
-3.9172833814837085
-3.9172818281668795
-3.917280291925219
-3.9172787722895457
-3.9172772687996873
-3.9172757810048746
-3.917274308464151
-3.9172728507468118
-3.9172714074328576
-3.9172699781134934
-3.9172685623916683
-3.9172671598826345
-3.917265770214577
-3.9172643930292752
-3.9172630279828189
-3.9172616747463924
-3.9172603330070945
-3.9172590024688496
-3.9172576828533612
-3.9172563739011568
-3.9172550753726925
-3.9172537870495456
-3.91725250873569
-3.9172512402588628
-3.917249981472005
-3.9172487322548268
-3.9172474925154428
-4.0053309240870725
-4.0053291550658754
-4.0053274088864477
-4.0053256850660661
-4.0053239831167682
-4.0053223025484614
-4.0053206428711734
-4.0053190035967505
-4.0053173842401169
-4.0053157843202847
-4.005314203361154
-4.0053126408921909
-4.0053110964490148
-4.005309569573936
-4.0053080598164588
-4.005306566733756
-4.0053050898911655
-4.0053036288626522
-4.0053021832313211
-4.005300752589914
-4.0052993365413547
-4.0052979346993007
-4.0052965466887454
-4.0052951721466359
-4.0052938107225504
-4.0052924620794048
-4.0052911258942014
-4.0052898018588481
-4.0052884896810141
-4.0052871890850454
-4.0052858998129492
-4.0052846216254316
-4.0052833543030113
-4.0052820976472097
-4.0052808514817997
-4.005279615654155
-4.0052783900366613
-4.0052771745282287
-4.0052759690558837
-4.0933582985210109
-4.0933565582806182
-4.0933548405035296
-4.0933531447527294
-4.0933514705834542
-4.0933498175464766
-4.0933481851905675
-4.0933465730643253
-4.0933449807176263
-4.0933434077027728
-4.0933418535754216
-4.0933403178954046
-4.093338800227432
-4.0933373001417506
-4.0933358172147365
-4.0933343510294842
-4.0933329011763897
-4.0933314672536953
-4.0933300488680882
-4.0933286456352667
-4.0933272571805466
-4.0933258831394941
-4.0933245231585635
-4.0933231768957796
-4.0933218440214549
-4.0933205242189379
-4.0933192171854049
-4.093317922632691
-4.0933166402881804
-4.093315369895743
-4.0933141112167091
-4.0933128640309437
-4.0933116281379291
-4.093310403357953
-4.093309189533346
-4.0933079865297923
-4.0933067942377104
-4.0933056125737233
-4.0933044414821831
-4.1813856579554249
-4.1813839467870686
-4.1813822577113884
-4.1813805903358974
-4.1813789442579781
-4.1813773190683552
-4.1813757143536971
-4.1813741296986091
-4.1813725646872326
-4.1813710189045121
-4.1813694919372804
-4.1813679833751687
-4.1813664928114447
-4.18136501984376
-4.1813635640748608
-4.1813621251132496
-4.1813607025738682
-4.1813592960787194
-4.1813579052575394
-4.1813565297484283
-4.1813551691985387
-4.1813538232647387
-4.1813524916143248
-4.1813511739257505
-4.181349869889373
-4.1813485792082483
-4.181347301598942
-4.1813460367924122
-4.1813447845348914
-4.1813435445888505
-4.1813423167339874
-4.181341100768277
-4.1813398965090762
-4.1813387037942826
-4.1813375224835472
-4.1813363524595859
-4.1813351936294634
-4.18133404592606
-4.1813329093095284
-4.2694130026672186
-4.2694113208314057
-4.2694096607270717
-4.2694080220049626
-4.2694064043034459
-4.2694048072521467
-4.2694032304746843
-4.2694016735908189
-4.2694001362181631
-4.2693986179735779
-4.2693971184743802
-4.2693956373393629
-4.2693941741897294
-4.2693927286499411
-4.2693913003485262
-4.2693898889188295
-4.2693884939997613
-4.2693871152365084
-4.2693857522812664
-4.2693844047939518
-4.2693830724429267
-4.269381754905738
-4.269380451869865
-4.2693791630334958
-4.269377888106316
-4.269376626810331
-4.2693753788807189
-4.2693741440667168
-4.2693729221325345
-4.2693717128583177
-4.2693705160411479
-4.2693693314960948
-4.2693681590572989
-4.2693669985791196
-4.2693658499373335
-4.2693647130304191
-4.2693635877807354
-4.2693624741360283
-4.269361372070767
-4.3574403329231881
-4.3574386806504961
-4.3574370497590342
-4.3574354399413577
-4.3574338508755508
-4.3574322822289986
-4.3574307336612232
-4.3574292048261816
-4.3574276953740725
-4.3574262049528656
-4.357424733209589
-4.3574232797914689
-4.3574218443469546
-4.3574204265266543
-4.3574190259842283
-4.357417642377226
-4.3574162753678918
-4.3574149246239724
-4.3574135898194877
-4.3574122706355238
-4.357410966760999
-4.3574096778934672
-4.3574084037398926
-4.3574071440174809
-4.3574058984545054
-4.3574046667911457
-4.3574034487803797
-4.3574022441888767
-4.357401052797937
-4.3573998744044538
-4.3573987088219228
-4.3573975558814793
-4.3573964154329801
-4.3573952873461277
-4.3573941715116566
-4.3573930678424722
-4.3573919762750437
-4.3573908967705943
-4.3573898293164959
-4.4454676489787293
-4.4454660264707453
-4.4454644250060804
-4.4454628443176043
-4.4454612841217633
-4.4454597441224424
-4.44545822401395
-4.4454567234833897
-4.4454552422125877
-4.4454537798797178
-4.4454523361606793
-4.4454509107303348
-4.4454495032636139
-4.4454481134365427
-4.4454467409272063
-4.4454453854166545
-4.4454440465897918
-4.4454427241362326
-4.4454414177511508
-4.4454401271361155
-4.4454388519999002
-4.4454375920593572
-4.4454363470402134
-4.4454351166779498
-4.4454339007186485
-4.4454326989198796
-4.445431511051587
-4.4454303368970169
-4.4454291762536666
-4.4454280289342529
-4.4454268947677056
-4.4454257736002161
-4.4454246652962999
-4.4454235697398961
-4.4454224868355139
-4.445421416509391
-4.4454203587107477
-4.4454193134130069
-4.4454182806150886
-4.5334949510766824
-4.5334933585070116
-4.5334917866564073
-4.5334902352964583
-4.5334887041805283
-4.5334871930476961
-4.5334857016258354
-4.533484229634082
-4.5334827767848518
-4.5334813427855467
-4.5334799273400268
-4.5334785301499254
-4.533477150915834
-4.5334757893383975
-4.5334744451193556
-4.5334731179625143
-4.5334718075747
-4.5334705136666793
-4.5334692359540414
-4.5334679741581052
-4.5334667280067933
-4.5334654972354906
-4.533464281587948
-4.5334630808171443
-4.5334618946861873
-4.5334607229692061
-4.5334595654522891
-4.5334584219343927
-4.5334572922283121
-4.533456176161649
-4.5334550735778141
-4.5334539843370472
-4.5334529083174804
-4.533451845416212
-4.5334507955504124
-4.5334497586584623
-4.5334487347011443
-4.5334477236628183
-4.5334467255526665
)
;

boundaryField
{
    hotWall
    {
        type            calculated;
        value           nonuniform List<scalar> 0();
    }
    coldWall
    {
        type            calculated;
        value           nonuniform List<scalar> 0();
    }
    bottomWall
    {
        type            calculated;
        value           nonuniform List<scalar> 
42
(
-7.2034827211570694e-05
-6.9567924508063278e-05
-6.7138208203479298e-05
-6.4743265107139393e-05
-6.238090562621998e-05
-6.004912419363823e-05
-5.7746067434458793e-05
-5.5470008516319366e-05
-5.3219326417319301e-05
-5.099248908888488e-05
-4.8788039695049529e-05
-4.6604585278084369e-05
-4.4440787336878069e-05
-4.2295353914933561e-05
-4.0167032882357892e-05
-3.8054606164990007e-05
-3.5956884728465639e-05
-3.3872704166245594e-05
-3.1800920773642974e-05
-2.9740408014287178e-05
-2.7690053304915143e-05
-2.5648755058764955e-05
-2.3615419939136145e-05
-2.1588960283119106e-05
-1.9568291662243327e-05
-1.7552330551501397e-05
-1.5539992082373261e-05
-1.3530187857952233e-05
-1.152182381101497e-05
-9.513798087740836e-06
-7.5049989399174457e-06
-5.4943025794846454e-06
-3.4805709141797221e-06
-1.4626496819999964e-06
5.6063018252258427e-07
2.5904679409608604e-06
4.6280776742265897e-06
6.6747015959964637e-06
8.7316103228471095e-06
1.080010524088966e-05
1.2881521467103996e-05
1.4977230881084068e-05
)
;
    }
    topWall
    {
        type            calculated;
        value           nonuniform List<scalar> 0();
    }
    front
    {
        type            empty;
    }
    back
    {
        type            empty;
    }
    procBoundary7to6
    {
        type            processor;
        value           nonuniform List<scalar> 
38
(
-4.621522239446235
-4.6215206769616461
-4.6215191348867064
-4.6215176130300932
-4.6215161111805712
-4.6215146291110312
-4.621513166581634
-4.6215117233423646
-4.6215102991351174
-4.6215088936954887
-4.6215075067543303
-4.6215061380391136
-4.6215047872752066
-4.6215034541870335
-4.621502138499161
-4.6215008399373625
-4.6214995582295986
-4.6214982931070061
-4.6214970443048395
-4.6214958115634097
-4.621494594628996
-4.6214933932547728
-4.6214922072017153
-4.6214910362395152
-4.6214898801474904
-4.6214887387155201
-4.6214876117449641
-4.6214864990496274
-4.6214854004566988
-4.621484315807745
-4.6214832449596948
-4.6214821877858556
-4.6214811441769506
-4.6214801140421775
-4.6214790973102788
-4.6214780939306506
-4.6214771038744775
-4.6214761271358578
)
;
    }
    procBoundary7to8
    {
        type            processor;
        value           nonuniform List<scalar> 
55
(
-0.044088624958159323
-0.13211706142991594
-0.22014549225154137
-0.30817386143339309
-0.39620218115166367
-0.48423045661131614
-0.57225868882635278
-0.660286879360788
-0.7483150304145253
-0.83634314432660928
-0.92437122336981792
-1.0123992696523518
-1.1004272850511199
-1.1884552711762675
-1.2764807127557023
-1.2764807127557023
-1.3645086538910007
-1.4525365697095498
-1.5405644608406595
-1.6285923277638175
-1.7166201708388602
-1.8046479903341435
-1.8926757864516652
-1.9807035593486948
-2.0687313091558441
-2.1567590359917865
-2.2447867399749284
-2.3328144212324275
-2.4208420799069232
-2.5088697161613456
-2.5968973301821228
-2.6849249221810458
-2.7729524923960551
-2.8609800410911084
-2.9490075685553481
-3.0370350751016657
-3.1250604412708669
-3.1250583511616585
-3.1250583511616585
-3.2130858673970923
-3.30111336504409
-3.3891408444204556
-3.4771683058525173
-3.5651957496730002
-3.6532231762188569
-3.7412505858291132
-3.8292779788427325
-3.9173053555965409
-4.0053327164232373
-4.0933600616494905
-4.1813873915941535
-4.2694147065665913
-4.3574420068651429
-4.4454692927757069
-4.5334965645704495
)
;
    }
    procBoundary7to9
    {
        type            processor;
        value           nonuniform List<scalar> 
53
(
-0.043996995860649799
-0.13202512390471954
-0.22005326070624709
-0.30808141683356316
-0.39610958953169045
-0.4841377775366103
-0.57216598064078683
-0.66019419875490193
-0.74822243182162784
-0.83625067983863521
-0.92427894283386791
-1.0123072208322279
-1.1003355138298161
-1.1883638217755248
-1.2763921445587767
-1.3644204820026573
-1.4524488338615118
-1.5404771998219555
-1.6285055795063259
-1.7165339724777171
-1.8045623782459219
-1.8925907962737554
-1.9806192259834068
-2.0686476667625509
-2.1566761179701026
-2.2447045789415165
-2.3327330489936342
-2.4207615274290708
-2.5087900135401773
-2.5968185066126184
-2.6848470059285958
-2.7728755107697745
-2.8609040204199028
-2.9489325341672079
-3.0369610513065415
-3.1249895711413203
-3.2130180929852683
-3.3010466161639656
-3.3890751400162391
-3.4771036638953721
-3.5651321871701631
-3.6531607092258387
-3.7411892294648221
-3.8292177473073776
-3.9172462621921302
-4.0052747735764553
-4.0933032809367935
-4.1813317837688349
-4.2693602815876464
-4.3573887739276813
-4.4454172603427597
-4.5334457404059396
-4.6214751637329936
)
;
    }
}


// ************************************************************************* //
