#              distance                     U_x                     U_y                     U_z                       T
                      0  -2.029754794795556e-18   7.748790256059428e-21                       0        299.714818585063
  0.0003906250000000001  -0.0001154251324438488    4.48355795228766e-07                       0       299.7148185850613
  0.0007812500000000004   -0.000230850264887699   8.967115904575375e-07                       0       299.7148185850623
   0.001171875000000001  -0.0003462753973315486   1.345067385686307e-06                       0       299.7148185850629
   0.001562500000000001  -0.0004443787110987444    2.99215851993971e-06                       0       299.7148462503926
            0.001953125  -0.0005381515701967797    4.93893348894928e-06                       0       299.7148808320568
   0.002343750000000001   -0.000631924429294815   6.885708457958853e-06                       0        299.714915413721
   0.002734375000000001    -0.00072569728839285   8.832483426968425e-06                       0       299.7149499953851
   0.003125000000000001  -0.0008194701474908855     1.0779258395978e-05                       0       299.7149845770492
            0.003515625  -0.0009132430065889206   1.272603336498757e-05                       0       299.7150191587133
             0.00390625   -0.000998963885704737   1.504391884265918e-05                       0       299.7151241939543
            0.004296875   -0.001072606794847225   1.791847008332386e-05                       0       299.7153349095602
   0.004687500000000001   -0.001146249703989712   2.079302132398854e-05                       0       299.7155456251663
   0.005078125000000001     -0.0012198926131322   2.366757256465322e-05                       0       299.7157563407723
   0.005468750000000001   -0.001293535522274688   2.654212380531788e-05                       0       299.7159670563783
   0.005859375000000001   -0.001367178431417176   2.941667504598257e-05                       0       299.7161777719842
   0.006250000000000001   -0.001440821340559663   3.229122628664724e-05                       0       299.7163884875902
   0.006640625000000001    -0.00149599274851787   3.545741005658485e-05                       0       299.7168794156697
   0.007031250000000001   -0.001551164156476078   3.862359382652249e-05                       0       299.7173703437491
   0.007421875000000001   -0.001606335564434285   4.178977759646011e-05                       0       299.7178612718286
   0.007812500000000002   -0.001661506972392493   4.495596136639776e-05                       0       299.7183521999081
            0.008203125     -0.0017166783803507   4.812214513633537e-05                       0       299.7188431279877
   0.008593750000000002   -0.001771849788308907   5.128832890627297e-05                       0       299.7193340560671
   0.008984375000000003   -0.001817045350978209   5.433955780829387e-05                       0       299.7200332350197
   0.009375000000000001   -0.001855590350121575   5.731415013170359e-05                       0       299.7208712478877
            0.009765625    -0.00189413534926494   6.028874245511329e-05                       0       299.7217092607556
             0.01015625   -0.001932680348408306   6.326333477852305e-05                       0       299.7225472736237
            0.010546875   -0.001971225347551672   6.623792710193275e-05                       0       299.7233852864916
              0.0109375   -0.002009770346695037   6.921251942534245e-05                       0       299.7242232993594
            0.011328125   -0.002045386180332573   7.209631136763507e-05                       0       299.7251372940614
             0.01171875   -0.002069285351946791   7.461690178545923e-05                       0       299.7263552160996
            0.012109375    -0.00209318452356101   7.713749220328345e-05                       0       299.7275731381378
                 0.0125   -0.002117083695175228   7.965808262110766e-05                       0       299.7287910601759
            0.012890625   -0.002140982866789448   8.217867303893192e-05                       0       299.7300089822142
             0.01328125   -0.002164882038403666    8.46992634567561e-05                       0       299.7312269042524
            0.013671875   -0.002188781210017885   8.721985387458032e-05                       0       299.7324448262905
              0.0140625   -0.002202583886675022   8.927566522645666e-05                       0       299.7339695311341
            0.014453125   -0.002213862439592888   9.121528181184612e-05                       0       299.7355709316789
             0.01484375   -0.002225140992510753   9.315489839723553e-05                       0       299.7371723322236
            0.015234375   -0.002236419545428619   9.509451498262498e-05                       0       299.7387737327684
               0.015625   -0.002247698098346484   9.703413156801433e-05                       0       299.7403751333132
    0.01601562500000001    -0.00225897665126436   9.897374815340419e-05                       0       299.7419765338593
             0.01640625   -0.002265996936525868   0.0001006705836936519                       0       299.7437233735702
            0.016796875   -0.002266629820302865   0.0001020032476661884                       0       299.7456883720335
              0.0171875   -0.002267262704079862   0.0001033359116387248                       0       299.7476533704968
            0.017578125    -0.00226789558785686   0.0001046685756112613                       0       299.7496183689602
    0.01796875000000001   -0.002268528471633858   0.0001060012395837977                       0       299.7515833674235
            0.018359375   -0.002269161355410872   0.0001073339035563349                       0       299.7535483658892
                0.01875   -0.002269794239187855   0.0001086665675288707                       0       299.7555133643506
            0.019140625   -0.002261628894728597   0.0001094276921027757                       0        299.757805001242
             0.01953125   -0.002253463550269333   0.0001101888166766804                       0       299.7600966381326
    0.01992187500000001   -0.002245298205810073   0.0001109499412505855                       0       299.7623882750239
              0.0203125    -0.00223713286135082   0.0001117110658244907                       0        299.764679911916
    0.02070312500000001    -0.00222896751689158   0.0001124721903983968                       0       299.7669715488099
             0.02109375   -0.002220802172432303   0.0001132333149723009                       0       299.7692631856988
            0.021484375   -0.002208359924223657   0.0001136886136528447                       0       299.7717222498084
    0.02187500000000001   -0.002193066406848747   0.0001139400284044808                       0       299.7742929320626
            0.022265625   -0.002177772889473845   0.0001141914431561174                       0       299.7768636143178
             0.02265625   -0.002162479372098943    0.000114442857907754                       0       299.7794342965732
            0.023046875    -0.00214718585472404   0.0001146942726593905                       0       299.7820049788284
              0.0234375   -0.002131892337349138   0.0001149456874110269                       0       299.7845756610837
            0.023828125   -0.002115467080973748   0.0001151078140615998                       0       299.7871917042721
             0.02421875     -0.0020945148685964   0.0001149127883079184                       0       299.7899891911932
            0.024609375   -0.002073562656219054    0.000114717762554237                       0       299.7927866781143
                  0.025   -0.002052610443841708   0.0001145227368005556                       0       299.7955841650355
            0.025390625    -0.00203165823146436    0.000114327711046874                       0       299.7983816519565
    0.02578125000000001   -0.002010706019087015   0.0001141326852931927                       0       299.8011791388781
            0.026171875   -0.001989753806709686   0.0001139376595395124                       0       299.8039766258019
              0.0265625   -0.001965287127399049   0.0001134262037989377                       0       299.8069140925012
            0.026953125   -0.001939941831355102   0.0001128356405616406                       0       299.8098865541471
             0.02734375    -0.00191459653531116    0.000112245077324344                       0       299.8128590157939
    0.02773437500000001    -0.00188925123926722   0.0001116545140870473                       0       299.8158314774407
               0.028125   -0.001863905943223278   0.0001110639508497506                       0       299.8188039390876
            0.028515625   -0.001838560647179337   0.0001104733876124539                       0       299.8217764007343
             0.02890625   -0.001811886127983907   0.0001097384471176132                       0       299.8247998166174
            0.029296875   -0.001783217774061245   0.0001087869407364563                       0       299.8278996638548
              0.0296875   -0.001754549420138583   0.0001078354343552994                       0       299.8309995110923
            0.030078125   -0.001725881066215921   0.0001068839279741425                       0       299.8340993583297
             0.03046875   -0.001697212712293261   0.0001059324215929856                       0       299.8371992055677
            0.030859375   -0.001668544358370594   0.0001049809152118285                       0       299.8402990528045
                0.03125   -0.001639876004447937   0.0001040294088306718                       0       299.8433989000427
    0.03164062500000001   -0.001608772124981513   0.0001027384330549452                       0       299.8465852929615
    0.03203125000000001   -0.001577668245515093    0.000101447457279219                       0       299.8497716858811
            0.032421875   -0.001546564366048674   0.0001001564815034927                       0       299.8529580788008
              0.0328125   -0.001515460486582255   9.886550572776636e-05                       0       299.8561444717204
            0.033203125   -0.001484356607115841   9.757452995204012e-05                       0       299.8593308646409
             0.03359375   -0.001453252727649424   9.628355417631398e-05                       0       299.8625172575611
    0.03398437500000001   -0.001421118984515681   9.479817878685874e-05                       0       299.8657358893627
               0.034375   -0.001388298665603736   9.318320365491848e-05                       0       299.8689760137548
    0.03476562500000001   -0.001355478346691791   9.156822852297814e-05                       0        299.872216138147
    0.03515625000000001   -0.001322658027779859   8.995325339103873e-05                       0       299.8754562625422
    0.03554687500000001   -0.001289837708867905   8.833827825909776e-05                       0       299.8786963869321
              0.0359375   -0.001257017389955957   8.672330312715768e-05                       0       299.8819365113233
            0.036328125   -0.001223966699040769    8.50470475349126e-05                       0       299.8851824751082
    0.03671874999999999   -0.001189994520112608   8.312567010144791e-05                       0       299.8884517964638
            0.037109375   -0.001156022341184445   8.120429266798344e-05                       0       299.8917211178195
    0.03750000000000001   -0.001122050162256282   7.928291523451897e-05                       0       299.8949904391752
            0.037890625   -0.001088077983328121   7.736153780105448e-05                       0       299.8982597605308
             0.03828125   -0.001054105804399959   7.544016036758999e-05                       0       299.9015290818865
            0.038671875   -0.001020133625471802   7.351878293412587e-05                       0       299.9047984032437
              0.0390625  -0.0009855797370975884   7.137361567230686e-05                       0       299.9080776702971
    0.03945312500000001  -0.0009508804213618669   6.917250095339965e-05                       0       299.9113594237771
             0.03984375  -0.0009161811056261472   6.697138623449252e-05                       0       299.9146411772571
    0.04023437500000001  -0.0008814817898904261   6.477027151558507e-05                       0       299.9179229307373
    0.04062500000000001  -0.0008467824741547048   6.256915679667808e-05                       0        299.921204684217
            0.041015625  -0.0008120831584189885   6.036804207777113e-05                       0       299.9244864376984
    0.04140625000000001  -0.0007772137116096114   5.807108442964616e-05                       0        299.927769156383
    0.04179687500000001  -0.0007420890681897642   5.563036238769545e-05                       0       299.9310533228798
              0.0421875  -0.0007069644247699091   5.318964034574446e-05                       0       299.9343374893731
    0.04257812499999999  -0.0006718397813500585   5.074891830379322e-05                       0       299.9376216558683
             0.04296875  -0.0006367151379302066   4.830819626184227e-05                       0       299.9409058223634
    0.04335937500000001  -0.0006015904945103546   4.586747421989131e-05                       0       299.9441899888585
    0.04375000000000001  -0.0005664658510905044   4.342675217794019e-05                       0       299.9474741553544
            0.044140625  -0.0005311154162646624   4.080131320901336e-05                       0       299.9507561301436
             0.04453125  -0.0004957649814388215   3.817587424008631e-05                       0       299.9540381049336
            0.044921875  -0.0004604145466129805   3.555043527115925e-05                       0       299.9573200797236
    0.04531250000000001  -0.0004250641117871387   3.292499630223215e-05                       0       299.9606020545136
            0.045703125  -0.0003897136769612974   3.029955733330507e-05                       0       299.9638840293036
             0.04609375  -0.0003543632421354561   2.767411836437799e-05                       0       299.9671660040935
            0.046484375  -0.0003189506862422381   2.497860998971996e-05                       0       299.9704462555299
               0.046875  -0.0002834967163041022   2.223638867790795e-05                       0       299.9737253580636
    0.04726562500000001  -0.0002480427463659656   1.949416736609588e-05                       0       299.9770044605973
             0.04765625  -0.0002125887764278298   1.675194605428386e-05                       0        299.980283563131
            0.048046875  -0.0001771348064896939   1.400972474247181e-05                       0       299.9835626656647
              0.0484375   -0.000141680836551558   1.126750343065977e-05                       0       299.9868417681985
            0.048828125  -0.0001062209602215226   8.517287993469843e-06                       0       299.9901206335466
    0.04921875000000001  -7.073745832388835e-05    5.73509605476832e-06                       0       299.9933985501521
            0.049609375  -3.525395642625471e-05    2.95290411606685e-06                       0       299.9966764667576
    0.05000000000000001   2.295454713789368e-07   1.707121773653785e-07                       0       299.9999543833648
    0.05039062500000001   3.571304736901481e-05  -2.611479761336559e-06                       0       300.0032322999703
             0.05078125   7.119654926664814e-05  -5.393671700038298e-06                       0        300.006510216574
    0.05117187500000001   0.0001066800511642834  -8.175863638740184e-06                       0       300.0097881331796
              0.0515625   0.0001421410956442816  -1.092608050723144e-05                       0       300.0130670810995
    0.05195312500000001   0.0001775965257698735  -1.366830360817025e-05                       0       300.0163462868496
    0.05234375000000001   0.0002130519558954629  -1.641052670910888e-05                       0       300.0196254925964
            0.052734375   0.0002485073860210526  -1.915274981004759e-05                       0       300.0229046983449
    0.05312500000000001   0.0002839628161466463  -2.189497291098666e-05                       0        300.026183904095
    0.05351562500000001   0.0003194182462722369  -2.463719601192548e-05                       0       300.0294631098434
             0.05390625   0.0003548328195966511  -2.733272211676526e-05                       0       300.0327435040793
    0.05429687500000001   0.0003901861077193029  -2.995820272745662e-05                       0       300.0360256810465
    0.05468750000000001   0.0004255393958419541  -3.258368333814794e-05                       0       300.0393078580136
    0.05507812500000001   0.0004608926839646041  -3.520916394883915e-05                       0        300.042590034979
             0.05546875   0.0004962459720872545  -3.783464455953037e-05                       0       300.0458722119461
            0.055859375   0.0005315992602099057  -4.046012517022164e-05                       0       300.0491543889133
                0.05625   0.0005669525483325568  -4.308560578091291e-05                       0       300.0524365658804
            0.056640625   0.0006020813081760453  -4.552648189763508e-05                       0       300.0557210251155
    0.05703125000000001   0.0006372100680195344  -4.796735801435729e-05                       0       300.0590054843505
    0.05742187500000001   0.0006723388278630237  -5.040823413107949e-05                       0       300.0622899435856
    0.05781250000000002   0.0007074675877065177  -5.284911024780241e-05                       0       300.0655744028226
    0.05820312499999999   0.0007425963475499986  -5.528998636452392e-05                       0       300.0688588620556
             0.05859375   0.0007777251073934878  -5.773086248124624e-05                       0       300.0721433212906
    0.05898437500000001   0.0008125993169621991  -6.002810174937242e-05                       0       300.0754263796647
    0.05937500000000001   0.0008473038263477253   -6.22295831184345e-05                       0       300.0787085041316
            0.059765625   0.0008820083357332504  -6.443106448749649e-05                       0       300.0819906285984
    0.06015625000000001   0.0009167128451187775  -6.663254585655892e-05                       0       300.0852727530655
    0.06054687500000001   0.0009514173545043023  -6.883402722562071e-05                       0       300.0885548775321
    0.06093750000000001   0.0009861218638898277  -7.103550859468254e-05                       0        300.091837001999
            0.061328125    0.001020681114471302  -7.318110857659107e-05                       0       300.0951166525269
             0.06171875    0.001054659329836573  -7.510318300988404e-05                       0       300.0983864072996
    0.06210937499999999    0.001088637545201844  -7.702525744317695e-05                       0       300.1016561620723
                 0.0625    0.001122615760567122  -7.894733187647043e-05                       0       300.1049259168466
    0.06289062500000002    0.001156593975932389  -8.086940630976313e-05                       0       300.1081956716177
    0.06328125000000001    0.001190572191297663  -8.279148074305656e-05                       0       300.1114654263914
    0.06367187500000002    0.001224550406662931  -8.471355517634927e-05                       0       300.1147351811631
    0.06406250000000001    0.001257607585830819  -8.639087051123046e-05                       0       300.1179816133824
            0.064453125    0.001290434505949362  -8.800699607150869e-05                       0       300.1212222149633
    0.06484375000000001    0.001323261426067906  -8.962312163178699e-05                       0       300.1244628165442
            0.065234375    0.001356088346186449  -9.123924719206528e-05                       0       300.1277034181251
    0.06562500000000002    0.001388915266304993  -9.285537275234374e-05                       0       300.1309440197061
    0.06601562500000002    0.001421742186423543  -9.447149831262258e-05                       0       300.1341846212882
             0.06640625    0.001453882628115185  -9.595825130454154e-05                       0       300.1374037395688
    0.06679687500000001    0.001484993352166492  -9.725094544392275e-05                       0        300.140590632902
              0.0671875      0.0015161040762178  -9.854363958330427e-05                       0       300.1437775262358
    0.06757812500000002    0.001547214800269106  -9.983633372268544e-05                       0       300.1469644195685
    0.06796874999999999    0.001578325524320411  -0.0001011290278620664                       0       300.1501513129018
            0.068359375    0.001609436248371718  -0.0001024217220014476                       0       300.1533382062352
    0.06875000000000001    0.001640546972423035  -0.0001037144161408295                       0       300.1565250995703
    0.06914062499999998    0.001669222044135264  -0.0001046683003981092                       0       300.1596254492691
             0.06953125    0.001697897115847506  -0.0001056221846553896                       0       300.1627257989697
    0.06992187500000001    0.001726572187559747  -0.0001065760689126699                       0       300.1658261486702
              0.0703125    0.001755247259271997  -0.0001075299531699508                       0       300.1689264983725
    0.07070312500000001    0.001783922330984227  -0.0001084838374272305                       0       300.1720268480714
             0.07109375    0.001812597402696466  -0.0001094377216845108                       0        300.175127197772
    0.07148437500000002    0.001839278306473525  -0.0001101754687847414                       0       300.1781511051749
    0.07187500000000002     0.00186462976496046  -0.0001107691244469391                       0       300.1811240510459
            0.072265625    0.001889981223447394  -0.0001113627801091366                       0        300.184096996917
    0.07265625000000001    0.001915332681934329  -0.0001119564357713342                       0        300.187069942788
    0.07304687499999998    0.001940684140421263  -0.0001125500914335318                       0        300.190042888659
              0.0734375    0.001966035598908199  -0.0001131437470957292                       0       300.1930158345301
    0.07382812499999999     0.00199050823024649  -0.0001136584395476821                       0       300.1959537782544
             0.07421875    0.002011465552990205  -0.0001138572791586555                       0        300.198751713392
    0.07460937500000001     0.00203242287573392  -0.0001140561187696292                       0       300.2015496485296
    0.07500000000000001    0.002053380198477647  -0.0001142549583806033                       0       300.2043475836689
            0.075390625    0.002074337521221351  -0.0001144537979915762                       0        300.207145518805
    0.07578125000000001    0.002095294843965074  -0.0001146526376025502                       0       300.2099434539437
            0.076171875    0.002116252166708805  -0.0001148514772135246                       0       300.2127413890835
    0.07656249999999999    0.002132681236533288  -0.0001146937017317522                       0       300.2153578406986
            0.076953125    0.002147978243127991  -0.0001144467724767947                       0       300.2179289214371
    0.07734374999999999    0.002163275249722695  -0.0001141998432218374                       0       300.2205000021756
    0.07773437500000002    0.002178572256317402  -0.0001139529139668806                       0       300.2230710829143
               0.078125    0.002193869262912109  -0.0001137059847119235                       0       300.2256421636533
    0.07851562500000001    0.002209166269506807  -0.0001134590554569657                       0       300.2282132443911
    0.07890625000000001    0.002221611104863733  -0.0001130084664568281  -3.092456979053787e-27         300.23067268367
    0.07929687499999999     0.00222977768336399  -0.0001122523878389199  -1.082359942668797e-26       300.2329646607596
    0.07968749999999999    0.002237944261864249  -0.0001114963092210114  -1.855474187432271e-26       300.2352566378491
            0.080078125    0.002246110840364508  -0.0001107402306031033  -2.628588432195771e-26       300.2375486149388
    0.08046875000000001    0.002254277418864766  -0.0001099841519851949  -3.401702676959245e-26       300.2398405920284
    0.08085937500000002    0.002262443997365025  -0.0001092280733672866  -4.174816921722747e-26       300.2421325691179
    0.08124999999999999    0.002270610575865309  -0.0001084719947493795   -4.94793116648625e-26        300.244424546211
    0.08164062500000001    0.002269975994210331   -0.000107144763982154  -4.826824107903138e-26       300.2463898236742
             0.08203125    0.002269341412555379  -0.0001058175332149297  -4.705717049320081e-26       300.2483551011406
    0.08242187500000001    0.002268706830900427  -0.0001044903024477053   -4.58460999073702e-26       300.2503203786072
    0.08281250000000001    0.002268072249245474  -0.0001031630716804809  -4.463502932153957e-26       300.2522856560738
            0.083203125    0.002267437667590522  -0.0001018358409132566  -4.342395873570903e-26       300.2542509335403
    0.08359375000000001     0.00226680308593558  -0.0001005086101460327  -4.221288814987863e-26       300.2562162110082
            0.083984375    0.002259778933251167  -9.881730100295284e-05  -3.842584445725224e-26       300.2579632944223
    0.08437500000000001    0.002248495066547132  -9.688327294263673e-05  -3.292148536009536e-26       300.2595649151373
    0.08476562500000001    0.002237211199843098  -9.494924488232061e-05  -2.741712626293849e-26       300.2611665358523
             0.08515625    0.002225927333139062  -9.301521682200455e-05  -2.191276716578189e-26       300.2627681565672
    0.08554687500000001    0.002214643466435032  -9.108118876168874e-05  -1.640840806862485e-26       300.2643697772829
              0.0859375    0.002203359599731001  -8.914716070137286e-05  -1.090404897146828e-26       300.2659713979984
    0.08632812500000001    0.002189550756055306    -8.7096912172691e-05   -6.47761174529038e-27       300.2674963125309
    0.08671875000000001    0.002165642004492947  -8.458178177054493e-05  -6.362862003029172e-27       300.2687144023299
    0.08710937499999999    0.002141733252930599   -8.20666513683995e-05  -6.248112260767988e-27       300.2699324921305
    0.08749999999999999    0.002117824501368251  -7.955152096625389e-05  -6.133362518506795e-27        300.271150581931
    0.08789062499999999    0.002093915749805903  -7.703639056410842e-05   -6.01861277624551e-27       300.2723686717316
    0.08828124999999999    0.002070006998243556  -7.452126016196286e-05  -5.903863033984324e-27       300.2735867615322
    0.08867187500000001    0.002046098246681206  -7.200612975981718e-05  -5.789113291723134e-27       300.2748048513328
    0.08906249999999999    0.002010468954261606  -6.912743538306962e-05  -4.440937650788207e-27       300.2757189787503
    0.08945312499999999    0.001971909526627688  -6.615785001267134e-05  -2.784405535184715e-27       300.2765571155721
    0.08984374999999999    0.001933350098993773  -6.318826464227315e-05   -1.12787341958128e-27       300.2773952523938
    0.09023437500000001    0.001894790671359855  -6.021867927187482e-05   5.286586960226473e-28       300.2782333892158
    0.09062500000000001    0.001856231243725938  -5.724909390147656e-05   2.185190811626176e-27       300.2790715260376
            0.091015625    0.001817671816092023  -5.427950853107841e-05   3.841722927229646e-27       300.2799096628594
    0.09140625000000001    0.001772459685038603  -5.123296789058562e-05    4.77100626771286e-27       300.2806089516325
            0.091796875    0.001717268498855928  -4.807099434495113e-05   4.609416445515383e-27       300.2810999683325
    0.09218750000000001    0.001662077312673252  -4.490902079931655e-05   4.447826623317903e-27       300.2815909850327
    0.09257812500000001    0.001606886126490576  -4.174704725368197e-05   4.286236801120326e-27       300.2820820017327
    0.09296874999999999    0.001551694940307902  -3.858507370804755e-05   4.124646978922861e-27       300.2825730184328
    0.09335937500000001    0.001496503754125224  -3.542310016241281e-05   3.963057156725381e-27       300.2830640351329
    0.09374999999999999    0.001441312567942551   -3.22611266167784e-05   3.801467334527917e-27        300.283555051833
    0.09414062500000001    0.001367644089622381  -2.938968766500956e-05   3.207488063507916e-27       300.2837658266998
    0.09453125000000001    0.001293975611302213  -2.651824871324082e-05   2.613508792487936e-27       300.2839766015667
            0.094921875    0.001220307132982049  -2.364680976147218e-05   2.019529521467978e-27       300.2841873764335
    0.09531250000000001    0.001146638654661881  -2.077537080970345e-05   1.425550250447955e-27       300.2843981513003
            0.095703125    0.001072970176341719  -1.790393185793485e-05   8.315709794279827e-28        300.284608926168
    0.09609375000000002   0.0009993016980215507  -1.503249290616603e-05   2.375917084079679e-28       300.2848197010354
    0.09648437500000001   0.0009135514888754175  -1.271665924382841e-05                       0       300.2849247788189
               0.096875   0.0008197467925119807  -1.077122910777818e-05                       0       300.2849593918826
    0.09726562500000002   0.0007259420961485373  -8.825798971727822e-06                       0       300.2849940049463
             0.09765625    0.000632137399785103  -6.880368835677651e-06                       0         300.28502861801
    0.09804687500000001   0.0005383327034216602  -4.934938699627306e-06                       0       300.2850632310737
    0.09843750000000001   0.0004445280070582192  -2.989508563576969e-06                       0       300.2850978441387
            0.098828125   0.0003463914843444984  -1.343591676315796e-06                       0       300.2851255345884
    0.09921875000000001   0.0002309276562296629  -8.957277842105206e-07                       0       300.2851255345884
            0.099609375   0.0001154638281148314  -4.478638921052604e-07                       0       300.2851255345884
                    0.1                       0                       0                       0       300.2851255345883
