#              distance                     U_x                     U_y                     U_z                       T
                      0   5.328552250931492e-22   4.932360525521455e-19   1.401196869600373e-40       300.5000000000034
  0.0003906250000000001   3.274385238647422e-08   2.764770956987853e-05   1.357637603519824e-27       300.4955968416932
  0.0007812500000000003   1.390520405683429e-07   5.410392142060057e-05   2.223594428965324e-27       300.4911936503215
            0.001171875   3.557067324433015e-07   7.877288669258661e-05   2.352030087299551e-27       300.4867904093438
              0.0015625    5.72361424318259e-07   0.0001034418519645729   2.480465745633715e-27       300.4823871683685
            0.001953125   8.233948974627873e-07   0.0001275526248171513   1.975828854764627e-27       300.4779840144788
             0.00234375   1.211943495685597e-06   0.0001494306279920981  -1.061098232918105e-27       300.4735812089311
   0.002734375000000001   1.600492093908409e-06    0.000171308631167045  -4.098025320600952e-27       300.4691784033835
   0.003125000000000001   1.989040692131223e-06   0.0001931866343419923  -7.134952408283681e-27       300.4647755978365
   0.003515625000000001   2.505816328864502e-06    0.000212455010747835  -6.328589888249751e-27       300.4603744171191
             0.00390625   3.022591965597791e-06   0.0002317233871536787  -5.522227368215861e-27       300.4559732364032
            0.004296875   3.539367602331054e-06   0.0002509917635595209  -4.715864848182047e-27       300.4515720556856
   0.004687500000000001   4.126615455643041e-06   0.0002683093975903991   -2.88845207472175e-27       300.4471735873067
            0.005078125   4.731481363099715e-06   0.0002851393460275364  -8.057767379047386e-28       300.4427757970128
   0.005468750000000001   5.336347270556377e-06   0.0003019692944646732   1.276898598912203e-27       300.4383780067179
            0.005859375   5.975337935932646e-06   0.0003174343363157134   1.714349596081681e-27       300.4339835979009
                0.00625    6.63707843992193e-06   0.0003319894404426863    1.05498436681948e-27       300.4295914433991
   0.006640625000000001   7.298818943911137e-06   0.0003465445445696554   3.956191375573025e-28       300.4251992888945
   0.007031249999999999   7.972290736438474e-06    0.000360252191514838                       0       300.4208104427267
   0.007421875000000001    8.66335946177292e-06   0.0003726886526873368                       0       300.4164265590604
              0.0078125   9.354428187107392e-06   0.0003851251138598352                       0       300.4120426753942
            0.008203125   1.004664010951634e-05   0.0003971676705999627                       0       300.4076610338378
   0.008593750000000001   1.074342482022337e-05   0.0004076346096106049                       0       300.4032883607207
   0.008984375000000001   1.144020953093039e-05   0.0004181015486212472                       0       300.3989156876035
   0.009375000000000003   1.213699424163742e-05   0.0004285684876318892                       0       300.3945430144863
            0.009765625   1.281962351049631e-05   0.0004372081925933137   5.276226063632976e-28       300.3901847156957
             0.01015625   1.350225277935519e-05   0.0004458478975547381   1.055245212726579e-27       300.3858264169053
            0.010546875    1.41848820482141e-05   0.0004544876025161626   1.582867819089887e-27       300.3814681181148
              0.0109375   1.484304688154458e-05   0.0004617740252651232   1.664115233113309e-27       300.3771239678412
            0.011328125   1.549509560599302e-05   0.0004687221274609686   1.633768849051788e-27       300.3727833546974
             0.01171875    1.61471443304414e-05   0.0004756702296568127   1.603422464990256e-27       300.3684427415527
            0.012109375   1.677288383236809e-05   0.0004816808309141025   1.292918177984581e-27       300.3641147716282
                 0.0125   1.738108385261361e-05   0.0004870664315456888   7.956419556828087e-28       300.3597952305168
            0.012890625    1.79892838728592e-05   0.0004924520321772755   2.983657333810553e-28       300.3554756894055
             0.01328125    1.85757844951917e-05   0.0004972616988794832                       0        300.351165934381
            0.013671875   1.912973602065455e-05   0.0005012074646876226                       0       300.3468708584866
              0.0140625   1.968368754611744e-05    0.000505153230495762                       0       300.3425757825921
            0.014453125   2.022522549466193e-05    0.000508834291411009                       0       300.3382862669803
             0.01484375   2.071710913553284e-05   0.0005114565327546873                       0       300.3340189924989
            0.015234375   2.120899277640391e-05   0.0005140787740983679                       0       300.3297517180188
               0.015625   2.170087641727475e-05   0.0005167010154420442                       0       300.3254844435363
            0.016015625   2.212516972695646e-05   0.0005181097580751188                       0       300.3212481907136
             0.01640625   2.254946303663816e-05   0.0005195185007081934                       0       300.3170119378911
            0.016796875   2.297375634631985e-05   0.0005209272433412679                       0       300.3127756850685
              0.0171875   2.334117629435827e-05   0.0005214482394419095                       0       300.3085666899735
            0.017578125   2.369437790198586e-05   0.0005217472989094428                       0       300.3043645093103
             0.01796875   2.404757950961348e-05    0.000522046358376976                       0       300.3001623286473
            0.018359375   2.435707852273212e-05   0.0005217382214250142   -4.13257467324326e-28       300.2959822907466
    0.01875000000000001   2.463744247284477e-05   0.0005210252868600555  -1.102019912864866e-27       300.2918170146872
            0.019140625   2.491780642295748e-05   0.0005203123522950974  -1.790782358405398e-27       300.2876517386281
             0.01953125   2.516893781294924e-05   0.0005192312844391107   -2.18549417270599e-27       300.2835022531368
    0.01992187500000001   2.537622036275958e-05   0.0005175980166465818  -2.139130040146706e-27       300.2793764534969
              0.0203125   2.558350291257014e-05   0.0005159647488540557  -2.092765907587411e-27       300.2752506538589
    0.02070312500000001   2.577637309973555e-05   0.0005141645640335864   -1.86880018763853e-27        300.271133204407
             0.02109375   2.591159383632214e-05   0.0005116967111013762   -9.34428118131488e-28        300.267049155718
            0.021484375   2.604681457290833e-05   0.0005092288581691577  -5.604862438952742e-32       300.2629651070242
               0.021875   2.618203530949447e-05   0.0005067610052369379   9.343160208826833e-28       300.2588810583297
            0.022265625   2.624725406409736e-05   0.0005035385375123494   9.132660792731265e-28       300.2548407071653
             0.02265625   2.631247281870035e-05   0.0005003160697877606   8.922161376635849e-28       300.2508003560008
            0.023046875   2.637769157330341e-05    0.000497093602063172   8.711661960540493e-28       300.2467600048362
    0.02343749999999999   2.638922385799933e-05   0.0004933269206020598   6.502171557990903e-28       300.2427558868629
            0.023828125   2.638733452521887e-05   0.0004894241857068164   3.792933408828093e-28       300.2387608271871
             0.02421875   2.638544519243829e-05   0.0004855214508115733   1.083695259665132e-28       300.2347657675117
            0.024609375   2.634541467265017e-05   0.0004812518954228787    -4.2952368912661e-28       300.2307986162608
                  0.025   2.627995669485702e-05   0.0004767377930385498   -1.14539650433762e-27       300.2268500706265
            0.025390625   2.621449871706392e-05    0.000472223690654221  -1.861269319548634e-27        300.222901524992
             0.02578125   2.612521911307404e-05   0.0004674904993924541    -2.3543657827788e-27       300.2189719201923
            0.026171875   2.600020706978856e-05   0.0004624286748145299  -2.513297718037776e-27       300.2150707266443
              0.0265625    2.58751950265034e-05   0.0004573668502366086  -2.672229653296724e-27       300.2111695330982
            0.026953125   2.573913968220899e-05   0.0004522072015568991  -2.624414251409896e-27       300.2072778991414
             0.02734375    2.55589111338776e-05   0.0004466562564700307  -1.749609500939914e-27        300.203424503538
            0.027734375    2.53786825855465e-05   0.0004411053113831674   -8.74804750469951e-28       300.1995711079378
               0.028125   2.519845403721538e-05   0.0004355543662963042   2.921754696690877e-42       300.1957177123377
            0.028515625   2.496753551487392e-05   0.0004295680848454297   2.321699873591814e-42       300.1919121657714
             0.02890625   2.473661699253251e-05   0.0004235818033945552   1.266381749231918e-42       300.1881066192051
            0.029296875   2.450569847019116e-05   0.0004175955219436808    2.11063624871974e-43       300.1843010726388
    0.02968750000000001   2.423790741171295e-05   0.0004113003360539818   -1.31500980185622e-28       300.1805335320369
            0.030078125   2.396089821920056e-05   0.0004049279240545768  -2.958772054176461e-28       300.1767754929259
    0.03046875000000001   2.368388902668851e-05    0.000398555512055176  -4.602534306496824e-28       300.1730174538183
            0.030859375   2.338196933183883e-05   0.0003919783482702675  -4.273781856032684e-28       300.1692874824668
                0.03125   2.306344263543078e-05   0.0003852646832950231  -2.630019603712375e-28       300.1655762229546
            0.031640625   2.274491593902308e-05   0.0003785510183197816   -9.86257351392159e-29       300.1618649634448
             0.03203125   2.241156812942946e-05   0.0003717171753656828  -5.425575171959505e-29       300.1581719742128
            0.032421875   2.205598865005699e-05   0.0003647030654432986   -1.89895131018579e-28       300.1545063903979
              0.0328125   2.170040917068481e-05   0.0003576889555209164   -3.25534510317566e-28       300.1508408065847
            0.033203125   2.133827708595895e-05   0.0003506221573320783  -4.313918816077444e-28       300.1471840646401
             0.03359375   2.094993457981862e-05   0.0003433446060774149  -4.181212208626787e-28       300.1435626901675
            0.033984375   2.056159207367853e-05   0.0003360670548227547  -4.048505601176192e-28       300.1399413156978
               0.034375   2.017324956753849e-05   0.0003287895035680947  -3.915798993725604e-28       300.1363199412281
            0.034765625   1.975620717978935e-05   0.0003212819797132105  -3.789813008469911e-28       300.1327409638535
             0.03515625   1.933916479204029e-05   0.0003137744558583265  -3.663827023214242e-28       300.1291619864789
    0.03554687500000001   1.892212240429132e-05   0.0003062669320034423  -3.537841037958593e-28       300.1255830091044
    0.03593750000000001   1.848515912740455e-05   0.0002985995948289167  -4.981591934516105e-28       300.1220362381242
            0.036328125   1.804321562823339e-05   0.0002908923043244811  -6.817777051526737e-28       300.1184975187427
             0.03671875   1.760127212906237e-05   0.0002831850138200454   -8.65396216853754e-28       300.1149587993614
            0.037109375   1.714649364519407e-05   0.0002753741930733359  -8.664878711488922e-28       300.1114427678904
    0.03750000000000001    1.66831585048609e-05   0.0002674943521651106  -7.458949538400705e-28        300.107941861693
            0.037890625   1.621982336452793e-05   0.0002596145112568853  -6.253020365312632e-28       300.1044409554958
             0.03828125   1.574921437094172e-05   0.0002516754498886163  -4.838280003777281e-28       300.1009540835124
    0.03867187500000001   1.526769459747565e-05    0.000243647557830282  -3.110322859571043e-28       300.0974882628501
              0.0390625   1.478617482400974e-05    0.000235619665771948  -1.382365715364965e-28       300.0940224421876
    0.03945312500000001   1.430159853462448e-05   0.0002275665741914002  -5.610652513826737e-29       300.0905630413842
    0.03984375000000001   1.380479618156177e-05   0.0002194126845219987  -3.366391508296141e-28       300.0871293200167
            0.040234375   1.330799382849905e-05   0.0002112587948525976  -6.171717765209561e-28       300.0836955986491
               0.040625   1.281119147543668e-05   0.0002031049051831961  -8.977044022122971e-28       300.0802618772818
            0.041015625   1.230171072418354e-05   0.0001948448947648425  -9.129221092606324e-28       300.0768570357125
             0.04140625   1.179222997293031e-05   0.0001865848843464891  -9.281398163089656e-28       300.0734521941433
            0.041796875   1.128274922167752e-05   0.0001783248739281357  -9.433575233572932e-28       300.0700473525741
              0.0421875   1.076498325468517e-05    0.000169994340061515  -7.462228129671254e-28       300.0666628735715
            0.042578125   1.024514598375801e-05   0.0001616461753328275  -4.959999982173306e-28       300.0632834852107
    0.04296874999999999    9.72530871283066e-06   0.0001532980106041403  -2.457771834675426e-28       300.0599040968498
    0.04335937500000001   9.200495065628252e-06   0.0001449067448003916   -7.49041886885739e-29       300.0565378162696
                0.04375   8.672363834241776e-06   0.0001364867449466026   4.306892610983966e-29         300.05318027421
            0.044140625   8.144232602855446e-06   0.0001280667450928136   1.610420409082562e-28       300.0498227321505
    0.04453125000000001   7.613516821469839e-06   0.0001196239839672173   2.354553962755257e-28       300.0464724246088
            0.044921875   7.078924215085346e-06   0.0001111470809339108   2.445291124960721e-28       300.0431329688436
    0.04531250000000001    6.54433160870094e-06   0.0001026701779006039   2.536028287166207e-28       300.0397935130785
            0.045703125   6.008774185199007e-06    9.41846545698942e-05   2.482224021478242e-28       300.0364568974579
             0.04609375   5.469357493226336e-06   8.566465004956722e-05   1.850254044216254e-28       300.0331316423971
    0.04648437500000001   4.929940801253876e-06   7.714464552924096e-05   1.218284066954313e-28       300.0298063873391
               0.046875   4.390524109281536e-06   6.862464100891499e-05   5.863140896923776e-29       300.0264811322814
    0.04726562500000001   3.847764327978744e-06   6.007446070494209e-05   1.440154307965234e-29       300.0231660944825
             0.04765625   3.305004546676069e-06   5.152428040096967e-05  -2.982832280993053e-29       300.0198510566837
            0.048046875   2.762244765373516e-06   4.297410009699714e-05  -7.405818869951364e-29       300.0165360188851
              0.0484375   2.217904149003575e-06   3.440962053113637e-05  -6.910780223465165e-29       300.0132259121215
    0.04882812499999999   1.673168323866828e-06   2.584156614980375e-05  -5.186235268117938e-29       300.0099170381168
    0.04921875000000001   1.128432498730126e-06    1.72735117684703e-05  -3.461690312770524e-29       300.0066081641123
            0.049609375   5.832897327850154e-07   8.701889737828098e-06  -2.252146268638172e-29        300.003300531045
                   0.05   3.787567296746194e-08   1.278892743132446e-07  -1.385936165315831e-29       299.9999937252692
    0.05039062500000001  -5.075383868498728e-07  -8.446111189202182e-06   -5.19726061993401e-30       299.9966869194947
             0.05078125  -1.052713858376089e-06    -1.7017768680467e-05  -6.490258540706421e-30       299.9933792971249
    0.05117187500000001  -1.597531447465624e-06  -2.558591171335709e-05  -2.271590489247233e-29       299.9900704498669
              0.0515625  -2.142349036554783e-06  -3.415405474624738e-05  -3.894155124423848e-29       299.9867616026106
            0.051953125  -2.686787690024369e-06  -4.271864071281304e-05  -4.867693905529624e-29       299.9834515278765
    0.05234374999999999  -3.229710601015195e-06  -5.126899841408187e-05  -3.245129270353116e-29       299.9801365432459
            0.052734375  -3.772633512006047e-06  -5.981935611535189e-05  -1.622564635176534e-29       299.9768215586187
               0.053125  -4.315556422996754e-06  -6.836971381662016e-05                       0       299.9735065739848
            0.053515625  -4.855216809946339e-06  -7.688998466901943e-05   3.378382064485799e-29       299.9701813978697
             0.05390625  -5.394877196895845e-06  -8.541025552141847e-05   6.756764128971402e-29       299.9668562217545
    0.05429687499999999  -5.934537583845415e-06  -9.393052637381748e-05   1.013514619345702e-28       299.9635310456395
              0.0546875  -6.470402186270752e-06  -0.0001024163874125559   2.323513847961492e-29       299.9601945288086
            0.055078125  -7.005317842565431e-06   -0.000110893645997879  -8.285622100029514e-29       299.9568551767989
             0.05546875  -7.540233498859853e-06  -0.0001193709045832022  -1.889475804802018e-28       299.9535158247891
            0.055859375  -8.071318964240621e-06  -0.0001278140750225439  -2.738314009313932e-28       299.9501656351304
    0.05625000000000001  -8.599850969012343e-06   -0.000136234520031234  -3.445768620301098e-28        299.946808220379
            0.056640625  -9.128382973783896e-06  -0.0001446549650399183   -4.15322323128815e-28        299.943450805614
             0.05703125  -9.653627657095384e-06   -0.000153046712032694  -4.940081771755256e-28       299.9400846611333
            0.057421875  -1.017394135821636e-05  -0.0001613954120015981  -5.846046206442198e-28       299.9367054220598
              0.0578125  -1.069425505933731e-05  -0.0001697441119705036  -6.752010641129175e-28       299.9333261829888
            0.058203125  -1.121251208423851e-05  -0.0001780751992110803  -7.413161426225876e-28       299.9299418573077
             0.05859375  -1.172254240426076e-05  -0.0001863358355383427  -7.095057612961433e-28        299.926537185186
    0.05898437500000001   -1.22325727242829e-05  -0.0001945964718656052  -6.776953799696998e-28       299.9231325130641
    0.05937500000000001  -1.274260304430495e-05  -0.0002028571081928673  -6.458849986432548e-28       299.9197278409424
            0.059765625  -1.324002511714458e-05   -0.000211011715124881  -4.440459365672336e-28       299.9162943070961
             0.06015625   -1.37374471899841e-05  -0.0002191663220568944  -2.422068744912171e-28       299.9128607732497
            0.060546875   -1.42348692628235e-05  -0.0002273209289889076  -4.036781241520227e-29       299.9094272394033
    0.06093750000000001  -1.472011861272649e-05  -0.0002353748115439604  -1.488144031236516e-28       299.9059680387306
            0.061328125  -1.520232478189521e-05  -0.0002434035130047733  -3.348324070282129e-28       299.9025024213519
             0.06171875  -1.568453095106392e-05  -0.0002514322144655855  -5.208504109327737e-28       299.8990368039724
    0.06210937499999999  -1.615586395788517e-05  -0.0002593721410513387  -6.715851142003937e-28       299.8955501432226
                 0.0625   -1.66199481898082e-05  -0.0002672528843870525  -7.987976170433865e-28       299.8920494535592
    0.06289062500000001  -1.708403242173105e-05  -0.0002751336277227664  -9.260101198863917e-28       299.8885487638958
             0.06328125  -1.753958327537994e-05  -0.0002829453884988922  -9.236008630620343e-28       299.8850329531871
            0.063671875   -1.79823340616179e-05  -0.0002906536754356364  -7.267589667366589e-28       299.8814944609107
    0.06406249999999999  -1.842508484785575e-05  -0.0002983619623723804  -5.299170704112991e-28       299.8779559686342
            0.064453125  -1.886286604435462e-05  -0.0003060303149937028  -3.491658312665648e-28        299.874409426311
    0.06484375000000001  -1.928076888189761e-05  -0.0003135389303533374  -2.327772208443758e-28       299.8708306838004
            0.065234375   -1.96986717194405e-05  -0.0003210475457129719  -1.163886104221918e-28         299.86725194129
               0.065625  -2.011657455698335e-05  -0.0003285561610726066  -4.140752225186717e-42       299.8636731987794
    0.06601562500000001  -2.050582510355594e-05  -0.0003358349000502033                       0       299.8600520640264
             0.06640625  -2.089507565012857e-05  -0.0003431136390277999                       0       299.8564309292736
    0.06679687500000001  -2.128432619670129e-05  -0.0003503923780053967                       0       299.8528097945206
    0.06718749999999998  -2.164739950489734e-05  -0.0003574604418606928  -2.500407690316711e-28       299.8491532938066
            0.067578125  -2.200392850349927e-05  -0.0003644758369354147  -5.625917303213107e-28       299.8454879516024
    0.06796875000000002  -2.236045750210113e-05  -0.0003714912320101364  -8.751426916109522e-28       299.8418226093982
            0.068359375  -2.269477573194188e-05  -0.0003783264193308983  -8.166768735529707e-28       299.8381298611329
    0.06874999999999999   -2.30142867826092e-05  -0.0003850414681490297  -5.108665359299642e-28       299.8344188421667
            0.069140625  -2.333379783327518e-05  -0.0003917565169671438  -2.050561983069759e-28       299.8307078231874
             0.06953125  -2.363671295322605e-05  -0.0003983351045883465   1.277124432575618e-28        299.826978090776
    0.06992187500000001  -2.391473417710255e-05  -0.0004047090004141556   5.009185407344084e-28       299.8232202881962
              0.0703125  -2.419275540097926e-05  -0.0004110828962399679   8.741246382112213e-28       299.8194624856195
    0.07070312499999999  -2.446156249770899e-05   -0.000417379586213748   1.179251111017266e-27       299.8156951801821
             0.07109375  -2.469351308585124e-05  -0.0004233674527793985   1.212059085140102e-27       299.8118898633023
    0.07148437499999999  -2.492546367399364e-05  -0.0004293553193450491   1.244867059262938e-27       299.8080845464228
    0.07187500000000001  -2.515741426213577e-05  -0.0004353431859106999   1.277675033385776e-27       299.8042792295431
            0.072265625  -2.533868682595505e-05  -0.0004408958186965849   1.312239829313049e-27       299.8004260540712
    0.07265625000000001  -2.551995938977429e-05  -0.0004464484514824699   1.346804625240323e-27       299.7965728785992
    0.07304687500000001  -2.570123195359351e-05  -0.0004520010842683548   1.381369421167596e-27       299.7927197031273
              0.0734375  -2.583833409761259e-05   -0.000457162503727835    1.04121178526478e-27       299.7888282796267
    0.07382812500000001   -2.59643936366816e-05  -0.0004622261198557146   6.073735414044474e-28        299.784927294119
             0.07421875  -2.609045317575044e-05  -0.0004672897359835938   1.735352975441279e-28       299.7810263086114
    0.07460937500000001  -2.618077709544718e-05   -0.000472024781837747  -4.514073858073089e-28       299.7770969032179
    0.07500000000000001  -2.624727726889615e-05  -0.0004765407808427545  -1.203753028819472e-27       299.7731485512372
            0.075390625  -2.631377744234439e-05  -0.0004810567798477516  -1.956098671831638e-27       299.7692001992498
    0.07578125000000001  -2.635484443753226e-05  -0.0004853282743494171  -2.320448397146493e-27       299.7652332350814
            0.076171875  -2.635776166532915e-05  -0.0004892330120960768  -2.102804245915445e-27       299.7612383526364
    0.07656250000000001  -2.636067889312629e-05  -0.0004931377498427422  -1.885160094684394e-27       299.7572434701947
    0.07695312500000001   -2.63501698210378e-05  -0.0004969064556204359  -1.544308712356929e-27       299.7532395258241
             0.07734375  -2.628595554940798e-05  -0.0005001310335222631  -7.106284056440318e-28       299.7491993337499
    0.07773437499999999  -2.622174127777835e-05   -0.000503355611424095   1.230519010688951e-28       299.7451591416786
               0.078125  -2.615752700614871e-05  -0.0005065801893259273   9.567322077818323e-28       299.7411189496073
    0.07851562500000001  -2.602327824624493e-05  -0.0005090502607970307   6.577533928500325e-28       299.7370350405004
    0.07890625000000001  -2.588902948634117e-05  -0.0005115203322681341   3.587745779181932e-28       299.7329511313935
    0.07929687499999999  -2.575478072643744e-05  -0.0005139904037392373   5.979576298637617e-29       299.7288672222867
    0.07968750000000001  -2.556284936697443e-05  -0.0005157928945851505  -5.508974178190392e-28       299.7247498960208
    0.08007812499999999   -2.53564973576217e-05  -0.0005174284902747661  -1.239519190092741e-27       299.7206242154654
    0.08046875000000001   -2.51501453482688e-05  -0.0005190640859643818  -1.928140962366614e-27       299.7164985349099
    0.08085937500000001   -2.48999144772844e-05  -0.0005201475479295145  -2.232667430386905e-27       299.7123491558447
                0.08125  -2.462043103187897e-05  -0.0005208629207449916  -2.281130362238188e-27        299.708183977773
    0.08164062500000001  -2.434094758647347e-05  -0.0005215782935604685  -2.329593294089497e-27       299.7040187997012
             0.08203125  -2.403230582989301e-05   -0.000521888913325642  -2.063837171550266e-27       299.6998388512777
    0.08242187500000001  -2.367992660654939e-05  -0.0005215924035153458  -1.326752467425136e-27       299.6956367473183
    0.08281250000000001  -2.332754738320594e-05  -0.0005212958937050522  -5.896677633000442e-28       299.6914346433605
            0.083203125  -2.296093672174868e-05  -0.0005207774697820559                       0        299.687225720764
    0.08359375000000002  -2.253740030783519e-05    -0.00051937138940821                       0       299.6829895235911
            0.083984375  -2.211386389392198e-05  -0.0005179653090343703                       0       299.6787533264215
    0.08437500000000001  -2.169032748000875e-05  -0.0005165592286605308                       0       299.6745171292523
    0.08476562500000001  -2.119912881234204e-05  -0.0005139397636261299   8.952449465906861e-28        299.670249890007
             0.08515625  -2.070793014467523e-05  -0.0005113202985917265   1.790489893181354e-27       299.6659826507603
    0.08554687500000002  -2.021673147700837e-05  -0.0005087008335573222   2.685734839772075e-27       299.6617154115131
    0.08593750000000001  -1.967581674857594e-05  -0.0005050226416630157   4.033373436077912e-27       299.6574259156227
    0.08632812499999999  -1.912247300495165e-05  -0.0005010797680537205   5.494110444812403e-27       299.6531308555636
    0.08671875000000001  -1.856912926132744e-05  -0.0004971368944444308   6.954847453547063e-27        299.648835795508
    0.08710937500000002  -1.798318778937083e-05  -0.0004923301909129632   7.323968794417757e-27       299.6445260455129
    0.08749999999999999  -1.737551449852586e-05   -0.000486947600766707   6.965346356712643e-27       299.6402065022224
            0.087890625  -1.676784120768045e-05   -0.000481565010620443   6.606723919007358e-27       299.6358869589275
    0.08828125000000001  -1.614259513322335e-05  -0.0004755574684207156   5.174087956911206e-27       299.6315589802909
    0.08867187500000001  -1.549098988334852e-05  -0.0004686124981407899   2.130431708228842e-27       299.6272183486399
              0.0890625  -1.483938463347358e-05  -0.0004616675278608601  -9.132245404536074e-28       299.6228777169864
    0.08945312500000002  -1.418164656626652e-05   -0.000454384262133673  -3.474258560759427e-27       299.6185335453262
             0.08984375  -1.349937722973118e-05  -0.0004457478146174603  -4.104803667558445e-27       299.6141752136404
    0.09023437500000001   -1.28171078931959e-05  -0.0004371113671012516   -4.73534877435743e-27       299.6098168819574
    0.09062500000000001  -1.213483855666063e-05  -0.0004284749195850433  -5.365893881156381e-27       299.6054585502748
            0.091015625  -1.143833212182917e-05  -0.0004180113688169464  -3.689052043295005e-27       299.6010858320188
    0.09140625000000001  -1.074182568699774e-05  -0.0004075478180488511  -2.012210205433593e-27       299.5967131137641
            0.091796875  -1.004531925216639e-05   -0.000397084267280758  -3.353683675722656e-28       299.5923403955105
    0.09218750000000002  -9.353323733822891e-06  -0.0003850452087366088                       0       299.5879587008138
    0.09257812500000002  -8.662455944601543e-06  -0.0003726122732484518                       0       299.5835747620105
    0.09296874999999999  -7.971588155380375e-06  -0.0003601793377603012                       0       299.5791908232114
    0.09335937499999999  -7.298275096316441e-06  -0.0003464753038849173                       0       299.5748019172687
                0.09375  -6.636665190690674e-06  -0.0003319238710847104                       0       299.5704096998954
    0.09414062500000002  -5.975055285064981e-06  -0.0003173724382845075                       0       299.5660174825263
    0.09453125000000002  -5.336171051088992e-06  -0.0003019111299707932                       0       299.5616230086239
            0.094921875  -4.731375324587537e-06  -0.0002850850083868123                       0       299.5572251499215
    0.09531250000000001  -4.126579598086015e-06  -0.0002682588868028297                       0       299.5528272912192
    0.09570312499999999  -3.539392442805649e-06  -0.0002509451130509187    2.97267524478165e-28       299.5484287537265
    0.09609375000000001   -3.02263957240946e-06  -0.0002316807306272739   1.783605146868831e-27       299.5440275010557
    0.09648437500000001  -2.505886702013309e-06  -0.0002124163482036324   3.269942769259565e-27       299.5396262483896
               0.096875  -1.989133831617149e-06  -0.0001931519657799883   4.756280391650135e-27       299.5352249957177
    0.09726562499999999  -1.600577797278346e-06  -0.0001712781369163195   4.833919514089493e-27       299.5308221163558
             0.09765625  -1.212021762939538e-06  -0.0001494043080526504    4.91155863652888e-27       299.5264192369939
    0.09804687500000001  -8.234657286007217e-07  -0.0001275304791889809    4.98919775896831e-27       299.5220163576321
    0.09843750000000001  -5.724162433895247e-07  -0.0001034240368581752   3.753544187592122e-27       299.5176131294228
            0.098828125   -3.55743395460238e-07  -7.875944116058675e-05   2.189567442762083e-27       299.5132098140052
    0.09921875000000002  -1.390705475309282e-07  -5.409484546299477e-05   6.255906979318728e-28       299.5088064985808
    0.09960937500000001  -3.275088022451888e-08  -2.764312948997404e-05                       0       299.5044032327598
                    0.1                       0                       0                       0                   299.5
