#              distance                     U_x                     U_y                     U_z                       T
  6.939740885162004e-18                       0                       0                       0       299.7159945837495
  0.0003906250000000001   -0.000114980319299648   1.691731795233742e-07                       0       299.7159929855482
  0.0007812500000000002  -0.0002255075664585947   7.330503228578433e-07                       0       299.7159849945388
            0.001171875  -0.0003327499625366742   1.606696472960677e-06                       0       299.7159785602286
              0.0015625  -0.0004378024578941724   2.686855294242405e-06                       0       299.7159731637145
            0.001953125  -0.0005374714124498202   4.210670267959616e-06                       0       299.7159804444063
             0.00234375  -0.0006350236436637307   5.884599298324713e-06                       0       299.7159966134755
            0.002734375   -0.000729400789865036   7.783699413661642e-06                       0       299.7160261151108
               0.003125  -0.0008196190409079079   9.939789502176653e-06                       0       299.7160805778608
            0.003515625  -0.0009077768767483217   1.221400924930609e-05                       0       299.7161492010506
   0.003906250000000001  -0.0009918519469373564   1.470375765771544e-05                       0       299.7162495048913
            0.004296875   -0.001072923476659874   1.732608167920388e-05                       0       299.7163782531927
              0.0046875   -0.001151992646071433   2.003678944274587e-05                       0       299.7165259644837
            0.005078125   -0.001226156177855417   2.292345152061035e-05   1.020149111472323e-30       299.7167282906414
   0.005468750000000001    -0.00129839872482725   2.586382050814365e-05   1.665514835127162e-30       299.7169551052272
   0.005859374999999999   -0.001367759794580854   2.888474986018014e-05   1.748705477055606e-30        299.717218652455
                0.00625   -0.001433363851490643    3.19823292918539e-05   8.826718027207406e-31        299.717535982063
            0.006640625   -0.001497111249013516   3.511117500792068e-05                       0       299.7178812854211
             0.00703125   -0.001557189021832621   3.828843578192407e-05                       0       299.7182847014159
   0.007421875000000001   -0.001614581903639605   4.148268506915334e-05                       0        299.718734597965
              0.0078125   -0.001670184858105085   4.468826003186426e-05                       0       299.7192154815334
   0.008203125000000002   -0.001721428050261212    4.78929587675153e-05                       0       299.7197780839222
   0.008593750000000001   -0.001770974418550974   5.108680404399801e-05                       0        299.720374849129
   0.008984374999999999   -0.001817975551041198    5.42643691317286e-05                       0       299.7210228585645
   0.009375000000000001   -0.001861679114432868   5.740149582200795e-05                       0       299.7217417053986
            0.009765625   -0.001903758332889902   6.051426903499569e-05                       0        299.722496492356
             0.01015625   -0.001942637740706981    6.35700667362694e-05                       0       299.7233242024141
            0.010546875   -0.001979191670216165   6.657230912359976e-05                       0       299.7242078600325
              0.0109375   -0.002014195280853419   6.953884796830121e-05                       0       299.7251288160249
            0.011328125   -0.002045448469734621   7.240059841130195e-05                       0       299.7261446137004
             0.01171875   -0.002075252052912527   7.521517265430812e-05                       0       299.7271987958056
            0.012109375   -0.002102881227535486   7.795898259732222e-05                       0        299.728310554555
                 0.0125   -0.002127712832284079   8.059970683378907e-05                       0       299.7294996134208
            0.012890625   -0.002151171113240975   8.318712195096564e-05                       0       299.7307273684781
             0.01328125   -0.002171933668905918   8.566438629754637e-05                       0       299.7320326082521
            0.013671875   -0.002190750734274958   8.805489590367875e-05                       0       299.7333958537723
              0.0140625   -0.002208270806113266   9.038756901617368e-05                       0       299.7347977697722
            0.014453125   -0.002222675057118203   9.257051514076714e-05                       0       299.7362957956609
             0.01484375   -0.002235883296378972   9.469215719561097e-05                       0       299.7378318940166
            0.015234375   -0.002247297518023737   9.672184314584089e-05                       0       299.7394251011055
               0.015625   -0.002256419378384244   9.862724411929688e-05                       0        299.741093440369
    0.01601562500000001   -0.002264419667084446   0.0001004703379234562                       0       299.7427990301469
             0.01640625   -0.002270226030427686   0.0001021884880272041                       0       299.7445784898075
            0.016796875     -0.0022744596809848    0.000103813102857443                       0       299.7464122335115
              0.0171875   -0.002277644856351164   0.0001053753608386756                       0       299.7482821665778
            0.017578125   -0.002278327970617194   0.0001067829678539748                       0       299.7502404490202
             0.01796875   -0.002278056979733199      0.0001081295319245                       0       299.7522331279955
            0.018359375   -0.002276354831124164   0.0001093845315778644                       0       299.7542774017701
                0.01875   -0.002272835881871071   0.0001105196071690469                       0       299.7563884157595
            0.019140625   -0.002268430841806606   0.0001115953658957259                       0       299.7585322501936
             0.01953125   -0.002262298239140732   0.0001125537812265746                       0       299.7607406261949
    0.01992187500000001   -0.002254935174391274   0.0001134263633370481                       0        299.762995665269
              0.0203125   -0.002246751801586123   0.0001142417233006063                       0       299.7652818130618
    0.02070312500000001   -0.002236623354661465   0.0001149179347237858                       0       299.7676426955428
             0.02109375   -0.002225757922891146   0.0001155401209958826  -5.373079235499594e-30       299.7700322139769
            0.021484375   -0.002213787013852248   0.0001160812695413513  -1.880577732421911e-29       299.7724646863288
               0.021875   -0.002200421699094702   0.0001165177051726797  -1.074615847100145e-29       299.7749518473476
            0.022265625   -0.002186378430828268   0.0001169026196607322     5.3133352992818e-30       299.7774656945583
             0.02265625   -0.002171017754244953   0.0001171861624898209   3.188001179568272e-29       299.7800315978722
            0.023046875   -0.002154724825643822   0.0001173961435845381   3.447356588914213e-29       299.7826345447927
              0.0234375   -0.002137810395697491   0.0001175570835230082   2.108503838066108e-29       299.7852621874529
    0.02382812500000001   -0.002119431965616497   0.0001175994089946749   7.906889392734828e-30       299.7879482190581
             0.02421875   -0.002100502535683786   0.0001175958158063443                       0       299.7906562659578
            0.024609375    -0.00208074660597348   0.0001175233446280169                       0       299.7933973357969
                  0.025   -0.002059955286022396   0.0001173619244790247   3.464245045643225e-28       299.7961797698279
            0.025390625   -0.002038662280562113   0.0001171567051038541   6.933723168184623e-28       299.7989822262497
             0.02578125   -0.002016397923305813   0.0001168652377946362   6.959888552675314e-28        299.801823408043
            0.026171875    -0.00199345117304741    0.000116510959386261   6.980058031241174e-28       299.8046916846733
              0.0265625   -0.001970049494120959   0.0001161148069117827   6.996230239190247e-28       299.8075780245317
            0.026953125   -0.001945584222488369   0.0001156168337090251   7.002479355539443e-28       299.8105063377099
             0.02734375   -0.001920721768245572   0.0001150791734941842   5.254671619011615e-28       299.8134501969648
            0.027734375   -0.001895263540087434    0.000114481982761216   8.757786031686044e-29       299.8164173753298
               0.028125   -0.001869065021716014   0.0001138072964547491                       0        299.819413229655
            0.028515625    -0.00184250927914169   0.0001130942834051654                       0       299.8224228374724
             0.02890625    -0.00181526492996929   0.0001123054589566292                       0       299.8254587833384
            0.029296875   -0.001787541128013148   0.0001114609039578029                       0       299.8285127932081
    0.02968750000000001   -0.001759497690867898   0.0001105791952587864  -1.487938781417505e-43       299.8315788457565
            0.030078125   -0.001730713957788118    0.000109606279204134  -1.109622651116702e-29       299.8346723029321
             0.03046875   -0.001701656494421845   0.0001085974800362517  -1.765802925405377e-29        299.837775689134
            0.030859375   -0.001672188435625793   0.0001075348561985239  -1.741819634433958e-29       299.8408939688682
                0.03125   -0.001642215480098242   0.0001064015468509934  -8.685114881179681e-30       299.8440301408859
            0.031640625   -0.001612000175310267   0.0001052331413414722                       0       299.8471747933204
             0.03203125   -0.001581320370212464   0.0001039950366938155                       0       299.8503354752051
            0.032421875   -0.001550320895102343   0.0001027053459864476                       0       299.8535068608807
    0.03281249999999999    -0.00151910830665071   0.0001013812645726076                       0       299.8566853824233
            0.033203125   -0.001487408178842009   9.997230056712189e-05                       0       299.8598796795607
    0.03359375000000001   -0.001455530115788095   9.852981316454424e-05                       0       299.8630795148898
            0.033984375   -0.001423385149866315   9.703704066632462e-05                       0       299.8662876574965
               0.034375   -0.001390916484531407   9.547809052708566e-05                       0        299.869505439415
            0.034765625   -0.001358293525929607   9.388627760778263e-05                       0       299.8727277083155
             0.03515625   -0.001325377093673365   9.222919120924473e-05                       0       299.8759582858322
    0.03554687499999999    -0.00129226180041769   9.052387205718943e-05                       0       299.8791941756049
              0.0359375   -0.001259013933162403   8.878639773612206e-05                       0       299.8824336068849
            0.036328125   -0.001225467720552019   8.696984125453686e-05                       0       299.8856804890172
    0.03671875000000001   -0.001191814502417632   8.512222531479756e-05                       0        299.888929840837
    0.03710937500000001   -0.001158000775997247   8.322802018782775e-05                       0       299.8921828971902
    0.03750000000000001   -0.001123995946397569   8.127296390928811e-05                       0       299.8954399699221
    0.03789062500000001    -0.00108990086561094   7.928783337918995e-05                       0       299.8986988439097
             0.03828125   -0.001055635883255725   7.724325699442493e-05                       0       299.9019609065174
            0.038671875   -0.001021258136316071   7.515526403762532e-05                       0       299.9052248086498
              0.0390625  -0.0009868052129868134   7.303832669947108e-05                       0       299.9084899371388
    0.03945312500000001  -0.0009521867887284473   7.085117931514154e-05                       0       299.9117573217949
    0.03984375000000001   -0.000917510371224924   6.863689476387401e-05                       0       299.9150253271414
            0.040234375  -0.0008827469638536498   6.638190446219942e-05                       0       299.9182942635184
    0.04062500000000001  -0.0008478825085666544   6.407471331800792e-05                       0       299.9215639577692
            0.041015625  -0.0008129709114025229   6.174198614070115e-05                       0        299.924833928994
    0.04140625000000001  -0.0007779717946457533   5.935931567346149e-05                       0       299.9281042503081
            0.041796875  -0.0007429161784150853   5.694102026792632e-05                       0       299.9313745817748
              0.0421875  -0.0007078228958684921   5.449897490352839e-05                       0       299.9346449200133
            0.042578125  -0.0006726490950823375   5.200084024948082e-05                       0       299.9379149377739
             0.04296875   -0.000637447949576594   4.948167513180406e-05  -3.513004775835139e-30       299.9411847233537
            0.043359375  -0.0006022057869914554   4.693096431868234e-05  -1.229551671541963e-29       299.9444541606574
                0.04375  -0.0005669175468421847   4.434117971315908e-05  -1.391348182459111e-29       299.9477229827344
            0.044140625  -0.0005316081633410444   4.173264726174112e-05  -1.205307647764128e-29       299.9509914725539
             0.04453125  -0.0004962602839965536   3.908819721914884e-05  -3.443736136468277e-30       299.9542592485692
            0.044921875  -0.0004608885113349302   3.641929572976539e-05                       0       299.9575264508323
    0.04531250000000001  -0.0004255008097952212   3.373409327585522e-05                       0       299.9607932705971
            0.045703125  -0.0003900805163209954   3.101246794365757e-05                       0       299.9640591231552
             0.04609375  -0.0003546496976282848   2.827807264378124e-05                       0        299.967324603197
            0.046484375  -0.0003192030911078389   2.552452239238721e-05                       0       299.9705895244593
               0.046875  -0.0002837397917186641   2.274915053979321e-05                       0        299.973853761907
    0.04726562500000001  -0.0002482690934119249    1.99638234274419e-05                       0       299.9771176796107
             0.04765625  -0.0002127854923037299   1.716049687726683e-05                       0       299.9803810022206
            0.048046875  -0.0001772947061722994   1.434660226380393e-05                       0       299.9836439619228
              0.0484375   -0.000141799130025381   1.152566227481598e-05                       0       299.9869066796902
            0.048828125  -0.0001062952756999068    8.69208002066738e-06                       0       299.9901689535074
             0.04921875  -7.078945792974973e-05    5.85545394430148e-06                       0       299.9934311203576
            0.049609375   -3.52806949925657e-05   3.014262134609172e-06                       0        299.996693126752
                   0.05    2.29456527377933e-07   1.710384977672318e-07                       0       299.9999550679042
    0.05039062500000001   3.573968082229666e-05    -2.6721846587725e-06  -6.241646581569485e-30       300.0032170142291
             0.05078125   7.124880763435346e-05  -5.513374066952883e-06  -3.744987948941596e-29       300.0064790464867
    0.05117187500000001   0.0001067552069701721   -8.34999666315468e-06  -6.389934843410313e-29       300.0097412546774
    0.05156250000000001   0.0001422597879885011  -1.118357471803764e-05  -8.717630807001566e-29       300.0130035801666
    0.05195312500000001   0.0001777564515323823  -1.400450993196385e-05  -3.269111552625389e-29       300.0162663752499
             0.05234375   0.0002132484680789196  -1.681840026693053e-05                       0       300.0195294224496
            0.052734375   0.0002487335141294571  -1.962172328345924e-05                       0       300.0227928478423
    0.05312500000000001   0.0002842059400624023  -2.240704978115591e-05  -1.054268187178949e-28       300.0260568884919
            0.053515625   0.0003196711073787204  -2.518242307524714e-05  -2.154285961010162e-28       300.0293212588837
    0.05390625000000001   0.0003551198603461425  -2.793598007374737e-05  -2.383033894272269e-28       300.0325863329975
    0.05429687500000001   0.0003905530306565618  -3.067038822509364e-05  -1.546583167235587e-28       300.0358519805498
              0.0546875   0.0004259758125290078  -3.339203047833978e-05                       0       300.0391180104176
    0.05507812500000001   0.0004613663372505014  -3.607726410730582e-05                       0       300.0423850314897
             0.05546875   0.0004967410637633541  -3.874620431109958e-05                       0       300.0456524444501
            0.055859375   0.0005320920929632584  -4.139070437713548e-05                       0         300.04892044525
                0.05625   0.0005674048804403197  -4.399930599606291e-05                       0       300.0521891781692
            0.056640625   0.0006026966496446394  -4.658917044890846e-05                       0       300.0554582523568
    0.05703125000000001   0.0006379425874809484  -4.913998468454055e-05                       0       300.0587279595644
            0.057421875   0.0006731476864310266  -5.165927448392118e-05                       0       300.0619980279606
              0.0578125   0.0007083255594569606  -5.415754799246863e-05                       0       300.0652683371525
    0.05820312500000001   0.0007434231996558916  -5.659977399444822e-05                       0       300.0685389875574
    0.05859375000000001   0.0007784832827580411  -5.901826943095394e-05   3.850248010100866e-30       300.0718096391642
    0.05898437500000002   0.0008134870302150215  -6.140116901924888e-05    1.34758680353482e-29       300.0750802925739
    0.05937500000000001   0.0008484034660185194  -6.373416971098837e-05   1.559651403558833e-29       300.0783506111231
            0.059765625   0.0008832728611433388  -6.604165802074403e-05   1.381803152694467e-29       300.0816206601009
             0.06015625   0.0009180414052070398  -6.829699569912882e-05   3.948009007694571e-30       300.0848899656912
            0.060546875   0.0009527230983060807  -7.051166977942648e-05  -3.118394345803407e-30       300.0881583505098
    0.06093750000000001   0.0009873468907620365  -7.269923479433376e-05  -8.315718255502071e-30       300.0914261214876
            0.061328125     0.00102180539854446  -7.481666767622766e-05  -5.995238949728006e-28       300.0946916523386
             0.06171875    0.001056188810071835  -7.690519045336784e-05  -9.625422419363992e-28       300.0979559628311
            0.062109375    0.001090459577216628  -7.895034807337735e-05  -9.832758442693936e-28       300.1012184427822
                 0.0625    0.001124560589800328  -8.093613466817918e-05  -4.937112823679654e-28       300.1044777451741
    0.06289062500000001    0.001158571421255228  -8.289188599790563e-05                       0       300.1077352516166
             0.06328125    0.001192391282755962  -8.478686729252851e-05                       0       300.1109887518081
    0.06367187499999999    0.001226050725162938  -8.663532492769268e-05                       0       300.1142385543517
    0.06406250000000002    0.001259603221507448  -8.845276678988811e-05                       0       300.1174858918056
            0.064453125    0.001292857502618215  -9.019124342464331e-05                       0       300.1207257885981
    0.06484375000000001     0.00132597925409901  -9.189761469014814e-05                       0       300.1239621474829
    0.06523437500000001    0.001358902211134759  -9.355582790177087e-05                       0       300.1271931994858
               0.065625    0.001391531767351759  -9.514887311800076e-05                       0       300.1304159490069
    0.06601562499999999    0.001424007062602967  -9.670910971354359e-05                       0       300.1336342143518
             0.06640625    0.001456158714809774  -9.820327982173107e-05                       0       300.1368428454772
    0.06679687500000001    0.001488043493635586  -9.964725225673383e-05                       0       300.1400431723434
    0.06718749999999998    0.001519750356874139  -0.0001010577595762845                       0       300.1432379630513
            0.067578125     0.00155096970781921  -0.0001023835363883519                       0        300.146416981853
    0.06796875000000001    0.001581975947094775  -0.0001036749857044686                       0       300.1495888657628
            0.068359375    0.001612662518865942  -0.0001049149437766502                       0       300.1527500473077
    0.06875000000000001    0.001642884574689854   -0.000106085333491175                       0       300.1558952002613
    0.06914062500000001     0.00167286426851215  -0.0001072206934145436                       0       300.1590318729417
             0.06953125    0.001702339030275423  -0.0001082855025309505                       0       300.1621506531549
    0.06992187500000002    0.001731403154787534  -0.0001092965905874915                       0       300.1652545389113
              0.0703125    0.001760193521132199   -0.000110271864604122                       0       300.1683484950302
    0.07070312500000001     0.00178824349532281  -0.0001111561076050949                       0       300.1714150437011
             0.07109375    0.001815973784822732  -0.0001120032686262744                       0       300.1744695480816
    0.07148437499999999    0.001843224547286651  -0.0001127948066777652                       0       300.1775059860315
    0.07187499999999999    0.001869786581276798  -0.0001135106785474067                       0       300.1805160817205
            0.072265625    0.001895991324189913  -0.0001141882965700136                       0       300.1835124215813
    0.07265625000000001     0.00192145563126849  -0.0001147885653863186                       0       300.1864800803592
    0.07304687500000001    0.001946324036734792  -0.0001153294138293651                       0       300.1894244155145
              0.0734375    0.001970795174459621  -0.0001158306486902424                       0       300.1923532015946
    0.07382812500000001    0.001994202474708138  -0.0001162302461558273                       0       300.1952400057614
             0.07421875    0.002017154735143385  -0.0001165880424358835                       0       300.1981087428844
    0.07460937500000001    0.002039424435858665  -0.0001168831369376428                       0       300.2009503794314
    0.07500000000000001    0.002060722535092379  -0.0001170921276266702                       0       300.2037532822163
    0.07539062500000002    0.002081518816897757  -0.0001172573905516451                       0       300.2065361582498
    0.07578125000000002    0.002101279430471162  -0.0001173338462331326                       0       300.2092776610129
            0.076171875    0.002120213313877286  -0.0001173415278462703                       0       300.2119861335669
    0.07656250000000002    0.002138596043838635  -0.0001173033600805133                       0       300.2146725859921
    0.07695312500000001    0.002155514352117665  -0.0001171467461143163                       0       300.2173006366485
    0.07734374999999999    0.002171810975000684  -0.0001169411559268257                       0        300.219903986207
    0.07773437499999999    0.002187175069789616  -0.0001166621014073898                       0        300.222470284109
               0.078125    0.002201221356542023  -0.0001162817995549405                       0       300.2249845147632
    0.07851562500000001    0.002214589481849985  -0.0001158500371351766                       0       300.2274720535501
    0.07890625000000001    0.002226562769417223  -0.0001153136797791955                       0       300.2299048921885
    0.07929687499999999    0.002237430231020621  -0.0001146963678159922                       0       300.2322947680592
    0.07968750000000001    0.002247560475314958  -0.0001140250861146492                       0       300.2346560021069
            0.080078125    0.002255745022564197  -0.0001132147844643994                       0       300.2369424864833
    0.08046875000000001    0.002263108995678722  -0.0001123473077304709                       0       300.2391978560933
    0.08085937500000001    0.002269242107591137  -0.0001113940683710229                       0       300.2414065535487
    0.08125000000000002    0.002273647090635667  -0.0001103235702114456                       0       300.2435506972722
    0.08164062500000002    0.002277165691166075  -0.0001091937949098237                       0       300.2456620144449
             0.08203125    0.002278866890508661  -0.0001079441698401897                       0       300.2477065792507
    0.08242187500000001    0.002279136455979092  -0.0001066030277822362                       0       300.2496995401862
    0.08281250000000001    0.002278451598868085  -0.0001052008743987363                       0       300.2516580985413
    0.08320312499999999     0.00227526384429173  -0.0001036441343599413                       0       300.2535282925684
    0.08359375000000001    0.002271027262975351  -0.0001020250569459925                       0        300.255362291348
            0.083984375    0.002265217441548932  -0.0001003124734693132                       0        300.257141997256
    0.08437500000000001    0.002257212958015013  -9.847497205517667e-05                       0       300.2588478217551
    0.08476562500000001     0.00224808652615322   -9.65751728937058e-05                       0         300.26051639005
             0.08515625    0.002236666963087438   -9.45511006803536e-05                       0       300.2621098149367
    0.08554687500000001    0.002223452780542382  -9.243507046344301e-05   9.714699356638486e-30       300.2636461229243
    0.08593750000000001    0.002209042185011195  -9.025773491082913e-05     2.5905864951016e-29       300.2651443529862
    0.08632812500000001    0.002191514725732029  -8.793065040941939e-05   2.551021159656279e-29       300.2665464600023
    0.08671875000000001    0.002172689840241872  -8.554571284329922e-05   1.280976291643832e-29       300.2679098914696
    0.08710937500000002    0.002151918815435189  -8.307399568011168e-05  -1.834787875216281e-29       300.2692153096086
    0.08750000000000002    0.002128451169850247  -8.049207854224857e-05  -2.420379633112395e-29       300.2704432333406
    0.08789062499999999    0.002103609745442055   -7.78568235588421e-05  -2.084966237933606e-29        300.271632456106
    0.08828125000000001    0.002075969826519876  -7.511841716796628e-05  -5.957046394088375e-30       300.2727443695189
    0.08867187500000002    0.002046154784462765  -7.230918454718742e-05                       0       300.2737986996748
    0.08906249999999999    0.002014889660315729  -6.945273443980778e-05   2.305356914422161e-45       300.2748146409958
    0.08945312499999999    0.001979872889584605  -6.649137123690508e-05   1.328947781217962e-29       300.2757357301853
             0.08984375    0.001943305297027261  -6.349424590451062e-05   2.102721392705667e-29        300.276619517043
    0.09023437499999999    0.001904411471730588  -6.044347737787842e-05   2.043733749605205e-29       300.2774473504028
    0.09062500000000001    0.001862316804851834  -5.733559859058807e-05   1.015968110493283e-29       300.2782022531819
    0.09101562499999999    0.001818597271546373  -5.420329454072039e-05   2.291406085571678e-30       300.2789212121828
    0.09140624999999999    0.001771579114116562  -5.103039970121304e-05    1.37484365134327e-29       300.2795693267191
            0.091796875    0.001722014912194036  -4.784109716814561e-05   1.794422698806104e-29       300.2801661920003
    0.09218750000000002    0.001670753347276299  -4.464085617270279e-05   1.729919082720495e-29       300.2807288911001
    0.09257812500000001    0.001615130644080295  -4.143950459323859e-05   6.487196560201767e-30       300.2812098634336
    0.09296875000000002    0.001557717452163464  -3.824937633230892e-05                       0       300.2816598457097
    0.09335937500000001    0.001497618527165346  -3.507608304917983e-05                       0       300.2820633428898
                0.09375     0.00143384883302553  -3.195098325796245e-05                       0       300.2824087216232
    0.09414062500000001    0.001368221901865717  -2.885703488292684e-05                       0       300.2827261237344
    0.09453125000000001    0.001298836791767773  -2.583949868071064e-05                       0       300.2829897378306
    0.09492187500000002    0.001226569313400085  -2.290233264936413e-05                       0       300.2832166151725
    0.09531249999999999    0.001152380256185797  -2.001874673192889e-05                       0        300.283419001318
            0.095703125    0.001073284047885349  -1.731077954730515e-05                       0        300.283566765801
    0.09609375000000001   0.0009921848619413932  -1.469105492586081e-05                       0        300.283695564575
            0.096484375   0.0009080812095321853  -1.220369414918591e-05                       0       300.2837959147855
    0.09687499999999999   0.0008198935311544361   -9.93156688769596e-06                       0       300.2838645788198
    0.09726562500000001   0.0007296448004046553  -7.777418821924303e-06                       0       300.2839190796108
             0.09765625   0.0006352358861353133  -5.879954023841443e-06                       0       300.2839486136057
    0.09804687500000001   0.0005376508972221438  -4.207423224365516e-06                       0       300.2839648106121
    0.09843750000000001   0.0004379485252131127  -2.684848423961109e-06                       0        300.283972116306
    0.09882812499999999   0.0003328609192859389  -1.605534936719975e-06                       0         300.28396673705
    0.09921875000000002   0.0002255827150925672  -7.325351871761391e-07                       0       300.2839603166382
            0.099609375   0.0001150186134998962  -1.690060441783189e-07                       0       300.2839523344488
                    0.1                       0                       0                       0       300.2839507380123
