#              distance                     U_x                     U_y                     U_z                       T
  6.938893903907203e-20  -7.704374205563849e-20  -3.983161428115205e-22  -8.525920431813537e-58       299.6646107050283
  0.0003906250000000002  -0.0004295643872309008   -2.14045819756218e-06  -2.399833254981651e-42       299.6646107050283
  0.0007812500000000003  -0.0008470648939219949  -6.027097139069361e-06  -3.359766556974287e-42       299.6646205070031
            0.001171875   -0.001246469579803379  -1.253300719649404e-05  -2.159849929483467e-42       299.6646450119401
              0.0015625   -0.001645874265684764  -1.903891725391874e-05  -9.599333019926511e-43        299.664669516877
            0.001953125   -0.002039807920191755  -2.554615061544987e-05                       0       299.6647058932792
   0.002343750000000001   -0.002411857449201164  -3.205867719340669e-05                       0       299.6647897555418
            0.002734375   -0.002783906978210572  -3.857120377136361e-05                       0       299.6648736178042
   0.003125000000000001   -0.003155956507219982  -4.508373034932019e-05                       0       299.6649574800671
   0.003515625000000001   -0.003502295858632242  -4.766501612709995e-05                       0       299.6651317849947
             0.00390625   -0.003848635210044505   -5.02463019048797e-05                       0       299.6653060899226
   0.004296875000000001   -0.004194974561456767  -5.282758768265943e-05                       0       299.6654803948505
   0.004687500000000001   -0.004520535219761973  -5.001501034833991e-05   1.926798773803187e-27        299.665748413447
   0.005078125000000001   -0.004840901204790416  -4.585396723599565e-05   4.335297241057252e-27       299.6660398604607
   0.005468750000000001   -0.005161267189818862  -4.169292412365089e-05   6.743795708311201e-27       299.6663313074745
            0.005859375   -0.005464582165671786    -3.2831503359374e-05   8.342831331029885e-27       299.6667061257244
                0.00625   -0.005756529802074377  -2.083649749380918e-05   9.402225057391789e-27       299.6671365247993
   0.006640625000000002   -0.006048477438477007  -8.841491628244036e-06   1.046161878375371e-26       299.6675669238759
   0.007031250000000001   -0.006327391080263735   6.147139030916398e-06   9.710098142124541e-27       299.6680595582905
   0.007421875000000001   -0.006586753730126439   2.562620688046958e-05   6.242205948508569e-27       299.6686455457036
   0.007812499999999999   -0.006846116379989263   4.510527473002206e-05   2.774313754892654e-27       299.6692315331225
   0.008203124999999999   -0.007097963635063415   6.576070631973189e-05                       0         299.66985094263
   0.008593750000000001   -0.007319749310982471   9.112159287006336e-05                       0       299.6706040404742
   0.008984375000000003   -0.007541534986901594   0.0001164824794203963                       0       299.6713571383212
   0.009374999999999998    -0.00776332066282072   0.0001418433659707264                       0       299.6721102361686
            0.009765625   -0.007942784872937285   0.0001705751316263206                       0       299.6730373900252
             0.01015625    -0.00812224908305385   0.0001993068972819135                       0       299.6739645438818
            0.010546875   -0.008301713293170487   0.0002280386629375089                       0        299.674891697741
              0.0109375   -0.008444509332817582   0.0002570769020064027                       0        299.675960893213
            0.011328125   -0.008578138329847289   0.0002861917594286208                       0       299.6770655990882
             0.01171875   -0.008711767326877139   0.0003153066168508441                       0       299.6781703049683
            0.012109375   -0.008816940181193481    0.000342839418581987                       0       299.6793826008567
                 0.0125   -0.008903142273701039   0.0003693175165190848                       0       299.6806666234249
            0.012890625   -0.008989344366208627    0.000395795614456185                       0       299.6819506459941
             0.01328125   -0.009056828242565259   0.0004201545229887159                       0       299.6833072542221
            0.013671875   -0.009096234794695315   0.0004413346474143882                       0       299.6847727409336
              0.0140625   -0.009135641346825422    0.000462514771840063                       0       299.6862382276468
            0.014453125    -0.00916624321487715   0.0004822326825441123                       0       299.6877409300261
             0.01484375   -0.009161626346615298   0.0004961017383616493                       0       299.6893924950684
            0.015234375   -0.009157009478353488   0.0005099707941791916                       0       299.6910440601118
               0.015625   -0.009152392610091641   0.0005238398499967302                       0       299.6926956251541
            0.016015625   -0.009108284492664927   0.0005291999862660388                       0       299.6945418104357
             0.01640625   -0.009064176375238256   0.0005345601225353498                       0       299.6963879957187
            0.016796875   -0.009020068257811584   0.0005399202588046606                       0       299.6982341810017
              0.0171875    -0.00894895623636925    0.000538204766815022                       0       299.7002462328703
            0.017578125   -0.008871093238923015   0.0005347203677606486                       0       299.7022997513859
    0.01796875000000001   -0.008793230241476827   0.0005312359687062779                       0        299.704353269903
            0.018359375   -0.008698915285058886   0.0005227276250273115                       0       299.7065405103409
                0.01875   -0.008593632355993277   0.0005108699849319584                       0       299.7088168987317
            0.019140625   -0.008488349426927666   0.0004990123448366054                       0       299.7110932871224
             0.01953125   -0.008374650816398148   0.0004842638093168756                       0       299.7134650116412
            0.019921875   -0.008248328683672767   0.0004651789306605802                       0        299.715979740352
              0.0203125   -0.008122006550947391    0.000446094052004286                       0       299.7184944690629
            0.020703125   -0.007992675324407849   0.0004258915463944304                       0       299.7210591700076
             0.02109375   -0.007851307722611668   0.0004012185329703313                       0       299.7238237598875
            0.021484375   -0.007709940120815484   0.0003765455195462327                       0       299.7265883497674
    0.02187500000000001    -0.00756857251901933   0.0003518725061221354                       0       299.7293529396485
            0.022265625   -0.007417482730516959   0.0003235390358030866                       0       299.7323710266837
             0.02265625   -0.007266392942014555   0.0002952055654840352                       0       299.7353891137176
            0.023046875   -0.007115303153512251   0.0002668720951649884                       0       299.7384072007555
              0.0234375   -0.006960047462007631   0.0002372204425740531                       0       299.7416223390495
            0.023828125   -0.006803750294752531   0.0002072392444151496                       0       299.7448867401617
             0.02421875    -0.00664745312749743   0.0001772580462562462                       0       299.7481511412739
            0.024609375   -0.006490243355459402   0.0001474374375102545  -9.855294991085134e-27        299.751551857404
    0.02499999999999999   -0.006332425180232763   0.0001177238883728709  -2.628078664289267e-26        299.755043450213
            0.025390625   -0.006174607005006156   8.801033923548933e-05  -4.270627829470183e-26        299.758535043024
             0.02578125   -0.006017347294965961   5.907254451151635e-05  -5.127911228996986e-26       299.7621054862672
            0.026171875   -0.005860925282705543   3.129838140765984e-05  -4.807295980042946e-26       299.7657942051671
              0.0265625   -0.005704503270445121    3.52421830380334e-06  -4.486680731088964e-26       299.7694829240671
            0.026953125    -0.00554880998817321  -2.359671643559167e-05  -3.965801748680457e-26       299.7732034325531
             0.02734375   -0.005396031625855007  -4.810473771714217e-05  -2.643867832453543e-26       299.7770510993656
    0.02773437500000001   -0.005243253263536849  -7.261275899869202e-05  -1.321933916226784e-26       299.7808987661811
               0.028125   -0.005090474901218706  -9.712078028024187e-05                       0       299.7847464329969
            0.028515625   -0.004943026963639301  -0.0001174348774017226                       0       299.7887106980554
    0.02890624999999999   -0.004795579026059864  -0.0001377489745232021                       0       299.7926749631116
            0.029296875   -0.004648131088480445  -0.0001580630716446826                       0       299.7966392281692
    0.02968750000000001   -0.004505927749038527  -0.0001746069140047287                       0       299.8006628821222
            0.030078125   -0.004365035559130935  -0.0001902081926744136                       0       299.8047013832953
             0.03046875     -0.0042241433692234  -0.0002058094713441014                       0       299.8087398844727
            0.030859375   -0.004087691787802538   -0.000218500991581633                       0       299.8127996593477
                0.03125   -0.003954200612039585  -0.0002292526728644005                       0       299.8168736166971
            0.031640625   -0.003820709436276566  -0.0002400043541471648                       0        299.820947574042
             0.03203125   -0.003690390036739575  -0.0002488928009596328                       0       299.8250226497658
            0.032421875   -0.003564828301541667  -0.0002549863960666591                       0       299.8290994030614
    0.03281249999999999    -0.00343926656634376  -0.0002610799911736852                       0       299.8331761563572
            0.033203125   -0.003315342791958469  -0.0002663317858030259                       0       299.8372484252548
             0.03359375   -0.003197970860823664  -0.0002682163785216253                       0       299.8413027565595
            0.033984375   -0.003080598929688858  -0.0002701009712402246                       0       299.8453570878642
               0.034375    -0.00296322699855405   -0.000271985563958824                       0       299.8494114191689
    0.03476562499999999   -0.002854076262931279  -0.0002702896065496061                       0       299.8534257745622
             0.03515625   -0.002744925527308518  -0.0002685936491403896                       0        299.857440129957
            0.035546875   -0.002635774791685729  -0.0002668976917311701                       0       299.8614544853485
    0.03593750000000001   -0.002533069660407431  -0.0002629213019259438                       0        299.865428463123
            0.036328125   -0.002431975930215261   -0.000258374804021716                       0       299.8693923464932
             0.03671875   -0.002330882200023084  -0.0002538283061174875                       0       299.8733562298625
            0.037109375   -0.002234424964362642  -0.0002480275829378189                       0       299.8772870987844
    0.03750000000000001   -0.002141058725056687  -0.0002413907095745232                       0       299.8811959580745
            0.037890625   -0.002047692485750733  -0.0002347538362112278                       0       299.8851048173645
             0.03828125   -0.001957230641177433  -0.0002275725942092029                       0       299.8889916910742
            0.038671875   -0.001871125388703118  -0.0002195747992490841                       0       299.8928455864133
              0.0390625   -0.001785020136228805  -0.0002115770042889655                       0       299.8966994817524
    0.03945312500000001   -0.001700251710957039  -0.0002034371879344926                       0       299.9005430526225
             0.03984375   -0.001620830594495475   -0.000194729286002603                       0       299.9043453256172
            0.040234375   -0.001541409478033912  -0.0001860213840707134                       0       299.9081475986119
               0.040625   -0.001461988361572358  -0.0001773134821388251                       0       299.9119498716087
            0.041015625   -0.001388588801467703  -0.0001684336100190373  -2.174128301904697e-28       299.9157059573138
    0.04140625000000001   -0.001315189241363059  -0.0001595537378992511    -4.3482566038095e-28       299.9194620430218
            0.041796875   -0.001241789681258412  -0.0001506738657794644  -6.522384905714216e-28       299.9232181287283
              0.0421875   -0.001172626350293068  -0.0001419805159165233  -6.784591642333141e-28       299.9269425107948
            0.042578125   -0.001104522076612551  -0.0001333337966177939   -6.56881798763057e-28       299.9306589669513
             0.04296875   -0.001036417802932034  -0.0001246870773190645  -6.353044332927943e-28       299.9343754231077
    0.04335937500000001  -0.0009710280754421731  -0.0001163389309287652  -5.139985863715823e-28       299.9380722728879
                0.04375  -0.0009074480454127701  -0.0001081898331440888  -3.262070851497591e-28       299.9417560517573
            0.044140625  -0.0008438680153833315  -0.0001000407353594082  -1.384155839280193e-28       299.9454398306135
    0.04453125000000001  -0.0007817775217811064  -9.214161969594282e-05   2.341910132998485e-28       299.9491132805034
            0.044921875   -0.000721921332819677  -8.461747721429748e-05   8.840202545368492e-28        299.952771236934
    0.04531250000000001  -0.0006620651438582455   -7.70933347326519e-05   1.533849495773851e-27       299.9564291933647
            0.045703125  -0.0006027901236907692  -6.969479610071186e-05   2.020181756547028e-27       299.9600832807454
             0.04609375  -0.0005458397786991105  -6.279867286759338e-05   1.852526095464914e-27       299.9637218919261
    0.04648437499999999  -0.0004888894337074528  -5.590254963447515e-05   1.684870434382742e-27       299.9673605031068
    0.04687500000000001  -0.0004319390887157938  -4.900642640135672e-05   1.517214773300585e-27       299.9709991142887
    0.04726562500000001  -0.0003770672471882599  -4.263742752409115e-05   1.043085156644137e-27       299.9746243771352
             0.04765625  -0.0003221954056607301  -3.626842864682605e-05   5.689555399877146e-28        299.978249639983
            0.048046875  -0.0002673235641331992  -2.989942976956085e-05   9.482592333128293e-29       299.9818749028307
    0.04843750000000001  -0.0002134493002289613  -2.380896103332411e-05  -5.374269391914326e-30       299.9854939301375
            0.048828125  -0.0001598244307305454   -1.77881248323443e-05  -1.209210613180718e-29       299.9891113985555
    0.04921875000000001  -0.0001061995612321287   -1.17672886313645e-05  -1.880994287169982e-29        299.992728866975
            0.049609375  -5.282308201059885e-05  -5.819003659224463e-06   2.678225801303153e-29       299.9963448079628
                   0.05   3.878036930067463e-07   8.091382702236782e-08   1.072478173141783e-28       299.9999597306627
    0.05039062499999999   5.359868939661131e-05    5.98083131326909e-06   1.877133766153233e-28       300.0035746533627
             0.05078125   0.0001069772943439735   1.192979632904166e-05   2.064936231715101e-28       300.0071906135809
    0.05117187500000001   0.0001606074781569698   1.795233263910284e-05    1.32745900610259e-28       300.0108081300762
    0.05156249999999999   0.0002142376619699641   2.397486894916376e-05   5.899817804900378e-29       300.0144256465717
            0.051953125   0.0002681182865873351   3.006735066158211e-05  -9.553431351025923e-30        300.018044731714
    0.05234375000000001   0.0003230006744221993   3.643961398342892e-05   -5.73205881061445e-29       300.0216700914468
            0.052734375   0.0003778830622570565   4.281187730527494e-05  -1.050877448612613e-28        300.025295451173
    0.05312500000000001   0.0004327654500919246   4.918414062712219e-05  -1.528549016163798e-28       300.0289208109067
            0.053515625   0.0004897314010166541   5.608478346914614e-05  -1.340831957017518e-28        300.032559570226
             0.05390625   0.0005466973519413911   6.298542631117087e-05   -1.15311489787099e-28       300.0361983295496
    0.05429687500000001   0.0006036633028661351   6.988606915319644e-05  -9.653978387244884e-29       300.0398370888763
              0.0546875   0.0006629577760910972   7.728978157174947e-05  -6.958908201714278e-29       300.0434913680521
    0.05507812500000002   0.0007228343798911369    8.48192613844371e-05  -4.059363117666813e-29        300.047149527198
             0.05546875   0.0007827109836911539   9.234874119712201e-05  -1.159818033619104e-29       300.0508076863372
            0.055859375   0.0008448245849972139   0.0001002533462138501  -2.676097636156561e-28       300.0544813738242
                0.05625   0.0009084295179739618   0.0001084080346999395  -7.136260363084189e-28       300.0581654135406
            0.056640625   0.0009720344509507097   0.0001165627231860288  -1.159642309001174e-27       300.0618494532571
    0.05703125000000001    0.001037450725624797   0.0001249162925684315  -1.370795453238736e-27       300.0655465884226
    0.05742187500000001    0.001105584012844861   0.0001335681832953006   -1.22965390479351e-27        300.069263366753
              0.0578125     0.00117371730006493   0.0001422200740221703  -1.088512356348267e-27       300.0729801450859
    0.05820312500000001    0.001242910383698197   0.0001509183602911631   -9.14624172742581e-28       300.0767048619871
             0.05859375    0.001316342652984238   0.0001598022287286459  -6.097494484950614e-28       300.0804613331611
    0.05898437500000001     0.00138977492227028   0.0001686860971661288  -3.048747242475178e-28       300.0842178043349
               0.059375    0.001463207191556331   0.0001775699656036127   1.487420457399606e-42       300.0879742755112
            0.059765625    0.001542664285718175   0.0001862798817836209   2.839203694914263e-28       300.0917769971263
             0.06015625    0.001622121379880028   0.0001949897979636304     5.6784073898285e-28       300.0955797187436
            0.060546875    0.001701578474041882   0.0002036997141436397   8.517611084742599e-28        300.099382440361
    0.06093750000000001    0.001786385165002292   0.0002118393040652639   1.290713457947927e-27       300.1032265078264
    0.06132812500000001    0.001872529255162321   0.0002198363124222893   1.768423802417169e-27       300.1070809117501
    0.06171875000000001    0.001958673345322359   0.0002278333207793157   2.246134146886375e-27       300.1109353156755
    0.06210937499999999    0.002049175530330827    0.000235011624857687    1.98023985629768e-27       300.1148227296483
                 0.0625    0.002142583111904944   0.0002416441260836247   1.218609142337072e-27       300.1187321503228
    0.06289062500000001    0.002235990693479019   0.0002482766273095572   4.569784283763546e-28       300.1226415709906
             0.06328125    0.002332490166323132   0.0002540712644684267                       0       300.1265730176705
    0.06367187500000002    0.002433627476072214   0.0002586091055266912                       0       300.1305375033548
    0.06406250000000002    0.002534764785821313   0.0002631469465849577                       0       300.1345019890416
            0.064453125    0.002637513914401888   0.0002671137108961269                       0       300.1384765739443
    0.06484375000000001    0.002746710318308285    0.000268796168218898                       0       300.1424915556976
    0.06523437499999998    0.002855906722214667   0.0002704786255416681                       0       300.1465065374499
               0.065625    0.002965103126121103   0.0002721610828644423                       0       300.1505215192064
    0.06601562500000002    0.003082522804399511   0.0002702577852699856                       0       300.1545764792754
             0.06640625    0.003199942482677911   0.0002683544876755292                       0       300.1586314393446
    0.06679687500000001    0.003317362160956332   0.0002664511900810737                       0       300.1626863994148
              0.0671875    0.003441335450106309   0.0002611764385382101                       0       300.1667592788177
            0.067578125    0.003566947141974182    0.000255058823508244                       0       300.1708366380536
    0.06796875000000001    0.003692558833842056   0.0002489412084782779                       0       300.1749139972897
            0.068359375    0.003822929664223757   0.0002400256662416056                       0       300.1789896492637
    0.06875000000000001    0.003956473253614681   0.0002292448392004621                       0        300.183064163063
            0.069140625    0.004090016843005603   0.0002184640121593192                       0       300.1871386768623
             0.06953125    0.004226521944353988   0.0002057415059868441                       0       300.1911989784119
    0.06992187499999999    0.004367469313638553    0.000190106481117373                       0       300.1952379615869
              0.0703125    0.004508416682923124   0.0001744714562479016                       0        300.199276944762
    0.07070312500000001    0.004650675811000925    0.000157893123636059                       0       300.2033010619158
    0.07109374999999998    0.004798181974251647   0.0001375415600547323                       0       300.2072657149849
            0.071484375    0.004945688137502388   0.0001171899964734031                       0       300.2112303680542
    0.07187500000000002    0.005093194300753228   9.683843289207625e-05                       0       300.2151950211293
            0.072265625    0.005246034066959872   7.229045286087223e-05                       0       300.2190429714938
    0.07265625000000001    0.005398873833166623   4.774247282966951e-05                       0       300.2228909218642
            0.073046875     0.00555171359937337   2.319449279846788e-05                       0       300.2267388722346
              0.0734375    0.005707470702860704  -3.967165565536284e-06                       0       300.2304595816628
    0.07382812499999999    0.005863957140668179  -3.178224351273996e-05                       0       300.2341484808553
             0.07421875    0.006020443578475698  -5.959732145994513e-05                       0       300.2378373800495
    0.07460937500000001    0.006177769175995822  -8.857554367639396e-05                       0       300.2414079497153
    0.07500000000000001    0.006335654213324428  -0.0001183291954056716                       0       300.2448996330326
    0.07539062500000002    0.006493539250653046    -0.00014808284713495                       0         300.24839131635
    0.07578124999999999    0.006650816407786166  -0.0001779424776598705                       0       300.2517920966268
            0.076171875    0.006807181744626148  -0.0002079610763782613                       0       300.2550565223463
    0.07656250000000001    0.006963547081466025  -0.0002379796750966499                       0       300.2583209480607
    0.07695312500000001    0.007118870856285027  -0.0002676678127580725                       0        300.261536103795
    0.07734374999999999    0.007270028383020239   -0.000296034106191623                       0       300.2645541795957
    0.07773437499999999    0.007421185909755524  -0.0003244003996251792                       0       300.2675722553989
    0.07812500000000001    0.007572343436490816  -0.0003527666930587338                       0        300.270590331202
    0.07851562500000001    0.007713775998817151  -0.0003774662356169909                       0       300.2733549046952
    0.07890625000000001    0.007855208561143516  -0.0004021657781752504                       0       300.2761194781893
    0.07929687500000002        0.00799664112347  -0.0004268653207335169                       0       300.2788840516881
    0.07968749999999999    0.008126032786585252  -0.0004470881813825119                       0       300.2814487527586
            0.080078125    0.008252414224897952  -0.0004661918715542059                       0       300.2839634857314
    0.08046875000000001    0.008378795663210656  -0.0004852955617258982                       0        300.286478218704
    0.08085937500000001    0.008492548228022184  -0.0005000576641675695                       0       300.2888499700551
                0.08125    0.008597881543832925  -0.0005119253747892261                       0       300.2911264003253
    0.08164062499999999    0.008703214859643663  -0.0005237930854108847                       0       300.2934028305954
             0.08203125    0.008797575253150561  -0.0005323077828873513  -1.925461135860175e-26       300.2955901305892
    0.08242187500000001     0.00887547626320169  -0.0005357929606460406  -6.739113975510353e-26       300.2976437351682
    0.08281250000000001    0.008953377273252822  -0.0005392781384047293  -1.155276681516045e-25       300.2996973397473
            0.083203125    0.009024524148402598  -0.0005409925425376228  -1.541861680131978e-25       300.3017094859215
    0.08359374999999999    0.009068654483946972  -0.0005356238521673357  -1.549325537351598e-25       300.3035557984761
            0.083984375    0.009112784819491343  -0.0005302551617970477  -1.556789394571223e-25       300.3054021110306
    0.08437500000000001    0.009156915155035793   -0.000524886471426764  -1.564253251790857e-25       300.3072484235877
    0.08476562500000001    0.009161535300620144  -0.0005110000053132504  -1.075424110606188e-25       300.3089001471724
    0.08515624999999999    0.009166155446204572   -0.000497113539199742  -5.865949694215938e-26       300.3105518707598
    0.08554687500000002    0.009170775591788999  -0.0004832270730862303  -9.776582823690921e-27        300.312203594347
              0.0859375    0.009140159739930577  -0.0004634854491380192  -3.649920243888023e-26       300.3137064694188
    0.08632812500000001    0.009100734888711208   -0.000442280035731119  -8.212320548748245e-26       300.3151721323541
    0.08671875000000001    0.009061310037491943   -0.000421074622324224  -1.277472085360859e-25       300.3166377952928
    0.08710937499999999    0.008993793773293944  -0.0003966865602518533  -1.436635778572011e-25       300.3179945818458
    0.08749999999999999     0.00890754990044345  -0.0003701767324024961  -1.397748580266613e-25       300.3192787841418
            0.087890625     0.00882130602759296  -0.0003436669045531381  -1.358861381961225e-25       300.3205629864378
    0.08828125000000001    0.008716081605784989  -0.0003161005280017131  -1.168587930105738e-25       300.3217754584697
    0.08867187500000001    0.008582386360540805  -0.0002869493283971877  -7.512350979250937e-26       300.3228803351056
              0.0890625    0.008448691115296676  -0.0002577981287926637  -3.338822657444986e-26        300.323985211743
    0.08945312500000001    0.008305823947235405  -0.0002287230480672651                       0       300.3250545742953
             0.08984375    0.008126269087905548  -0.0001999524428583668                       0       300.3259818805054
    0.09023437500000001    0.007946714228575723  -0.0001711818376494694                       0       300.3269091867169
    0.09062500000000001    0.007767159369245966  -0.0001424112324405726                       0       300.3278364929308
            0.091015625    0.007545259824704416  -0.0001170112671512164   5.530965963561277e-26       300.3285897188234
    0.09140625000000002      0.0073233602801629   -9.16113018618591e-05   1.106193192712306e-25       300.3293429447177
            0.091796875    0.007101460735621477  -6.621133657250502e-05   1.659289789068408e-25        300.330096170615
    0.09218750000000001    0.006849482846685457  -4.551841623326323e-05   1.663815147743989e-25       300.3307156867165
    0.09257812500000001    0.006589985371650897  -2.600225713155043e-05    1.53119769699945e-25       300.3313017753736
             0.09296875    0.006330487896616345  -6.486098029837579e-06   1.398580246254899e-25       300.3318878640307
    0.09335937500000002    0.006051428777009946   8.537227215802086e-06   1.093245778590127e-25       300.3323805838322
                0.09375     0.00575932856102236   2.056532989072537e-05   6.727666329785482e-26       300.3328110577301
    0.09414062500000001    0.005467228345034783   3.259343256565051e-05   2.522874873669285e-26         300.33324153163
    0.09453125000000001     0.00516375524385041   4.148570782134163e-05                       0       300.3336164151709
            0.094921875     0.00484322281487101   4.567424194818519e-05                       0       300.3339079131816
    0.09531250000000002     0.00452269038589162   4.986277607502986e-05                       0       300.3341994111958
            0.095703125    0.004196961357379773   5.270150857379807e-05                       0       300.3344674768346
    0.09609375000000001    0.003850445930738163   5.014103456026887e-05                       0       300.3346418129871
    0.09648437500000001    0.003503930504096597   4.758056054674034e-05                       0       300.3348161491434
               0.096875    0.003157415077455029    4.50200865332116e-05                       0       300.3349904852995
    0.09726562500000001    0.002785184010075578   3.852108070800376e-05                       0       300.3350743637641
             0.09765625    0.002412952942696157   3.202207488279641e-05                       0       300.3351582422311
    0.09804687500000001    0.002040721875316722   2.552306905758878e-05                       0       300.3352421206981
    0.09843750000000001    0.001646605333597918   1.902355066719978e-05   1.091626440303236e-28       300.3352785051013
    0.09882812500000002    0.001247017423294268   1.252390413551543e-05   2.456159490682327e-28       300.3353030159886
    0.09921875000000001   0.0008474295129906246   6.024257603831106e-06   3.820692541061383e-28       300.3353275268783
            0.099609375   0.0004297464680432232   2.140249369473529e-06   2.729066100757944e-28       300.3353373312307
    0.09999999999999999                       0                       0                       0       300.3353373312306
