/*--------------------------------*- C++ -*----------------------------------*\
  =========                 |
  \\      /  F ield         | OpenFOAM: The Open Source CFD Toolbox
   \\    /   O peration     | Website:  https://openfoam.org
    \\  /    A nd           | Version:  13
     \\/     M anipulation  |
\*---------------------------------------------------------------------------*/
FoamFile
{
    format      ascii;
    class       volScalarField;
    location    "5.466642678038";
    object      T;
}
// * * * * * * * * * * * * * * * * * * * * * * * * * * * * * * * * * * * * * //

dimensions      [0 0 0 1 0 0 0];

internalField   nonuniform List<scalar> 
2140
(
300.47984074378132
300.43955838638277
300.39952366127335
300.36009463008628
300.32172025124896
300.28488248118276
300.25004113355322
300.2175877178513
300.18781330827005
300.16089275771196
300.1368844617503
300.11574243175028
300.09733619849703
300.08147404084229
300.06792586225015
300.05644325360186
300.04677548953345
300.03868117098909
300.03193586489112
300.02633642527957
300.02170278320239
300.01787794971665
300.01472685936062
300.01213454092124
300.01000396832848
300.00825383146383
300.00681637878466
300.00563541949396
300.00466452859956
300.00386546907384
300.00320682730751
300.00266284774699
300.00221244744438
300.00183838936897
300.0015265934436
300.00126556551089
300.00104592625206
300.00086002411626
300.00070161837016
300.00056562031915
300.00044788252609
300.00034502744245
300.00025430823979
300.0001734958459
300.00010078720919
300.00003473069086
299.99997416522422
299.99991817050238
299.99986602597437
299.9998171768645
299.99977120578779
299.99972780883041
299.99968677520764
299.99964796980845
299.99961131809658
299.99957679296307
299.99954440322801
300.47993453512407
300.43983967973543
300.39998970261729
300.36073742610859
300.32252516500733
300.28582806827802
300.2511001389791
300.21872896062149
300.18900404061901
300.16210105205874
300.13808125231174
300.11690297843785
300.09844089541753
300.08250861839508
300.06888111023306
300.05731442265733
300.0475615214674
300.03938388047061
300.03255915935762
300.02688561575275
300.02218401097122
300.01829773391978
300.0150917578527
300.0124509099677
300.01027780397743
300.00849067542134
300.00702127312343
300.00581289675586
300.00481862628124
300.00399975981514
300.00332445816781
300.00276658369853
300.00230471562509
300.00192132175044
300.00160206641755
300.001335235532
300.00111126113194
300.00092232988811
300.00076206186134
300.00062524771403
300.00050763428919
300.00040575001628
300.00031676295731
300.00023836549332
300.00016868066444
300.00010618603983
300.00004965172917
299.99999808976429
299.99995071259542
299.99990689887892
299.99986616508983
299.99982814179043
299.999792553627
299.99975920232583
299.99972795212261
299.99969871718628
299.99967145070366
300.48002657595663
300.44011570768333
300.40044700439802
300.36136817499278
300.32331506149302
300.28675618265623
300.2521398743753
300.21984987400748
300.19017412624055
300.16328905845648
300.13925867266659
300.11804548732277
300.09952915308247
300.08352848615266
300.06982339739358
300.05817431587758
300.04833784218289
300.04007828994492
300.03317539685366
300.0274288224079
300.02266016491814
300.01871320259801
300.01545296086249
300.01276407888133
300.0105488226643
300.00872498424297
300.00722382170346
300.00598813212775
300.00497050555532
300.00413177876715
300.00343968917474
300.00286771816485
300.00239410744109
300.00200102942858
300.00167389239886
300.00140076178428
300.00117188061972
300.00097927381375
300.00081642279639
300.00067799887825
300.00055964532078
300.00045779961931
300.00036954883262
300.00029251195565
300.00022474433354
300.0001646599743
300.00011096834254
300.00006262283375
300.00001877864145
299.99997875816064
299.99994202242817
299.99990814739681
299.99987680408282
299.99984774182616
299.99982077406622
299.99979576616573
299.99977262492268
300.48011694730252
300.44038671355253
300.40089597016959
300.36198743094815
300.32409062602915
300.28766761175211
300.25316119381876
300.2209513411425
300.19132444202853
300.16445761799116
300.14041750620953
300.1191706703878
300.10060160582714
300.08453420068713
300.07075320692525
300.0590233504148
300.04910481179263
300.04076471219832
300.0337848526413
300.02796629252816
300.02313147350498
300.01912457417592
300.01581068529208
300.01307427143939
300.01081726348946
300.00895702101667
300.00742432062839
300.00616146424738
300.00512055770048
300.00426198061359
300.00355304987704
300.00296686772168
300.00248133933263
300.00207834216246
300.00174302844312
300.00146324299658
300.00122903973642
300.00103228188402
300.00086631266328
300.00072568494573
300.00060593993004
300.00050342639821
300.00041515339865
300.00033867034898
300.00027196954113
300.00021340688437
300.00016163744175
300.00011556293202
300.00007428887761
300.00003708951459
300.0000033789338
299.99997268722149
299.99994464061064
299.99991894485589
299.99989537120649
299.9998737444883
299.99985393290916
300.48020573089457
300.44065294266454
300.40133700662886
300.36259575261761
300.32485255018418
300.28856315186135
300.25416496373987
300.22203426172854
300.19245588605867
300.16560759754168
300.1415585663575
300.120279273184
300.10165892422606
300.08552635651853
300.07167106071245
300.0598619819383
300.04986282791026
300.0414434957363
300.03438783521347
300.02849830346969
300.02359819144448
300.01953208881633
300.01616516452265
300.0133817218059
300.0110833689036
300.00918704406303
300.00762305188175
300.00633320687399
300.00526913677243
300.00439076870038
300.00366500241728
300.00306456334346
300.00256702166058
300.00215396073787
300.00181027722419
300.00152359553209
300.00128378056428
300.00108253402567
300.00091306130065
300.00076979750622
300.00064818288524
300.00054447912362
300.00045561945518
300.00037908654139
300.00031281309379
300.00025510105024
300.00020455583643
300.00016003285396
300.00012059385006
300.00008547125532
300.00005403893272
300.00002578807965
300.00000030726983
299.99997726582302
299.99995639985707
299.99993750050913
299.99992040392289
300.48029300933661
300.44091464280206
300.40177052433785
300.36319370397547
300.32560153273954
300.28944360907036
300.25515206372626
300.22309955265769
300.19356937800808
300.16673989001345
300.14268269663546
300.12137207482499
300.10270181506161
300.08650558612777
300.07257751946145
300.06069070496306
300.05061232626423
300.0421150257805
300.03498468779054
300.02902516479156
300.02406060262018
300.01993601231356
300.01651665348976
300.01368668102884
300.01134739289552
300.00941531711663
300.00782029583576
300.0065036640915
300.00541657790023
300.0045185168529
300.00377596732585
300.00316128065197
300.0026516939036
300.00222849761809
300.00187633364231
300.00158260645009
300.00133699223858
300.00113103146884
300.00095779204491
300.00081159188193
300.00068777110585
300.00058250551126
300.00049265415089
300.00041563504004
300.00034932392634
300.00029197191179
300.00024213843363
300.00019863671622
300.00016048932298
300.00012689186718
300.00009718330131
300.00007082150114
300.00004736311098
300.00002644681553
300.00000777937402
299.99999112388497
299.99997628986188
300.48037886630641
300.44117206479882
300.40219693865549
300.36378185552041
300.32633828103644
300.29030980064306
300.25612338785066
300.22414814921058
300.19466586018979
300.16785541520522
300.14379077140057
300.12244988861011
300.10373102189732
300.08747256054016
300.07347318335752
300.06151005365012
300.05135378171906
300.04277972560004
300.03557579006286
300.02954722052868
300.02451902302795
300.02033663986089
300.0168654334592
300.0139894230295
300.01160960842509
300.00964211845849
300.00801634236569
300.00667314371321
300.00556321331618
300.0046455883911
300.0038863459032
300.00325746606813
300.00273585499838
300.00230251190084
300.00194182483312
300.00164097899864
300.00138946234483
300.00117865444997
300.00100148611114
300.00085215852056
300.00072591235579
300.00061883844728
300.00052772291167
300.00044992072526
300.00038325267218
300.00032592143015
300.00027644327224
300.00023359247183
300.00019635601132
300.00016389662864
300.00013552259674
300.00011066293166
300.00008884697286
300.00006968748482
300.00005286659626
300.00003812403014
300.00002524718974
300.48046338679961
300.44142546325253
300.40261667087606
300.36436078575849
300.32706351269496
300.2911625568571
300.2570798465149
300.22518100682646
300.19574629919754
300.16895512131163
300.14488369720908
300.12351356328327
300.10474732626949
300.08842799049722
300.07435869327344
300.06232060311311
300.05208770974895
300.04343805823157
300.03616156025021
300.03006485169692
300.02497380384983
300.020734299835
300.01721181668091
300.01429025030399
300.01187031437257
300.00986774933182
300.0082115009721
300.00684196937203
300.005709386695
300.00477235301935
300.00399653998204
300.00335355978416
300.0028199898743
300.00237653978024
300.00200734492608
300.00169937204078
300.00144192137878
300.00122621206106
300.00104503816709
300.00089248460478
300.00076369316355
300.00065467045533
300.00056213064283
300.00048336692447
300.00041614668976
300.00035862608735
300.00030928045555
300.00026684767482
300.00023028201764
300.0001987165042
300.00017143213665
300.00014783268517
300.00012742395256
300.00010979664745
300.00009461216644
300.00008159072587
300.00007050139351
300.48054665741347
300.44167509735883
300.4030301495705
300.36493108297316
300.32777795770153
300.29200272328501
300.25802236880787
300.2261991034419
300.19681168816157
300.17003998706099
300.14596241483099
300.12456398493765
300.10575154951101
300.08937262823872
300.07523473255497
300.0631229712622
300.05281466840358
300.04409052864042
300.03674245754246
300.03057847911208
300.02542533476372
300.0211293577234
300.0175561510772
300.01458949953201
300.01212984224088
300.01009254192894
300.0084061102587
300.00701049171158
300.00585546629787
300.00489920217774
300.00410696975473
300.00345001635208
300.00290459309952
300.00245112155591
300.0020734857311
300.00175843473585
300.00149508173865
300.00127448586159
300.00108930486374
300.00093350778104
300.00080213800743
300.00069111856556
300.00059709247648
300.00051729219155
300.00044943298366
300.00039162601456
300.00034230750208
300.00030018101972
300.00026417047695
300.00023338176533
300.00020707141942
300.00018462094761
300.00016551573896
300.00014932766203
300.00013570064039
300.00012433863225
300.00011499555353
300.4806287666708
300.44192123186588
300.40343781213051
300.36549334728011
300.32848236086227
300.29283116351735
300.25895190537329
300.22720344239707
300.19786304961502
300.17111102449508
300.14702790192092
300.12560207957938
300.10674455522371
300.09030726991335
300.07610202941021
300.06391782121926
300.05353526080705
300.04473768637087
300.03731898498143
300.03108856659532
300.02587404757691
300.02152222030446
300.01789882510042
300.01488754725472
300.01238856281066
300.01031686719136
300.00860054705794
300.0071790990292
300.00600185733634
300.00502656334373
300.00421809024124
300.00354732355646
300.00299019040779
300.00252682607339
300.00214086435705
300.00181883760524
300.0015496725091
300.00132426864951
300.00113514785431
300.00097616367668
300.00084226156491
300.00072928151121
300.00063379610305
300.00055297793443
300.00048449125592
300.00042640355719
300.00037711347824
300.00033529205575
300.00029983482682
300.00026982274954
300.00024449027012
300.00022319916957
300.00020541708011
300.00019069977134
300.00017867647711
300.0001690376788
300.00016152487291
300.48070980538466
300.44216413815127
300.40384010651752
300.36604819296866
300.32917748462302
300.29364876232904
300.25986943178953
300.2281950559132
300.1989014389776
300.17216928239662
300.14808117635596
300.12662881636277
300.10772725241833
300.091232758643
300.07696135992899
300.06470586433619
300.05425013822753
300.04538012873189
300.03789169283868
300.03159562463009
300.02632042026323
300.02191334017567
300.01824027287404
300.0151848157621
300.0126468929152
300.01054114262314
300.00879523544239
300.0073482276544
300.00614901389503
300.00515491368412
300.00433040686482
300.00364602011638
300.00307735873804
300.00260427331847
300.00221014858602
300.00188130091578
300.00160647108413
300.00137639955443
300.00118347258484
300.00102142861022
300.00088511555316
300.00077029089516
300.00067345744412
300.0005917287512
300.00052271903922
300.0004644533123
300.00041529401659
300.00037388123252
300.00033908389395
300.00030995997122
300.00028572392495
300.00026572004509
300.00024940054828
300.00023630751861
300.00022605795021
300.00021833129477
300.00021285903352
300.48078986706298
300.44240409542709
300.40423749322304
300.36659625113259
300.32986411225846
300.29445642929113
300.26077595246483
300.22917500914457
300.19992794866283
300.17321585037655
300.1491233002539
300.12764521151632
300.10870059934251
300.09214998826411
300.07781355176309
300.06548786385002
300.05496000375672
300.04601850456237
300.03846118253938
300.03210021453111
300.02676498147196
300.02230322070949
300.01858097971228
300.01548177929976
300.01290530246649
300.01076584027464
300.00899065581029
300.00751837228512
300.00629745067437
300.00528479336549
300.00444449049689
300.00374671263842
300.00316674527448
300.00268415573009
300.00228208064846
300.00194662111147
300.00166633245374
300.0014317963774
300.00123526388512
300.00107035862567
300.00093183139472
300.00081535766589
300.00071737110403
300.00063492700883
300.00056559053576
300.0005073453404
300.00045851899142
300.00041772210477
300.00038379867033
300.00035578548415
300.00033287897043
300.00031440799154
300.0002998115005
300.0002886201068
300.00028044080193
300.00027494423699
300.00027185406157
300.48086904834497
300.44264139203824
300.40463044740972
300.36713817258243
300.3305430514306
300.29525510283128
300.26167250505398
300.23014440481558
300.20094371282022
300.17425186363374
300.15015538469038
300.12865233297953
300.10966560802177
300.09305990777534
300.07865948849735
300.06626463920975
300.05566561663829
300.04665351861894
300.03902811118081
300.03260295317574
300.02720831556712
300.02269242150385
300.01892148809299
300.01577897068273
300.01316432183347
300.01099149501283
300.00918735417929
300.0076900964404
300.0064477547399
300.00541681874216
300.00456099222885
300.00385009212187
300.00325908583847
300.00276725863716
300.00235749986763
300.0020156958318
300.00173021676375
300.0014914858632
300.00129161912417
300.00112412570132
300.00098365964448
300.00086581492224
300.00076695670441
300.00068408284818
300.00061471042045
300.00055678287998
300.00050859424022
300.00046872713932
300.00043600226286
300.00040943701003
300.00038821166657
300.00037164166304
300.00035915475706
300.00035027219684
300.00034459309921
300.00034178142431
300.00034155504687
300.48094744948321
300.44287632690089
300.40501946128217
300.36767463105861
300.33121513812671
300.29604575475287
300.26256016540538
300.23110438845254
300.20194991272649
300.17527850840588
300.1511785951343
300.12965130577476
300.11062334954153
300.09396352652129
300.07950011474634
300.06703707111222
300.05636779728337
300.0472859366273
300.03959319668877
300.03310451834631
300.02765106824688
300.02308156437959
300.01926240414053
300.01607698837705
300.01342454963873
300.0112187131528
300.00938595177416
300.00786404312714
300.00660059739215
300.00555169555423
300.00468065802653
300.00395695019898
300.0033552228482
300.00285448007293
300.00243736446771
300.00208954785541
300.00179921554127
300.00155663235381
300.00135377943911
300.00118405170127
300.00104200680983
300.00092315774367
300.00082380186063
300.00074088043561
300.00067186348747
300.00061465549675
300.00056751831158
300.00052900814154
300.0004979240631
300.00047326590169
300.0004541997352
300.00044002957696
300.00043017406341
300.00042414718604
300.00042154229288
300.00042201872782
300.0004252906009
300.48102517515753
300.4431092114545
300.40540504678796
300.36820632678945
300.33188124100025
300.29682939522399
300.26344005305054
300.23205615422415
300.20294778284352
300.1762970281311
300.15219415762749
300.13064331814337
300.11157496010088
300.0948619201485
300.08033644201419
300.06780610728561
300.05706743301528
300.0479165910395
300.04015722365313
300.03360565472309
300.02809395278291
300.02347133996312
300.01960440465547
300.01637650408401
300.01368666100825
300.0114481814843
300.00958715494244
300.00804094575619
300.00675674619515
300.00569023218145
300.00480434332115
300.00406819517724
300.00345612292693
300.00294685006691
300.00252277266947
300.00216934812158
300.00187457676572
300.00162856503613
300.00142315928753
300.00125164035995
300.00110846989395
300.00098908041741
300.00088970221316
300.00080722091371
300.00073906062858
300.00068308818993
300.00063753478776
300.00060093187324
300.00057205872662
300.00054989953486
300.00053360820147
300.00052247943023
300.00051592488921
300.00051345348396
300.00051465495068
300.00051918612832
300.00052675939452
300.48110233433391
300.44334037056319
300.4057877383857
300.36873399040905
300.332542266139
300.29760707825795
300.26431333725492
300.23300095141184
300.20393861756384
300.17730873034657
300.15320336573745
300.13162962847787
300.1125216478755
300.09575623737146
300.08116955535746
300.06857276906283
300.05776548458357
300.04854638753704
300.04072104988182
300.03410718056352
300.02853775691005
300.02386251487928
300.01994824470921
300.01667827083833
300.01395141627557
300.01168067668567
300.00979176538078
300.00822163928285
300.00691707713219
300.00583335291225
300.0049330274918
300.00418486783406
300.00356289411047
300.00304554936662
300.00261498302888
300.0022564377918
300.00195772876015
300.00170880377107
300.00150137432377
300.00132860731588
300.00118486869678
300.00106551111344
300.00096669858232
300.00088526213614
300.0008185812431
300.00076448656409
300.00072118029971
300.00068717098009
300.00066122007223
300.00064229822732
300.00062954936999
300.00062226115364
300.00061984057237
300.00062179374362
300.00062770906101
300.00063724306625
300.0006501085158
300.48117904210847
300.44357014609017
300.4061680967605
300.36925838734368
300.33319916223047
300.29837990766214
300.26518124362752
300.23394009151895
300.20492377866498
300.17831499435084
300.15420758831397
300.13261157308722
300.11346470072903
300.0966477075915
300.08200062089674
300.06933815878978
300.05846299349344
300.04917631232149
300.0412856137097
300.03460999509798
300.0289833503877
300.02425593956508
300.02029476580094
300.01698313160188
300.01421967010765
300.01191707507542
300.01000069060387
300.0084070714845
300.00708258677946
300.00598211110247
300.0050678280943
300.00430815680227
300.0036768024753
300.00315192739532
300.00271543381319
300.00235234913254
300.0020503026725
300.00179908326578
300.00159026735525
300.0014169079451
300.00127327561768
300.00115464374841
300.00105711098035
300.00097745491303
300.00091301179532
300.00086157777304
300.00082132792147
300.00079074989412
300.00076858954026
300.00075380629039
300.00074553649455
300.00074306321665
300.00074579126112
300.00075322643249
300.00076495821281
300.00078064519897
300.00080000276319
300.48125541954687
300.4437988996695
300.40654671400318
300.36978032244383
300.33385292603373
300.29914904347226
300.26604506131969
300.23487495605002
300.20590470350254
300.17931727966277
300.15520827808939
300.13359057483672
300.11440549481807
300.09753764941757
300.0828308942244
300.07010346811586
300.05916109019364
300.04980744023311
300.04185194209481
300.03511508666486
300.02943169324402
300.02465255669989
300.0206449045553
300.01729202831206
300.01449238098638
300.01215836260906
300.01021495453745
300.00859831422645
300.00725440432171
300.00613770201352
300.00521001459595
300.00443941327359
300.00379928788311
300.00326751911086
300.00282576104763
300.00245882482596
300.00215415312556
300.0019013751396
300.00169193190141
300.00151876248998
300.0013760424298
300.0012589664783
300.00116356889396
300.00108657514863
300.00102527986934
300.00097744654573
300.00094122521563
300.00091508493836
300.00089775838586
300.00088819633163
300.00088553020066
300.00088904116683
300.00089813455878
300.00091231855845
300.00093118636789
300.00095440117332
300.00098168336262
300.48133159183283
300.44402700129791
300.40692420210615
300.37030063974157
300.33450460694587
300.29991570847386
300.26690615067946
300.23580700493267
300.2068829139572
300.18031713530905
300.15620698115993
300.13456815270797
300.11534550414098
300.09842748013881
300.08366172976298
300.07086998722008
300.0598610031729
300.05044094373886
300.04242115953542
300.03562354160482
300.02988384470569
300.0250534102351
300.02099970191904
300.01760601131474
300.01477062094671
300.0124056449888
300.01043570806462
300.00879657450844
300.00743380315919
300.00630147503961
300.00536102128092
300.00458016464069
300.00393197841811
300.00339406029684
300.00294781472064
300.0025778351486
300.0022713764306
300.00201790723361
300.00180873265981
300.00163667774126
300.00149582323581
300.00138128598286
300.00128903694809
300.00121575093164
300.00115868272553
300.00111556524269
300.00108452581537
300.00106401745057
300.00105276235308
300.00104970547551
300.00105397623878
300.00106485689241
300.00108175625826
300.00110418782941
300.00113175138597
300.00116411744705
300.00120101400432
300.48140769423776
300.444254853838
300.40730121970751
300.3708202350083
300.33515531512217
300.3006811961003
300.2677659517833
300.23673778572754
300.20786002619758
300.18131620998491
300.15720534739557
300.13554593232874
300.1162863110838
300.09931872620859
300.08449459113103
300.07163911502664
300.06056406901507
300.05107810283272
300.04299449783673
300.03613655392741
300.03034097280585
300.02545965499007
300.02136031279588
300.01792624908757
300.01505558543846
300.01266015771347
300.01066423930962
300.00900320502649
300.0076222117915
300.00647494495649
300.00552245890594
300.0047321266016
300.00407670298341
300.00353350069452
300.00308367249511
300.00271159230749
300.00240432559303
300.00215117933044
300.0019433219835
300.00177346431451
300.00163559258164
300.00152474645148
300.00143683479303
300.00136848334648
300.0013169090526
300.00127981655777
300.00125531307498
300.00124183837289
300.00123810718173
300.0012430617565
300.00125583272109
300.0012757066462
300.00130209908707
300.00133453203932
300.00137261496172
300.00141602867308
300.00146451156172
300.48148387048502
300.44448288427185
300.40767846550324
300.37134005928112
300.33580622844983
300.30144687867823
300.26862599361124
300.23766894359517
300.20883776128466
300.18231626312905
300.15820514182633
300.13652565752784
300.11722961802417
300.10021303479994
300.08533106257892
300.07241237047202
300.06127174346591
300.05172031589126
300.04357330675651
300.03665543575966
300.03080436465558
300.02587256677157
300.02172801603996
300.01825403813643
300.01534860315212
300.01292327585804
300.01090198339614
300.00921971393421
300.00782122360397
300.00665980175512
300.00569612460544
300.00489721316114
300.00423550142347
300.00368801427379
300.00323565015543
300.00286256109104
300.00255562119492
300.00230397429488
300.00209865130421
300.00193224837687
300.00179865750431
300.00169284196312
300.00161064982211
300.00154865952646
300.00150405234604
300.00147450720016
300.00145811402496
300.00145330243805
300.00145878297167
300.00147349859481
300.00149658462914
300.0015273354943
300.00156517699162
300.00160964307082
300.00166035621385
300.00171701073367
300.00177935841407
300.48156027264378
300.44471154386775
300.40805667930164
300.3718611221471
300.33645859865459
300.30221421559435
300.2694879036697
300.23860223196988
300.20981795662738
300.18331917695008
300.15920825705427
300.13750920297269
300.11817726005467
300.10111218650127
300.08617286156334
300.07319140488596
300.06198561357058
300.05236911153031
300.04415906555897
300.03718162858314
300.03127543735781
300.02629355296142
300.02210422471637
300.01859081292679
300.01565114562004
300.01319652334354
300.01115053138352
300.00944777344245
300.00803260513027
300.00685791856779
300.00588400948283
300.0050775438919
300.00441063146167
300.00386000585405
300.00340630792141
300.00303346488528
300.00272815712196
300.00247936351843
300.00227797629799
300.00211647653305
300.00198866213117
300.00188942078529
300.00181454114892
300.00176055627776
300.00172461413592
300.00170437067453
300.00169790163903
300.00170362984494
300.00172026517521
300.00174675500034
300.00178224310997
300.00182603556976
300.00187757220033
300.00193640260443
300.00200216586501
300.00207457319863
300.00215339298131
300.48163706273436
300.44494131356919
300.40843664886722
300.37238449716932
300.33711375747311
300.30298476188301
300.27035341818419
300.23953952394282
300.2108025782934
300.18432696942671
300.16021672673452
300.13849858794481
300.11913121889341
300.10201810922177
300.08702185253151
300.07397801555862
300.06270741094249
300.05302616151221
300.04475339550635
300.03771671526545
300.03175574953877
300.02672416351089
300.02249049652312
300.01893815569855
300.0159648363894
300.01348158143378
300.01141163805391
300.00968922686599
300.00825830233009
300.00707135715203
300.00608830327872
300.00527544776764
300.00460457168361
300.00405211322573
300.00359845169561
300.00322728603561
300.00292510002714
300.00268070546923
300.00248485450146
300.00232991248265
300.00220958334523
300.00211868000616
300.00205293315298
300.00200883247612
300.00198349515989
300.00197455713993
300.00198008327601
300.00199849316562
300.00202849983532
300.00206905899381
300.00211932691468
300.00217862534834
300.00224641213924
300.00232225646215
300.00240581778428
300.0024968278255
300.0025950749241
300.48171441394544
300.4451727077498
300.40881921807448
300.37291133749596
300.33777313369529
300.30376018123684
300.27122439420481
300.24048282490457
300.21179373441709
300.18534180840527
300.16123274020663
300.13949599132968
300.12009363805612
300.10293289338642
300.08788006199563
300.07477416056719
300.06343902623246
300.0536932947573
300.04535807332354
300.03826243289461
300.03224701347244
300.02716610227895
300.02288854426712
300.01929780600517
300.01629145955116
300.01378029618263
300.01168722821035
300.00994609370883
300.00850044440222
300.00730237037686
300.00631139548233
300.00549346285749
300.0048200197748
300.00426720389459
300.00381512828051
300.00344725950265
300.00314988138945
300.00291163611388
300.00272313405191
300.00257662402532
300.00246571599376
300.00238514887366
300.00233059686593
300.00229850840128
300.00228597253266
300.0022906082873
300.00231047312082
300.00234398718828
300.00238987065364
300.00244709170238
300.00251482330964
300.00259240714348
300.00267932326301
300.00277516450859
300.00287961467654
300.00299242973841
300.00311342149831
300.48179251110031
300.44540627498964
300.40920528508724
300.37344286650347
300.33843824520574
300.30454224912671
300.27210281915126
300.24143428488179
300.21279368912781
300.18636602661098
300.16225865825288
300.14050376785525
300.12106683935406
300.10385880849708
300.08874969497941
300.07558197494626
300.06418252487185
300.05437251252084
300.0459750456759
300.03882068642946
300.03275110777912
300.02762123865466
300.02330024628895
300.01967166982104
300.01663296741293
300.01409468456035
300.01197940114923
300.01022057238237
300.0087613446558
300.00755340116342
300.00655587226402
300.00573433117927
300.00505988523014
300.0045083655873
300.00405961362162
300.00369685878394
300.00340618105247
300.00317605000754
300.00299693225566
300.00286095902607
300.00276164615832
300.00269365926476
300.00265261752003
300.00263493022993
300.00263766103251
300.00265841524936
300.00269524653066
300.00274657949484
300.00281114557282
300.00288792970417
300.00297612591874
300.00307510016484
300.00318435902818
300.00330352321924
300.00343230490876
300.00357048815602
300.00371791181266
300.48187155196871
300.44564260251082
300.40959581255595
300.37398039923079
300.33911072654143
300.30533287423867
300.27299082660818
300.24239621374051
300.21380487825508
300.18740213808331
300.1632970302021
300.1415244657033
300.12205334081443
300.10479832115215
300.08963315292976
300.07640378829092
300.0649401641748
300.05506600480714
300.04660644471306
300.03939356319353
300.03327009069125
300.02809161941957
300.0237276567475
300.02006182807798
300.01699148712311
300.01442693900697
300.01229043299446
300.01051504018125
300.00904349800027
300.00782707736971
300.00682450864815
300.006000988062
300.00532727581469
300.00477888972313
300.00433539320534
300.00397977315333
300.00369790121789
300.00347807094784
300.00331060280098
300.00318750907479
300.00310221113551
300.00304930184836
300.00302434673745
300.00302371807891
300.00304445680558
300.00308415775663
300.00314087441166
300.00321303980564
300.00329940081929
300.00339896347651
300.00351094726432
300.00363474681848
300.00376989959932
300.00391605842003
300.00407296789012
300.00424044400353
300.00441835624332
300.4819517481925
300.44588231888463
300.40999183096085
300.37452534213355
300.3397923233062
300.30613409922495
300.27389070747932
300.24337109534338
300.21482992519299
300.18845285544518
300.16435061219806
300.14256084547441
300.12305587607233
300.10575411460513
300.09053305318781
300.07724214389179
300.06571441189362
300.05577616810507
300.04725460474521
300.0399833482553
300.03380621390085
300.02857948082726
300.02417301570159
300.02047054452424
300.01736932608992
300.0147794302066
300.01262277663278
300.01083205020007
300.00934957467734
300.00812620218829
300.00712025543612
300.00629654546685
300.00562547716271
300.00508224717788
300.00464613387675
300.0042998754214
300.00402913003364
300.00382201126854
300.00366869062651
300.00356105978585
300.00349244501024
300.00345736675825
300.00345133811214
300.00347069628378
300.00351246211198
300.00357422309747
300.00365403612045
300.00375034652916
300.00386192078349
300.00398779026801
300.00412720427261
300.48203332623473
300.44612609684253
300.41039444353623
300.3750792023323
300.34048490963499
300.30694811796428
300.27480491873871
300.24436159761319
300.21587165669257
300.18952110803417
300.16542238665761
300.14361590055819
300.12407741531052
300.10672910995459
300.09145225012247
300.07809981951095
300.06650796633653
300.0565056245473
300.04792208014351
300.04059254076662
300.03436193703527
300.02908726091908
300.02463875897314
300.02090027285186
300.01776897610296
300.01515470794584
300.0129790590708
300.01117432496852
300.00968240997122
300.00845373974471
300.00744622052468
300.00662426886754
300.0059579250738
300.00542205585572
300.00499564655024
300.00466117964703
300.00440409416376
300.00421231911901
300.00407587374912
300.00398652700164
300.0039375090455
300.00392326796248
300.00393926533127
300.00398180502782
300.00404789019308
300.00413510393577
300.00424150991944
300.00436556952025
300.00450607272506
300.00466208037295
300.00483287571581
300.48211652848084
300.44637465664596
300.4108048319876
300.37564359516239
300.34119049572303
300.30777728890007
300.27573611837835
300.2453706109539
300.21693312712824
300.19061006294788
300.16651558356614
300.14469287916626
300.12512118788879
300.10772648908255
300.09239385804511
300.07897984992235
300.06732377817565
300.05725724261998
300.04861166458164
300.04122387136596
300.03493994285219
300.02961761214516
300.02512752783781
300.02135366311433
300.01819311615048
300.01555550002524
300.0133620761556
300.01154474671819
300.01004498978278
300.00881279576089
300.00780564445733
300.00698754750653
300.00632817030095
300.00580203984316
300.00538783956802
300.00506778853713
300.00482710006298
300.00465351343723
300.00453689174884
300.00446887858692
300.00444260656872
300.00445245100428
300.00449382251549
300.00456299300225
300.00465694995307
300.00477327469076
300.00491004071182
300.00506572880295
300.00523915609512
300.0054294166415
300.00563583147891
300.48220161427696
300.44662876927339
300.41122426182716
300.37622025150398
300.34191123669228
300.30862413914252
300.27668714280605
300.24640122497402
300.21801762474661
300.19172314270878
300.16763370186925
300.14579530756703
300.12619070659633
300.10874971940007
300.09336127601102
300.07988555134745
300.06816507408865
300.05803415957558
300.04932641177714
300.04188032080287
300.0355431533041
300.03017341443416
300.0256421786782
300.02183356755808
300.0186446140483
300.01598470932834
300.01377478475479
300.01194634437365
300.01044043215734
300.00920659337021
300.00820187030052
300.0073898581212
300.00673983593009
300.0062259802549
300.00582666282719
300.00552383067122
300.00530246410807
300.00515010678987
300.00505646110702
300.00501304204039
300.00501288261324
300.00505028441347
300.00512060711799
300.00522009149131
300.0053457109056
300.00549504700024
300.00566618565256
300.00585762994137
300.00606822725524
300.00629710811614
300.00654363466066
300.48228886091988
300.44688925952664
300.41165408788027
300.37681102616153
300.34264944496533
300.30949138627631
300.27766105625011
300.24745678531934
300.21912870368902
300.19286404771731
300.16878053371369
300.14692701551792
300.12728979388982
300.10980258058089
300.09435821465399
300.08082054794005
300.06903538240806
300.05883980573856
300.05006965793535
300.04256513999877
300.03617474669886
300.03075778894737
300.02618579284336
300.02234304612386
300.01912652714702
300.01644540933165
300.01422029269963
300.01238227759109
300.01087196511361
300.00963844446142
300.00863830824943
300.00783472258161
300.00719656783303
300.00669765829463
300.00631604324644
300.00603338817064
300.0058344322623
300.00570651681574
300.00563917820062
300.00562379879688
300.00565330927009
300.00572193582883
300.00582498652085
300.00595867112543
300.00611994974611
300.00630640575361
300.00651613926453
300.00674767783971
300.00699990154476
300.00727197992938
300.00756331884838
300.4823785645716
300.44715700889356
300.41209575930679
300.3774179053168
300.34340760019415
300.31038194873133
300.27866115258627
300.24854089336714
300.22027020969085
300.19403679426892
300.16996019381332
300.14809216392121
300.12842261004141
300.11088919329268
300.09538872514185
300.0817888004683
300.06993856096977
300.05967793093282
300.05084504615701
300.04328187183478
300.03683817627609
300.03137411286826
300.02676168709934
300.02288537203759
300.01964210257745
300.01694083855807
300.01470184703902
300.01285581844587
300.01134290143369
300.01011171727134
300.00911839575457
300.00832566030067
300.00770197913062
300.00722079154991
300.00685981267713
300.00660041601031
300.0064270905695
300.00632696767462
300.00628941146783
300.0063056668584
300.00636855851678
300.00647223474181
300.00661195039191
300.48247104109169
300.44743295815533
300.4125508241367
300.37804301313355
300.34418835796311
300.31129895680652
300.27969097077363
300.24965742410257
300.22144627603763
300.19524570715015
300.1711771363656
300.14929527058138
300.12959368207646
300.11201404964748
300.09645723028433
300.08279463735289
300.07087882738819
300.06055263331098
300.05165655313925
300.04403437504726
300.03753719063286
300.03202603571577
300.02737342522022
300.0234640381052
300.02019477772035
300.01747439473729
300.01522282145334
300.01337033170637
300.01185661144552
300.01062980136169
300.0096455544068
300.00886613677005
300.00825959013622
300.00779896511506
300.00746162998371
300.00722865483743
300.00708426848649
300.00701538366553
300.00701118507368
300.00706277425724
300.00716286521555
300.00730552475318
300.4825666267825
300.44771810977153
300.41302093353272
300.37868861821494
300.34499455883991
300.31224576484999
300.28075431084045
300.25081054887647
300.2226613691862
300.19649547022743
300.17243618805833
300.15054124023152
300.13080793514331
300.11318204598268
300.09756855813544
300.08384278833609
300.07186079204882
300.06146839092565
300.05250851857647
300.04482685071213
300.03827585656097
300.0327174978334
300.02802483146394
300.0240827645585
300.02078818185475
300.01804962974342
300.0157867040204
300.01392925501767
300.01241649525917
300.01119607158245
300.01022314533793
300.00945951013142
300.00887276585621
300.00843555979077
300.00812489972168
300.0079215399096
300.00780943786634
300.00777527803268
300.00780805731279
300.00789872682077
300.00803988399718
300.00822550932185
300.48266567900112
300.44801352990953
300.41350784557346
300.37935713958285
300.34582923702828
300.31322596299975
300.28185524884475
300.25200475237648
300.22392030145392
300.19779114228095
300.17374257682661
300.1518353963707
300.13207072524102
300.11439851812395
300.09872797832753
300.08493842102774
300.07288949412225
300.06243009643453
300.05340567775096
300.0456638719146
300.03905858500815
300.03345275188735
300.02872000690007
300.02474550955861
300.02142614024274
300.01867024672612
300.01639708691783
300.01453608075508
300.0130259564005
300.01181385315857
300.01085442546884
300.01010897832634
300.00954465380084
300.0091336803348
300.00885269061649
300.00868210959931
300.0086056112857
300.00860964091748
300.00868299798299
300.00881647476314
300.00900254486112
300.00923509616263
300.4827685765743
300.4483203499222
300.41401342820296
300.38005115164549
300.34669562793334
300.31424338785195
300.28299815099729
300.25324485053858
300.22522825406151
300.19913818468854
300.17510196212447
300.15318352171698
300.13338788408623
300.11566928168509
300.09994124171959
300.08608718060844
300.07397044092056
300.06344309537457
300.0543531978866
300.04655041732309
300.03989016103492
300.03423638841036
300.0294633498001
300.02545648375349
300.02211268224266
300.01934010123534
300.01705766007848
300.01519434178886
300.01368837931824
300.01248639061794
300.0115425075756
300.01081753004826
300.01027812559789
300.00989608752951
300.00964765789467
300.00951291780711
300.00947524436873
300.00952083142482
300.00963827003295
300.00981818375453
300.01005291351322
300.0103362467006
300.4828757199673
300.44863976711395
300.41453966106587
300.38077338774963
300.347597174143
300.31530213152621
300.284187686314
300.25453600708715
300.2265907974932
300.20054248465937
300.17652045886024
300.15459187372738
300.13476573907928
300.11700066749916
300.10121462047056
300.08729523194233
300.07510965065717
300.06451322843907
300.05535671891903
300.04749190951395
300.04077577881026
300.03507336664285
300.03025958156132
300.02622017059559
300.02285205540414
300.02006320854991
300.01777221127816
300.01590760391991
300.01440711381122
300.01321682390289
300.01229032781919
300.01158790345892
300.01107572668957
300.01072513867928
300.01051197441848
300.01041595558701
300.01042014777033
300.01051047984515
300.01067532191553
300.01090511731127
300.0111920637093
300.01152983829923
300.48298753115728
300.44897304465132
300.41508863599307
300.38152674200069
300.34853752944809
300.31640654872859
300.28542883744944
300.25588374869119
300.22801391134544
300.20201038042165
300.17800467021266
300.15606723084358
300.13621115913548
300.11839956062977
300.10255495146873
300.08856930557403
300.07631369951656
300.06564687848805
300.0564223994844
300.04849425903541
300.04172108286633
300.03596905214198
300.03111377990643
300.02704135444554
300.02364874786883
300.0208437598468
300.01854463561648
300.01667946828059
300.01518547001598
300.01400817566008
300.01310062509572
300.0124225573926
300.01193963921827
300.01162274202881
300.0114472765128
300.01139258828107
300.01144141553834
300.01157940718525
300.01179469824876
300.01207753857244
300.01241997015569
300.01281554831814
300.48310445315423
300.44932151044634
300.41566255585781
300.382314268973
300.34952056043932
300.3175612612809
300.28672690911304
300.25729397808323
300.22950400281189
300.20354868545093
300.17956171706459
300.15761692516071
300.13773159686565
300.11987345011426
300.1039696850155
300.08991674821834
300.07758977350181
300.06685102272485
300.05755696887968
300.04956391528225
300.04273221698099
300.0369292628356
300.03203142135669
300.02792515879781
300.02450752176912
300.02168615027148
300.0193789578326
300.01751358753535
300.01602672818922
300.01486335435402
300.01397593727319
300.01332366054726
300.01287166403421
300.01259033148324
300.01245463132352
300.0124435154691
300.01253937763778
300.01272757028119
300.01299597756508
300.01333464076419
300.01373543180512
300.01419177039401
300.4832269491036
300.44968655481443
300.4162637314717
300.38313918085805
300.35055034511709
300.31877115944178
300.28808753326211
300.25877298410495
300.23106792229845
300.20516471001133
300.18119926545614
300.15924887559146
300.13933512525023
300.12143047050762
300.10546693239644
300.09134557184791
300.07894572066516
300.06813328930463
300.05876778560196
300.05070792529591
300.04381588217683
300.03796032537247
300.03301843520461
300.02887709724962
300.02543346065289
300.02259502236205
300.02027937134483
300.01841370021816
300.0169341680849
300.01578517847389
300.01491862006407
300.01429310489704
300.01387322856135
300.01362886887415
300.01353453346491
300.01356876201754
300.01371358545885
300.01395404186371
300.01427774707503
300.01467451685153
300.01513603663335
300.01565557463135
300.48335550089956
300.45006962668776
300.41689457615678
300.38400484154238
300.35163116787999
300.3200413992858
300.2895166702715
300.26032744787187
300.23271297551958
300.2068662798236
300.18292555220984
300.16097162063687
300.14103047776325
300.12307944897691
300.10705552071869
300.09286451828638
300.08039011955418
300.06950202440163
300.06006290475909
300.05193400208316
300.04497940549817
300.03906914375108
300.03408127138289
300.02990314005353
)
;

boundaryField
{
    hotWall
    {
        type            fixedValue;
        value           uniform 300.5;
    }
    coldWall
    {
        type            fixedValue;
        value           nonuniform List<scalar> 0();
    }
    bottomWall
    {
        type            zeroGradient;
    }
    topWall
    {
        type            zeroGradient;
    }
    front
    {
        type            empty;
    }
    back
    {
        type            empty;
    }
    procBoundary7to3
    {
        type            processor;
        value           nonuniform List<scalar> 
43
(
300.02643203424077
300.02357532860935
300.02125029828738
300.01938368798454
300.01791112321581
300.01677642765094
300.01593089488671
300.01533255022838
300.01494542797587
300.0147388817893
300.01468693955093
300.01476770940474
300.01496284007703
300.01525703594484
300.01563762542708
300.01609417997633
300.01661818012406
300.01720272456839
300.48349060723643
300.4504722281597
300.41755759760218
300.38491475706138
300.35276751018233
300.32137739529742
300.29102060513981
300.26196444407788
300.23444693111099
300.20866175088412
300.18474940753657
300.1627943490443
300.14282708704241
300.1248299513789
300.10874504450641
300.09448311362905
300.08193233949879
300.07096636114585
300.0614511523159
300.05325060250152
300.04623082078189
300.04026328212916
300.03522698467788
300.02643203424077
300.03100979922209
)
;
    }
    procBoundary7to4
    {
        type            processor;
        value           nonuniform List<scalar> 
29
(
300.00427959046442
300.00444452145797
300.00462168632623
300.00481086609938
300.00501191246627
300.00522472903589
300.00427959046442
300.00501792360592
300.00585790645789
300.00680735704265
300.00678388353134
300.00698498095818
300.00721282829915
300.00746554087391
300.00774167201615
300.0080401359869
300.0083601430207
300.00787351536854
300.00870114440926
300.00678388353134
300.00748595190885
300.00748595190885
300.00845074211065
300.00950920287613
300.01066318534856
300.01191336199406
300.01325910187546
300.01469838011172
300.01622773382581
)
;
    }
    procBoundary7to8
    {
        type            processor;
        value           nonuniform List<scalar> 
57
(
300.47974512149324
300.43927158595216
300.39904847943694
300.3594392365398
300.32089964054143
300.28391864231287
300.24896201608641
300.2164252790825
300.18660107367197
300.15966336052253
300.13566754815957
300.11456316947448
300.09621446485318
300.08042423541485
300.06695720931714
300.05556043019089
300.04597942352461
300.0379698837142
300.03130527009955
300.02578103169503
300.02121627637626
300.01745364912551
300.01435805938843
300.0118147510982
300.00972707071537
300.00801417290802
300.00660881410261
300.0054553192748
300.00450776279291
300.00372837513135
300.00308616953458
300.00255577275169
300.00211643914065
300.00175122587154
300.00144630733729
300.00119040834096
300.00097433762085
300.00079060544624
300.00063311116776
300.00049688862651
300.00037789915638
300.00027286354572
300.0001791257161
300.00009454212534
300.00001739192942
299.99994630382503
299.99988019624374
299.99981822819484
299.99975975857978
299.99970431223528
299.99965155132622
299.99960125100313
299.99955327848437
299.99950757491706
299.99946413952995
299.99942301571338
299.99938427875975
)
;
    }
    procBoundary7to9
    {
        type            processor;
        value           nonuniform List<scalar> 
26
(
299.99951418356585
299.99964613537122
299.99975128949188
299.99983583929077
299.99990498268659
299.99996312478856
300.00001406275601
300.00006115366381
300.00010746677697
300.00015592194677
300.00020941588735
300.0002709379304
300.00034367652324
300.00043111728081
300.0005371328478
300.00066606421706
300.00082279250711
300.001012799558
300.00124221509395
300.00151784765222
300.00184719602925
300.00223843767566
300.00270039032603
300.00324244320007
300.00387445440157
300.00460661169046
)
;
    }
}


// ************************************************************************* //
