/*--------------------------------*- C++ -*----------------------------------*\
  =========                 |
  \\      /  F ield         | OpenFOAM: The Open Source CFD Toolbox
   \\    /   O peration     | Website:  https://openfoam.org
    \\  /    A nd           | Version:  13
     \\/     M anipulation  |
\*---------------------------------------------------------------------------*/
FoamFile
{
    format      ascii;
    class       volScalarField;
    location    "1.4855724052851444";
    object      p_rgh;
}
// * * * * * * * * * * * * * * * * * * * * * * * * * * * * * * * * * * * * * //

dimensions      [1 -1 -2 0 0 0 0];

internalField   nonuniform List<scalar> 
2128
(
-7.7182500783690961e-06
-9.4474529941289626e-06
-1.1182891808845769e-05
-1.292524686902485e-05
-1.4675209812450185e-05
-1.6433483590332184e-05
-1.820078262495474e-05
-1.9977833014103174e-05
-2.1765372805820302e-05
-2.3564152304820953e-05
-2.5374934352550911e-05
-2.7198494521307275e-05
-2.9035621100415726e-05
-3.0887114710285586e-05
-3.2753787251901136e-05
-3.4636459773372368e-05
-3.6535958625486481e-05
-3.8453108911436225e-05
-4.0388723840395487e-05
-4.2343587808669555e-05
-4.4318430204115704e-05
-4.631388545637939e-05
-4.8330433060052845e-05
-5.0368308753148532e-05
-5.2427374544617473e-05
-5.4506930810634749e-05
-5.6605447655852421e-05
-5.8720185230010272e-05
-6.0846662969190363e-05
-6.2977926019041684e-05
-6.5103542695996489e-05
-6.7208250069931367e-05
-6.9270145516990404e-05
-7.1258300853531447e-05
-7.3129653267752715e-05
-7.4825005058765231e-05
-7.626394408639009e-05
-7.7338481459831635e-05
-7.7905195761103393e-05
-7.7775677953290207e-05
-7.6705092764466239e-05
-7.4378715138077891e-05
-7.0396369214653772e-05
-6.4254795278168825e-05
-5.5328099111665424e-05
-4.2846597390765961e-05
-2.5874557765775339e-05
-3.2875356472649876e-06
2.6249778458235758e-05
6.4304075514028488e-05
0.00011269097115190209
0.00017348800349837793
0.00024904118897286343
0.00034196268612563918
0.00045511610111088381
0.00059158416906095635
0.00075461065951452845
0.0009475043763024001
-7.6851852796314336e-06
-9.4366811228958074e-06
-1.1193965034723591e-05
-1.2957745306449898e-05
-1.4728740591717198e-05
-1.6507680051326032e-05
-1.8295303575891889e-05
-2.0092362101832954e-05
-2.1899617965701561e-05
-2.3717845311813822e-05
-2.5547830464491759e-05
-2.739037223590233e-05
-2.9246282029136384e-05
-3.1116383581790481e-05
-3.3001512083911846e-05
-3.4902512272329305e-05
-3.6820234843702085e-05
-3.8755530324880741e-05
-4.0709238949625473e-05
-4.2682174543799643e-05
-4.4675099444223847e-05
-4.6688686181124173e-05
-4.8723459840414919e-05
-5.0779712585988496e-05
-5.2857378445689702e-05
-5.4955852100364313e-05
-5.7073729589891547e-05
-5.9208441492881973e-05
-6.1355739731868856e-05
-6.3508987551260578e-05
-6.5658188266550584e-05
-6.7788671693476185e-05
-6.9879338194122188e-05
-7.1900339102976438e-05
-7.3810049747977344e-05
-7.5551168727788152e-05
-7.7045755994000615e-05
-7.8189005693195216e-05
-7.8841540227904064e-05
-7.8820013911897114e-05
-7.7885832150423944e-05
-7.5731829852537176e-05
-7.1966815248863597e-05
-6.6097975712877627e-05
-5.7511262623963868e-05
-4.5450021559299932e-05
-2.8992308189030278e-05
-7.0275215069973668e-06
2.1766815739973903e-05
5.8947102701442047e-05
0.00010632330897060253
0.00016597478033895729
0.00024026043175383213
0.00033182097313441867
0.00044356969949403674
0.00057866635617868315
0.00074046528709265623
0.00093242442132270313
0.001157956499266969
0.0014202008921086083
0.0017216984545945341
0.0020639699793272613
0.0024470365595133194
0.0028689752583527179
0.0033256590189791129
0.0038108555918071716
0.0043168244003534964
0.0048354088996760041
0.0053593156357861146
-7.650675071031027e-06
-9.4238049921676606e-06
-1.1202278013085733e-05
-1.2986830345552737e-05
-1.477820758599064e-05
-1.6577164961380402e-05
-1.8384467645079364e-05
-2.0200891173904955e-05
-2.2027221880699565e-05
-2.3864257416794143e-05
-2.5712807206146824e-05
-2.7573692863841989e-05
-2.9447748409774628e-05
-3.1335820163080982e-05
-3.3238766003393957e-05
-3.5157453675491972e-05
-3.7092757498420851e-05
-3.9045552593790885e-05
-4.1016705323766557e-05
-4.3007057931794971e-05
-4.5017404600718888e-05
-4.7048454730275293e-05
-4.9100777658218847e-05
-5.1174720523703203e-05
-5.3270287842616478e-05
-5.5386967053409805e-05
-5.7523478686073261e-05
-5.9677422624915551e-05
-6.1844782806784264e-05
-6.4019241357160167e-05
-6.6191239486245251e-05
-6.834670611104374e-05
-7.0465356383318754e-05
-7.2518441305803843e-05
-7.4465806963719031e-05
-7.625209902340009e-05
-7.7801926312412038e-05
-7.9013779293274833e-05
-7.9752487660932216e-05
-7.9840000325615248e-05
-7.9044284418037622e-05
-7.7066172388561851e-05
-7.3524042211486066e-05
-6.7936297931030386e-05
-5.9701728770945077e-05
-4.8077963190024884e-05
-3.2158395836514594e-05
-1.0848142133909109e-05
1.7160242876516538e-05
5.341036649218452e-05
9.9703829366560161e-05
0.00015811898873337773
0.00023102503804115187
0.00032108917576029351
0.00043127342308408613
0.00056481539709782606
0.00072518359477415084
0.00091599235257887855
0.0011408554703423799
0.0014031533447588945
0.0017056919352565613
0.0020502508492479584
0.002437058946632042
0.0028642972961699514
0.0033277928170754333
0.0038210977559062741
0.0043361134075858131
0.0048642619284992514
0.0053978740660811384
-7.615007135699413e-06
-9.4090854097111174e-06
-1.1208066038904393e-05
-1.3012713041273344e-05
-1.4823798792290231e-05
-1.6642104377926096e-05
-1.8468420003655007e-05
-2.0303545491377737e-05
-2.2148290848164145e-05
-2.4003476826800368e-05
-2.5869935528794483e-05
-2.7748510894162468e-05
-2.9640059050302372e-05
-3.1545448311754077e-05
-3.3465558626376736e-05
-3.5401280069857749e-05
-3.7353509823009547e-05
-3.9323146779239001e-05
-4.1311082507436306e-05
-4.3318186668159135e-05
-4.5345284160604302e-05
-4.7393120020740456e-05
-4.9462306460292359e-05
-5.1553244086632504e-05
-5.3666006277487472e-05
-5.5800171536267288e-05
-5.7954583194048698e-05
-6.0127008963287539e-05
-6.2313663796309028e-05
-6.4508548697156273e-05
-6.670254456439061e-05
-6.888218422836265e-05
-7.1028007337519466e-05
-7.3112381864074392e-05
-7.5096653514119312e-05
-7.6927460983727838e-05
-7.8532032699328623e-05
-7.9812261258242485e-05
-8.0637338315082648e-05
-8.0834728640032159e-05
-8.0179271326418289e-05
-7.838022323271876e-05
-7.5066108473051616e-05
-6.9767311623675836e-05
-6.1896452742318995e-05
-5.0726708399252604e-05
-3.5368389922581613e-05
-1.4744250409529624e-05
1.2435845700607981e-05
4.7700100629774323e-05
9.2838866752483338e-05
0.00014992651118985673
0.00022133962965410788
0.00030976954363654767
0.00041822570389512777
0.00055002412768672933
0.00070875076774777732
0.00089818351829043226
0.0011221492543125795
0.0013842869039927003
0.0016876902565710927
0.0020344239337672871
0.0024249506194499964
0.0028575760027859478
0.0033280903264675012
0.0038298242262747666
0.0043542992792582188
0.0048924846084152495
0.0054363012089966821
-7.5784601495963583e-06
-9.3927742271057486e-06
-1.1211555526947009e-05
-1.3035595676082649e-05
-1.4865693589901888e-05
-1.6702655919964837e-05
-1.854729758201789e-05
-2.0400442329084996e-05
-2.2262923421550147e-05
-2.4135584303713529e-05
-2.601927927284568e-05
-2.7914874083481882e-05
-2.9823246417547468e-05
-3.1745285997889537e-05
-3.3681894199408094e-05
-3.5633982731015158e-05
-3.7602470878867023e-05
-3.9588280488781765e-05
-4.1592327430024823e-05
-4.3615507775936954e-05
-4.5658676032355301e-05
-4.7722611629763094e-05
-4.9807968276248053e-05
-5.1915198508752093e-05
-5.4044442890170941e-05
-5.6195369150925824e-05
-5.8366941552118163e-05
-6.0557093788209353e-05
-6.2762270316879645e-05
-6.4976790235004599e-05
-6.7191974760714718e-05
-6.9394963814331479e-05
-7.1567128935228692e-05
-7.368196924371067e-05
-7.5702354700258586e-05
-7.7576957453538901e-05
-7.923568912143824e-05
-8.0583941344827673e-05
-8.1495411504436271e-05
-8.1803288572703984e-05
-8.1289579223555025e-05
-7.9672375744046438e-05
-7.6590908898485768e-05
-7.1588293502455853e-05
-6.4091963795362089e-05
-5.3391908218573045e-05
-3.8616944316574444e-05
-1.8709415491500455e-05
7.6011687780943012e-06
4.182489821676324e-05
8.57378586858743e-05
0.00014140723374054631
0.00021121389405210866
0.00029787060749382157
0.00040443259548016554
0.00053429441529862388
0.00069116241425033363
0.00087898494121657102
0.001101813945612927
0.001363564771730113
0.0016676426912774073
0.002016425093449549
0.0024106366280799399
0.0028487304951926719
0.0033264715161694302
0.0038369635589669132
0.0043713265756093961
0.0049200434914628156
0.0054745892352731414
-7.5413023632181579e-06
-9.3751130006280952e-06
-1.1212962770315908e-05
-1.3055670606390822e-05
-1.4904061634203375e-05
-1.6758967718172063e-05
-1.862122807709803e-05
-2.049168997935275e-05
-2.2371209489116168e-05
-2.4260652246499336e-05
-2.6160894238945686e-05
-2.80728225038733e-05
-2.9997335695505164e-05
-3.193534433942952e-05
-3.3887770580791914e-05
-3.5855547075280295e-05
-3.7839614464949999e-05
-3.9840916731750771e-05
-4.1860393167049335e-05
-4.389896527961561e-05
-4.5957516095499758e-05
-4.8036858238017613e-05
-5.01376855351108e-05
-5.2260500938220874e-05
-5.4405510447783249e-05
-5.6572469126980528e-05
-5.876046007866079e-05
-6.0967580843565642e-05
-6.3190503343529125e-05
-6.5423863161995479e-05
-6.7659421279948166e-05
-6.9884926125449384e-05
-7.2082586020095181e-05
-7.4227041924578331e-05
-7.6282707965284134e-05
-7.8200323822580489e-05
-7.9912539638396892e-05
-8.1328332400331087e-05
-8.2326035743494438e-05
-8.2744755107472799e-05
-8.2373941333791927e-05
-8.0940911574992717e-05
-7.8096140319090188e-05
-7.3396198544341043e-05
-6.628429619358644e-05
-5.6068481094312174e-05
-4.1897660620832027e-05
-2.2735732009423811e-05
2.6657788496804451e-06
3.5796071509081589e-05
7.841383141950339e-05
0.00013257569246405006
0.00020066343271418367
0.00028540827462078538
0.00038990916246093568
0.00051763888664849459
0.0006724266667702144
0.00085839781002121005
0.0010798411461260696
0.0013409665045191858
0.0016455150436578466
0.0019962061165409288
0.0023940565633650541
0.0028376923826173316
0.003322866354107942
0.0038424516161990963
0.0043871444804325444
0.0049469072276844559
0.0055127300739435522
-7.5037899964921835e-06
-9.3563314970089166e-06
-1.1212492509169858e-05
-1.3073118896335474e-05
-1.4939061573294452e-05
-1.6811177172467255e-05
-1.8690328750897394e-05
-2.0577386603917966e-05
-2.2473229096105134e-05
-2.4378743542881395e-05
-2.6294827065804284e-05
-2.8222387409007925e-05
-3.0162343612402488e-05
-3.2115626385236791e-05
-3.4083177989879317e-05
-3.6065951332717539e-05
-3.806490769222815e-05
-4.0081012398158033e-05
-4.2115227309982874e-05
-4.416849843903738e-05
-4.6241736307844448e-05
-4.8335785551394391e-05
-5.0451378821603313e-05
-5.2589067946617843e-05
-5.4749122654457399e-05
-5.6931383354080543e-05
-5.9135049761312538e-05
-6.1358380806714766e-05
-6.3598273320348637e-05
-6.5849676959128374e-05
-6.8104790626606309e-05
-7.0351970768845441e-05
-7.2574264680200188e-05
-7.4747462000538298e-05
-7.6837535595963193e-05
-7.879731958725847e-05
-8.0562248377851427e-05
-8.2044958199052414e-05
-8.3128533645965112e-05
-8.3658169188113326e-05
-8.3431012581343866e-05
-8.2183967160313231e-05
-7.957925625466269e-05
-7.5187598146223941e-05
-6.8468904360181694e-05
-5.8750496158359682e-05
-4.5202927774512332e-05
-2.6813600469140281e-05
-2.3584363227729722e-06
2.9628055481757414e-05
7.0883939716808727e-05
0.00012345178771316887
0.00018971069441184373
0.00027240703164725313
0.0003746810042516068
0.00050008282428417412
0.00065256649398918608
0.00083644023105576071
0.0010562411510672998
0.0013164915854463255
0.001621293508111532
0.0019737387122954427
0.0023751684907760075
0.0028244094264431602
0.0033172179852830686
0.0038462340847278996
0.004401708523940482
0.0049730474031177141
0.0055507153177378659
-7.4661654098048812e-06
-9.3366459378087443e-06
-1.1210336282961344e-05
-1.3088108741862598e-05
-1.4970839516237515e-05
-1.6859409473085582e-05
-1.8754704984788639e-05
-2.0657618817376361e-05
-2.2569051078829436e-05
-2.4489910176032113e-05
-2.6421113791273262e-05
-2.8363589785880723e-05
-3.0318276960745326e-05
-3.2286125577630402e-05
-3.426809738041448e-05
-3.6265164845523197e-05
-3.8278309180643492e-05
-4.0308516316365226e-05
-4.235676987413692e-05
-4.4424039498454292e-05
-4.6511262227515251e-05
-4.8619313626566622e-05
-5.0748963900965341e-05
-5.2900812313540948e-05
-5.5075190591202153e-05
-5.7272022474843109e-05
-5.9490621918781652e-05
-6.1729406513161584e-05
-6.3985494908915571e-05
-6.6254147556656814e-05
-6.8527998076489379e-05
-7.0796008436446912e-05
-7.3042064080384468e-05
-7.5243105893776682e-05
-7.7366674107759445e-05
-7.9367715976785808e-05
-8.1184484951256439e-05
-8.2733335905299448e-05
-8.3902200383541775e-05
-8.454251079516252e-05
-8.4459335242926761e-05
-8.3399489178345663e-05
-8.1037408369326327e-05
-7.695860236385948e-05
-7.0640558711519434e-05
-6.1431033142731359e-05
-4.8523733357552266e-05
-3.0931473331749012e-05
-7.4569273708246794e-06
2.3338862278753851e-05
6.3170068981600007e-05
0.00011406157487213119
0.00017838600254198279
0.00025890126156030013
0.00035878592530607105
0.00048166624719405326
0.00063162224301558138
0.0008131502658937042
0.0010310464839666956
0.0012901634121803608
0.0015949890068391447
0.0019490190314154388
0.0023539534323936233
0.0028088497320232671
0.0033094863841336792
0.0038482693717908022
0.0044149825552921278
0.0049984394780667515
0.0055885360668121139
-7.4286549912033231e-06
-9.3162570133740064e-06
-1.1206670512060231e-05
-1.3100793629810004e-05
-1.4999527245130864e-05
-1.6903775865639033e-05
-1.8814448565336178e-05
-2.0732459972305423e-05
-2.2658731319227556e-05
-2.4594191500116215e-05
-2.6539778128410069e-05
-2.8496438552052542e-05
-3.0465130720027946e-05
-3.2446823817002416e-05
-3.4442498411436871e-05
-3.6453145906000699e-05
-3.8479766754540301e-05
-4.0523366783796882e-05
-4.2584950640844362e-05
-4.466551078212535e-05
-4.6766009880912284e-05
-4.8887353414642842e-05
-5.1030347970963612e-05
-5.3195638857185877e-05
-5.5383618130323702e-05
-5.7594290810811519e-05
-5.982708260490683e-05
-6.2080566723670937e-05
-6.4352080031353801e-05
-6.6637189557079742e-05
-6.8928959003744649e-05
-7.1216951111904245e-05
-7.3485885361852644e-05
-7.5713851697279053e-05
-7.7869959624603518e-05
-7.9911278953197727e-05
-8.1778904363650064e-05
-8.3392951991513389e-05
-8.4646274415523009e-05
-8.5396662741000039e-05
-8.5457293505551073e-05
-8.4585176723151525e-05
-8.246737192635844e-05
-7.8704762805875645e-05
-7.2793218232607122e-05
-6.4102014206595987e-05
-5.184944099025798e-05
-3.5075560168503643e-05
-1.2612093263390416e-05
1.6950595521124921e-05
5.5299509987787705e-05
0.0001044381437198499
0.00016672869213403947
0.00024493670104752468
0.00034227577269122113
0.0004624461990746367
0.00060965444111908814
0.00078858929169513248
0.0010043158280531
0.0012620337607660665
0.001566642079452444
0.0019220727983638147
0.0023304204891517067
0.0027910065645353325
0.0032996525637907508
0.0038485319428683894
0.0044269410041188851
0.0050230638365731861
0.0056261826924026408
-7.3914667398349551e-06
-9.295347539061196e-06
-1.1201654242612166e-05
-1.3111310131876137e-05
-1.5025240077618163e-05
-1.6944371540508296e-05
-1.8869635609129929e-05
-2.0801968101348638e-05
-2.2742310704251156e-05
-2.4691612136702236e-05
-2.665082929214899e-05
-2.8620928360537821e-05
-3.0602885796202944e-05
-3.259768905591929e-05
-3.4606336920932146e-05
-3.6629839079063519e-05
-3.866921458114773e-05
-4.0725488504552809e-05
-4.279968582614265e-05
-4.4892821100240565e-05
-4.7005881812740295e-05
-4.9139802451284733e-05
-5.1295424907770721e-05
-5.3473439224024807e-05
-5.5674296155141185e-05
-5.7898079950638666e-05
-6.0144325455370809e-05
-6.2411758167195281e-05
-6.4697928959987162e-05
-6.6998706256001433e-05
-6.9307577597772487e-05
-7.1614699296746102e-05
-7.3905617094637357e-05
-7.6159562487685702e-05
-7.834720858550984e-05
-8.042774666082519e-05
-8.2345120381700632e-05
-8.4023230430973786e-05
-8.5359898963757581e-05
-8.6219363464998247e-05
-8.6423054859084705e-05
-8.5738407623964542e-05
-8.3865452168689628e-05
-8.0420952582835182e-05
-7.4919875333516667e-05
-6.6754002384195683e-05
-5.5167527492664717e-05
-3.9229484265796368e-05
-1.7802832762903777e-05
1.0490035215182681e-05
4.7305719060180033e-05
9.4622601443487207e-05
0.00015478837234243187
0.0002305720470952632
0.00032521846542511626
0.00044249927696739353
0.00058674689805798049
0.00076284573619819047
0.00097613841927698486
0.0012321878060944553
0.0015363284221953026
0.0018929611680647256
0.0023046127250732984
0.0027709039101584498
0.0032877234510556388
0.0038470161860075613
0.0044375714835284468
0.0050469069631119577
0.0056636444989154261
-7.3547875111187925e-06
-9.2740798208462672e-06
-1.1195426582620785e-05
-1.3119775417978831e-05
-1.5048074408559892e-05
-1.6981273190978851e-05
-1.8920324117837541e-05
-2.086618345438703e-05
-2.2819812619231833e-05
-2.4782179445347017e-05
-2.6754259421933146e-05
-2.8737036902572143e-05
-3.0731506186769198e-05
-3.2738672384892458e-05
-3.4759551838016266e-05
-3.6795171910698583e-05
-3.8846569661303799e-05
-4.0914788798940724e-05
-4.3000874016695723e-05
-4.5105861304456125e-05
-4.7230762264748121e-05
-4.9376539565695966e-05
-5.1544069433063316e-05
-5.3734085419863197e-05
-5.5947095410437375e-05
-5.8183260812747818e-05
-6.0442222837424675e-05
-6.2722855611739974e-05
-6.5022919185289476e-05
-6.7338577078575624e-05
-6.9663732647378055e-05
-7.1989125834677196e-05
-7.43011167663521e-05
-7.6580064986293123e-05
-7.8798193000705993e-05
-8.0916800442805837e-05
-8.2882671307868625e-05
-8.4623491849788524e-05
-8.6042072760847437e-05
-8.7009146943182523e-05
-8.7354496021394915e-05
-8.685614620175846e-05
-8.5227368369937204e-05
-8.2101219336989752e-05
-7.7012368286634574e-05
-6.9375960851238939e-05
-5.8463272759521464e-05
-4.337388220888796e-05
-2.3004026943963301e-05
3.9893059929231632e-06
3.9229179176167677e-05
8.4665178412650461e-05
0.00014262633953608816
0.00021588075168532672
0.00030770025327179877
0.00042192444507949692
0.00056301016490850706
0.00073603925734947091
0.00094663898809307782
0.0012007498060084697
0.0015041652042412706
0.0018617874527057296
0.0022766139703268239
0.0027486029385546495
0.0032737375670778223
0.0038437409121944207
0.0044468778029490867
0.0050699627686656146
0.0057009092592939202
-7.3187799358966808e-06
-9.252592632823109e-06
-1.1188103753345513e-05
-1.3126284354649932e-05
-1.5068104841749527e-05
-1.701453617299089e-05
-1.8966551133430916e-05
-2.0925125629693176e-05
-2.2891240037430672e-05
-2.4865880539643997e-05
-2.685004049614332e-05
-2.8844721720199636e-05
-3.0850935692444442e-05
-3.2869704506305344e-05
-3.490206146301221e-05
-3.6949051003561551e-05
-3.9011727612836711e-05
-4.1091153078003646e-05
-4.3188391243676407e-05
-4.5304498965671507e-05
-4.7440511331349976e-05
-4.9597418477742435e-05
-5.1776130078272386e-05
-5.3977422052570777e-05
-5.6201857876861914e-05
-5.8449673996456034e-05
-6.0720615069033142e-05
-6.3013699779762079e-05
-6.5326891774132828e-05
-6.7656642125930842e-05
-6.9997259979723785e-05
-7.2340055860015034e-05
-7.4672187745393429e-05
-7.6975122943812128e-05
-7.9222609435514269e-05
-8.137802852870985e-05
-8.3390977032866354e-05
-8.5192902289985098e-05
-8.6691588387499571e-05
-8.7764267799198339e-05
-8.8249111139659123e-05
-8.7934829723603343e-05
-8.6548112229923528e-05
-8.3738607344566759e-05
-7.906115630304285e-05
-7.1954967103954871e-05
-6.1719395092529476e-05
-4.7485937368032455e-05
-2.8185941645210037e-05
-2.5133573148349957e-06
3.1118379694656361e-05
7.4626479060395628e-05
0.00013031716865499098
0.00020095303624206292
0.00028982825010941555
0.00040084619106260026
0.00053858542138596947
0.00070832545767657371
0.0009159833618153909
0.0011678895852225296
0.001470318322646075
0.0018287049023888804
0.0022465567404046818
0.002724209562629937
0.0032577716897181459
0.003838754629498428
0.0044548834774183017
0.0050922340954472891
0.005737962594496787
-7.2835790543593974e-06
-9.2309979472082766e-06
-1.1179775872584265e-05
-1.3130906315339778e-05
-1.5085381020208811e-05
-1.7044191326689617e-05
-1.9008329543438461e-05
-2.0978790343976769e-05
-2.2956572207514937e-05
-2.4942678884830241e-05
-2.6938120814216709e-05
-2.8943916548375496e-05
-3.0961094034832401e-05
-3.2990691706066029e-05
-3.5033759191699959e-05
-3.7091357423528709e-05
-3.9164557757228871e-05
-4.1254439534827563e-05
-4.3362085253699834e-05
-4.5488572110707389e-05
-4.7634958137061822e-05
-4.9802260289208124e-05
-5.1991420881564373e-05
-5.4203257108959891e-05
-5.6438386507057558e-05
-5.869711836369547e-05
-6.0979297588277331e-05
-6.3284082881506263e-05
-6.5609635024339497e-05
-6.795268363414688e-05
-7.0307931285519353e-05
-7.2667242494021879e-05
-7.5018551257203695e-05
-7.734440463763069e-05
-7.962004112404441e-05
-8.1810881458820896e-05
-8.3869286306953846e-05
-8.5730410354559463e-05
-8.7306956708546254e-05
-8.8482609777267048e-05
-8.9103899998518627e-05
-8.8970230859514282e-05
-8.7821777391582556e-05
-8.5324944800129054e-05
-8.1055052555777902e-05
-7.4475876210287914e-05
-6.4915624755343838e-05
-5.1538838275789441e-05
-3.3313538217744553e-05
-8.9727319623784833e-06
2.3030933799535988e-05
6.4578902606053068e-05
0.00011795051499966591
0.00018589816750491103
0.00027173329202857273
0.00037941809323953682
0.00051364887965943081
0.00067990124412951208
0.00088438486485195643
0.0011338299862368203
0.001435010793562932
0.0017939257640327416
0.0022146315119779174
0.0026978833346272594
0.0032399487121811152
0.0038321417588843771
0.0044616358389244501
0.0051137344365655112
0.00577478716322446
-7.2492887638271685e-06
-9.2093774626593796e-06
-1.1170503543265632e-05
-1.3133681798364759e-05
-1.5099924245843544e-05
-1.7070241569676217e-05
-1.9045644616635147e-05
-2.1027145875693575e-05
-2.3015761045622954e-05
-2.5012510551629531e-05
-2.7018421117198094e-05
-2.903452724131381e-05
-3.1061872620770354e-05
-3.3101511328932795e-05
-3.5154508693035736e-05
-3.722194154727009e-05
-3.9304897580045969e-05
-4.1404473178181945e-05
-4.3521769004993065e-05
-4.5657882140485984e-05
-4.7813893043303564e-05
-4.999084490444363e-05
-5.2189711900498253e-05
-5.4411351427035155e-05
-5.6656433484856721e-05
-5.8925337826115012e-05
-6.1218006104097637e-05
-6.3533731832934954e-05
-6.5870865395654054e-05
-6.8226404195413258e-05
-7.0595429172044675e-05
-7.2970338115949289e-05
-7.5339813126610509e-05
-7.7687444153278301e-05
-7.9989912609396144e-05
-8.2214618701003335e-05
-8.4316613440682363e-05
-8.6234671662543171e-05
-8.7886316161690827e-05
-8.9161576003654952e-05
-8.9915234415682309e-05
-8.995729388991267e-05
-8.9041357375728081e-05
-8.6850593020400672e-05
-8.2980911173346431e-05
-7.6920928240121881e-05
-6.8028209578336449e-05
-5.5501153941123401e-05
-3.8345682342527817e-05
-1.5335603675014624e-05
1.5034852191965489e-05
5.460825865084721e-05
0.00010563316014651257
0.00017084704149865067
0.00025357318737305728
0.00035782687662259309
0.00048841680494011064
0.00065101096167835255
0.00085211167708405789
0.0010988554827236581
0.0013985325113599284
0.0017577318818309639
0.0021810976383845777
0.0026698479598854189
0.0032204469504722106
0.0038240299888599948
0.0044672108731776874
0.0051344899127190296
0.0058113616227967856
-7.2159783395003673e-06
-9.1877791540437712e-06
-1.1160314419145679e-05
-1.3134619009529888e-05
-1.5111724041247442e-05
-1.709265843055395e-05
-1.9078450480801183e-05
-2.1070129492011755e-05
-2.3068727382501999e-05
-2.5075280357185085e-05
-2.7090830525451776e-05
-2.911642752326993e-05
-3.1153130003353289e-05
-3.3202006977890974e-05
-3.5264138793202212e-05
-3.7340617577032474e-05
-3.9432546787919607e-05
-4.1541039349083339e-05
-4.3667213617470027e-05
-4.5812186085365657e-05
-4.7977059144715904e-05
-5.0162901624744827e-05
-5.2370718771308181e-05
-5.4601407024759154e-05
-5.6855687118259714e-05
-5.9134006630569683e-05
-6.1436399922977763e-05
-6.3762289300722813e-05
-6.611020587262643e-05
-6.8477401964713754e-05
-7.0859318589756864e-05
-7.3248861291638935e-05
-7.563542530094266e-05
-7.8003596413964689e-05
-8.033143689736811e-05
-8.258824617781731e-05
-8.473166409947856e-05
-8.6703960224584212e-05
-8.842732624380332e-05
-8.9797960290518268e-05
-9.0678701829380719e-05
-9.0889943505099993e-05
-9.0198510495586971e-05
-8.8304155804611332e-05
-8.4823266042338602e-05
-7.926929716512938e-05
-7.1029349081395125e-05
-5.9336121286046455e-05
-4.3234243983543411e-05
-2.1539627310623269e-05
7.209987276732706e-06
4.4815598360030812e-05
9.3491332107254922e-05
0.00015595511669562318
0.00023553640867468164
0.00033629702857413914
0.00046315125781655443
0.00062195343743803551
0.00081949532335496222
0.0010633221689992725
0.0013612516309958152
0.0017204871318469916
0.0021462962209484061
0.002640403744131309
0.0031995111832659202
0.0038145989888897381
0.0044717189173229133
0.0051545415499055208
0.0058476593157540174
-7.1836792837284295e-06
-9.1662141887848859e-06
-1.114920014669162e-05
-1.3133690785628417e-05
-1.5120735052395466e-05
-1.7111378878010568e-05
-1.9106666877735078e-05
-2.1107644044528998e-05
-2.3115357488368136e-05
-2.5130858178111241e-05
-2.7155202679554401e-05
-2.9189454863556137e-05
-3.1234687521473854e-05
-3.3291983813679689e-05
-3.5362438391884106e-05
-3.7447158018358377e-05
-3.9547261317858031e-05
-4.1663877192036304e-05
-4.3798141186765543e-05
-4.5951188684661768e-05
-4.8124143466160388e-05
-5.0318099337830688e-05
-5.2534091719368234e-05
-5.4773054770445834e-05
-5.7035757954090474e-05
-5.9322713576116001e-05
-6.1634044002893898e-05
-6.3969293195930164e-05
-6.6327162403540598e-05
-6.8705143440161591e-05
-7.1099015269278888e-05
-7.3502160004843524e-05
-7.5904642815957551e-05
-7.8291986560421667e-05
-8.064355568144989e-05
-8.2930445384992241e-05
-8.5112750825736255e-05
-8.7136067291372263e-05
-8.8927045884124758e-05
-9.0387800172193466e-05
-9.1388926835318115e-05
-9.1760867052078507e-05
-9.128329285048575e-05
-8.9672150341460287e-05
-8.6563923078253121e-05
-8.1496583162414267e-05
-7.3886559250433293e-05
-6.3000846811865746e-05
-4.7923090138934452e-05
-2.7512051928037554e-05
-3.503494535072688e-07
3.5319268819799888e-05
8.1673314651092022e-05
0.00014140572421084504
0.00021784628064527159
0.00031509605013519554
0.00043816665422106163
0.00059309005835409402
0.000786940456593167
0.0010276693327312624
0.0013236278277339519
0.0016826519879109762
0.0021106652624365697
0.0026099423033898801
0.003177465720049827
0.0038040907084923902
0.0044753113536031321
0.005173947896037148
0.0058836466290357776
-7.1523830165818936e-06
-9.1446546252562621e-06
-1.1137114067712182e-05
-1.3130832278189502e-05
-1.5126874669534467e-05
-1.7126302890333157e-05
-1.9130176610966006e-05
-2.113955533828333e-05
-2.3155500237416788e-05
-2.5179075966573822e-05
-2.7211352519433516e-05
-2.9253407041463577e-05
-3.1306325540912601e-05
-3.3371204472017107e-05
-3.5449151999801396e-05
-3.7541288774977189e-05
-3.9648747901491e-05
-4.1772673632490513e-05
-4.3914218069355345e-05
-4.6074534887807413e-05
-4.8254768575692966e-05
-5.0456037086374932e-05
-5.2679404895696135e-05
-5.492584226690819e-05
-5.7196164936253978e-05
-5.9490946208498375e-05
-6.1810390750581529e-05
-6.415415561545765e-05
-6.6521099470454113e-05
-6.8908935019545661e-05
-7.1313752437084386e-05
-7.3729372543056149e-05
-7.6146477685231783e-05
-7.8551455384330207e-05
-8.0924874500628406e-05
-8.3239496046929831e-05
-8.5457700502477237e-05
-8.7528190242026593e-05
-8.93817995676462e-05
-9.0926215045266157e-05
-9.2039374778284366e-05
-9.2561275213866179e-05
-9.2283865425474174e-05
-9.0938647060145159e-05
-8.8181515138727832e-05
-8.3574259599112385e-05
-7.6561981615554792e-05
-6.644543867932414e-05
-5.2346989070844394e-05
-3.3168331254302212e-05
-7.537619239909497e-06
2.6257168080350541e-05
7.0352325476640682e-05
0.00012741373997978312
0.00020076569403134072
0.00029454071233180382
0.00041383721838046791
0.00056485395128768017
0.0007549360392572692
0.00099243276056659962
0.0012862276339141391
0.0016448004676298188
0.0020747573888393179
0.0025789638336952514
0.0031547297668939236
0.0037928214636437137
0.0044781884087019795
0.005192787992820946
0.0059192809622872905
-7.1220400001128959e-06
-9.1230325666060914e-06
-1.1123970345906792e-05
-1.3125940052734518e-05
-1.5130022087451769e-05
-1.7137292412614069e-05
-1.9148824423699186e-05
-2.1165690854946202e-05
-2.3188965699902882e-05
-2.521972613803528e-05
-2.7259054470363473e-05
-2.9308040045806468e-05
-3.1367781082701291e-05
-3.3439386361340453e-05
-3.5523976648613455e-05
-3.7622685626384233e-05
-3.9736660062663158e-05
-4.18670587711216e-05
-4.4015049641561747e-05
-4.6181803834168035e-05
-4.8368485641482752e-05
-5.0576236059895242e-05
-5.280614714401071e-05
-5.5059223159442635e-05
-5.7336323003512854e-05
-5.9638076324408234e-05
-6.1964763083518498e-05
-6.431614299309043e-05
-6.669121671028889e-05
-6.9087895380514792e-05
-7.1502548092062425e-05
-7.3929388603957596e-05
-7.6359652509507193e-05
-7.8780503889809436e-05
-8.1173596336275719e-05
-8.3513196439345948e-05
-8.5763758529000894e-05
-8.7876817171877444e-05
-8.9787038008509818e-05
-9.1407237595628692e-05
-9.2622147303256393e-05
-9.3280653306577606e-05
-9.3186190460129302e-05
-9.208489724714077e-05
-8.9651042903360158e-05
-8.546910353101913e-05
-7.9011672133957073e-05
-6.961211263277058e-05
-5.6430478445860933e-05
-3.8410681928631185e-05
-1.4226210202573201e-05
1.7789116334578129e-05
5.9729566133994309e-05
0.00011422949301910181
0.00018460195144601971
0.00027500235296336215
0.00039060495050676728
0.00053776016392254218
0.00072406786966618694
0.00095825976663517238
0.0012497418941471467
0.0016076395556543182
0.0020392602871380124
0.0025480971170478628
0.0031318352568575165
0.0037811959258306003
0.0044806080976968372
0.0052111646702796572
0.0059545082263618527
-7.0925610826238488e-06
-9.1012414926424164e-06
-1.1109645308016124e-05
-1.311887337454432e-05
-1.5130019521059408e-05
-1.7144172519373276e-05
-1.9162418048770877e-05
-2.1185840693006978e-05
-2.3215525939069386e-05
-2.5252562206328138e-05
-2.7298042881684062e-05
-2.9353068322140875e-05
-3.1418747809585261e-05
-3.349620135737208e-05
-3.5586561263964275e-05
-3.7690973213209734e-05
-3.9810596646363798e-05
-4.1946603927665867e-05
-4.4100177726378375e-05
-4.6272505587757248e-05
-4.8464770376610108e-05
-5.0678134595493759e-05
-5.2913715863761017e-05
-5.5172549651524443e-05
-5.7455533995773589e-05
-5.9763348964815022e-05
-6.2096341111531108e-05
-6.4454359953177077e-05
-6.6836529389596906e-05
-6.9240931816308949e-05
-7.1664176326290886e-05
-7.4100814574472353e-05
-7.6542558437712834e-05
-7.8977242364463703e-05
-8.1387459980315839e-05
-8.3748788788486607e-05
-8.6027498610825583e-05
-8.8177617813767044e-05
-9.0137206372094917e-05
-9.1823654573156601e-05
-9.3127789791689288e-05
-9.3906528031339903e-05
-9.3973748054613143e-05
-9.3088987250105181e-05
-9.0943450403870152e-05
-8.714267065715187e-05
-8.1184945853079494e-05
-7.2434365729307507e-05
-6.0086812834878345e-05
-4.3126729522288119e-05
-2.0271680576725397e-05
1.0099150795307659e-05
5.0037233204981986e-05
0.00010214273897232621
0.00016971220733630731
0.00025691517067443658
0.00036898847567547958
0.00051241655881923938
0.00069503210756852261
0.00092592560172032295
0.001215005029720623
0.0015720308538612758
0.002005019681048421
0.002518122151336588
0.0031094470680800945
0.0037697229306914446
0.0044828961988544721
0.0052292080326055311
0.0059892597676956894
-7.0638219641391147e-06
-9.0791407279824533e-06
-1.109398186995021e-05
-1.3109458626627023e-05
-1.5126676585063595e-05
-1.7146735721649234e-05
-1.9170732458268274e-05
-2.1199761727445824e-05
-2.3234919072008631e-05
-2.5277302747110512e-05
-2.732801585245626e-05
-2.9388168427183127e-05
-3.1458879515720286e-05
-3.354127908552493e-05
-3.5636509713926722e-05
-3.7745727840762587e-05
-3.9870104310241356e-05
-4.2010823771991294e-05
-4.4169082311751426e-05
-4.6346082378782472e-05
-4.8543023671696093e-05
-5.0761088093615638e-05
-5.3001416072708713e-05
-5.5265070538548954e-05
-5.755298340782406e-05
-5.9865877632725815e-05
-6.2204155433073099e-05
-6.4567740315193406e-05
-6.6955856545493236e-05
-6.9366724935700282e-05
-7.1797147850546399e-05
-7.4241948929820134e-05
-7.6693224402065078e-05
-7.9139352231925256e-05
-8.1563693004969726e-05
-8.394290177289082e-05
-8.6244752857822954e-05
-8.8425359114132279e-05
-9.042564280268783e-05
-9.2166885412618804e-05
-9.3545146631024881e-05
-9.4424295102380076e-05
-9.4627330656478896e-05
-9.392559231766389e-05
-9.202532762447513e-05
-8.8550931410191186e-05
-8.3023924010539342e-05
-7.4836401573944304e-05
-6.3217219029181905e-05
-4.718852501437095e-05
-2.5509439156865257e-05
3.3973149329925922e-06
4.15409563799707e-05
9.1485969666731305e-05
0.0001565077929412078
0.00024078117067186821
0.00034959094524619359
0.0004895343555564092
0.00066864875140471838
0.00089635018757268348
0.0011830150808053819
0.0015390134948186881
0.0019730639938221098
0.0024899946918516052
0.003088385048361196
0.003759032622441213
0.0044854568483539761
0.0052470788192848054
0.0060234485689442544
-7.0356717364099294e-06
-9.0565639850244445e-06
-1.107679809086609e-05
-1.3097497846654349e-05
-1.5119778822973168e-05
-1.7144750493407377e-05
-1.9173518359919459e-05
-2.1207186100636934e-05
-2.324685773493625e-05
-2.5293639814475736e-05
-2.7348643630439357e-05
-2.941298741040757e-05
-3.1487798464309826e-05
-3.357421522934784e-05
-3.5673389061956665e-05
-3.7786485632537046e-05
-3.9914685623698248e-05
-4.205918431535566e-05
-4.4221189416539164e-05
-4.6401916269099932e-05
-4.8602579060979119e-05
-5.082437619865121e-05
-5.306846721133665e-05
-5.5335937523165415e-05
-5.7627746100766092e-05
-5.9944649186953225e-05
-6.2287091044410233e-05
-6.4655049704392535e-05
-6.7047822021831975e-05
-6.9463727743289644e-05
-7.1899706657420646e-05
-7.4350776076161144e-05
-7.6809307657374772e-05
-7.9264072807885852e-05
-8.169899439901558e-05
-8.4091528710987566e-05
-8.6410585541517163e-05
-8.8613874802902074e-05
-9.0644544576145607e-05
-9.2426946265561567e-05
-9.3861325154596432e-05
-9.4817185768691551e-05
-9.5125015406782954e-05
-9.4565958153645862e-05
-9.2858904035009095e-05
-8.964427707178309e-05
-8.4463549014784827e-05
-7.6733142349204132e-05
-6.5710880343174423e-05
-5.0452456531192133e-05
-2.9754510581284585e-05
-2.0798462226671068e-06
3.4540721531075885e-05
8.2636000257615719e-05
0.00014545682517328845
0.00022717446651636841
0.00033310595347939168
0.00046993637902811299
0.00064587287707743881
0.00087061284045073786
0.0011549521360461961
0.0015098259864307765
0.0019446285432303306
0.0024648708246861294
0.0030696462882115463
0.003749893687318569
0.0044887827939293912
0.0052649709911652218
0.0060569644944144657
-7.0079464302884481e-06
-9.0333329397105011e-06
-1.1057900792044339e-05
-1.3082782389761111e-05
-1.5109101420233659e-05
-1.7137975038059026e-05
-1.917051605297179e-05
-2.1207835149824597e-05
-2.3251043116314919e-05
-2.5301253100479029e-05
-2.7359582903222015e-05
-2.9427157238544442e-05
-3.1505109984888768e-05
-3.3594586305033986e-05
-3.5696744552728457e-05
-3.7812757780765034e-05
-3.9943814554135981e-05
-4.2091118672223064e-05
-4.4255887150686384e-05
-4.6439345574175782e-05
-4.8642719485789143e-05
-5.0867219945235716e-05
-5.3114020685069238e-05
-5.5384223167686794e-05
-5.767880467191522e-05
-5.9998542666979696e-05
-6.2343906602571996e-05
-6.471490532504352e-05
-6.7110874835521407e-05
-6.9530186714453218e-05
-7.19698521190126e-05
-7.4424989875228421e-05
-7.6888119424762668e-05
-7.9348230208855762e-05
-8.178956838243442e-05
-8.4190068825478023e-05
-8.6519345374492992e-05
-8.8736133850276944e-05
-9.0785059805242321e-05
-9.2592574529866956e-05
-9.4061865610109178e-05
-9.5066498606891941e-05
-9.5442478315775129e-05
-9.4978322658991333e-05
-9.3402607571504363e-05
-9.0368249604517203e-05
-8.54325207930063e-05
-7.8031406503678672e-05
-6.7446384278758599e-05
-5.2760981851059064e-05
-3.2803543009646753e-05
-6.0715205236070061e-06
2.9368514193014102e-05
7.6011672468271553e-05
0.00013708224926357648
0.00021674001316432197
0.00032031737812722834
0.00045455897381681211
0.00062779923244846907
0.00084996025055232593
0.001132190236981869
0.00148592210683211
0.0019211746689132272
0.0024441274919195068
0.0030544242440746772
0.0037432280069544361
0.0044934633414146176
0.0052831122899108605
0.0060896681961502361
-6.9804882314363656e-06
-9.0092765110576113e-06
-1.1037104899303556e-05
-1.3065112385471798e-05
-1.5094428801237554e-05
-1.71261770573963e-05
-1.9161475384429272e-05
-2.1201439598854747e-05
-2.3247185401877566e-05
-2.529983068375872e-05
-2.7360497873558955e-05
-2.9430316276071093e-05
-3.1510424382097587e-05
-3.3601972068884539e-05
-3.5706122585466531e-05
-3.7824054132192444e-05
-3.9956960763938589e-05
-4.2106052171900507e-05
-4.4272551729698426e-05
-4.6457691862803938e-05
-4.8662705419280405e-05
-5.0888811162452242e-05
-5.3137190726102307e-05
-5.5408953426891062e-05
-5.7705083903297596e-05
-6.0026365987923179e-05
-6.2373273812084938e-05
-6.4745818579026805e-05
-6.7143335759453583e-05
-6.9564193417305745e-05
-7.2005397029939347e-05
-7.4462060121970912e-05
-7.6926702592640183e-05
-7.9388330112889382e-05
-8.1831237636381367e-05
-8.4233468304193633e-05
-8.6564844554227232e-05
-8.8784471152326784e-05
-9.0837588101448966e-05
-9.2651623813445728e-05
-9.4131262236523915e-05
-9.5152287688478278e-05
-9.5553901644802438e-05
-9.5129107606188815e-05
-9.3612620401731681e-05
-9.0665557105751329e-05
-8.5855883630529231e-05
-7.8633193102533384e-05
-6.8295841106136572e-05
-5.3947721051730378e-05
-3.4441005787386606e-05
-8.300035880692545e-06
2.6379648998364977e-05
7.2063948245583404e-05
0.0001319508433537034
0.0002101818593944576
0.00031208758431684416
0.00044444041569452036
0.00061565200602389022
0.00083579877917413961
0.0011162933403647891
0.0014689713506981111
0.001904394704752615
0.002429370800783091
0.0030441178637682664
0.0037401173908554255
0.004500186153341878
0.0053017604024408168
0.0061213829857168743
-6.9531700707076959e-06
-8.9842554617265736e-06
-1.101425811281988e-05
-1.3044321495397609e-05
-1.5075579516194413e-05
-1.7109158813291567e-05
-1.9146181027147844e-05
-2.1187765119248654e-05
-2.3235029686686422e-05
-2.5289095335306586e-05
-2.7351087057703544e-05
-2.942213662367214e-05
-3.1503384930064277e-05
-3.3595984257824643e-05
-3.5701100292549326e-05
-3.7819913752881877e-05
-3.995362129807759e-05
-4.2103435314684073e-05
-4.4270581896104877e-05
-4.6456296076766637e-05
-4.8661812970422563e-05
-5.0888352838918203e-05
-5.3137097421365581e-05
-5.5409153791440348e-05
-5.7705500657237324e-05
-6.0026910320532873e-05
-6.2373837298749385e-05
-6.4746261767782858e-05
-6.7143472638895256e-05
-6.9563770822524107e-05
-7.2004068206740383e-05
-7.4459351846156973e-05
-7.6921975833464006e-05
-7.9380734991881799e-05
-8.1819664941071453e-05
-8.4216501707444857e-05
-8.6540720603585586e-05
-8.8751057577124158e-05
-9.0792395757114465e-05
-9.2591872925038048e-05
-9.4054029769332118e-05
-9.5054769073531532e-05
-9.5433825964907058e-05
-9.4985349806577503e-05
-9.3446055865841954e-05
-9.04802013242098e-05
-8.5660351584233694e-05
-7.8442497805580359e-05
-6.8133528368237407e-05
-5.3848308199798151e-05
-3.4452656499817075e-05
-8.4873600534443332e-06
2.5932842591224926e-05
7.1252229727649191e-05
0.00013064558955196254
0.00020823156044596862
0.00030932207433634752
0.00044068286687486455
0.00061074517607448485
0.00082965492316643087
0.0011089780750379813
0.0014608262505271649
0.0018961856231010481
0.0024224164551937179
0.0030403174408245876
0.0037417920251859318
0.0045097255375960363
0.0053211902796764668
0.0061518833478079217
-6.9259244419496079e-06
-8.9581910510085329e-06
-1.0989269458839801e-05
-1.3020305416645344e-05
-1.5052434768694116e-05
-1.7086785746692204e-05
-1.912448128876555e-05
-2.1166641366380534e-05
-2.3214385331356793e-05
-2.526883430522648e-05
-2.7331113585430364e-05
-2.9402355056898285e-05
-3.1483699558046165e-05
-3.3576299160677145e-05
-3.5681319181205608e-05
-3.7799939797016137e-05
-3.9933356903163468e-05
-4.208278178794745e-05
-4.4249438921695962e-05
-4.6434560879556486e-05
-4.8639378959743549e-05
-5.0865107491181017e-05
-5.3112918986189097e-05
-5.5383906332992626e-05
-5.7679026683870718e-05
-5.9999020095556051e-05
-6.2344293578255522e-05
-6.4714758442709533e-05
-6.7109605341629739e-05
-6.952699722727573e-05
-7.1963655286292651e-05
-7.4414307123702822e-05
-7.6870959339802992e-05
-7.9321948739553385e-05
-8.1750716914912142e-05
-8.4134242207731903e-05
-8.6441049911511117e-05
-8.8628706029659804e-05
-9.0640679829962506e-05
-9.2402434553708827e-05
-9.3816570226288481e-05
-9.4756793445954296e-05
-9.5060419240487962e-05
-9.4519010280858814e-05
-9.2866615799863984e-05
-8.9764868333589714e-05
-8.478390766083399e-05
-7.7377697889115531e-05
-6.6851750792512566e-05
-5.232053115320619e-05
-3.2650876651432823e-05
-6.3866400225882437e-06
2.8351410682038303e-05
7.3997248648152893e-05
0.00013370933161618178
0.00021158195445952958
0.00031289323290234749
0.000444366496177985
0.00061438854999262165
0.00083307589117691879
0.0011120127965004918
0.0014634248361309495
0.0018985600426881463
0.0024252133788936828
0.0030447424862343076
0.0037495813896440328
0.0045229038204994462
0.0053416648000319767
0.0061808779053778035
-6.8987784513317292e-06
-8.9311012877113569e-06
-1.0962146801435355e-05
-1.2993060775404868e-05
-1.5024978752346016e-05
-1.7059028359421145e-05
-1.9096331617093125e-05
-2.1138007266711023e-05
-2.3185173134296056e-05
-2.5238948514524625e-05
-2.7300456574544945e-05
-2.9370826760031558e-05
-3.1451197151242564e-05
-3.3542716709848552e-05
-3.5646547251537452e-05
-3.776386496775968e-05
-3.9895861155432056e-05
-4.2043741666168832e-05
-4.4208724363484031e-05
-4.6392033512297354e-05
-4.8594889607569348e-05
-5.0818492495244795e-05
-5.3063994845319754e-05
-5.5332461842117194e-05
-5.7624811638249335e-05
-5.9941729124071572e-05
-6.2283543344308334e-05
-6.46500558572242e-05
-6.7040303809494877e-05
-6.945223718062815e-05
-7.1882284425014317e-05
-7.4324774849428952e-05
-7.677117888643644e-05
-7.920911956842941e-05
-8.1621099060532614e-05
-8.3982873534870926e-05
-8.6261396864083839e-05
-8.841223834148047e-05
-9.0376360067281983e-05
-9.2076114273210202e-05
-9.3410285994847964e-05
-9.4247957957985324e-05
-9.4420905416275477e-05
-9.3714129699698129e-05
-9.1853997606492467e-05
-8.8493252435738499e-05
-8.3191879186379945e-05
-7.5392413778568374e-05
-6.4387752718024702e-05
-4.9278814930372226e-05
-2.8918515485540033e-05
-1.8374589326641821e-06
3.3854321804796648e-05
8.0596021227664726e-05
0.00014154124958227861
0.00022076305908246251
0.00032349419829536327
0.00045638103558410094
0.00062769847297003151
0.00084742326022420246
0.0011270008760388907
0.0014785731264553258
0.0019134394345165758
0.0024396590132523144
0.0030590875269857791
0.0037647938003602509
0.0045405031567460766
0.0053633765424170293
0.0062079844676832287
-6.8719023549711962e-06
-8.9031558863767349e-06
-1.0933058316879639e-05
-1.2962753170205088e-05
-1.4993373440951091e-05
-1.7026043884869299e-05
-1.9061883330052427e-05
-2.1102006980877335e-05
-2.3147528770289548e-05
-2.5199563709745245e-05
-2.725923027797025e-05
-2.9327652780171794e-05
-3.1405963659988668e-05
-3.3495305664127375e-05
-3.5596833720868834e-05
-3.7711716299504708e-05
-3.9841135922010321e-05
-4.1986288270103488e-05
-4.4148379139278239e-05
-4.6328618093581702e-05
-4.8528207216670343e-05
-5.074832266482255e-05
-5.2990085866665916e-05
-5.5254520038386733e-05
-5.7542486099010469e-05
-5.9854590199379542e-05
-6.219105250982677e-05
-6.4551523914610018e-05
-6.6934833442207453e-05
-6.9338644778602478e-05
-7.175899488588796e-05
-7.4189681418344484e-05
-7.662145857512992e-05
-7.9040992635959692e-05
-8.1429519113727789e-05
-8.3761132586002642e-05
-8.6000627479440657e-05
-8.8100792692145648e-05
-8.9999043609324678e-05
-9.1613249483077689e-05
-9.2836579677035949e-05
-9.3531143922836779e-05
-9.3520133196627568e-05
-9.2578070141002456e-05
-9.0418639183678087e-05
-8.6679370673429886e-05
-8.0902180770652115e-05
-7.250839580854591e-05
-6.0766389915379187e-05
-4.474931526028427e-05
-2.3279597670532086e-05
5.1440583390049553e-06
4.2442331315866463e-05
9.1079374545065115e-05
0.00015422066682602305
0.000235927184326489
0.00034138107881094668
0.00047712253306470454
0.0006512492104964109
0.00087348482179632056
0.0011549628801378264
0.0015075146378985738
0.0019422336419249438
0.0024672141388501854
0.0030846948626634296
0.0037884612037830008
0.0045630850240719421
0.0053863374668679017
0.0062326931345550096
-6.8456172115531405e-06
-8.8746780255657445e-06
-1.0902328461775585e-05
-1.2929707501995835e-05
-1.495794331271819e-05
-1.6988155508695423e-05
-1.9021457414855192e-05
-2.1058958357646273e-05
-2.3101765948558205e-05
-2.5150988413783148e-05
-2.7207736902667656e-05
-2.9273127789005851e-05
-3.1348284889869744e-05
-3.3434341507121673e-05
-3.5532442149164989e-05
-3.7643743664760725e-05
-3.9769415431809394e-05
-4.1910638023976666e-05
-4.4068599506878384e-05
-4.6244488166075624e-05
-4.8439479925646677e-05
-5.0654717982285157e-05
-5.2891281315571484e-05
-5.5150137343691696e-05
-5.7432072532598656e-05
-5.9737592489826346e-05
-6.2066780618074506e-05
-6.4419101029193794e-05
-6.6793127437948685e-05
-6.918617511613417e-05
-7.1593807166122058e-05
-7.4009179940097235e-05
-7.6422184870751555e-05
-7.8818335323550682e-05
-8.1177337309705597e-05
-8.3471271603690535e-05
-8.5662301694244166e-05
-8.7699806044281995e-05
-8.9516813317816064e-05
-9.1025593248057318e-05
-9.2112220731243899e-05
-9.2629882122575259e-05
-9.2390624184650054e-05
-9.1155149675190093e-05
-8.862012778568396e-05
-8.4402299136898136e-05
-7.8018396693133946e-05
-6.8859557201811356e-05
-5.6158443841990132e-05
-3.8946726897347716e-05
-1.5999881146622078e-05
1.4234495554717236e-05
5.372932020028509e-05
0.00010499639663656124
0.00017123459249402978
0.00025650902980844953
0.0003659555313960494
0.00050599054153792062
0.00068448187807892296
0.00091079642701188653
0.001195585882161026
0.001550133186269739
0.00198503653864791
0.0025081404481155827
0.003121884330760257
0.0038208011307692743
0.0045906040742066459
0.0054101441096585006
0.0062542891830613548
-6.8201169149917395e-06
-8.8457664757301387e-06
-1.0869960209497941e-05
-1.2893830112629035e-05
-1.4918497066392687e-05
-1.6945073067692777e-05
-1.8974663438024466e-05
-2.1008369047507349e-05
-2.3047288545116072e-05
-2.5092520596795835e-05
-2.7145166122708419e-05
-2.9206330479424274e-05
-3.1277125558672189e-05
-3.3358671656424151e-05
-3.5452098972439841e-05
-3.7558548459296617e-05
-3.9679171612950878e-05
-4.181512858945517e-05
-4.3967583732576186e-05
-4.6137697239400875e-05
-4.8326611042481056e-05
-5.0535426342489493e-05
-5.2765169100852868e-05
-5.5016738559076184e-05
-5.7290832026249502e-05
-5.9587837016660237e-05
-6.1907679016580215e-05
-6.4249609622235289e-05
-6.6611915659895593e-05
-6.8991524788933369e-05
-7.138347711902249e-05
-7.3780225423599236e-05
-7.6170718550461913e-05
-7.8539213530740468e-05
-8.0863751460399062e-05
-8.3114220372169641e-05
-8.5249914379097175e-05
-8.7216481631414126e-05
-8.8942132755473542e-05
-9.0332954396469368e-05
-9.1267136061342252e-05
-9.1587868706357773e-05
-9.1094604106492144e-05
-8.9532267667214439e-05
-8.6577883993648946e-05
-8.1823892873937728e-05
-7.4757189970791162e-05
-6.4732608905478938e-05
-5.0939159728902496e-05
-3.2356853167739859e-05
-7.7013936094814862e-06
2.46465161398949e-05
6.673089410047548e-05
0.00012113276827328443
0.0001911074523400161
0.00028074606567906252
0.00039515376353705403
0.0005406244183740075
0.00072477020486714789
0.00095653245564845425
0.001245952794390559
0.001603549295558612
0.0020391494331785738
0.0025600368131254432
0.0031686032339589805
0.0038600778868484397
0.0046215554733905016
0.0054334484984419479
0.0062716579816190533
-6.7952217980766127e-06
-8.8159927174934675e-06
-1.0835275563850823e-05
-1.2854192451076133e-05
-1.4873854067505821e-05
-1.6895361838547572e-05
-1.8919810070702476e-05
-2.0948288084096658e-05
-2.2981882358096601e-05
-2.5021678663425672e-05
-2.7068764170657551e-05
-2.9124229511740285e-05
-3.1189170673101847e-05
-3.3264690676882622e-05
-3.5351900796537711e-05
-3.7451921067663123e-05
-3.9565879608481848e-05
-4.1694910130949756e-05
-4.3840146647404371e-05
-4.6002713986127244e-05
-4.8183712134547779e-05
-5.0384191619717121e-05
-5.2605116047564247e-05
-5.484730655374624e-05
-5.711136101179117e-05
-5.9397538592787855e-05
-6.1705597198999501e-05
-6.4034567749217909e-05
-6.6382444785722985e-05
-6.8745767530213126e-05
-7.1119059265461213e-05
-7.3494085540334769e-05
-7.5858883279365167e-05
-7.8196503277859987e-05
-8.0483397506628235e-05
-8.2687370065181952e-05
-8.4764995816848215e-05
-8.6658392964028718e-05
-8.8291213618699429e-05
-8.9563687863901482e-05
-9.0346518594850784e-05
-9.0473372622092577e-05
-8.9731642298183158e-05
-8.7851054264488054e-05
-8.4489569167330993e-05
-7.9215838998362707e-05
-7.1487257395452109e-05
-6.0622346006268494e-05
-4.5765866593170724e-05
-2.584464773331201e-05
4.8829086846154154e-07
3.4924052955365089e-05
7.9585409851175897e-05
0.00013713383440278789
0.00021089662880441153
0.0003050111071218446
0.00042457587271627799
0.00057578730475061496
0.00076602098047465021
0.0010037938018003551
0.0012985118860770509
0.0016598136974265399
0.0020965939247233902
0.0026153245425363943
0.0032180832202103422
0.0039006381970817638
0.0046515605642147581
0.0054531996591317871
0.0062831505360638898
-6.7742622586619442e-06
-8.7898273462522684e-06
-1.0803884648077415e-05
-1.2817545980504508e-05
-1.4831911378312646e-05
-1.6848071204087628e-05
-1.8867108241292449e-05
-2.0890099769991637e-05
-2.2918119617732558e-05
-2.4952240186957997e-05
-2.699353444570453e-05
-2.9043077825927505e-05
-3.1101949966160239e-05
-3.3171236169811326e-05
-3.5252028377400277e-05
-3.7345425347120348e-05
-3.9452531582336486e-05
-4.1574454301727861e-05
-4.3712297471694634e-05
-4.5867151397654585e-05
-4.804007585007597e-05
-5.0232073790298331e-05
-5.2444051700887435e-05
-5.467676103145603e-05
-5.6930713371471302e-05
-5.9206059574207785e-05
-6.1502419918110763e-05
-6.3818648714177582e-05
-6.6152512093364783e-05
-6.8500252211420895e-05
-7.0856004614833283e-05
-7.3211027920275102e-05
-7.5552696171280194e-05
-7.7863194348262537e-05
-8.011784593813396e-05
-8.2282988388502414e-05
-8.4313296831320242e-05
-8.6148437698741566e-05
-8.7708910803454692e-05
-8.8890908382960551e-05
-8.9559979845167814e-05
-8.954323722548377e-05
-8.8619763017736315e-05
-8.6508782361014385e-05
-8.2855027833327716e-05
-7.7210548738798312e-05
-6.9011991369476169e-05
-5.7552098655168393e-05
-4.1943854165392843e-05
-2.1075350312952658e-05
6.4468483960014616e-06
4.2368236938166283e-05
8.8872995830829133e-05
0.00014868802909088455
0.00022520361621653954
0.00032260573123561183
0.00044600784545981311
0.00060155852656103021
0.00079648390933627692
0.0010389991650927542
0.0013380026777444708
0.001702527090683375
0.002140596988539226
0.0026579108326080371
0.0032561012417307543
0.003931175625354888
0.0046728352458019233
0.0054652203144675889
0.0062879511110264588
)
;

boundaryField
{
    hotWall
    {
        type            fixedFluxPressure;
        gradient        nonuniform List<scalar> 0();
        value           nonuniform List<scalar> 0();
    }
    coldWall
    {
        type            fixedFluxPressure;
        gradient        nonuniform List<scalar> 
30
(
0.83836071615920249
0.85376263616195924
0.86995993101870794
0.88699412376627296
0.90490299300215493
0.92371905225365858
0.94346776719286551
0.96416546602033115
0.9858168858215749
1.0084122833822453
1.0319240224896034
1.0563025331521352
1.0814715229012053
1.1073223113997206
1.1337071631082301
1.1604315203984152
1.1872451106819166
1.2138320464045822
1.2398003102891924
1.2646715088928571
1.2878726393815476
1.3087331162023299
1.326492923311495
1.3403323639893887
1.3494420032342052
1.3531654526284571
1.3512710354629476
1.3444471264574172
1.3351837841154586
1.3292917900892731
)
;
        value           nonuniform List<scalar> 
30
(
0.005621303359585883
0.0056646748898817687
0.0057081636874400463
0.0057517748989500961
0.0057955122592567576
0.0058393775215671668
0.0058833697440599173
0.005927484400534015
0.0059717122757346752
0.0060160380978509075
0.0060604388515248095
0.006104881704834495
0.0061493214737034351
0.0061936975380664531
0.0062379301175071239
0.00628191581241182
0.0063255223234499605
0.0063685822821971296
0.0064108861659096187
0.0064521743409435102
0.0064921283959569432
0.0065303620845301481
0.0065664123863428099
0.006599731769124516
0.0066296850936939274
0.0066555573385013748
0.0066765613816435546
0.006691797708637006
0.0067003954685999614
0.0067033547954294028
)
;
    }
    bottomWall
    {
        type            fixedFluxPressure;
        gradient        nonuniform List<scalar> 0();
        value           nonuniform List<scalar> 0();
    }
    topWall
    {
        type            fixedFluxPressure;
        gradient        uniform 0;
        value           nonuniform List<scalar> 
69
(
-6.7742622586619442e-06
-8.7898273462522684e-06
-1.0803884648077415e-05
-1.2817545980504508e-05
-1.4831911378312646e-05
-1.6848071204087628e-05
-1.8867108241292449e-05
-2.0890099769991637e-05
-2.2918119617732558e-05
-2.4952240186957997e-05
-2.699353444570453e-05
-2.9043077825927505e-05
-3.1101949966160239e-05
-3.3171236169811326e-05
-3.5252028377400277e-05
-3.7345425347120348e-05
-3.9452531582336486e-05
-4.1574454301727861e-05
-4.3712297471694634e-05
-4.5867151397654585e-05
-4.804007585007597e-05
-5.0232073790298331e-05
-5.2444051700887435e-05
-5.467676103145603e-05
-5.6930713371471302e-05
-5.9206059574207785e-05
-6.1502419918110763e-05
-6.3818648714177582e-05
-6.6152512093364783e-05
-6.8500252211420895e-05
-7.0856004614833283e-05
-7.3211027920275102e-05
-7.5552696171280194e-05
-7.7863194348262537e-05
-8.011784593813396e-05
-8.2282988388502414e-05
-8.4313296831320242e-05
-8.6148437698741566e-05
-8.7708910803454692e-05
-8.8890908382960551e-05
-8.9559979845167814e-05
-8.954323722548377e-05
-8.8619763017736315e-05
-8.6508782361014385e-05
-8.2855027833327716e-05
-7.7210548738798312e-05
-6.9011991369476169e-05
-5.7552098655168393e-05
-4.1943854165392843e-05
-2.1075350312952658e-05
6.4468483960014616e-06
4.2368236938166283e-05
8.8872995830829133e-05
0.00014868802909088455
0.00022520361621653954
0.00032260573123561183
0.00044600784545981311
0.00060155852656103021
0.00079648390933627692
0.0010389991650927542
0.0013380026777444708
0.001702527090683375
0.002140596988539226
0.0026579108326080371
0.0032561012417307543
0.003931175625354888
0.0046728352458019233
0.0054652203144675889
0.0062879511110264588
)
;
    }
    front
    {
        type            empty;
    }
    back
    {
        type            empty;
    }
    procBoundary3to1
    {
        type            processor;
        value           nonuniform List<scalar> 
31
(
-5.9946140400754675e-06
-5.9387795380199204e-06
-5.8821612960821482e-06
-5.8250753216895103e-06
-5.7678286142683806e-06
-5.7107176367876138e-06
-5.6540266245995049e-06
-5.5980256173402486e-06
-5.5429682491175441e-06
-5.4890892188576752e-06
-5.4366014235581104e-06
-5.3856927610240543e-06
-5.3365226648448922e-06
-5.289218467409921e-06
-5.2438718197607663e-06
-5.2005355010461738e-06
-5.1592210300779693e-06
-5.1198977759579629e-06
-5.0824942680490669e-06
-5.046902651743608e-06
-5.012987224501626e-06
-4.98059795833724e-06
-4.9495896668625857e-06
-4.9198466402562297e-06
-4.8913116644365701e-06
-4.8640199523108127e-06
-4.8381413501828792e-06
-4.8139939434337805e-06
-4.7918663189633795e-06
-4.7718273688415712e-06
-4.756063329798284e-06
)
;
    }
    procBoundary3to4
    {
        type            processor;
        value           nonuniform List<scalar> 
44
(
-5.6118756361516876e-05
-5.8212788047570969e-05
-6.0317698622707237e-05
-6.2426216663723734e-05
-6.4527479433967909e-05
-6.6605639061171647e-05
-6.8638003686035637e-05
-7.0592588315755979e-05
-7.2424927895555418e-05
-7.4073983381995104e-05
-7.5456952444091481e-05
-7.6462782494957042e-05
-7.6944178673785444e-05
-7.670790731307753e-05
-7.5503220838424382e-05
-7.3008278022237708e-05
-6.8814508077990848e-05
-6.2408972259593394e-05
-5.3154913334578845e-05
-4.02708512225966e-05
-2.2808777444748237e-05
3.6778546290614355e-07
3.0604870804645467e-05
6.9477088856381263e-05
0.00011880314732892701
0.00018065619388796562
0.00025736698297359182
0.00035151734976842004
0.0004659205535361609
0.00060358346188492244
0.00076764304649016137
0.00096126629576125827
0.001173488884198548
0.001173488884198548
0.001435479500199935
0.0017357736406409642
0.002075657862095296
0.0024549694938718167
0.0028717000673640319
0.003321776196030263
0.003799174295114542
0.0042964908186882891
0.0048059603228799881
0.0053206335539906641
)
;
    }
    procBoundary3to5
    {
        type            processor;
        value           nonuniform List<scalar> 
26
(
-7.7495740493379971e-06
-9.4558520183808105e-06
-1.1168815262352719e-05
-1.2889116257187103e-05
-1.4617419606549584e-05
-1.6354401998353933e-05
-1.8100752259889949e-05
-1.9857171475861522e-05
-2.1624373174903022e-05
-2.3403083535729636e-05
-2.5194041572620509e-05
-2.6997999225534095e-05
-2.8815721225850693e-05
-3.0647984564227645e-05
-3.2495577277311829e-05
-3.4359296087184611e-05
-3.623994227462883e-05
-3.8138314737696822e-05
-4.0055198766958061e-05
-4.1991348356312111e-05
-4.3947458860540525e-05
-4.5924125421129601e-05
-4.7921780659186665e-05
-4.9940602512764859e-05
-5.1980379570281436e-05
-5.4040316519365647e-05
)
;
    }
}


// ************************************************************************* //
