/*--------------------------------*- C++ -*----------------------------------*\
  =========                 |
  \\      /  F ield         | OpenFOAM: The Open Source CFD Toolbox
   \\    /   O peration     | Website:  https://openfoam.org
    \\  /    A nd           | Version:  13
     \\/     M anipulation  |
\*---------------------------------------------------------------------------*/
FoamFile
{
    format      ascii;
    class       volScalarField;
    location    "0.032778746640202423";
    object      T;
}
// * * * * * * * * * * * * * * * * * * * * * * * * * * * * * * * * * * * * * //

dimensions      [0 0 0 1 0 0 0];

internalField   nonuniform List<scalar> 
2126
(
300.00000000000023
300.00000000000023
300.00000000000023
300.00000000000023
300.00000000000023
300.00000000000017
300.00000000000017
300.00000000000017
300.00000000000011
300.00000000000011
300.00000000000011
300.00000000000011
300.00000000000011
300.00000000000006
300.00000000000006
300.00000000000006
300.00000000000006
300.00000000000006
300
300
300
300
300
300
300
300
300
300
300
300
300
300
300.00000000000006
300.00000000000006
300.00000000000006
300.00000000000006
300.00000000000011
300.00000000000011
300.00000000000011
300.00000000000017
300.00000000000017
300.00000000000023
300.00000000000028
300.00000000000028
300.00000000000034
300.0000000000004
300.00000000000023
300.00000000000023
300.00000000000023
300.00000000000023
300.00000000000023
300.00000000000017
300.00000000000017
300.00000000000017
300.00000000000017
300.00000000000011
300.00000000000011
300.00000000000011
300.00000000000011
300.00000000000006
300.00000000000006
300.00000000000006
300.00000000000006
300.00000000000006
300.00000000000006
300
300.00000000000006
300.00000000000006
300.00000000000006
300
300.00000000000006
300
300.00000000000006
300
300
300.00000000000006
300.00000000000006
300.00000000000006
300.00000000000006
300.00000000000006
300.00000000000011
300.00000000000011
300.00000000000011
300.00000000000017
300.00000000000017
300.00000000000023
300.00000000000023
300.00000000000028
300.00000000000028
300.00000000000034
300.0000000000004
300.00000000000045
300.00000000000051
300.00000000000057
300.00000000000063
300.00000000000068
300.00000000000074
300.00000000000085
300.00000000000091
300.00000000000097
300.00000000000108
300.00000000000114
300.00000000000125
300.00000000000131
300.00000000000142
300.00000000000153
300.00000000000159
300.00000000000171
300.00000000000182
300.00000000000176
300.00000000000091
299.99999999999289
299.99999999992406
299.99999999935324
299.99999999475932
299.99999995903579
299.99999969242253
299.99999779889725
299.9999851370024
299.99990648499539
299.99946043708638
299.99720271687352
299.98730791594647
299.95129111316567
299.84863153112275
299.63813680400096
300.00000000000028
300.00000000000023
300.00000000000023
300.00000000000023
300.00000000000017
300.00000000000023
300.00000000000017
300.00000000000017
300.00000000000017
300.00000000000017
300.00000000000011
300.00000000000011
300.00000000000011
300.00000000000011
300.00000000000011
300.00000000000006
300.00000000000006
300.00000000000006
300.00000000000006
300.00000000000006
300.00000000000006
300.00000000000006
300.00000000000006
300.00000000000006
300.00000000000006
300.00000000000006
300.00000000000006
300.00000000000006
300.00000000000006
300.00000000000006
300.00000000000006
300.00000000000006
300.00000000000011
300.00000000000011
300.00000000000011
300.00000000000017
300.00000000000017
300.00000000000017
300.00000000000023
300.00000000000028
300.00000000000028
300.00000000000028
300.00000000000034
300.0000000000004
300.00000000000045
300.00000000000051
300.00000000000057
300.00000000000063
300.00000000000068
300.00000000000074
300.0000000000008
300.00000000000085
300.00000000000097
300.00000000000097
300.00000000000108
300.00000000000119
300.00000000000125
300.00000000000136
300.00000000000142
300.00000000000153
300.00000000000159
300.00000000000165
300.00000000000176
300.00000000000176
300.00000000000091
299.99999999999284
299.999999999924
299.99999999935318
299.99999999475926
299.99999995903602
299.99999969242435
299.9999977989076
299.99998513705555
299.99990648523635
299.99946043803283
299.99720271996028
299.9873079237754
299.95129112698692
299.84863154480252
299.63813680853758
300.00000000000028
300.00000000000023
300.00000000000023
300.00000000000023
300.00000000000023
300.00000000000017
300.00000000000017
300.00000000000017
300.00000000000017
300.00000000000017
300.00000000000017
300.00000000000011
300.00000000000011
300.00000000000011
300.00000000000011
300.00000000000011
300.00000000000011
300.00000000000006
300.00000000000006
300.00000000000006
300.00000000000006
300.00000000000006
300.00000000000006
300.00000000000006
300.00000000000006
300.00000000000006
300.00000000000006
300.00000000000006
300.00000000000006
300.00000000000011
300.00000000000011
300.00000000000011
300.00000000000011
300.00000000000017
300.00000000000017
300.00000000000017
300.00000000000023
300.00000000000023
300.00000000000023
300.00000000000028
300.00000000000028
300.00000000000034
300.0000000000004
300.00000000000045
300.00000000000045
300.00000000000051
300.00000000000057
300.00000000000063
300.00000000000068
300.00000000000074
300.0000000000008
300.00000000000091
300.00000000000097
300.00000000000102
300.00000000000108
300.00000000000119
300.00000000000125
300.00000000000131
300.00000000000142
300.00000000000153
300.00000000000159
300.00000000000171
300.00000000000171
300.00000000000171
300.00000000000085
299.99999999999278
299.99999999992394
299.99999999935312
299.99999999475926
299.9999999590363
299.99999969242612
299.9999977989176
299.99998513710631
299.9999064854664
299.99946043893482
299.99720272289522
299.98730793119228
299.95129113999707
299.84863155750173
299.63813681260905
300.00000000000028
300.00000000000023
300.00000000000023
300.00000000000023
300.00000000000023
300.00000000000023
300.00000000000023
300.00000000000017
300.00000000000017
300.00000000000017
300.00000000000017
300.00000000000011
300.00000000000011
300.00000000000011
300.00000000000011
300.00000000000011
300.00000000000011
300.00000000000011
300.00000000000011
300.00000000000006
300.00000000000011
300.00000000000006
300.00000000000011
300.00000000000011
300.00000000000011
300.00000000000011
300.00000000000011
300.00000000000011
300.00000000000011
300.00000000000011
300.00000000000017
300.00000000000017
300.00000000000017
300.00000000000017
300.00000000000023
300.00000000000023
300.00000000000023
300.00000000000028
300.00000000000028
300.00000000000034
300.00000000000034
300.0000000000004
300.00000000000045
300.00000000000045
300.00000000000051
300.00000000000057
300.00000000000063
300.00000000000068
300.00000000000074
300.0000000000008
300.00000000000085
300.00000000000091
300.00000000000097
300.00000000000102
300.00000000000108
300.00000000000119
300.00000000000125
300.00000000000136
300.00000000000142
300.00000000000148
300.00000000000159
300.00000000000165
300.00000000000171
300.00000000000171
300.00000000000085
299.99999999999278
299.99999999992389
299.99999999935307
299.99999999475926
299.99999995903647
299.99999969242776
299.99999779892715
299.99998513715497
299.99990648568638
299.99946043979588
299.99720272569027
299.98730793822978
299.95129115226098
299.8486315692989
299.63813681625254
300.00000000000023
300.00000000000028
300.00000000000023
300.00000000000023
300.00000000000023
300.00000000000023
300.00000000000017
300.00000000000023
300.00000000000017
300.00000000000017
300.00000000000017
300.00000000000017
300.00000000000011
300.00000000000011
300.00000000000011
300.00000000000011
300.00000000000011
300.00000000000011
300.00000000000011
300.00000000000011
300.00000000000011
300.00000000000011
300.00000000000011
300.00000000000011
300.00000000000011
300.00000000000011
300.00000000000011
300.00000000000011
300.00000000000017
300.00000000000011
300.00000000000017
300.00000000000017
300.00000000000017
300.00000000000023
300.00000000000023
300.00000000000028
300.00000000000028
300.00000000000028
300.00000000000034
300.00000000000034
300.0000000000004
300.00000000000045
300.00000000000045
300.00000000000051
300.00000000000057
300.00000000000063
300.00000000000063
300.00000000000068
300.00000000000074
300.0000000000008
300.00000000000085
300.00000000000097
300.00000000000097
300.00000000000102
300.00000000000114
300.00000000000119
300.00000000000125
300.00000000000131
300.00000000000142
300.00000000000148
300.00000000000153
300.00000000000165
300.00000000000171
300.00000000000165
300.0000000000008
299.99999999999272
299.99999999992383
299.99999999935307
299.99999999475926
299.9999999590367
299.99999969242936
299.99999779893636
299.99998513720158
299.99990648589704
299.99946044061932
299.99720272835663
299.98730794491826
299.95129116383816
299.84863158026604
299.63813681950234
300.00000000000028
300.00000000000023
300.00000000000023
300.00000000000023
300.00000000000023
300.00000000000023
300.00000000000023
300.00000000000017
300.00000000000017
300.00000000000017
300.00000000000017
300.00000000000017
300.00000000000017
300.00000000000017
300.00000000000017
300.00000000000017
300.00000000000011
300.00000000000017
300.00000000000011
300.00000000000011
300.00000000000011
300.00000000000011
300.00000000000011
300.00000000000017
300.00000000000011
300.00000000000017
300.00000000000017
300.00000000000017
300.00000000000017
300.00000000000017
300.00000000000017
300.00000000000017
300.00000000000023
300.00000000000023
300.00000000000023
300.00000000000028
300.00000000000028
300.00000000000034
300.00000000000034
300.0000000000004
300.0000000000004
300.00000000000045
300.00000000000045
300.00000000000051
300.00000000000057
300.00000000000063
300.00000000000068
300.00000000000074
300.00000000000074
300.00000000000085
300.00000000000085
300.00000000000097
300.00000000000102
300.00000000000108
300.00000000000114
300.00000000000119
300.00000000000125
300.00000000000136
300.00000000000136
300.00000000000148
300.00000000000159
300.00000000000159
300.00000000000165
300.00000000000165
300.0000000000008
299.99999999999272
299.99999999992383
299.99999999935301
299.99999999475926
299.99999995903693
299.99999969243095
299.99999779894517
299.99998513724643
299.99990648609923
299.99946044140796
299.99720273090452
299.98730795128546
299.95129117478342
299.84863159046938
299.63813682238981
300.00000000000028
300.00000000000023
300.00000000000023
300.00000000000023
300.00000000000023
300.00000000000023
300.00000000000023
300.00000000000023
300.00000000000023
300.00000000000017
300.00000000000017
300.00000000000017
300.00000000000017
300.00000000000017
300.00000000000011
300.00000000000017
300.00000000000017
300.00000000000011
300.00000000000017
300.00000000000011
300.00000000000017
300.00000000000017
300.00000000000011
300.00000000000011
300.00000000000017
300.00000000000017
300.00000000000017
300.00000000000017
300.00000000000017
300.00000000000017
300.00000000000023
300.00000000000023
300.00000000000023
300.00000000000028
300.00000000000028
300.00000000000028
300.00000000000034
300.00000000000034
300.0000000000004
300.00000000000045
300.00000000000045
300.00000000000051
300.00000000000051
300.00000000000057
300.00000000000063
300.00000000000068
300.00000000000068
300.00000000000074
300.0000000000008
300.00000000000085
300.00000000000091
300.00000000000097
300.00000000000102
300.00000000000108
300.00000000000114
300.00000000000119
300.00000000000125
300.00000000000136
300.00000000000136
300.00000000000148
300.00000000000153
300.00000000000159
300.00000000000165
300.00000000000159
300.00000000000074
299.99999999999267
299.99999999992377
299.99999999935295
299.99999999475926
299.99999995903715
299.99999969243243
299.99999779895364
299.99998513728957
299.99990648629353
299.99946044216472
299.99720273334344
299.98730795735713
299.9512911851474
299.84863159997025
299.63813682494401
300.00000000000028
300.00000000000028
300.00000000000023
300.00000000000028
300.00000000000023
300.00000000000023
300.00000000000023
300.00000000000023
300.00000000000023
300.00000000000017
300.00000000000017
300.00000000000017
300.00000000000017
300.00000000000017
300.00000000000017
300.00000000000017
300.00000000000017
300.00000000000017
300.00000000000017
300.00000000000017
300.00000000000017
300.00000000000017
300.00000000000017
300.00000000000017
300.00000000000017
300.00000000000017
300.00000000000023
300.00000000000017
300.00000000000023
300.00000000000023
300.00000000000023
300.00000000000023
300.00000000000028
300.00000000000028
300.00000000000034
300.00000000000034
300.0000000000004
300.0000000000004
300.0000000000004
300.00000000000045
300.00000000000051
300.00000000000051
300.00000000000057
300.00000000000057
300.00000000000063
300.00000000000063
300.00000000000068
300.0000000000008
300.0000000000008
300.00000000000085
300.00000000000091
300.00000000000097
300.00000000000102
300.00000000000108
300.00000000000119
300.00000000000119
300.00000000000125
300.00000000000131
300.00000000000142
300.00000000000148
300.00000000000153
300.00000000000159
300.00000000000165
300.00000000000159
300.00000000000068
299.99999999999267
299.99999999992377
299.99999999935295
299.99999999475926
299.99999995903732
299.9999996924339
299.99999779896189
299.99998513733112
299.9999064864806
299.99946044289214
299.99720273568209
299.98730796315704
299.95129119497699
299.84863160882526
299.63813682719194
300.00000000000028
300.00000000000028
300.00000000000028
300.00000000000023
300.00000000000023
300.00000000000023
300.00000000000023
300.00000000000023
300.00000000000023
300.00000000000023
300.00000000000017
300.00000000000017
300.00000000000017
300.00000000000017
300.00000000000017
300.00000000000017
300.00000000000017
300.00000000000017
300.00000000000017
300.00000000000017
300.00000000000017
300.00000000000017
300.00000000000017
300.00000000000017
300.00000000000023
300.00000000000023
300.00000000000023
300.00000000000023
300.00000000000023
300.00000000000028
300.00000000000028
300.00000000000028
300.00000000000028
300.00000000000034
300.00000000000034
300.00000000000034
300.0000000000004
300.0000000000004
300.00000000000045
300.00000000000045
300.00000000000051
300.00000000000057
300.00000000000057
300.00000000000063
300.00000000000068
300.00000000000068
300.00000000000074
300.0000000000008
300.0000000000008
300.00000000000085
300.00000000000097
300.00000000000097
300.00000000000102
300.00000000000108
300.00000000000114
300.00000000000119
300.00000000000125
300.00000000000131
300.00000000000136
300.00000000000148
300.00000000000153
300.00000000000159
300.00000000000165
300.00000000000159
300.00000000000068
299.99999999999261
299.99999999992372
299.99999999935289
299.99999999475926
299.99999995903755
299.99999969243527
299.99999779896984
299.99998513737125
299.99990648666102
299.99946044359257
299.99720273792872
299.9873079687074
299.95129120431579
299.84863161708716
299.6381368291585
300.00000000000028
300.00000000000028
300.00000000000028
300.00000000000028
300.00000000000023
300.00000000000023
300.00000000000023
300.00000000000023
300.00000000000023
300.00000000000023
300.00000000000017
300.00000000000017
300.00000000000017
300.00000000000017
300.00000000000017
300.00000000000017
300.00000000000017
300.00000000000017
300.00000000000017
300.00000000000017
300.00000000000017
300.00000000000017
300.00000000000017
300.00000000000023
300.00000000000023
300.00000000000023
300.00000000000023
300.00000000000023
300.00000000000023
300.00000000000028
300.00000000000028
300.00000000000028
300.00000000000028
300.00000000000034
300.00000000000034
300.0000000000004
300.0000000000004
300.00000000000045
300.00000000000045
300.00000000000051
300.00000000000057
300.00000000000057
300.00000000000057
300.00000000000063
300.00000000000068
300.00000000000074
300.00000000000074
300.0000000000008
300.00000000000085
300.00000000000091
300.00000000000097
300.00000000000097
300.00000000000102
300.00000000000114
300.00000000000114
300.00000000000119
300.00000000000125
300.00000000000136
300.00000000000136
300.00000000000142
300.00000000000148
300.00000000000153
300.00000000000159
300.00000000000159
300.00000000000068
299.99999999999255
299.99999999992372
299.99999999935289
299.99999999475926
299.99999995903772
299.99999969243669
299.99999779897752
299.99998513741014
299.99990648683536
299.99946044426821
299.99720274009087
299.98730797402879
299.95129121320434
299.84863162480497
299.63813683086698
300.00000000000028
300.00000000000028
300.00000000000028
300.00000000000023
300.00000000000023
300.00000000000023
300.00000000000023
300.00000000000023
300.00000000000023
300.00000000000023
300.00000000000023
300.00000000000017
300.00000000000017
300.00000000000017
300.00000000000017
300.00000000000017
300.00000000000017
300.00000000000017
300.00000000000017
300.00000000000017
300.00000000000017
300.00000000000023
300.00000000000023
300.00000000000023
300.00000000000023
300.00000000000023
300.00000000000023
300.00000000000028
300.00000000000028
300.00000000000028
300.00000000000028
300.00000000000034
300.00000000000034
300.0000000000004
300.00000000000034
300.0000000000004
300.0000000000004
300.00000000000045
300.00000000000045
300.00000000000051
300.00000000000057
300.00000000000057
300.00000000000063
300.00000000000068
300.00000000000068
300.00000000000074
300.0000000000008
300.0000000000008
300.00000000000085
300.00000000000091
300.00000000000097
300.00000000000097
300.00000000000108
300.00000000000108
300.00000000000114
300.00000000000125
300.00000000000125
300.00000000000131
300.00000000000136
300.00000000000142
300.00000000000148
300.00000000000153
300.00000000000159
300.00000000000153
300.00000000000063
299.99999999999255
299.99999999992366
299.99999999935289
299.99999999475926
299.99999995903795
299.99999969243794
299.99999779898496
299.99998513744777
299.99990648700413
299.99946044492128
299.99720274217566
299.9873079791405
299.95129122168049
299.84863163202448
299.63813683233911
300.00000000000034
300.00000000000028
300.00000000000028
300.00000000000028
300.00000000000023
300.00000000000023
300.00000000000023
300.00000000000023
300.00000000000023
300.00000000000017
300.00000000000023
300.00000000000023
300.00000000000023
300.00000000000017
300.00000000000023
300.00000000000017
300.00000000000023
300.00000000000023
300.00000000000017
300.00000000000023
300.00000000000023
300.00000000000023
300.00000000000023
300.00000000000023
300.00000000000023
300.00000000000023
300.00000000000028
300.00000000000028
300.00000000000028
300.00000000000028
300.00000000000034
300.00000000000034
300.00000000000034
300.00000000000034
300.0000000000004
300.0000000000004
300.00000000000045
300.00000000000045
300.00000000000051
300.00000000000057
300.00000000000057
300.00000000000063
300.00000000000063
300.00000000000063
300.00000000000068
300.00000000000074
300.0000000000008
300.00000000000085
300.00000000000085
300.00000000000091
300.00000000000097
300.00000000000102
300.00000000000108
300.00000000000114
300.00000000000119
300.00000000000119
300.00000000000125
300.00000000000131
300.00000000000136
300.00000000000142
300.00000000000148
300.00000000000153
300.00000000000159
300.00000000000148
300.00000000000063
299.99999999999255
299.99999999992366
299.99999999935284
299.99999999475926
299.99999995903812
299.99999969243925
299.99999779899218
299.99998513748432
299.99990648716778
299.9994604455535
299.99720274418974
299.98730798406052
299.95129122977977
299.84863163878862
299.6381368335953
300.00000000000034
300.00000000000034
300.00000000000034
300.00000000000028
300.00000000000028
300.00000000000023
300.00000000000023
300.00000000000023
300.00000000000023
300.00000000000023
300.00000000000017
300.00000000000017
300.00000000000017
300.00000000000023
300.00000000000017
300.00000000000023
300.00000000000023
300.00000000000023
300.00000000000023
300.00000000000023
300.00000000000023
300.00000000000023
300.00000000000023
300.00000000000023
300.00000000000023
300.00000000000028
300.00000000000028
300.00000000000028
300.00000000000028
300.00000000000028
300.00000000000034
300.00000000000034
300.00000000000034
300.0000000000004
300.0000000000004
300.00000000000045
300.00000000000045
300.00000000000045
300.00000000000051
300.00000000000057
300.00000000000057
300.00000000000063
300.00000000000068
300.00000000000068
300.00000000000074
300.0000000000008
300.0000000000008
300.00000000000085
300.00000000000085
300.00000000000097
300.00000000000097
300.00000000000102
300.00000000000108
300.00000000000114
300.00000000000119
300.00000000000125
300.00000000000125
300.00000000000131
300.00000000000136
300.00000000000142
300.00000000000148
300.00000000000148
300.00000000000159
300.00000000000148
300.00000000000063
299.9999999999925
299.9999999999236
299.99999999935284
299.99999999475926
299.99999995903829
299.9999996924405
299.99999779899929
299.9999851375199
299.99990648732677
299.99946044616689
299.99720274613929
299.98730798880581
299.95129123753549
299.84863164513757
299.63813683465452
300.00000000000034
300.00000000000034
300.00000000000028
300.00000000000028
300.00000000000023
300.00000000000023
300.00000000000023
300.00000000000023
300.00000000000023
300.00000000000017
300.00000000000023
300.00000000000017
300.00000000000017
300.00000000000017
300.00000000000023
300.00000000000023
300.00000000000023
300.00000000000023
300.00000000000023
300.00000000000023
300.00000000000023
300.00000000000023
300.00000000000028
300.00000000000028
300.00000000000028
300.00000000000028
300.00000000000028
300.00000000000028
300.00000000000028
300.00000000000034
300.0000000000004
300.0000000000004
300.0000000000004
300.0000000000004
300.00000000000045
300.00000000000045
300.00000000000045
300.00000000000051
300.00000000000051
300.00000000000057
300.00000000000057
300.00000000000063
300.00000000000068
300.00000000000068
300.00000000000074
300.00000000000074
300.0000000000008
300.00000000000085
300.00000000000091
300.00000000000097
300.00000000000097
300.00000000000102
300.00000000000108
300.00000000000114
300.00000000000119
300.00000000000119
300.00000000000131
300.00000000000131
300.00000000000136
300.00000000000142
300.00000000000148
300.00000000000148
300.00000000000153
300.00000000000148
300.00000000000057
299.9999999999925
299.9999999999236
299.99999999935278
299.99999999475926
299.99999995903852
299.99999969244175
299.99999779900617
299.99998513755452
299.99990648748155
299.99946044676312
299.99720274803025
299.98730799339228
299.95129124497902
299.84863165110932
299.63813683553485
300.0000000000004
300.00000000000034
300.00000000000034
300.00000000000028
300.00000000000028
300.00000000000023
300.00000000000023
300.00000000000023
300.00000000000023
300.00000000000023
300.00000000000017
300.00000000000023
300.00000000000017
300.00000000000023
300.00000000000023
300.00000000000023
300.00000000000023
300.00000000000023
300.00000000000023
300.00000000000023
300.00000000000023
300.00000000000028
300.00000000000028
300.00000000000028
300.00000000000028
300.00000000000028
300.00000000000028
300.00000000000034
300.00000000000034
300.00000000000034
300.00000000000034
300.0000000000004
300.0000000000004
300.00000000000045
300.00000000000045
300.00000000000045
300.00000000000051
300.00000000000051
300.00000000000051
300.00000000000057
300.00000000000063
300.00000000000068
300.00000000000068
300.00000000000074
300.0000000000008
300.0000000000008
300.0000000000008
300.00000000000085
300.00000000000091
300.00000000000097
300.00000000000102
300.00000000000102
300.00000000000108
300.00000000000114
300.00000000000114
300.00000000000125
300.00000000000125
300.00000000000131
300.00000000000136
300.00000000000142
300.00000000000148
300.00000000000153
300.00000000000153
300.00000000000148
300.00000000000057
299.99999999999244
299.9999999999236
299.99999999935278
299.99999999475932
299.99999995903869
299.99999969244294
299.99999779901293
299.99998513758834
299.99990648763247
299.99946044734378
299.99720274986817
299.98730799783505
299.95129125213992
299.8486316567396
299.63813683625324
300.0000000000004
300.0000000000004
300.00000000000034
300.00000000000028
300.00000000000028
300.00000000000023
300.00000000000023
300.00000000000023
300.00000000000017
300.00000000000017
300.00000000000017
300.00000000000017
300.00000000000017
300.00000000000017
300.00000000000023
300.00000000000023
300.00000000000023
300.00000000000023
300.00000000000023
300.00000000000023
300.00000000000028
300.00000000000023
300.00000000000028
300.00000000000028
300.00000000000028
300.00000000000028
300.00000000000034
300.00000000000034
300.00000000000034
300.00000000000034
300.0000000000004
300.0000000000004
300.0000000000004
300.00000000000045
300.00000000000045
300.00000000000051
300.00000000000051
300.00000000000057
300.00000000000057
300.00000000000057
300.00000000000063
300.00000000000063
300.00000000000068
300.00000000000074
300.00000000000074
300.0000000000008
300.00000000000085
300.00000000000091
300.00000000000091
300.00000000000097
300.00000000000097
300.00000000000102
300.00000000000108
300.00000000000114
300.00000000000114
300.00000000000125
300.00000000000125
300.00000000000131
300.00000000000136
300.00000000000142
300.00000000000142
300.00000000000148
300.00000000000153
300.00000000000148
300.00000000000057
299.9999999999925
299.9999999999236
299.99999999935278
299.99999999475932
299.99999995903886
299.99999969244413
299.99999779901947
299.99998513762142
299.99990648777998
299.99946044791039
299.99720275165834
299.98730800214838
299.9512912590464
299.84863166206247
299.63813683682577
300.00000000000045
300.00000000000045
300.00000000000034
300.00000000000028
300.00000000000023
300.00000000000023
300.00000000000017
300.00000000000017
300.00000000000017
300.00000000000017
300.00000000000017
300.00000000000017
300.00000000000017
300.00000000000023
300.00000000000023
300.00000000000023
300.00000000000023
300.00000000000023
300.00000000000023
300.00000000000023
300.00000000000023
300.00000000000028
300.00000000000028
300.00000000000028
300.00000000000028
300.00000000000028
300.00000000000034
300.00000000000034
300.00000000000034
300.0000000000004
300.0000000000004
300.0000000000004
300.00000000000045
300.00000000000045
300.00000000000045
300.00000000000051
300.00000000000051
300.00000000000057
300.00000000000057
300.00000000000063
300.00000000000063
300.00000000000068
300.00000000000068
300.00000000000074
300.0000000000008
300.0000000000008
300.00000000000085
300.00000000000085
300.00000000000097
300.00000000000097
300.00000000000102
300.00000000000108
300.00000000000108
300.00000000000114
300.00000000000119
300.00000000000119
300.00000000000125
300.00000000000131
300.00000000000136
300.00000000000136
300.00000000000142
300.00000000000148
300.00000000000148
300.00000000000142
300.00000000000057
299.9999999999925
299.99999999992355
299.99999999935272
299.99999999475932
299.99999995903903
299.99999969244533
299.99999779902595
299.99998513765382
299.99990648792436
299.9994604484645
299.99720275340576
299.98730800634587
299.95129126572522
299.84863166711017
299.63813683726778
300.00000000000051
300.0000000000004
300.00000000000034
300.00000000000028
300.00000000000023
300.00000000000017
300.00000000000017
300.00000000000017
300.00000000000017
300.00000000000017
300.00000000000017
300.00000000000017
300.00000000000017
300.00000000000023
300.00000000000023
300.00000000000023
300.00000000000023
300.00000000000023
300.00000000000023
300.00000000000028
300.00000000000023
300.00000000000028
300.00000000000028
300.00000000000028
300.00000000000028
300.00000000000034
300.00000000000034
300.00000000000034
300.0000000000004
300.0000000000004
300.0000000000004
300.0000000000004
300.00000000000045
300.00000000000045
300.00000000000045
300.00000000000051
300.00000000000057
300.00000000000057
300.00000000000063
300.00000000000063
300.00000000000063
300.00000000000068
300.00000000000068
300.00000000000074
300.0000000000008
300.00000000000085
300.00000000000085
300.00000000000091
300.00000000000091
300.00000000000097
300.00000000000102
300.00000000000102
300.00000000000108
300.00000000000114
300.00000000000119
300.00000000000125
300.00000000000125
300.00000000000131
300.00000000000136
300.00000000000136
300.00000000000142
300.00000000000148
300.00000000000153
300.00000000000142
300.00000000000051
299.99999999999244
299.99999999992355
299.99999999935272
299.99999999475932
299.9999999590392
299.99999969244647
299.99999779903231
299.99998513768566
299.99990648806602
299.99946044900747
299.99720275511521
299.98730801044053
299.95129127220179
299.84863167191355
299.63813683759395
299.99999999999989
300.00000000000011
300.00000000000023
300.00000000000023
300.00000000000017
300.00000000000011
300.00000000000011
300.00000000000011
300.00000000000011
300.00000000000017
300.00000000000017
300.00000000000017
300.00000000000023
300.00000000000023
300.00000000000023
300.00000000000023
300.00000000000023
300.00000000000028
300.00000000000023
300.00000000000028
300.00000000000028
300.00000000000028
300.00000000000028
300.00000000000034
300.00000000000028
300.00000000000034
300.00000000000034
300.00000000000034
300.00000000000034
300.0000000000004
300.0000000000004
300.00000000000045
300.00000000000045
300.00000000000045
300.00000000000051
300.00000000000051
300.00000000000051
300.00000000000057
300.00000000000057
300.00000000000063
300.00000000000063
300.00000000000068
300.00000000000074
300.00000000000074
300.0000000000008
300.00000000000085
300.00000000000085
300.00000000000091
300.00000000000097
300.00000000000097
300.00000000000102
300.00000000000108
300.00000000000108
300.00000000000114
300.00000000000119
300.00000000000125
300.00000000000125
300.00000000000131
300.00000000000136
300.00000000000136
300.00000000000142
300.00000000000148
300.00000000000148
300.00000000000142
300.00000000000051
299.99999999999244
299.99999999992355
299.99999999935272
299.99999999475938
299.99999995903943
299.99999969244755
299.99999779903857
299.99998513771698
299.99990648820528
299.99946044954066
299.99720275679124
299.98730801444481
299.95129127850066
299.84863167650224
299.63813683781825
299.99999999999545
299.99999999999807
299.99999999999943
299.99999999999989
300.00000000000006
300.00000000000006
300.00000000000006
300.00000000000011
300.00000000000011
300.00000000000017
300.00000000000017
300.00000000000017
300.00000000000017
300.00000000000023
300.00000000000023
300.00000000000023
300.00000000000023
300.00000000000023
300.00000000000028
300.00000000000028
300.00000000000028
300.00000000000028
300.00000000000028
300.00000000000034
300.00000000000034
300.00000000000034
300.00000000000034
300.00000000000034
300.0000000000004
300.0000000000004
300.0000000000004
300.00000000000045
300.00000000000045
300.00000000000051
300.00000000000051
300.00000000000051
300.00000000000051
300.00000000000057
300.00000000000063
300.00000000000063
300.00000000000068
300.00000000000068
300.00000000000074
300.00000000000074
300.0000000000008
300.0000000000008
300.00000000000085
300.00000000000091
300.00000000000097
300.00000000000097
300.00000000000102
300.00000000000108
300.00000000000108
300.00000000000114
300.00000000000119
300.00000000000119
300.00000000000125
300.00000000000131
300.00000000000136
300.00000000000136
300.00000000000142
300.00000000000142
300.00000000000148
300.00000000000142
300.00000000000051
299.99999999999244
299.99999999992349
299.99999999935272
299.99999999475938
299.9999999590396
299.99999969244868
299.99999779904471
299.99998513774784
299.99990648834245
299.99946045006538
299.99720275843839
299.98730801837064
299.95129128464538
299.84863168090459
299.63813683795422
299.9999999999684
299.99999999998619
299.99999999999545
299.99999999999869
299.9999999999996
299.99999999999989
300
300.00000000000006
300.00000000000011
300.00000000000011
300.00000000000017
300.00000000000017
300.00000000000017
300.00000000000023
300.00000000000023
300.00000000000023
300.00000000000023
300.00000000000028
300.00000000000028
300.00000000000028
300.00000000000028
300.00000000000028
300.00000000000034
300.00000000000028
300.00000000000034
300.00000000000034
300.00000000000034
300.0000000000004
300.0000000000004
300.0000000000004
300.00000000000045
300.00000000000045
300.00000000000045
300.00000000000045
300.00000000000051
300.00000000000057
300.00000000000057
300.00000000000057
300.00000000000063
300.00000000000063
300.00000000000068
300.00000000000068
300.00000000000074
300.0000000000008
300.0000000000008
300.00000000000085
300.00000000000085
300.00000000000091
300.00000000000091
300.00000000000097
300.00000000000102
300.00000000000108
300.00000000000108
300.00000000000114
300.00000000000119
300.00000000000125
300.00000000000125
300.00000000000131
300.00000000000131
300.00000000000136
300.00000000000142
300.00000000000148
300.00000000000148
300.00000000000142
300.00000000000051
299.99999999999238
299.99999999992349
299.99999999935272
299.99999999475938
299.99999995903977
299.99999969244982
299.99999779905085
299.99998513777831
299.99990648847779
299.99946045058289
299.99720276006087
299.98730802222957
299.95129129065873
299.84863168514823
299.63813683801482
299.99999999982629
299.9999999999273
299.99999999997698
299.9999999999938
299.99999999999847
299.99999999999955
299.99999999999989
300
300.00000000000006
300.00000000000011
300.00000000000017
300.00000000000017
300.00000000000023
300.00000000000023
300.00000000000023
300.00000000000023
300.00000000000023
300.00000000000028
300.00000000000028
300.00000000000028
300.00000000000028
300.00000000000028
300.00000000000028
300.00000000000034
300.00000000000034
300.00000000000034
300.0000000000004
300.0000000000004
300.0000000000004
300.0000000000004
300.00000000000045
300.00000000000045
300.00000000000045
300.00000000000051
300.00000000000051
300.00000000000057
300.00000000000057
300.00000000000063
300.00000000000063
300.00000000000068
300.00000000000068
300.00000000000068
300.00000000000074
300.00000000000074
300.0000000000008
300.00000000000085
300.00000000000085
300.00000000000091
300.00000000000097
300.00000000000097
300.00000000000102
300.00000000000108
300.00000000000108
300.00000000000114
300.00000000000119
300.00000000000119
300.00000000000125
300.00000000000131
300.00000000000136
300.00000000000136
300.00000000000142
300.00000000000142
300.00000000000148
300.00000000000142
300.00000000000051
299.99999999999238
299.99999999992349
299.99999999935272
299.99999999475943
299.99999995903994
299.99999969245084
299.99999779905687
299.99998513780849
299.99990648861171
299.99946045109431
299.99720276166283
299.98730802603302
299.95129129656277
299.84863168925972
299.63813683801277
299.99999999919146
299.99999999968009
299.9999999999045
299.99999999997624
299.9999999999946
299.99999999999875
299.99999999999966
299.99999999999994
300.00000000000006
300.00000000000011
300.00000000000017
300.00000000000023
300.00000000000017
300.00000000000023
300.00000000000023
300.00000000000028
300.00000000000028
300.00000000000028
300.00000000000028
300.00000000000028
300.00000000000028
300.00000000000034
300.00000000000034
300.00000000000034
300.00000000000034
300.00000000000034
300.00000000000034
300.0000000000004
300.0000000000004
300.0000000000004
300.00000000000045
300.00000000000045
300.00000000000045
300.00000000000051
300.00000000000051
300.00000000000057
300.00000000000057
300.00000000000057
300.00000000000063
300.00000000000063
300.00000000000068
300.00000000000074
300.00000000000074
300.00000000000074
300.00000000000085
300.00000000000085
300.00000000000085
300.00000000000091
300.00000000000097
300.00000000000097
300.00000000000102
300.00000000000108
300.00000000000114
300.00000000000114
300.00000000000119
300.00000000000119
300.00000000000125
300.00000000000131
300.00000000000136
300.00000000000136
300.00000000000142
300.00000000000148
300.00000000000148
300.00000000000142
300.00000000000051
299.99999999999238
299.99999999992349
299.99999999935272
299.99999999475943
299.99999995904011
299.99999969245198
299.99999779906284
299.99998513783839
299.99990648874444
299.99946045160095
299.99720276324825
299.98730802979179
299.95129130237899
299.84863169326513
299.63813683796042
299.99999999690067
299.9999999988492
299.99999999967696
299.9999999999248
299.99999999998448
299.99999999999693
299.99999999999937
299.99999999999994
300.00000000000006
300.00000000000017
300.00000000000017
300.00000000000017
300.00000000000023
300.00000000000023
300.00000000000023
300.00000000000028
300.00000000000028
300.00000000000028
300.00000000000028
300.00000000000028
300.00000000000028
300.00000000000034
300.00000000000034
300.00000000000034
300.00000000000034
300.0000000000004
300.0000000000004
300.0000000000004
300.0000000000004
300.0000000000004
300.00000000000045
300.00000000000045
300.00000000000045
300.00000000000051
300.00000000000051
300.00000000000057
300.00000000000057
300.00000000000063
300.00000000000063
300.00000000000063
300.00000000000068
300.00000000000074
300.00000000000074
300.0000000000008
300.0000000000008
300.00000000000085
300.00000000000085
300.00000000000091
300.00000000000097
300.00000000000102
300.00000000000102
300.00000000000108
300.00000000000114
300.00000000000114
300.00000000000119
300.00000000000125
300.00000000000125
300.00000000000131
300.00000000000136
300.00000000000136
300.00000000000142
300.00000000000148
300.00000000000148
300.00000000000136
300.00000000000051
299.99999999999238
299.99999999992349
299.99999999935272
299.99999999475949
299.99999995904028
299.99999969245306
299.99999779906881
299.99998513786812
299.99990648887621
299.9994604521039
299.99720276482122
299.98730803351668
299.95129130812859
299.84863169718994
299.63813683786975
299.99999999090818
299.9999999968835
299.99999999918015
299.99999999982055
299.9999999999655
299.99999999999392
299.99999999999898
299.99999999999994
300.00000000000011
300.00000000000017
300.00000000000023
300.00000000000023
300.00000000000028
300.00000000000023
300.00000000000023
300.00000000000028
300.00000000000028
300.00000000000028
300.00000000000028
300.00000000000028
300.00000000000034
300.00000000000034
300.00000000000034
300.00000000000034
300.00000000000034
300.00000000000034
300.0000000000004
300.0000000000004
300.0000000000004
300.00000000000045
300.00000000000045
300.00000000000045
300.00000000000051
300.00000000000051
300.00000000000051
300.00000000000057
300.00000000000057
300.00000000000063
300.00000000000063
300.00000000000068
300.00000000000068
300.00000000000068
300.00000000000074
300.0000000000008
300.00000000000085
300.00000000000085
300.00000000000091
300.00000000000091
300.00000000000097
300.00000000000097
300.00000000000102
300.00000000000108
300.00000000000108
300.00000000000114
300.00000000000119
300.00000000000119
300.00000000000125
300.00000000000131
300.00000000000136
300.00000000000136
300.00000000000142
300.00000000000142
300.00000000000148
300.00000000000142
300.00000000000045
299.99999999999238
299.99999999992349
299.99999999935272
299.99999999475949
299.99999995904051
299.99999969245414
299.99999779907472
299.99998513789768
299.99990648900734
299.99946045260435
299.9972027663855
299.98730803721821
299.95129131383231
299.84863170105922
299.63813683775277
299.99999998277855
299.99999999473386
299.99999999870863
299.99999999973369
299.99999999995219
299.9999999999925
299.99999999999915
300.00000000000011
300.00000000000028
300.00000000000028
300.00000000000028
300.00000000000028
300.00000000000028
300.00000000000028
300.00000000000028
300.00000000000028
300.00000000000028
300.00000000000028
300.00000000000028
300.00000000000028
300.00000000000028
300.00000000000034
300.00000000000034
300.00000000000034
300.00000000000034
300.0000000000004
300.0000000000004
300.0000000000004
300.0000000000004
300.0000000000004
300.00000000000045
300.00000000000045
300.00000000000051
300.00000000000051
300.00000000000051
300.00000000000057
300.00000000000057
300.00000000000063
300.00000000000063
300.00000000000063
300.00000000000068
300.00000000000074
300.00000000000074
300.0000000000008
300.0000000000008
300.00000000000085
300.00000000000085
300.00000000000091
300.00000000000097
300.00000000000097
300.00000000000102
300.00000000000108
300.00000000000114
300.00000000000114
300.00000000000119
300.00000000000125
300.00000000000125
300.00000000000131
300.00000000000136
300.00000000000136
300.00000000000142
300.00000000000142
300.00000000000148
300.00000000000142
300.00000000000051
299.99999999999238
299.99999999992349
299.99999999935272
299.99999999475949
299.99999995904068
299.99999969245516
299.99999779908063
299.99998513792718
299.9999064891382
299.99946045310332
299.99720276794511
299.98730804090678
299.95129131951057
299.84863170489774
299.63813683762118
)
;

boundaryField
{
    hotWall
    {
        type            fixedValue;
        value           nonuniform List<scalar> 0();
    }
    coldWall
    {
        type            fixedValue;
        value           uniform 299.5;
    }
    bottomWall
    {
        type            zeroGradient;
    }
    topWall
    {
        type            zeroGradient;
    }
    front
    {
        type            empty;
    }
    back
    {
        type            empty;
    }
    procBoundary6to4
    {
        type            processor;
        value           nonuniform List<scalar> 
40
(
299.99999999098782
299.99999999692807
299.99999999920124
299.99999999982981
299.99999999996948
299.99999999999568
299.99999999999983
300.00000000000034
300.00000000000034
300.00000000000034
300.00000000000028
300.00000000000028
300.00000000000028
300.00000000000028
300.00000000000028
300.00000000000028
300.00000000000028
300.00000000000028
300.00000000000028
300.00000000000028
300.00000000000034
300.00000000000034
300.00000000000034
300.00000000000034
300.00000000000034
300.00000000000034
300.0000000000004
300.0000000000004
300.0000000000004
300.00000000000045
300.00000000000045
300.00000000000045
300.00000000000045
300.00000000000051
300.00000000000051
300.00000000000057
300.00000000000057
300.00000000000057
300.00000000000063
300.00000000000068
)
;
    }
    procBoundary6to5
    {
        type            processor;
        value           nonuniform List<scalar> 
40
(
300.00000000000068
300.00000000000074
300.00000000000074
300.0000000000008
300.0000000000008
300.00000000000085
300.00000000000091
300.00000000000091
300.00000000000097
300.00000000000097
300.00000000000102
300.00000000000108
300.00000000000108
300.00000000000119
300.00000000000119
300.00000000000125
300.00000000000125
300.00000000000131
300.00000000000136
300.00000000000136
300.00000000000142
300.00000000000148
300.00000000000148
300.00000000000142
300.00000000000045
299.99999999999238
299.99999999992349
299.99999999935272
299.99999999475955
299.99999995904085
299.99999969245624
299.9999977990866
299.99998513795668
299.99990648926894
299.99946045360213
299.9972027695037
299.98730804459291
299.95129132518389
299.84863170873007
299.63813683748657
)
;
    }
    procBoundary6to7
    {
        type            processor;
        value           nonuniform List<scalar> 
41
(
300.00000000000017
300.00000000000017
300.00000000000023
300.00000000000023
300.00000000000028
300.00000000000034
300.00000000000045
300.00000000000045
300.00000000000051
300.00000000000057
300.00000000000068
300.00000000000068
300.0000000000008
300.00000000000085
300.00000000000097
300.00000000000102
300.00000000000114
300.00000000000125
300.00000000000131
300.00000000000142
300.00000000000153
300.00000000000165
300.00000000000171
300.00000000000182
300.00000000000182
300.00000000000097
299.99999999999295
299.99999999992411
299.99999999935324
299.99999999475932
299.99999995903551
299.99999969242066
299.99999779888628
299.99998513694669
299.99990648474255
299.99946043609157
299.99720271362162
299.98730790766973
299.95129109846323
299.84863151637757
299.6381367989589
)
;
    }
    procBoundary6to8
    {
        type            processor;
        value           nonuniform List<scalar> 
40
(
300.00000000000028
300.00000000000023
300.00000000000023
300.00000000000023
300.00000000000017
300.00000000000017
300.00000000000017
300.00000000000017
300.00000000000017
300.00000000000011
300.00000000000011
300.00000000000006
300.00000000000006
300.00000000000006
300.00000000000006
300.00000000000006
300
300
300
300
300
299.99999999999994
299.99999999999994
299.99999999999994
299.99999999999994
299.99999999999994
299.99999999999994
299.99999999999994
299.99999999999994
299.99999999999994
299.99999999999994
299.99999999999994
299.99999999999994
300
300
300
300.00000000000006
300.00000000000006
300.00000000000006
300.00000000000011
)
;
    }
    procBoundary6to9
    {
        type            processor;
        value           nonuniform List<scalar> 
26
(
300.00000000000028
300.00000000000028
300.00000000000028
300.00000000000028
300.00000000000028
300.00000000000028
300.00000000000028
300.00000000000028
300.00000000000028
300.00000000000028
300.00000000000034
300.00000000000028
300.00000000000034
300.00000000000034
300.0000000000004
300.00000000000045
300.00000000000051
300.00000000000045
299.99999999999972
299.99999999999341
299.99999999995356
299.99999999973534
299.99999999870948
299.99999999472999
299.99999998272529
299.99999995673187
)
;
    }
    procBoundary6to10
    {
        type            processor;
        value           uniform 300.00000000000028;
    }
}


// ************************************************************************* //
