#              distance                     U_x                     U_y                     U_z                       T
  6.939740885162004e-18                       0                       0                       0       299.6667407379485
  0.0003906250000000001  -0.0004231058730445432  -1.363539811259986e-06                       0        299.666742222786
  0.0007812500000000002  -0.0008338830281089038  -5.215001960508787e-06                       0       299.6667496469699
            0.001171875   -0.001235827828666929  -1.043091986885503e-05                       0        299.666766937971
              0.0015625   -0.001631884392887386   -1.65564749499328e-05                       0       299.6667908068467
            0.001953125   -0.002013907603570065  -2.362804845424702e-05                       0       299.6668397247523
             0.00234375   -0.002390567667484172  -3.058009183696892e-05                       0       299.6669019223254
            0.002734375   -0.002759183011245421  -3.735284003730246e-05                       0       299.6669840393996
               0.003125   -0.003117443146870978  -4.308520399197632e-05                       0       299.6670988435328
            0.003515625   -0.003470574985089783  -4.812800148370638e-05                       0       299.6672314174487
   0.003906250000000001   -0.003813548841817355  -5.145291736932175e-05                       0       299.6674023834435
            0.004296875   -0.004148900259792946  -5.308586315771494e-05                       0       299.6676060852476
              0.0046875   -0.004479170051934091  -5.359082888129624e-05                       0       299.6678316109402
            0.005078125    -0.00479646170243595  -5.078478006009149e-05  -3.001704058832882e-29       299.6681176770143
   0.005468750000000001   -0.005108347984182375  -4.653099710303534e-05  -4.938873988531364e-29       299.6684301079293
   0.005859374999999999   -0.005412126212795647  -4.010561294220212e-05  -5.279242724522417e-29       299.6687820861057
                0.00625   -0.005704476282719669  -3.068181160702516e-05   -2.67365823586196e-29       299.6691905949052
            0.006640625   -0.005990918640614479  -1.976746559653648e-05                       0       299.6696281947353
             0.00703125   -0.006265158309082015  -5.889358059143368e-06                       0       299.6701256280812
   0.007421875000000001   -0.006529578380956708   1.008962549826339e-05                       0       299.6706700455065
              0.0078125   -0.006787452055102478   2.746919306901301e-05                       0       299.6712457856344
   0.008203125000000002   -0.007027762420810576   4.800323167311061e-05                       0       299.6719027548855
   0.008593750000000001   -0.007260560117492336    6.96106526784276e-05                       0       299.6725931616861
   0.008984374999999999   -0.007482088810634642   9.282814728557454e-05                       0       299.6733337248126
   0.009375000000000001   -0.007687651518216885   0.0001177344225423983                       0       299.6741426491471
            0.009765625   -0.007885016596321088   0.0001433552135654468                       0       299.6749860375449
             0.01015625   -0.008065557142073326   0.0001701452870037125                       0       299.6758989209931
            0.010546875   -0.008232929090469184     0.00019739197258106                       0       299.6768645621451
              0.0109375   -0.008391521973960789     0.00022494306625113                       0       299.6778653750997
            0.011328125   -0.008527451104811241   0.0002525292563186174                       0       299.6789549213688
             0.01171875   -0.008654122364343467   0.0002798390429889981                       0       299.6800802251414
            0.012109375   -0.008766906816898351   0.0003067342245637212                       0       299.6812591651688
                 0.0125   -0.008860997238105947   0.0003325144746662499                       0       299.6825101325305
            0.012890625   -0.008945749951842509   0.0003576056959610292                       0       299.6837972630772
             0.01328125    -0.00901184586704418   0.0003810557334970624                       0       299.6851570190979
            0.013671875   -0.009064138864664908   0.0004029182482732091                       0       299.6865718314841
              0.0140625   -0.009107229917231136   0.0004237224145427431                       0       299.6880233480962
            0.014453125   -0.009127891829551357   0.0004413651019806648                       0       299.6895679466298
             0.01484375   -0.009139908668340149   0.0004575732206375661                       0       299.6911504792303
            0.015234375   -0.009138957896832814   0.0004716294861229872                       0       299.6927899129641
               0.015625   -0.009121541886678268   0.0004825558276732488                       0       299.6945070093291
    0.01601562500000001   -0.009096136130499175   0.0004918727513417435                       0       299.6962634870578
             0.01640625   -0.009055236628869097   0.0004978819274183105                       0       299.6980998276096
            0.016796875    -0.00900353438819884   0.0005013399514486961                       0       299.6999980018088
              0.0171875   -0.008944630321501803   0.0005030972074482967                       0       299.7019373984398
            0.017578125   -0.008869195854482847   0.0005005885350140796                       0        299.703983474978
             0.01796875   -0.008787768813563182   0.0004964073166128835                       0       299.7060737785202
            0.018359375   -0.008697352911792456   0.0004897172792612176                       0       299.7082304225685
                0.01875   -0.008596222621719878   0.0004798229605197348                       0       299.7104786976676
            0.019140625   -0.008490054191732285   0.0004683781572249883                       0       299.7127735554033
             0.01953125   -0.008374447590386597    0.000453935697107004                       0       299.7151631126393
    0.01992187500000001   -0.008252706178642981   0.0004374428343233766                       0        299.717625766401
              0.0203125   -0.008126874893300846   0.0004195830364293252                       0       299.7201371511835
    0.02070312500000001   -0.007992344900198563   0.0003986950733193753                       0       299.7227731758787
             0.02109375   -0.007854918911833167   0.0003767701767789569    1.29454274321173e-28       299.7254598240009
            0.021484375   -0.007713148930572778   0.0003532898800928182   4.530899601235755e-28        299.728222407252
               0.021875   -0.007566687726563239   0.0003281112058479711   2.589085486423736e-28       299.7310868737204
            0.022265625   -0.007418137360255811   0.0003021813046985528  -1.152188851812701e-28       299.7340021783863
             0.02265625   -0.007265921567506041   0.0002749448734895706    -6.9131331108761e-28       299.7370189526271
            0.023046875   -0.007111665771187901   0.0002470270964011806  -7.385186531880394e-28       299.7401106502616
              0.0234375   -0.006956049972490887   0.0002186550887265213  -4.331312727514737e-28       299.7432522968271
    0.02382812500000001   -0.006798112426465209    0.000189640932201055  -1.624242272816247e-28       299.7465153327187
             0.02421875   -0.006639636101787947   0.0001605612548721839                       0       299.7498249233481
            0.024609375   -0.006480351609133243   0.0001313832963381999                       0        299.753204346082
                  0.025   -0.006320688660382942   0.0001024371605508956  -3.409894050247381e-27       299.7566717155132
            0.025390625   -0.006160991948345657   7.369104238643592e-05   -6.73447644860285e-27       299.7601815040451
             0.02578125   -0.006001538639256029   4.551317196666973e-05  -6.307918189143111e-27       299.7637730222831
            0.026171875   -0.005842679714133002   1.798991289247824e-05  -5.896367395302807e-27       299.7674204975435
              0.0265625   -0.005684217044987775  -9.096938617998018e-06  -5.494821578541933e-27       299.7711052774889
            0.026953125   -0.005527346799843682  -3.475709763290602e-05  -5.120153347998669e-27       299.7748735208368
             0.02734375   -0.005371323045482925  -5.973178823305955e-05  -3.671514307254465e-27       299.7786709748571
            0.027734375   -0.005216569027297072  -8.367827621108082e-05  -6.119190512090789e-28       299.7825122448809
               0.028125   -0.005063869903798601  -0.0001060649273254726                       0       299.7864032938853
            0.028515625   -0.004912275678936671  -0.0001276347559976004                       0       299.7903170525972
             0.02890625   -0.004763046153934247   -0.000147497131764311                       0       299.7942718711984
            0.029296875   -0.004615786924742907  -0.0001659988512372483                       0       299.7982510410794
    0.02968750000000001   -0.004469841226092428  -0.0001835934665143423   1.676348941445889e-42       299.8022464451565
            0.030078125   -0.004327453304597065  -0.0001988362920464185   1.250128553567167e-28       299.8062720845311
             0.03046875   -0.004186578377267266  -0.0002131235049475354   1.964084211708668e-28       299.8103059122103
            0.030859375    -0.00404797294118572  -0.0002259772989022093    1.87378052670514e-28       299.8143520223388
                0.03125   -0.003912537253775272  -0.0002369247651308684    9.27859894851638e-29       299.8184072924237
            0.031640625   -0.003778714131543372  -0.0002469281549363711                       0       299.8224655106364
             0.03203125   -0.003648171521355458  -0.0002550615667753147                       0       299.8265263614702
            0.032421875   -0.003520149632326414  -0.0002618406420812435                       0       299.8305848551124
    0.03281249999999999   -0.003393808224070022  -0.0002677168263651686                       0       299.8346417773001
            0.033203125   -0.003271733703471167  -0.0002714460249407708                       0       299.8386885319171
    0.03359375000000001   -0.003151379360123559  -0.0002743705363784314                       0       299.8427291191032
            0.033984375   -0.003033605282652715   -0.000276088017109171                       0       299.8467604551329
               0.034375   -0.002919274728207056  -0.0002763203562442071                       0       299.8507760287938
            0.034765625   -0.002806661283359374  -0.0002758442027195085                       0       299.8547830488468
             0.03515625    -0.00269747275387841  -0.0002740192201515741                       0       299.8587716168371
    0.03554687499999999    -0.00259082397431506  -0.0002712910614755153                       0         299.86274484451
              0.0359375   -0.002485868361363473  -0.0002679607853940429                       0       299.8667078453078
            0.036328125    -0.00238507462621425  -0.0002633118176088956                       0       299.8706435618537
    0.03671875000000001   -0.002285908934058948   -0.000258210687549584                       0       299.8745679587308
    0.03710937500000001   -0.002189185306394538  -0.0002524313140790273                       0       299.8784753761064
    0.03750000000000001     -0.0020956293718789  -0.0002458965461395211                       0       299.8823598344126
    0.03789062500000001   -0.002003631830472219  -0.0002390202077925546                       0       299.8862328388324
             0.03828125   -0.001914700168352469  -0.0002315329822846783                       0       299.8900829867531
            0.038671875   -0.001827982614584507  -0.0002236908672246827                       0       299.8939163348689
              0.0390625   -0.001742741133051107  -0.0002156121591299452                       0       299.8977384831216
    0.03945312500000001   -0.001661034561530071  -0.0002071030457443147                       0       299.9015335645923
    0.03984375000000001   -0.001580675290704909  -0.0001984809413336258                       0        299.905318307315
            0.040234375   -0.001502336970923529  -0.0001896893503853457                       0       299.9090875419108
    0.04062500000000001   -0.001426552111437367  -0.0001807782678869019                       0       299.9128372501345
            0.041015625   -0.001352007046152188  -0.0001718308509780181                       0       299.9165775146441
    0.04140625000000001   -0.001279867697376032  -0.0001628575879775789                       0        299.920299530735
            0.041796875   -0.001209417716340039  -0.0001539250391106406                       0       299.9240088825015
              0.0421875   -0.001140093980464166   -0.000145019632999371                       0       299.9277097913885
            0.042578125   -0.001073388749449522    -0.00013626490360653                       0       299.9313913574511
             0.04296875    -0.00100765030641596  -0.0001275965973687646   1.818931307365519e-30       299.9350659017036
            0.043359375  -0.0009433620453540001  -0.0001190579258636102   6.366259575781026e-30        299.938729913236
                0.04375  -0.0008808434025140517  -0.0001107306440903366   4.149001262443432e-30       299.9423813069901
            0.044140625  -0.0008191680726006449  -0.0001025153603525666   8.944926334807193e-31       299.9460267425245
             0.04453125  -0.0007590963761713843  -9.453667902492803e-05   2.555693238520468e-31       299.9496609629584
            0.044921875  -0.0007001018416420286  -8.674484720025425e-05                       0       299.9532877967159
    0.04531250000000001  -0.0006418254150459462  -7.907758171089064e-05                       0       299.9569097060254
            0.045703125  -0.0005851338047259748  -7.172259434034788e-05                       0       299.9605209555037
             0.04609375  -0.0005289916596109498  -6.448744893070994e-05                       0        299.964128576747
            0.046484375   -0.000473673712303332   -5.74320664624276e-05                       0       299.9677307556331
               0.046875  -0.0004192855026132199  -5.059656006137608e-05                       0       299.9713268989482
    0.04726562500000001  -0.0003653198464876326  -4.386394341217765e-05                       0       299.9749203176571
             0.04765625  -0.0003121146670027462  -3.732300970317376e-05                       0       299.9785088735791
            0.048046875  -0.0002593529414973832  -3.089944500221078e-05                       0       299.9820946297133
              0.0484375  -0.0002068868519783726  -2.455412630660885e-05                       0       299.9856785193257
            0.048828125  -0.0001549484904499316  -1.835352482031373e-05                       0       299.9892591100972
             0.04921875   -0.000103136735924055  -1.218845789886919e-05                       0       299.9928389149987
            0.049609375  -5.151489190202123e-05  -6.076692824700131e-06                       0         299.99641754109
                   0.05   2.262220110969158e-08   1.113049708938783e-08                       0       299.9999956455229
    0.05039062500000001   5.156018255539573e-05   6.098966509841699e-06  -4.148298415621286e-30        300.003573750529
             0.05078125   0.0001031822578332015   1.221079503882437e-05  -2.488979049372709e-29       300.0071523794868
    0.05117187500000001   0.0001549943797159648   1.837595519831207e-05  -4.454689394795662e-29       300.0107321893285
    0.05156250000000001     0.00020693319933537   2.457666977813689e-05  -6.348107165293393e-29       300.0143127864361
    0.05195312500000001   0.0002593999731030877   3.092215532254844e-05  -2.380540186984878e-29       300.0178966856821
             0.05234375    0.000312162472485182    3.73459061184245e-05                       0       300.0214824527791
            0.052734375   0.0003653685602888641   4.388705479150012e-05                       0       300.0250710216711
    0.05312500000000001   0.0004193353015250592   5.061991934086749e-05  -7.981211301743388e-29         300.02866445605
            0.053515625   0.0004737246839493771   5.745568842174425e-05  -1.615942438948004e-28       300.0322606163784
    0.05390625000000001   0.0005290439776937041    6.45113597523711e-05   -1.71444333194523e-28        300.035862815028
    0.05429687500000001   0.0005851875967862948   7.174680764215224e-05     -1.096152305715e-28       300.0394704580971
              0.0546875   0.0006418807661111036   7.910210657137472e-05                       0       300.0430817308026
    0.05507812500000001   0.0007001589591028232   8.676969477217311e-05                       0       300.0467036668647
             0.05546875   0.0007591553406909587   9.456184857609842e-05                       0       300.0503305288109
            0.055859375    0.000819229005173739   0.0001025408507847168                       0       300.0539647795899
                0.05625   0.0008809064595116545   0.0001107564424743732                       0       300.0576102483925
            0.056640625   0.0009434273036557392    0.000119084022624197                       0       300.0612616768698
    0.05703125000000001     0.00100771791716954   0.0001276229671336739                       0       300.0649257260886
            0.057421875    0.001073458821973579   0.0001362915173645684                       0       300.0686003102666
              0.0578125    0.001140166587637791   0.0001450464714097432                       0       300.0722819177539
    0.05820312500000001    0.001209493033561597    0.000153952036246708                       0       300.0759828718012
    0.05859375000000001    0.001279945792126273    0.000162884710131512  -9.565192335417983e-30       300.0796922702335
    0.05898437500000002    0.001352088019652262   0.0001718580475880759  -3.347817317396343e-29       300.0834143352434
    0.05937500000000001    0.001426636093527136   0.0001808054564096921  -4.283818735950522e-29        300.087154651649
            0.059765625    0.001502424025344002    0.000189716485698179  -4.148865470516987e-29        300.090904413221
             0.06015625    0.001580765542580145   0.0001985079254891213  -1.185390134433408e-29       300.0946737041004
            0.060546875    0.001661128101601085   0.0002071297936663918   1.261430498000133e-29       300.0984585052366
    0.06093750000000001    0.001742838021811929   0.0002156386141012194   3.363814661334178e-29       300.1022536465508
            0.061328125     0.00182808299905722   0.0002237168682453896   1.756935160945794e-28       300.1060758580335
             0.06171875    0.001914804106139007   0.0002315584574442406   2.859501144428851e-28        300.109909270673
            0.062109375    0.002003739407975525   0.0002390450492251108   3.485085560917938e-28       300.1137594850445
                 0.0625    0.002095740703035556   0.0002459205955878617   1.805101222107765e-28       300.1176325582742
    0.06289062500000001    0.002189300448189322   0.0002524544890160429                       0       300.1215170865186
             0.06328125    0.002286028000494407   0.0002582328161240533                       0       300.1254245759507
    0.06367187499999999    0.002385197703967614    0.000263332761570019                       0       300.1293490462679
    0.06406250000000002    0.002485995508219651   0.0002679804525746296                       0        300.133284837184
            0.064453125    0.002590955338752178   0.0002713092075861443                       0       300.1372479141877
    0.06484375000000001    0.002697608397774019    0.000274035742760796                       0        300.141221218637
    0.06523437500000001    0.002806801299529654   0.0002758589481801352                       0       300.1452098642341
               0.065625    0.002919419247201581   0.0002763331122156698                       0       300.1492169625705
    0.06601562499999999    0.003033754371902362   0.0002760986761127975                       0       300.1532326147356
             0.06640625    0.003151533158802322   0.0002743788808401051                       0       300.1572640294791
    0.06679687500000001    0.003271892323754075   0.0002714518896509837                       0       300.1613046951502
    0.06718749999999998    0.003393971740740508    0.000267720101184256                       0       300.1653515281209
            0.067578125    0.003520318247367167   0.0002618410517809578                       0       300.1694085276081
    0.06796875000000001    0.003648345322263476   0.0002550590028425109                       0       300.1734670978907
            0.068359375    0.003778893249563946   0.0002469224546013172                       0       300.1775280243393
    0.06875000000000001    0.003912721878355274    0.000236915717815984                       0       300.1815863162824
    0.06914062500000001     0.00404816317081074   0.0002259648018034021                       0       300.1856416590039
             0.06953125    0.004186774416432361   0.0002131073574259852                       0        300.189687839378
    0.06992187500000002    0.004327655317984401   0.0001988163538105268                       0       300.1937217351428
              0.0703125    0.004470049323490027   0.0001835696440363777                       0       300.1977474411684
    0.07070312500000001    0.004616001398668567   0.0001659709323603281                       0       300.2017429077616
             0.07109375    0.004763267127902036   0.0001474650421823103                       0       300.2057221383439
    0.07148437499999999     0.00491250333821799     0.00012759838425134                       0       300.2096770149143
    0.07187499999999999    0.005064104506144891   0.0001060241496569068                       0       300.2135908276799
            0.072265625    0.005216810703458355   8.363303785686863e-05                       0       300.2174819287427
    0.07265625000000001    0.005371572060706662   5.968199389785222e-05                       0       300.2213232467691
    0.07304687500000001    0.005527603355532125     3.4702699729398e-05                       0       300.2251207457102
              0.0734375    0.005684481275409148   9.037905421320828e-06                       0       300.2288890319345
    0.07382812500000001    0.005842951952575434  -1.805361706399863e-05                       0       300.2325738496859
             0.07421875    0.006001819015007214  -4.558154261750871e-05                       0       300.2362213608333
    0.07460937500000001    0.006161280655337063  -7.376407277330994e-05                       0       300.2398129120641
    0.07500000000000001    0.006320985942104718  -0.0001025148020381587                       0        300.243322730018
    0.07539062500000002    0.006480657581609501  -0.0001314655143217929                       0       300.2467901271856
    0.07578125000000002    0.006639950985624361  -0.0001606479595714932                       0       300.2501695744583
            0.076171875    0.006798436363639321  -0.0001897320248052197                       0       300.2534791875712
    0.07656250000000002    0.006956383057654615  -0.0002187505033616358                       0       300.2567422445886
    0.07695312500000001    0.007112008190786175  -0.0002471266158084298                       0       300.2598839094689
    0.07734374999999999    0.007266273371514557  -0.0002750483900691501                       0       300.2629756245729
    0.07773437499999999    0.007418498623637971  -0.0003022886570507618                       0       300.2659924150027
               0.078125    0.007567058491023561  -0.0003282221388099659                       0       300.2689077346831
    0.07851562500000001    0.007713529200205974  -0.0003534042566356727                       0       300.2717722156876
    0.07890625000000001    0.007855308661315306  -0.0003768877039498801                       0       300.2745348128105
    0.07929687499999999    0.007992744054057437  -0.0003988155052212903                       0       300.2772214746134
    0.07968750000000001    0.008127283401222036  -0.0004197062091308674                       0       300.2798575128915
            0.080078125    0.008253123811286596  -0.0004375682987772742                       0       300.2823689114414
    0.08046875000000001    0.008374874211308477  -0.0004540632600687359                       0       300.2848315792087
    0.08085937500000001    0.008490489596266186  -0.0004685075288277692                       0       300.2872211507973
    0.08125000000000002    0.008596666442156647   -0.000479953731664469                       0       300.2895160235741
    0.08164062500000002    0.008697804939562301  -0.0004898492410190647                       0       300.2917643140655
             0.08203125    0.008788228582098916  -0.0004965400423677601                       0       300.2939209743315
    0.08242187500000001    0.008869662937836817  -0.0005007216957714263                       0       300.2960112947341
    0.08281250000000001    0.008945104435708898  -0.0005032305838784067                       0       300.2980573885611
    0.08320312499999999    0.009004014695621782  -0.0005014729874119473                       0       300.2999968035134
    0.08359375000000001     0.00905572274386604  -0.0004980144003563121                       0       300.3018949963987
            0.083984375    0.009096627474607343  -0.0004920043274169151                       0       300.3037313561836
    0.08437500000000001    0.009122037590370786  -0.0004826860678009983                       0       300.3054878537258
    0.08476562500000001    0.009139457502018458  -0.0004717581738585154                       0       300.3072049701477
             0.08515625    0.009140411212180915  -0.0004576999292863059                       0       300.3088444243313
    0.08554687500000001     0.00912839652516511  -0.0004414895256106269  -3.637138947580195e-28       300.3104269775261
    0.08593750000000001    0.009107736240030669  -0.0004238443491993096  -9.699037193538909e-28       300.3119715967351
    0.08632812500000001    0.009064645406515543  -0.0004030372154717299  -9.626894708134739e-28       300.3134231339751
    0.08671875000000001    0.009012352031514967  -0.0003811715574853408  -4.839344769871836e-28       300.3148379668534
    0.08710937500000002    0.008946254844286051    -0.00035771811311073   7.021316347666456e-28        300.316197743184
    0.08750000000000002    0.008861499612113468  -0.0003326231706107641   9.261651783269742e-28       300.3174848935847
    0.08789062499999999    0.008767406039489072  -0.0003068390527533688   7.988623120952988e-28       300.3187358804848
    0.08828125000000001    0.008654617150004226  -0.0002799397315917183   2.282463748840086e-28       300.3199148394193
    0.08867187500000002    0.008527940471925028  -0.0002526256369423494                       0       300.3210401614804
    0.08906249999999999    0.008392005268116377  -0.0002250350266345086  -8.616767071324304e-44       300.3221297256295
    0.08945312499999999    0.008233404667507051  -0.0001974792961961863  -4.967228028371442e-28       300.3231305552788
             0.08984375    0.008066024349772855  -0.0001702279144157469  -7.823412290337927e-28       300.3240962126008
    0.09023437499999999    0.007885474456351363  -0.0001434330556221395  -7.513030902737294e-28       300.3250091114315
    0.09062500000000001    0.007688098754530514  -0.0001178074166994863  -3.725477312612708e-28       300.3258525140989
    0.09101562499999999    0.007482524796588211  -9.289627654830947e-05  -7.968010654186605e-29       300.3266614521211
    0.09140624999999999     0.00726098362256107   -6.96739116121012e-05  -4.780806392512954e-28       300.3274020277926
            0.091796875    0.007028172568417079  -4.806165868545771e-05  -6.167331828142192e-28        300.328092446267
    0.09218750000000002    0.006787848260861575  -2.752281376518754e-05  -5.822204002797794e-28       300.3287494265987
    0.09257812500000001    0.006529959279620862  -1.013857254341651e-05  -2.183326501049136e-28       300.3293251763845
    0.09296875000000002    0.006265523399306378   5.845005613927952e-06                       0       300.3298696029117
    0.09335937500000001    0.005991267170381032   1.972758917463143e-05                       0       300.3303670445412
                0.09375    0.005704807349489953   3.064620522678541e-05                       0       300.3308046516262
    0.09414062500000001    0.005412439392342695   4.007416291038089e-05                       0        300.331213167171
    0.09453125000000001    0.005108642482137098    4.65034546282868e-05                       0       300.3315651511269
    0.09492187500000002    0.004796737007998026   5.076093083509661e-05                       0       300.3318775871815
    0.09531249999999999    0.004479425824569564   5.357053003450417e-05                       0       300.3321636579417
            0.095703125    0.004149135792456135   5.306871934676832e-05                       0       300.3323891873545
    0.09609375000000001    0.003813763908959844   5.143875856293055e-05                       0       300.3325928925435
            0.096484375    0.003470769248389304   4.811657263493973e-05                       0       300.3327638613969
    0.09687499999999999    0.003117616265950368    4.30761480167638e-05                       0       300.3328964375901
    0.09726562500000001    0.002759334841954916   3.734597579900327e-05                       0       300.3330112437293
             0.09765625    0.002390697973601895   3.057505187309103e-05                       0       300.3330933623132
    0.09804687500000001    0.002014016279268391   2.362455459365235e-05                       0       300.3331555610873
    0.09843750000000001    0.001631971367614654   1.655434174519707e-05                       0       300.3332044800015
    0.09882812499999999    0.001235893030727845   1.042967821457431e-05                       0       300.3332283494482
    0.09921875000000002   0.0008339264649702213   5.214466299470365e-06                       0       300.3332456409034
            0.099609375   0.0004231275559063642   1.363431807644977e-06                       0        300.333253065328
                    0.1                       0                       0                       0       300.3332545502142
