/*--------------------------------*- C++ -*----------------------------------*\
  =========                 |
  \\      /  F ield         | OpenFOAM: The Open Source CFD Toolbox
   \\    /   O peration     | Website:  https://openfoam.org
    \\  /    A nd           | Version:  13
     \\/     M anipulation  |
\*---------------------------------------------------------------------------*/
FoamFile
{
    format      ascii;
    class       volScalarField;
    location    "2.9280963393185626";
    object      p;
}
// * * * * * * * * * * * * * * * * * * * * * * * * * * * * * * * * * * * * * //

dimensions      [1 -1 -2 0 0 0 0];

internalField   nonuniform List<scalar> 
2154
(
-0.043683437133713636
-0.043671334851598458
-0.043659285557260764
-0.043647296632031408
-0.043635355732751555
-0.043623431361609399
-0.043611474293407275
-0.043599419444098411
-0.04358718781192545
-0.043574688240785281
-0.043561818900808777
-0.043548468514236417
-0.043534517449915905
-0.04351983885851432
-0.043504300027882477
-0.043487764116468368
-0.043470092386157316
-0.043451147015339468
-0.043430794534850846
-0.043408909895388335
-0.043385381144051154
-0.043360114657320772
-0.043333040841094128
-0.043304120142780497
-0.043273349182012512
-0.043240767301938723
-0.04320646424657567
-0.043170579821644642
-0.043133274373563034
-0.043094837234181928
-0.043055581541842705
-0.043015867204717832
-0.04297610976670746
-0.042936765321757525
-0.042898316880640629
-0.042861258373248459
-0.042826075638372554
-0.042793225320288397
-0.0427631129327797
-0.042736071595341457
-0.04271234318924616
-0.042692063748632519
-0.042675254767612462
-0.042661821721926924
-0.042651560445858723
-0.042644171276038964
-0.042639279916896734
-0.04263646306951753
-0.042635275949417309
-0.042635278116415085
-0.042636054292893945
-0.042637226050157843
-0.042638437606144386
-0.042639296136393938
-0.13171696860584572
-0.13170593548520368
-0.13169498954420616
-0.13168412250909067
-0.13167330756049508
-0.13166250050047995
-0.1316516415384
-0.13164065731150237
-0.13162946282791535
-0.13161796314219654
-0.13160605470751896
-0.13159362646162737
-0.13158056077818583
-0.13156673444822209
-0.1315520198559389
-0.13153628649162377
-0.13151940291356096
-0.13150123923894358
-0.13148167021431911
-0.1314605788892145
-0.13143786088992906
-0.13141342926089769
-0.13138721980412413
-0.13135919678974931
-0.13132935887345606
-0.13129774587998158
-0.13126445116158716
-0.13122963292822701
-0.13119334753067463
-0.13115597544578003
-0.13111778956444475
-0.13107914025592127
-0.13104043070398758
-0.13100210417947625
-0.13096463125192082
-0.13092849400562481
-0.13089416738006454
-0.13086209845677893
-0.13083268490194994
-0.1308062540062282
-0.13078304410192318
-0.13076319019027607
-0.13074671545954861
-0.13073352998388804
-0.13072343722465801
-0.13071614818233021
-0.13071130210904325
-0.13070849181414412
-0.13070729068030784
-0.13070727784471975
-0.13070806048002723
-0.13070929962326439
-0.13071072211028079
-0.13071194321398069
-0.21975097391940385
-0.21974103150209637
-0.21973121294207146
-0.21972149440960639
-0.21971183471486361
-0.21970217716744098
-0.21969245180088251
-0.21968257758917933
-0.2196724643869217
-0.21966201446231171
-0.21965112362381328
-0.21963968204011572
-0.21962757490884433
-0.2196146831460383
-0.21960088425771884
-0.21958605353048202
-0.21957006565033479
-0.21955279683341256
-0.21953412752962995
-0.21951394573845937
-0.21949215095065613
-0.21946865869372278
-0.21944340561483647
-0.21941635504668824
-0.21938750307284963
-0.21935688383217902
-0.21932456625873106
-0.21929064513923413
-0.21925543910235643
-0.21921905643615497
-0.21918181144666854
-0.21914405893492078
-0.21910619631153971
-0.21906866022790322
-0.21903191577499626
-0.21899644128302137
-0.21896270997484946
-0.21893116935406312
-0.2189022194698135
-0.21887619165123301
-0.21885332947913322
-0.21883377387945888
-0.21881755411659176
-0.21880458607557243
-0.21879467854546397
-0.2187875474016549
-0.21878283663819179
-0.21878014431503964
-0.2187790504500555
-0.2187791431027695
-0.21878004406940479
-0.21878145221401202
-0.21878317834439603
-0.21878481176837877
-0.30778612402248656
-0.30777729710118018
-0.307768634049644
-0.30776009695123102
-0.30775163160582092
-0.30774317007006607
-0.30773463331892476
-0.30772593365111978
-0.30771697660187314
-0.30770766228448043
-0.30769788621808852
-0.30768753978958796
-0.30767651053908596
-0.30766468246114131
-0.30765193649370509
-0.30763815133822137
-0.30762320472695565
-0.30760697523037184
-0.30758934467707083
-0.30757020123790402
-0.30754944320082844
-0.30752698342526108
-0.30750275442110514
-0.30747671399352883
-0.30744885132746813
-0.30741919239318577
-0.30738780242726377
-0.30735479533493565
-0.30732037225546965
-0.30728473788029975
-0.30724817696993623
-0.30721103150991791
-0.3071736942153856
-0.30713660066770671
-0.30710021804513876
-0.30706503009531111
-0.30703151880887419
-0.30700014353898619
-0.30697131869982242
-0.30694539158738815
-0.30692262215905852
-0.30690316676334622
-0.30688706774725694
-0.30687425052600409
-0.30686452903754152
-0.30685761966731412
-0.30685316274718188
-0.3068507497700122
-0.30684995319400443
-0.30685035467086069
-0.30685157473602076
-0.30685332985334302
-0.3068554788562719
-0.30685755348245231
-0.39582258723202562
-0.39581490039178563
-0.39580741556283722
-0.39580008299579589
-0.39579283795526332
-0.39578560377514294
-0.39577829479118082
-0.39577081878177739
-0.3957630787205535
-0.3957549738183041
-0.39574639996843691
-0.3957372497909365
-0.39572741249822529
-0.3957167737972026
-0.39570521601349251
-0.39569261859142824
-0.39567885909450262
-0.39566381480555102
-0.39564736500390263
-0.3956293939735212
-0.39560979477205133
-0.39558847374868533
-0.39556535574805396
-0.39554038987922113
-0.39551355561651552
-0.39548486875779815
-0.39545438768937541
-0.39542222034319457
-0.39538853234836813
-0.39535354077825546
-0.39531752252765828
-0.39528081279106392
-0.3952438013383236
-0.39520692476073072
-0.39517065538275764
-0.39513548649967339
-0.39510191412005236
-0.39507041582031382
-0.3950414277691931
-0.39501532141659712
-0.39499238171066536
-0.39497278893690319
-0.39495660628577162
-0.3949437749868871
-0.39493411822859242
-0.39492735424008041
-0.39492311788914353
-0.39492098906330031
-0.39492052455478421
-0.39492128880542776
-0.39492288725333818
-0.39492503253030425
-0.3949275962331944
-0.39493004835660678
-0.48386049722478303
-0.48385397005447922
-0.48384767868243184
-0.48384156447866988
-0.48383555539591522
-0.48382956926747384
-0.4838235167498226
-0.48381730357633457
-0.48381083198287173
-0.48380400134525581
-0.48379670819710852
-0.48378884586314219
-0.48378030395691268
-0.48377096797230285
-0.48376071916203794
-0.48374943486008748
-0.48373698937412152
-0.48372325554096418
-0.48370810701593475
-0.48369142134091248
-0.48367308380605328
-0.48365299208624302
-0.48363106158098845
-0.48360723132823197
-0.48358147024620207
-0.48355378365913398
-0.48352421895955067
-0.48349287319857553
-0.4834598986430344
-0.48342550404417428
-0.48338995876520302
-0.48335359225455621
-0.48331679117510823
-0.4832799927834881
-0.48324367462992834
-0.48320834038040789
-0.48317450187207378
-0.48314265789138189
-0.48311327062153336
-0.48308674117927597
-0.48306338609691513
-0.48304341692691743
-0.48302692526181651
-0.48301387529452228
-0.48300410550006811
-0.48299734018781043
-0.48299321061164724
-0.48299128409160852
-0.48299109776513444
-0.48299219188118692
-0.48299414648353867
-0.48299665381079582
-0.48299957341150351
-0.48300232007482236
-0.5718999387571051
-0.57189458394557113
-0.57188949375939779
-0.57188460399929186
-0.57187983873762294
-0.57187511354004616
-0.57187033813879296
-0.57186541828832238
-0.57186025673601426
-0.57185475341140024
-0.57184880504816915
-0.57184230449986506
-0.5718351400083288
-0.57182719465468357
-0.57181834617819438
-0.57180846730969603
-0.57179742672686062
-0.57178509071149808
-0.57177132555811816
-0.57175600076082589
-0.57173899297364283
-0.57172019068582436
-0.57169949960508359
-0.57167684887976222
-0.57165219738947626
-0.57162554063445759
-0.57159691237254373
-0.57156639866818804
-0.57153413967673583
-0.5715003333387928
-0.57146523915452929
-0.57142917860795994
-0.57139253305439208
-0.57135573821920982
-0.57131927495750989
-0.5712836559833383
-0.57124940855310724
-0.57121705344803431
-0.57118708105146743
-0.57115992582673047
-0.5711359410077278
-0.5711153757352585
-0.57109835711207957
-0.57108487960746024
-0.5710748038120157
-0.57106786573718116
-0.57106369677331326
-0.57106185302800938
-0.57106185064661752
-0.57106320166913083
-0.57106545409735576
-0.57106826942481459
-0.57107148133862273
-0.57107445630213083
-0.65994092411209171
-0.65993674719618955
-0.65993285875458185
-0.65992919220900215
-0.65992567084686427
-0.659922210664312
-0.65991872253738171
-0.65991511353806198
-0.65991128740512761
-0.65990714432824826
-0.65990258028876003
-0.65989748622292466
-0.6598917472558482
-0.65988524221255063
-0.65987784356973733
-0.65986941796582221
-0.65985982734894755
-0.65984893081207707
-0.65983658714034699
-0.65982265808409413
-0.65980701233271755
-0.65978953001424556
-0.65977010773245415
-0.65974866590969672
-0.65972515753339378
-0.65969956184613876
-0.65967190357847805
-0.65964225547776267
-0.65961074441099987
-0.65957755540272833
-0.65954293533773867
-0.65950719442815686
-0.6594707051818367
-0.65943389817705955
-0.65939725413386441
-0.65936129186722192
-0.65932655194285139
-0.6592935761959472
-0.65926288372247577
-0.65923494448929443
-0.6592101522828
-0.65918879924583318
-0.65917105463212666
-0.65915695052237511
-0.65914637696748812
-0.65913908827989498
-0.65913472111820415
-0.65913282347355806
-0.65913289125861418
-0.65913440679427981
-0.65913688264343584
-0.65913994461755121
-0.65914339531927257
-0.65914655674374589
-0.74798339892966104
-0.74798039817414896
-0.74797770468227576
-0.74797525215240201
-0.74797296546400505
-0.74797076290902687
-0.74796855771793747
-0.74796625879236711
-0.74796377072418385
-0.74796099329635812
-0.74795782071217243
-0.74795414080048872
-0.74794983441080432
-0.74794477516482505
-0.7479388296848789
-0.74793185837760601
-0.74792371681722014
-0.74791425774567266
-0.74790333369212658
-0.74789080022514753
-0.74787651984371895
-0.74786036605818718
-0.74784222626201202
-0.74782200909952323
-0.74779967998730967
-0.74777518902512163
-0.74774855021302089
-0.74771982391103398
-0.74768912249865371
-0.74765661539166883
-0.74762253351770147
-0.74758717188429247
-0.74755088981363427
-0.74751410818157549
-0.7474773030505012
-0.74744099515340234
-0.74740573487369633
-0.74737208267186184
-0.74734058534536962
-0.74731174906123787
-0.74728601073252188
-0.74726370994847957
-0.74724506420329784
-0.74723015046439323
-0.74721889603564529
-0.74721108104847955
-0.74720635387330037
-0.74720425910343047
-0.74720427505766707
-0.74720585494705305
-0.74720847501096055
-0.74721172415017267
-0.74721537385430548
-0.74721870164487003
-0.83602725168861713
-0.8360254175614088
-0.83602390398990389
-0.836022646831729
-0.83602157407114519
-0.83602060730422134
-0.83601966257958882
-0.8360186505962145
-0.83601747638951329
-0.83601603871203289
-0.83601422933383784
-0.83601193246610817
-0.83600902446823278
-0.83600537395058949
-0.8360008423422205
-0.83599528495863606
-0.83598855258017957
-0.83598049353497406
-0.8359709562757377
-0.83595979246056018
-0.83594686059311263
-0.83593202962670521
-0.83591517717232966
-0.83589618256789411
-0.835875091450339
-0.8358517560532327
-0.83582619838497318
-0.83579846846583949
-0.83576866212324175
-0.83573693007465766
-0.83570348366532066
-0.83566859852202857
-0.83563261611885742
-0.83559594260851278
-0.83555904421821159
-0.83552243853677111
-0.83548668115757196
-0.83545234740502283
-0.83542000927847082
-0.83539020829982102
-0.83536342562612143
-0.83534005152576984
-0.83532035701120633
-0.83530447092298998
-0.83529236590326883
-0.83528385627750623
-0.83527860989888147
-0.8352761743357443
-0.83527601477378932
-0.83527755776231105
-0.83528024412610979
-0.83528362663258271
-0.83528744775244435
-0.83529093703525148
-0.92407232187090216
-0.92407163625280653
-0.92407127818091117
-0.92407118673772215
-0.92407129372799668
-0.92407152438302542
-0.92407179756258262
-0.92407202552873957
-0.92407211344874651
-0.92407195881725157
-0.9240714509772282
-0.92407047088118
-0.92406889118735913
-0.92406657674252513
-0.92406338546965527
-0.92405916965765289
-0.92405377763980745
-0.92404705584932956
-0.92403885125543039
-0.9240290141775136
-0.92401740137346233
-0.92400387991076893
-0.92398833744872522
-0.92397069916845376
-0.92395077399103631
-0.92392862398596243
-0.92390421411337587
-0.92387756680820043
-0.92384875636785635
-0.92381791169488581
-0.92378522115874229
-0.92375093705763189
-0.92371537848796859
-0.9236789318286599
-0.9236420480361649
-0.92360523595206157
-0.9235690509143154
-0.92353407817363597
-0.92350091097787823
-0.92347012371850656
-0.92344224122842344
-0.92341770613744911
-0.92339684703663183
-0.92337985092322727
-0.92336674380135253
-0.92335738317802052
-0.9233514653720768
-0.92334854893097795
-0.92334809216617963
-0.92334949909641928
-0.92335217736025688
-0.92335564518957702
-0.92335961820266987
-0.92336327204335433
-1.0121184084963692
-1.0121188440266831
-1.0121196068263438
-1.0121206395566116
-1.012121877958186
-1.012123250819621
-1.0121246796406136
-1.0121260781142367
-1.0121273515855034
-1.0121283966376138
-1.0121291009225051
-1.012129343305803
-1.012128994352451
-1.0121279171465789
-1.0121259684203547
-1.0121229999606627
-1.0121188602678417
-1.0121133964559308
-1.0121064564017692
-1.0120978911437213
-1.0120875575225405
-1.012075321506346
-1.0120610637552536
-1.0120446822531985
-1.0120260667118308
-1.0120051800586383
-1.0119819952579678
-1.0119565220095854
-1.01192881459729
-1.0118989785612951
-1.0118671767638876
-1.0118336348817949
-1.0117986456171983
-1.0117625708612041
-1.0117258409612195
-1.0116889502003525
-1.0116524476282285
-1.0116169225292062
-1.0115829841149107
-1.0115512355156748
-1.0115222428335406
-1.0114965008875185
-1.0114743982558034
-1.0114561851550714
-1.0114419483842207
-1.0114315977624575
-1.0114248679220585
-1.0114213378156729
-1.0114204668272815
-1.0114216421651303
-1.011424241623881
-1.0114277507601133
-1.0114318596318368
-1.0114356828890141
-1.100165279612513
-1.1001667995457578
-1.1001686383719735
-1.1001707421547657
-1.1001730503171712
-1.1001754949678813
-1.1001780001431685
-1.1001804811157037
-1.1001828439070902
-1.1001849851015864
-1.1001867920072868
-1.1001881431628022
-1.1001889091522814
-1.100188953673426
-1.1001881348008287
-1.1001863063973019
-1.10018331964549
-1.1001790246978445
-1.1001732724657987
-1.1001659165767186
-1.1001568155585553
-1.1001458354649565
-1.1001328530833492
-1.1001177584769453
-1.1001004551996323
-1.1000808774785917
-1.1000589852960769
-1.1000347720472441
-1.1000082713269239
-1.0999795642481451
-1.0999487864025579
-1.0999161343527704
-1.0998818711306213
-1.0998463300327739
-1.0998099158582819
-1.0997731026345976
-1.0997364268481329
-1.0997004752716459
-1.0996658667083097
-1.0996332273956613
-1.0996031604644412
-1.099576210731791
-1.0995528271774933
-1.0995333265810601
-1.099517862775101
-1.0995064065405493
-1.099498740975196
-1.0994944758584271
-1.0994930810181029
-1.0994939340455248
-1.0994963873206882
-1.0994998957840882
-1.0995041242504151
-1.0995081193252929
-1.1882126823901815
-1.1882152411493923
-1.1882181018936719
-1.188221213569757
-1.1882245188526446
-1.188227952941953
-1.1882314424883382
-1.1882349048104237
-1.1882382475060325
-1.1882413684958901
-1.1882441564771939
-1.1882464917198612
-1.1882482471152336
-1.1882492893849042
-1.1882494803715724
-1.1882486783588619
-1.1882467393980953
-1.1882435186529989
-1.1882388718028214
-1.1882326565644461
-1.1882247344003276
-1.1882149724657154
-1.1882032460146863
-1.1881894424420436
-1.1881734613409467
-1.1881552247494678
-1.1881346784706937
-1.1881117983459415
-1.1880865967408205
-1.1880591297939702
-1.1880295048457894
-1.1879978877262005
-1.1879645093907039
-1.1879296712275362
-1.1878937481891705
-1.1878571887603486
-1.1878205106866762
-1.1877842913922014
-1.1877491521603014
-1.1877157354942709
-1.1876846756621955
-1.1876565632942706
-1.1876319060227687
-1.1876110884403219
-1.1875943359043677
-1.1875816876622469
-1.187572985049822
-1.1875678794949589
-1.1875658616451672
-1.1875663079465002
-1.1875685509123275
-1.1875720173402533
-1.1875763465317271
-1.1875805109869582
-1.2762603532342758
-1.2762638976126854
-1.2762677186744638
-1.2762717675360018
-1.2762759896356684
-1.2762803231098623
-1.2762846974827455
-1.2762890328290577
-1.2762932394774409
-1.276297218236639
-1.2763008610617084
-1.2763040520395521
-1.2763066685631992
-1.2763085825774396
-1.27630966180732
-1.2763097709179785
-1.2763087725935029
-1.2763065285597892
-1.2763029006096009
-1.2762977517147258
-1.2762909473017883
-1.2762823566715038
-1.2762718548049514
-1.2762593274454734
-1.2762446685824069
-1.2762277907868746
-1.2762086268860013
-1.2761871358354235
-1.2761633091968347
-1.2761371783663424
-1.2761088222875392
-1.2760783753386016
-1.2760460349192586
-1.2760120680988949
-1.2759768165043204
-1.2759406984514012
-1.2759042071853615
-1.2758679040296015
-1.2758324053039158
-1.2757983621218987
-1.2757664326787628
-1.2757372474476893
-1.2757113688311217
-1.2756892482052253
-1.2756711847846671
-1.275657292051593
-1.2756474782779661
-1.2756414470853175
-1.2756387207846605
-1.2756386841299345
-1.2756406564294449
-1.2756440395173252
-1.2756484468861116
-1.2756527725273452
-1.3643080273416679
-1.3643124981246886
-1.3643172126586112
-1.36432212341611
-1.3643271780967807
-1.3643323176792224
-1.3643374749232273
-1.3643425734777881
-1.3643475276308012
-1.3643522426373695
-1.3643566154969777
-1.3643605360193032
-1.3643638880204041
-1.3643665505170737
-1.3643683988273898
-1.3643693055310981
-1.3643691412879804
-1.3643677755517187
-1.3643650772485876
-1.3643609155104268
-1.3643551605820818
-1.3643476851730683
-1.3643383662791468
-1.3643270836126584
-1.3643137311720028
-1.3642982125862395
-1.3642804488014471
-1.3642603831670423
-1.3642379876042694
-1.3642132697397524
-1.3641862807664946
-1.3641571237522077
-1.364125961979745
-1.3640930267363189
-1.3640586237740902
-1.364023137463972
-1.3639870314810905
-1.3639508447314881
-1.3639151812069947
-1.3638806926047651
-1.3638480529454455
-1.3638179251430929
-1.3637909205683005
-1.3637675540874468
-1.363748198731876
-1.3637330458076098
-1.3637220775400292
-1.3637150593446628
-1.3637115559156572
-1.3637109703608434
-1.3637126164608151
-1.3637158752029468
-1.3637203344693651
-1.3637248074025674
-1.4523554472876783
-1.4523607809845493
-1.4523663192150402
-1.4523720149428792
-1.4523778176053772
-1.4523836709238946
-1.4523895112446907
-1.4523952665657334
-1.4524008562645294
-1.4524061914331254
-1.4524111756593785
-1.4524157060690293
-1.4524196744540043
-1.4524229683475804
-1.4524254719549723
-1.4524270668987196
-1.4524276327853447
-1.4524270476392103
-1.4524251882783763
-1.4524219307260873
-1.4524171507934216
-1.4524107250424414
-1.4524025319771914
-1.4523924527345329
-1.4523803761943563
-1.4523661999129951
-1.4523498349149346
-1.4523312106997524
-1.452310281235909
-1.452287031951103
-1.4522614876122975
-1.4522337208861422
-1.4522038612346968
-1.4521721036311677
-1.4521387163788921
-1.4521040470962268
-1.4520685257103643
-1.4520326631180449
-1.4519970440696586
-1.4519623128826658
-1.4519291508735017
-1.451898245003997
-1.4518702482455861
-1.4518457335979111
-1.451825145485554
-1.4518087542000173
-1.4517966208045701
-1.4517885805777606
-1.451784250604973
-1.4517830625346313
-1.4517843331054747
-1.4517874276112896
-1.4517919093867446
-1.4517965106380499
-1.5404023704333771
-1.5404085008218509
-1.5404147920592235
-1.5404211967046346
-1.5404276653572027
-1.5404341442986025
-1.5404405736874671
-1.5404468864684091
-1.5404530080038228
-1.5404588563205539
-1.540464342795514
-1.5404693730830072
-1.5404738481024824
-1.5404776649456409
-1.540480717613693
-1.5404828975485081
-1.5404840939690032
-1.5404841940623237
-1.5404830831060954
-1.5404806446179857
-1.5404767606630032
-1.5404713124637455
-1.5404641812819304
-1.5404552496079618
-1.5404444038606731
-1.5404315367665042
-1.5404165511836569
-1.5403993647198104
-1.5403799154212052
-1.5403581685256131
-1.54033412423603
-1.5403078263727028
-1.5402793716313892
-1.5402489190071091
-1.5402166987395276
-1.5401830199023627
-1.5401482755120757
-1.5401129437985699
-1.5400775841083212
-1.5400428258635943
-1.5400093491664939
-1.5399778561149466
-1.5399490327901659
-1.539923503246948
-1.5399017786719071
-1.5398842070330589
-1.5398709307155167
-1.5398618609477179
-1.5398566759727668
-1.5398548458282073
-1.5398556991993302
-1.5398585918253236
-1.5398630646111018
-1.5398677710203854
-1.6284485751375151
-1.628455434408929
-1.6284624085130746
-1.6284694486946449
-1.6284765060587085
-1.6284835291179727
-1.6284904618567102
-1.6284972424897703
-1.6285038029325269
-1.6285100688762701
-1.6285159602935189
-1.6285213921763459
-1.6285262753276566
-1.6285305170666187
-1.6285340217615456
-1.6285366911562049
-1.6285384245018959
-1.6285391185439131
-1.6285386674361821
-1.6285369626775754
-1.6285338931880315
-1.628529345638277
-1.628523205077276
-1.6285153560004038
-1.6285056842383119
-1.6284940793140963
-1.6284804377823041
-1.6284646674495287
-1.6284466926815888
-1.6284264608327765
-1.6284039498008811
-1.6283791766253337
-1.6283522069269709
-1.6283231648267926
-1.6282922427799373
-1.6282597105217713
-1.6282259220564257
-1.6281913193479449
-1.6281564311407577
-1.6281218652008598
-1.6280882923179947
-1.6280564207507542
-1.6280269605497293
-1.6280005784589466
-1.6279778459091432
-1.6279591849098325
-1.6279448191719028
-1.6279347396943105
-1.6279286929703856
-1.627926196471553
-1.6279265999448294
-1.6279292565153265
-1.6279336878554089
-1.6279384730696242
-1.7164938658696938
-1.7165013852813797
-1.7165089734597789
-1.7165165794380868
-1.7165241540859772
-1.7165316476392203
-1.7165390076602951
-1.7165461776310542
-1.7165530962138253
-1.716559697092827
-1.7165659092343786
-1.7165716573799494
-1.7165768626000228
-1.7165814427752015
-1.7165853129204676
-1.7165883853185764
-1.7165905694724197
-1.7165917719204355
-1.7165918959827602
-1.7165908415236459
-1.7165885048336225
-1.7165847787334525
-1.7165795529716366
-1.7165727150486365
-1.7165641516703749
-1.7165537508103517
-1.7165414046222229
-1.7165270132536119
-1.7165104897329533
-1.716491766011133
-1.7164708002048217
-1.7164475850145904
-1.7164221571826206
-1.7163946077061742
-1.7163650923268574
-1.7163338415771181
-1.7163011693873838
-1.7162674789591685
-1.7162332643255502
-1.7161991058066957
-1.7161656575076181
-1.7161336252089943
-1.7161037336012863
-1.7160766829360117
-1.7160530969017149
-1.7160334658798861
-1.7160180925287498
-1.716007049062289
-1.7160001553348956
-1.7159969840795786
-1.7159969149401979
-1.715999305886184
-1.7160036635270792
-1.7160084990003688
-1.8045380773373778
-1.8045461874029378
-1.8045543223683593
-1.8045624282164463
-1.8045704547796328
-1.8045783533376027
-1.804586074518949
-1.8045935667341817
-1.8046007752065898
-1.8046076415421106
-1.8046141037021379
-1.8046200962132737
-1.804625550455959
-1.8046303949065392
-1.8046345552515466
-1.8046379543387145
-1.8046405119696249
-1.8046421445705945
-1.8046427648008558
-1.8046422811730707
-1.80464059777519
-1.804637614185731
-1.8046332256620967
-1.8046273237175439
-1.8046197972399631
-1.8046105342166003
-1.804599424241637
-1.8045863619103266
-1.8045712512629186
-1.8045540113934768
-1.8045345833088873
-1.8045129380616138
-1.8044890860832781
-1.804463087510372
-1.8044350631081636
-1.804405205163975
-1.80437378743957
-1.8043411729554002
-1.8043078180560159
-1.8042742709254631
-1.8042411625616244
-1.804209188289094
-1.8041790783298535
-1.8041515569096691
-1.8041272909841939
-1.8041068319953173
-1.8040905570347012
-1.8040786186466529
-1.8040709130119141
-1.8040670744066882
-1.8040665205298914
-1.80406862183021
-1.8040728747964019
-1.8040777307504261
-1.8925810776771392
-1.8925897080278544
-1.8925983236561219
-1.8926068667757863
-1.8926152853742573
-1.8926235309702966
-1.8926315565194101
-1.8926393147194809
-1.8926467568184
-1.8926538319022623
-1.8926604865621313
-1.8926666648007495
-1.892672308040372
-1.8926773551173592
-1.8926817421862365
-1.8926854024958399
-1.8926882660362534
-1.8926902590841392
-1.8926913036948982
-1.8926913172053088
-1.8926902118229312
-1.8926878943829699
-1.8926842663455161
-1.8926792241439991
-1.8926726600162813
-1.8926644633950396
-1.8926545230334972
-1.8926427299781736
-1.8926289815591464
-1.8926131865372957
-1.8925952715257586
-1.8925751887531335
-1.8925529251533171
-1.8925285126429496
-1.8925020392775411
-1.8924736607495003
-1.8924436114123999
-1.8924122136885764
-1.8923798843646966
-1.8923471359447555
-1.8923145709831486
-1.8922828672672523
-1.8922527520007113
-1.8922249639194204
-1.8922002037151693
-1.8921790753822365
-1.8921620241500203
-1.8921492798600035
-1.8921408158184028
-1.8921363323578515
-1.8921352923640611
-1.8921370862192541
-1.8921412057490397
-1.8921460520686302
-1.9806227706607942
-1.9806318497764583
-1.9806408804819873
-1.9806498006943161
-1.9806585558175795
-1.9806670967543787
-1.9806753778922668
-1.980683355337969
-1.9806909855363892
-1.9806982242942406
-1.9807050261458459
-1.9807113439553601
-1.9807171286403902
-1.9807223289169513
-1.9807268909941824
-1.9807307581802729
-1.9807338703921389
-1.9807361635870762
-1.9807375691535052
-1.9807380133120303
-1.9807374165917642
-1.9807356934553462
-1.980732752134148
-1.980728494757843
-1.9807228179158596
-1.9807156137562103
-1.9807067717504598
-1.9806961812498001
-1.980683735022255
-1.9806693339247639
-1.9806528928515852
-1.9806343480646209
-1.9806136659419731
-1.9805908530708947
-1.9805659674554759
-1.9805391303955016
-1.9805105383189867
-1.9804804735216666
-1.9804493123948113
-1.9804175293451141
-1.9803856942897085
-1.9803544614449016
-1.9803245472584408
-1.9802966959346637
-1.9802716322586917
-1.9802500035280866
-1.9802323154449522
-1.9802188702528338
-1.9802097171243136
-1.9802046250864953
-1.9802031080438725
-1.9802045832496225
-1.980208543558875
-1.9802133506062487
-2.0686630967779016
-2.0686725518039055
-2.0686819318825096
-2.0686911703617632
-2.0687002094766931
-2.0687089987001555
-2.0687174928952041
-2.0687256505516491
-2.0687334322745814
-2.0687407995852443
-2.0687477140134107
-2.0687541364117159
-2.0687600264043122
-2.0687653418872038
-2.068770038516885
-2.0687740691493071
-2.0687773832167378
-2.0687799260520898
-2.0687816381865041
-2.0687824546583879
-2.0687823043912115
-2.0687811097141267
-2.0687787860576363
-2.0687752418580647
-2.0687703788919301
-2.0687640931131117
-2.0687562760847453
-2.0687468171333498
-2.0687356064409377
-2.068722539240802
-2.0687075212734691
-2.0686904756398516
-2.0686713511327857
-2.0686501320328787
-2.06862684921194
-2.068601592191003
-2.068574521534627
-2.068545880637648
-2.0685160055787408
-2.0684853313059541
-2.0684543920383511
-2.0684238135064601
-2.0683942946466063
-2.0683665767864539
-2.0683413994180495
-2.0683194435811298
-2.0683012668476066
-2.0682872374614667
-2.0682774773545649
-2.0682718250191732
-2.0682698497305991
-2.0682710017470471
-2.068274780603915
-2.0682795199374611
-2.1567020330184632
-2.1567117898576225
-2.1567214530304404
-2.1567309513469448
-2.1567402235143174
-2.156749216897242
-2.1567578859186831
-2.1567661903818105
-2.1567740939027864
-2.1567815625506306
-2.1567885637134245
-2.156795065158398
-2.1568010342278239
-2.1568064371082922
-2.1568112381208886
-2.1568153989973387
-2.1568188781267397
-2.1568216297753424
-2.1568236032947108
-2.1568247423449733
-2.1568249841888059
-2.1568242591262394
-2.1568224900413568
-2.156819592101948
-2.1568154729576881
-2.1568100332841933
-2.1568031679039645
-2.1567947675821957
-2.156784721689248
-2.1567729219263323
-2.1567592672828395
-2.1567436703849885
-2.1567260653551346
-2.1567064172204269
-2.1566847327818759
-2.1566610726741824
-2.1566355640974488
-2.156608413382024
-2.1565799171645126
-2.1565504705226695
-2.1565205699889498
-2.1564908090184529
-2.1564618633550157
-2.1564344639939956
-2.1564093562990538
-2.1563872455564819
-2.1563687320836933
-2.1563542426089803
-2.1563439671446885
-2.1563378126646531
-2.1563354066048608
-2.1563362373412622
-2.1563398164469576
-2.1563444614326515
-2.2447395912160752
-2.244749575016991
-2.2447594543519225
-2.2447691538440306
-2.2447786085935544
-2.2447877633933153
-2.2447965714483455
-2.2448049928653853
-2.2448129931126153
-2.2448205415735218
-2.2448276102495313
-2.2448341726143108
-2.2448402025917491
-2.2448456736172235
-2.2448505577432067
-2.2448548247599849
-2.2448584413156567
-2.244861370033032
-2.2448635686314722
-2.2448649890722105
-2.2448655767729839
-2.244865269941696
-2.2448639989936399
-2.2448616861110455
-2.2448582453294446
-2.2448535827806158
-2.2448475975157556
-2.2448401829821778
-2.2448312292907873
-2.2448206264863737
-2.2448082690092037
-2.2447940615258428
-2.244777926279161
-2.2447598120413992
-2.2447397046429183
-2.2447176388827939
-2.2446937113983529
-2.2446680937598518
-2.2446410446780449
-2.2446129197706344
-2.2445841768704571
-2.2445553744467754
-2.2445271604706907
-2.2445002491560166
-2.2444753836711513
-2.2444532844305312
-2.2444345852287384
-2.2444197630369467
-2.2444090700211285
-2.2444024790891697
-2.2443996770765269
-2.2444001944283696
-2.2444035596096334
-2.2444080859162523
-2.3327758149214426
-2.3327859509959055
-2.3327959792960424
-2.332805820912387
-2.3328154075593144
-2.332824681262029
-2.3328335934450228
-2.3328421036608358
-2.332850178157905
-2.3328577884287749
-2.3328649098212688
-2.3328715202467571
-2.3328775989860975
-2.3328831255755986
-2.3328880787493742
-2.3328924354172322
-2.3328961696643655
-2.3328992517684521
-2.3329016472395669
-2.3329033158951629
-2.3329042109840463
-2.3329042784032055
-2.3329034560545625
-2.3329016732565724
-2.3328988507727306
-2.33289490071517
-2.3328897271415241
-2.3328832272114624
-2.332875293099657
-2.3328658148390917
-2.3328546842975024
-2.3328418004883167
-2.3328270763901311
-2.3328104473957256
-2.3327918814168886
-2.3327713905212661
-2.3327490437659057
-2.332724980598444
-2.3326994238244501
-2.332672690696028
-2.3326452001892175
-2.3326174740730181
-2.332590129039871
-2.3325638571299292
-2.3325393921613604
-2.332517461175768
-2.3324987223544973
-2.3324836943083218
-2.3324726845203747
-2.3324657279684868
-2.3324625706648732
-2.3324627878526014
-2.3324659290804521
-2.3324703150540853
-2.4208107749322822
-2.4208209900422126
-2.4208311006927774
-2.4208410253486838
-2.4208506928446942
-2.4208600425298878
-2.4208690237491228
-2.4208775948643515
-2.4208857220015338
-2.4208933776706067
-2.4209005393601193
-2.4209071881656148
-2.4209133074776865
-2.420918881733749
-2.4209238952262035
-2.4209283309563352
-2.4209321695250225
-2.4209353880561038
-2.420937959155721
-2.420939849917441
-2.4209410209772488
-2.4209414256402257
-2.4209410091386387
-2.4209397076987242
-2.4209374491600602
-2.4209341519341234
-2.4209297256266948
-2.4209240719290004
-2.4209170861852716
-2.4209086598272691
-2.4208986838871862
-2.4208870537985909
-2.4208736756777784
-2.4208584742376105
-2.4208414024059417
-2.4208224525884017
-2.4208016693189611
-2.4207791627706468
-2.4207551222346235
-2.4207298282378149
-2.4207036614674684
-2.4206771061659014
-2.4206507452493233
-2.4206252442458487
-2.4206013214581046
-2.4205797028413469
-2.4205610623096683
-2.4205459514691423
-2.4205347257042655
-2.4205274771595313
-2.4205240094912668
-2.4205239442561934
-2.4205268555127795
-2.4205310824310726
-2.5088445637716332
-2.5088547876511904
-2.5088649158275409
-2.5088748652227055
-2.5088845625357599
-2.5088939448024932
-2.5089029592667575
-2.5089115627243364
-2.5089197205027407
-2.5089274052201178
-2.5089345954342015
-2.5089412742578512
-2.5089474279875756
-2.5089530447684036
-2.5089581133035819
-2.5089626216097605
-2.5089665558154537
-2.5089698990012481
-2.508972630083917
-2.5089747227518213
-2.5089761444598935
-2.5089768555215897
-2.5089768084009045
-2.5089759454525224
-2.5089742021881003
-2.5089715032968432
-2.5089677642914041
-2.5089628920202869
-2.5089567858838921
-2.508949339888789
-2.5089404457241526
-2.5089299970702363
-2.5089178953452054
-2.5089040570677108
-2.5088884229454598
-2.508870968685458
-2.5088517173412068
-2.5088307527624316
-2.5088082333643058
-2.5087844050027148
-2.5087596112361266
-2.5087342987206669
-2.5087090150143041
-2.5086843958033858
-2.5086611387220237
-2.5086399618189414
-2.5086215467170456
-2.508606469600231
-2.5085951260679167
-2.5085876597660324
-2.5085839293509893
-2.5085836030651727
-2.5085862820855334
-2.5085903342971352
-2.5968772895382108
-2.5968874564733206
-2.5968975405497821
-2.5969074583162337
-2.59691713524635
-2.5969265066505587
-2.5969355179090434
-2.5969441241435915
-2.5969522894628665
-2.596959985911707
-2.5969671922351081
-2.596973892543248
-2.5969800749385707
-2.5969857301438073
-2.5969908501536065
-2.5969954269217226
-2.5969994510893137
-2.5970029107571184
-2.5970057903044137
-2.5970080692601361
-2.5970097212270526
-2.5970107128189786
-2.5970110026237214
-2.5970105420100729
-2.5970092708580652
-2.5970071208401255
-2.5970040137571275
-2.5969998620676611
-2.5969945699053736
-2.5969880348001722
-2.5969801503484571
-2.596970810052504
-2.5969599125453016
-2.5969473683983719
-2.5969331086533516
-2.5969170951214191
-2.5968993323309477
-2.5968798807722426
-2.5968588707627034
-2.5968365158335498
-2.5968131240378423
-2.5967891050271286
-2.5967649702258759
-2.5967413230831471
-2.5967188364028946
-2.5966982144510427
-2.5966801392984209
-2.5966652037282762
-2.5966538358653057
-2.5966462247007791
-2.5966422803546294
-2.5966417170984624
-2.5966441650166705
-2.5966480299756145
-2.6849090696191285
-2.6849191199005755
-2.6849291028731397
-2.6849389358765854
-2.6849485441526482
-2.684957862032169
-2.6849668334816572
-2.6849754120858824
-2.6849835605691061
-2.6849912499675925
-2.6849984585545439
-2.6850051706075755
-2.6850113750876692
-2.6850170642793798
-2.6850222324265904
-2.6850268743859877
-2.6850309843117559
-2.6850345543796954
-2.6850375735563192
-2.6850400264181542
-2.6850418920247572
-2.6850431428428898
-2.6850437437773795
-2.6850436517015961
-2.6850428137167603
-2.6850411676742336
-2.6850386415562051
-2.6850351536634363
-2.6850306133358064
-2.6850249223566469
-2.6850179772451743
-2.6850096726530812
-2.6849999060860892
-2.6849885841637047
-2.6849756305803423
-2.6849609958538601
-2.6849446687990319
-2.684926689449199
-2.6849071628500929
-2.6848862727389831
-2.6848642936308291
-2.6848415992719494
-2.6848186648687706
-2.6847960600781531
-2.6847744296504215
-2.6847544591418551
-2.6847368246523788
-2.6847221281820421
-2.6847108229094223
-2.6847031367731287
-2.6846990271514275
-2.6846982528062018
-2.6847004737357376
-2.6847041419438726
-2.7729400247443534
-2.7729499058385012
-2.7729597365847347
-2.7729694361936414
-2.7729789306690407
-2.7729881541892527
-2.7729970499063179
-2.7730055702037157
-2.7730136764840183
-2.7730213385788538
-2.7730285338629219
-2.7730352461643082
-2.7730414645402677
-2.7730471819739817
-2.7730523940351062
-2.7730570975348239
-2.7730612891960393
-2.7730649643524896
-2.7730681156860717
-2.7730707320092947
-2.773072797098918
-2.7730742885895148
-2.7730751769560449
-2.7730754246665423
-2.7730749851210215
-2.7730738022988919
-2.7730718103064298
-2.773068933380987
-2.7730650863673172
-2.7730601758343698
-2.7730541020202395
-2.7730467618159746
-2.7730380530072072
-2.7730278800011052
-2.7730161612145157
-2.7730028382476828
-2.7729878868280218
-2.7729713293148643
-2.7729532482805395
-2.7729338002906423
-2.7729132285260443
-2.7728918723288047
-2.7728701711772237
-2.7728486601178299
-2.7728279534865465
-2.772808714123415
-2.7727916066141454
-2.7727772354949036
-2.7727660719189919
-2.7727583763492589
-2.7727541487651273
-2.772753190159384
-2.7727551907359897
-2.7727586556087451
-2.8609702737813008
-2.860979941113976
-2.8609895753533556
-2.8609990985146934
-2.8610084382873073
-2.8610175295305789
-2.8610263152606286
-2.8610347471350632
-2.8610427854794631
-2.8610503989354825
-2.8610575637728783
-2.8610642629681804
-2.8610704851119722
-2.8610762231990146
-2.8610814733497545
-2.8610862335004739
-2.8610905020884312
-2.8610942767506646
-2.8610975530497291
-2.8611003232358261
-2.8611025750531129
-2.8611042906003696
-2.861105445266964
-2.8611060067783782
-2.8611059342065839
-2.8611051773786187
-2.8611036763498108
-2.8611013612595131
-2.8610981526016439
-2.8610939620844036
-2.8610886942591298
-2.861082249124292
-2.8610745259120822
-2.8610654283063912
-2.8610548712627986
-2.861042789597696
-2.8610291483642198
-2.8610139548677136
-2.8609972719174248
-2.8609792315437521
-2.8609600479409134
-2.8609400278436081
-2.8609195759550161
-2.8608991925229592
-2.8608794598818794
-2.8608610150146925
-2.8608445063220218
-2.8608305349586827
-2.8608195834941741
-2.8608119386460267
-2.8608076380870231
-2.8608065222258587
-2.8608083111380971
-2.8608115688097895
-2.9489999295400322
-2.9490093468502954
-2.9490187477247676
-2.9490280577322556
-2.9490372070502278
-2.9490461319931391
-2.949054776132026
-2.9490630909587305
-2.9490710360803734
-2.9490785791362852
-2.9490856952757021
-2.9490923664203996
-2.9490985803269596
-2.9491043294981321
-2.9491096099945118
-2.9491144201891664
-2.9491187594952941
-2.9491226270892508
-2.949126020645735
-2.9491289350973293
-2.9491313614283712
-2.9491332855145478
-2.9491346870253947
-2.949135538415673
-2.9491358038758828
-2.9491354387254787
-2.9491343886895156
-2.949132589660131
-2.9491299677904173
-2.9491264401234121
-2.9491219159365212
-2.9491162990016928
-2.9491094909379214
-2.9491013959561085
-2.9490919271173119
-2.9490810143405324
-2.9490686141881741
-2.9490547213384444
-2.9490393814143276
-2.9490227044993995
-2.9490048782132177
-2.9489861786826661
-2.9489669771488183
-2.9489477393972114
-2.9489290148519647
-2.9489114122922295
-2.9488955601040039
-2.9488820509302891
-2.9488713728050713
-2.9488638327288501
-2.9488595010807241
-2.9488582544772148
-2.9488598420058301
-2.9488628910907759
-3.0370382349917504
-3.0370473732448056
-3.0370564401441102
-3.0370653690127547
-3.0370740982781248
-3.0370825727107653
-3.0370907442505133
-3.0370985721596586
-3.0371060234109808
-3.037113072163363
-3.037119699248565
-3.0371258913998793
-3.0371316403002933
-3.0371369415059637
-3.037141793289055
-3.0371461954317036
-3.0371501479957623
-3.0371536500878191
-3.0371566986342811
-3.0371592871799771
-3.0371614047240585
-3.0371630345840326
-3.0371641533786136
-3.0371647298593829
-3.0371647244329805
-3.0371640881416129
-3.0371627623970903
-3.0371606789086427
-3.0371577601135575
-3.03715392026667
-3.0371490673971908
-3.0371431062511141
-3.0371359425922377
-3.0371274889116058
-3.0371176718727551
-3.0371064414952098
-3.037093782045174
-3.0370797243702259
-3.0370643590990949
-3.0370478496885793
-3.0370304437797975
-3.0370124807321761
-3.0369943926310792
-3.036976695663149
-3.0369599687700481
-3.0369448172836599
-3.0369318209856049
-3.0369214680793744
-3.0369140802825245
-3.0369097557573075
-3.0369084038767804
-3.0369098014595446
-3.0369126427841802
-3.1250667060089867
-3.1250755597925086
-3.1250843604361886
-3.1250930448990664
-3.12510155422699
-3.1251098349861284
-3.125117839992364
-3.1251255288112127
-3.1251328680120336
-3.125139830998509
-3.1251463976169083
-3.1251525535398441
-3.1251582894601118
-3.1251636001407506
-3.1251684833637796
-3.1251729388092575
-3.1251769668908094
-3.1251805675690969
-3.1251837391602328
-3.1251864771539939
-3.1251887730518439
-3.1251906132155618
-3.1251919777983375
-3.1251928398407327
-3.1251931641283792
-3.1251929066492279
-3.1251920140839857
-3.1251904234900043
-3.1251880626540052
-3.1251848509105082
-3.1251807008524466
-3.125175520966827
-3.125169219373483
-3.1251617090767319
-3.1251529148922463
-3.1251427820126452
-3.1251312862877696
-3.1251184460134813
-3.1251043347236602
-3.1250890940728717
-3.1250729453939994
-3.1250561979317424
-3.1250392511682343
-3.1250225882137017
-3.1250067571657385
-3.1249923379881133
-3.1249798940035629
-3.1249699089665137
-3.1249627142248273
-3.1249584309809304
-3.1249569978010685
-3.1249582176351578
-3.1249608539548137
-3.2130948477029539
-3.2131034021072318
-3.2131119199186977
-3.2131203419095451
-3.2131286123129139
-3.2131366798812837
-3.2131444988060109
-3.2131520293305824
-3.2131592380479383
-3.2131660979012566
-3.2131725879395336
-3.2131786928493216
-3.2131844022915503
-3.2131897100839466
-3.2131946132656997
-3.2131991110746454
-3.2132032038634102
-3.2132068919767081
-3.2132101746077741
-3.2132130486491737
-3.2132155075497502
-3.2132175401816969
-3.213219129745208
-3.213220252842611
-3.2132208783345666
-3.2132209667449616
-3.2132204696569708
-3.2132193291629916
-3.2132174783043785
-3.2132148414455139
-3.2132113359089183
-3.2132068744397033
-3.2132013681197891
-3.2131947313179392
-3.2131868881851244
-3.2131777805814052
-3.2131673777171597
-3.2131556873615792
-3.2131427681570712
-3.2131287422258734
-3.2131138067711449
-3.2130982428070314
-3.2130824185630957
-3.2130667846347074
-3.213051857810167
-3.2130381910242622
-3.2130263282502867
-3.2130167448466693
-3.2130097772279758
-3.2130055651629545
-3.213004072846354
-3.2130051275361069
-3.2130075632481887
-3.301122734965217
-3.3011309812853535
-3.3011392056107574
-3.3011473528336639
-3.301155370492932
-3.3011632098922892
-3.3011708270149169
-3.3011781831587323
-3.3011852453142159
-3.3011919862822627
-3.3011983845576118
-3.3012044239943434
-3.3012100932789443
-3.3012153852433981
-3.301220296049117
-3.3012248242697506
-3.3012289698980992
-3.3012327332988542
-3.3012361141253463
-3.3012391102157586
-3.3012417164821009
-3.3012439238039866
-3.3012457179460362
-3.3012470785484078
-3.3012479781243242
-3.3012483812722708
-3.3012482440032156
-3.3012475133143284
-3.3012461272243909
-3.3012440149425677
-3.3012410989133016
-3.3012372959384817
-3.301232520803524
-3.3012266899429843
-3.3012197277857585
-3.3012115741324095
-3.3012021931158713
-3.3011915838008985
-3.3011797919696999
-3.3011669223629605
-3.3011531501905615
-3.3011387301798463
-3.3011240008413578
-3.301109381137497
-3.3010953565406806
-3.3010824518734121
-3.3010711895198233
-3.3010620331435878
-3.3010553202049859
-3.301051204897715
-3.3010496735689854
-3.3010505758231536
-3.3010528166862634
-3.3891504301790465
-3.3891583650648429
-3.3891662906535474
-3.3891741559047333
-3.3891819118151907
-3.3891895124835987
-3.3891969159737871
-3.3892040849610172
-3.389210987164375
-3.3892175955520396
-3.3892238883282837
-3.3892298487157957
-3.3892354645528551
-3.389240727729832
-3.3892456334905092
-3.389250179622886
-3.3892543655623943
-3.389258191427829
-3.3892616570077592
-3.3892647607127788
-3.389267498507504
-3.38926986283662
-3.3892718415639695
-3.3892734169522813
-3.3892745646668216
-3.3892752529575727
-3.3892754419373214
-3.3892750831044407
-3.3892741190463411
-3.3892724838551187
-3.3892701058757648
-3.3892669044504258
-3.3892627992949755
-3.3892577094756939
-3.3892515604427285
-3.3892442909931924
-3.38923586152969
-3.3892262640317981
-3.3892155332734979
-3.3892037586264885
-3.3891910953692088
-3.3891777738986635
-3.3891641046622456
-3.3891504761200029
-3.389137342802913
-3.3891252008400516
-3.389114549375015
-3.389105837689121
-3.3890994008096462
-3.3890954035867833
-3.3890938512031199
-3.3890946135826465
-3.3890966664490954
-3.4771779842316075
-3.4771856088296182
-3.47719323493622
-3.4772008154864738
-3.4772083049858864
-3.4772156604496129
-3.4772228422140135
-3.4772298145801899
-3.4772365462743178
-3.4772430107121499
-3.4772491860675214
-3.4772550551530301
-3.4772606051260007
-3.477265827037705
-3.4772707152460631
-3.4772752667124518
-3.4772794802025184
-3.4772833554093836
-3.4772868920157993
-3.4772900887102591
-3.4772929421710428
-3.4772954460322585
-3.4772975898505663
-3.4772993580968361
-3.4773007291597922
-3.4773016745323697
-3.4773021580308852
-3.4773021352808864
-3.4773015534305962
-3.4773003514078891
-3.4772984611349402
-3.4772958082040937
-3.4772923152112098
-3.4772879044987683
-3.4772825033461032
-3.4772760504756697
-3.4772685036985291
-3.4772598493283766
-3.477250112802329
-3.4772393699864357
-3.477227758191388
-3.4772154854159067
-3.4772028357716991
-3.47719016853299
-3.4771779079737568
-3.4771665213778329
-3.4771564835200306
-3.4771482271765826
-3.4771420819896508
-3.4771382200913723
-3.4771366623937054
-3.4771372971085559
-3.4771391696756462
)
;

boundaryField
{
    hotWall
    {
        type            calculated;
        value           nonuniform List<scalar> 0();
    }
    coldWall
    {
        type            calculated;
        value           nonuniform List<scalar> 
40
(
-0.042639296136394209
-0.13071194321398316
-0.21878481176838066
-0.3068575534824543
-0.394930048356611
-0.48300232007482757
-0.57107445630213471
-0.65914655674374989
-0.74721870164487414
-0.83529093703525514
-0.92336327204335722
-1.0114356828890168
-1.0995081193252947
-1.187580510986959
-1.2756527725273445
-1.3637248074025659
-1.4517965106380473
-1.539867771020381
-1.6279384730696178
-1.716008499000361
-1.804077730750417
-1.8921460520686206
-1.9802133506062389
-2.0682795199374504
-2.1563444614326421
-2.2444080859162447
-2.3324703150540773
-2.420531082431066
-2.5085903342971299
-2.5966480299756105
-2.6847041419438695
-2.7727586556087425
-2.8608115688097877
-2.9488628910907764
-3.0369126427841806
-3.1249608539548146
-3.2130075632481887
-3.3010528166862656
-3.3890966664490976
-3.4771391696756542
)
;
    }
    bottomWall
    {
        type            calculated;
        value           nonuniform List<scalar> 
54
(
0.00033425823801832698
0.00034688952917223551
0.00035949471182162749
0.00037206018257863652
0.00038459169979840536
0.00039711407704108971
0.000409669993107266
0.00042231832700996325
0.00043513238438195814
0.00044819826687667258
0.00046161349187821767
0.00047548583635308303
0.00048993228240977612
0.000505077892543383
0.0005210544351022386
0.00053799860284881539
0.00055604970557115649
0.00057534676015910874
0.00059602494157734854
0.00061821139348620599
0.00064202042873301771
0.00066754817987150854
0.00069486679535300452
0.00072401834084795825
0.00075500860156067328
0.00078780048399669294
0.00082230631048533392
0.00085838814656153393
0.00089588732236694753
0.00093451599921870866
0.00097396236804613099
0.0010138677072452284
0.0010538175402946296
0.0010933567465442778
0.001132003218946982
0.0011692638854982483
0.0012046537421833367
0.0012377169780213497
0.0012680489314045188
0.0012953173725827165
0.0013192813637349539
0.0013398058798939816
0.0013568705071998345
0.0013705709162286151
0.001381112464630317
0.0013887960111183019
0.001393996978947009
0.0013971396202704562
0.0013986693511452463
0.0013990267340663366
0.001398626440089139
0.0013978453314508563
0.0013970364588606575
0.0013965886361439403
)
;
    }
    topWall
    {
        type            calculated;
        value           nonuniform List<scalar> 0();
    }
    front
    {
        type            empty;
    }
    back
    {
        type            empty;
    }
    procBoundary11to9
    {
        type            processor;
        value           nonuniform List<scalar> 
41
(
-0.043695565946417242
-0.13172807845726484
-0.2197610455750415
-0.30779513448226842
-0.39583050815671633
-0.4838673022414996
-0.57190560734508744
-0.65994544280575973
-0.74798676176666767
-0.83602946066760386
-0.92407338751186119
-1.0121183503238067
-1.1001641263205879
-1.1882104715329054
-1.2762571304386423
-1.3643038451833496
-1.4523503640469835
-1.5403964489506745
-1.6284418819265141
-1.7164864705507448
-1.804530052350747
-1.8925724981527985
-1.9806137142741966
-2.0686536434185681
-2.1566922641382194
-2.2447295887954826
-2.332765660078608
-2.4208005462779973
-2.5088343356706946
-2.5968671304587407
-2.68489904073799
-2.7729301789344474
-2.8609606550480606
-2.9489905729135706
-3.0370290957144879
-3.0370290957144879
-3.1250578649490328
-3.2130863179127864
-3.3011145232122776
-3.3891425379725861
-3.477170408739453
)
;
    }
    procBoundary11to10
    {
        type            processor;
        value           nonuniform List<scalar> 
53
(
-3.5652054377394156
-3.565212756789073
-3.5652200863729475
-3.5652273832806061
-3.5652346054642736
-3.5652417128836706
-3.5652486682588038
-3.565255437691067
-3.5652619911313606
-3.5652683026814262
-3.5652743507233811
-3.5652801178799027
-3.5652855908127283
-3.5652907598718704
-3.5652956186106817
-3.5653001631832812
-3.5653043916408409
-3.5653083031427615
-3.5653118970976094
-3.5653151722479257
-3.5653181257125821
-3.5653207520004613
-3.5653230420105708
-3.5653249820462043
-3.5653265528518658
-3.5653277287577692
-3.5653284769109317
-3.5653287567135354
-3.5653285195262843
-3.5653277087771316
-3.5653262606756071
-3.5653241055695832
-3.5653211698708782
-3.5653173796585182
-3.565312664079098
-3.565306962706515
-3.5653002317411233
-3.5652924530656791
-3.565283644272502
-3.5652738694296908
-3.5652632497295036
-3.5652519726514655
-3.565240297728971
-3.5652285564987309
-3.5652171439082854
-3.5652064986052485
-3.565197070325262
-3.5651892737297253
-3.5651834306229819
-3.565179717445365
-3.5651781679760068
-3.5651786867277728
-3.5651803873114236
)
;
    }
}


// ************************************************************************* //
