#              distance                     U_x                     U_y                     U_z                       T
                      0  -2.029754795186131e-18   7.748790250516341e-21                       0        299.714818585063
  0.0003906250000000001   -0.000115425132464489   4.483557948934142e-07                       0       299.7148185850613
  0.0007812500000000004  -0.0002308502649289793   8.967115897868337e-07                       0       299.7148185850623
   0.001171875000000001   -0.000346275397393469   1.345067384680251e-06                       0       299.7148185850629
   0.001562500000000001  -0.0004443787111721296   2.992158517014439e-06                       0       299.7148462503926
            0.001953125  -0.0005381515702793357   4.938933483708828e-06                       0       299.7148808320568
   0.002343750000000001  -0.0006319244293865418   6.885708450403223e-06                       0        299.714915413721
   0.002734375000000001  -0.0007256972884937479   8.832483417097615e-06                       0       299.7149499953851
   0.003125000000000001  -0.0008194701476009542   1.077925838379201e-05                       0       299.7149845770492
            0.003515625  -0.0009132430067081603    1.27260333504864e-05                       0       299.7150191587133
             0.00390625   -0.000998963885829743   1.504391882523674e-05                       0       299.7151241939543
            0.004296875    -0.00107260679497289   1.791847006207103e-05                       0       299.7153349095602
   0.004687500000000001   -0.001146249704116037   2.079302129890531e-05                       0       299.7155456251663
   0.005078125000000001   -0.001219892613259184    2.36675725357396e-05                       0       299.7157563407723
   0.005468750000000001   -0.001293535522402331   2.654212377257387e-05                       0       299.7159670563783
   0.005859375000000001   -0.001367178431545478   2.941667500940816e-05                       0       299.7161777719842
   0.006250000000000001   -0.001440821340688625   3.229122624624244e-05                       0       299.7163884875902
   0.006640625000000001   -0.001495992748640934   3.545741001140893e-05                       0       299.7168794156697
   0.007031250000000001   -0.001551164156593243   3.862359377657543e-05                       0       299.7173703437491
   0.007421875000000001   -0.001606335564545552   4.178977754174194e-05                       0       299.7178612718286
   0.007812500000000002   -0.001661506972497861   4.495596130690844e-05                       0       299.7183521999081
            0.008203125   -0.001716678380450169   4.812214507207493e-05                       0       299.7188431279877
   0.008593750000000002   -0.001771849788402478   5.128832883724141e-05                       0       299.7193340560671
   0.008984375000000003   -0.001817045351062643   5.433955773416146e-05                       0       299.7200332350197
   0.009375000000000001   -0.001855590350194712   5.731415005225046e-05                       0       299.7208712478877
            0.009765625   -0.001894135349326781   6.028874237033947e-05                       0       299.7217092607556
             0.01015625    -0.00193268034845885   6.326333468842855e-05                       0       299.7225472736237
            0.010546875   -0.001971225347590919   6.623792700651752e-05                       0       299.7233852864916
              0.0109375   -0.002009770346722987   6.921251932460653e-05                       0       299.7242232993594
            0.011328125   -0.002045386180348416   7.209631126151038e-05                       0       299.7251372940614
             0.01171875   -0.002069285351947281   7.461690167367361e-05                       0       299.7263552160996
            0.012109375   -0.002093184523546148   7.713749208583687e-05                       0       299.7275731381378
                 0.0125   -0.002117083695145014   7.965808249800012e-05                       0       299.7287910601759
            0.012890625   -0.002140982866743881   8.217867291016342e-05                       0       299.7300089822142
             0.01328125   -0.002164882038342748   8.469926332232664e-05                       0       299.7312269042524
            0.013671875   -0.002188781209941613   8.721985373448989e-05                       0       299.7324448262905
              0.0140625   -0.002202583886581405   8.927566508075619e-05                       0       299.7339695311341
            0.014453125   -0.002213862439481426   9.121528166054828e-05                       0       299.7355709316789
             0.01484375   -0.002225140992381447   9.315489824034035e-05                       0       299.7371723322236
            0.015234375   -0.002236419545281469   9.509451482013243e-05                       0       299.7387737327684
               0.015625   -0.002247698098181489   9.703413139992444e-05                       0       299.7403751333132
    0.01601562500000001   -0.002258976651081521   9.897374797971696e-05                       0       299.7419765338593
             0.01640625   -0.002265996936324847   0.0001006705835144894                       0       299.7437233735702
            0.016796875   -0.002266629820083156   0.0001020032474817336                       0       299.7456883720335
              0.0171875   -0.002267262703841463   0.0001033359114489779                       0       299.7476533704968
            0.017578125   -0.002267895587599772   0.0001046685754162222                       0       299.7496183689602
    0.01796875000000001   -0.002268528471358081   0.0001060012393834664                       0       299.7515833674235
            0.018359375   -0.002269161355116406   0.0001073339033507115                       0       299.7535483658892
                0.01875     -0.0022697942388747   0.0001086665673179551                       0       299.7555133643506
            0.019140625     -0.0022616288943973   0.0001094276918870036                       0        299.757805001242
             0.01953125   -0.002253463549919893   0.0001101888164560519                       0       299.7600966381326
    0.01992187500000001   -0.002245298205442492   0.0001109499410251004                       0       299.7623882750239
              0.0203125   -0.002237132860965097   0.0001117110655941492                       0        299.764679911916
    0.02070312500000001   -0.002228967516487715   0.0001124721901631988                       0       299.7669715488099
             0.02109375   -0.002220802172010296   0.0001132333147322465                       0       299.7692631856988
            0.021484375   -0.002208359923784612   0.0001136886134083439                       0       299.7717222498084
    0.02187500000000001     -0.0021930664063934    0.000113940028155807                       0       299.7742929320626
            0.022265625   -0.002177772889002196   0.0001141914429032706                       0       299.7768636143178
             0.02265625   -0.002162479371610993   0.0001144428576507342                       0       299.7794342965732
            0.023046875   -0.002147185854219788   0.0001146942723981977                       0       299.7820049788284
              0.0234375   -0.002131892336828585   0.0001149456871456612                       0       299.7845756610837
            0.023828125   -0.002115467080437463   0.0001151078137922445                       0       299.7871917042721
             0.02421875   -0.002094514868046667   0.0001149127880353071                       0       299.7899891911932
            0.024609375   -0.002073562655655871   0.0001147177622783697                       0       299.7927866781143
                  0.025   -0.002052610443265076   0.0001145227365214324                       0       299.7955841650355
            0.025390625   -0.002031658230874279   0.0001143277107644948                       0       299.7983816519565
    0.02578125000000001   -0.002010706018483486   0.0001141326850075575                       0       299.8011791388781
            0.026171875   -0.001989753806092709   0.0001139376592506212                       0       299.8039766258019
              0.0265625   -0.001965287126771473   0.0001134262035076658                       0       299.8069140925012
            0.026953125   -0.001939941830717639   0.0001128356402682066                       0       299.8098865541471
             0.02734375   -0.001914596534663813    0.000112245077028748                       0       299.8128590157939
    0.02773437500000001   -0.001889251238609986   0.0001116545137892893                       0       299.8158314774407
               0.028125   -0.001863905942556159   0.0001110639505498306                       0       299.8188039390876
            0.028515625   -0.001838560646502332   0.0001104733873103719                       0       299.8217764007343
             0.02890625   -0.001811886127298605   0.0001097384468139536                       0       299.8247998166174
            0.029296875   -0.001783217773370029   0.0001087869404320959                       0       299.8278996638548
              0.0296875   -0.001754549419441452   0.0001078354340502382                       0       299.8309995110923
            0.030078125   -0.001725881065512876   0.0001068839276683806                       0       299.8340993583297
             0.03046875   -0.001697212711584302   0.0001059324212865229                       0       299.8371992055677
            0.030859375   -0.001668544357655722    0.000104980914904665                       0       299.8402990528045
                0.03125    -0.00163987600372715   0.0001040294085228076                       0       299.8433989000427
    0.03164062500000001   -0.001608772124258961   0.0001027384327480545                       0       299.8465852929615
    0.03203125000000001   -0.001577668244790776   0.0001014474569733017                       0       299.8497716858811
            0.032421875   -0.001546564365322592    0.000100156481198549                       0       299.8529580788008
              0.0328125   -0.001515460485854407   9.886550542379615e-05                       0       299.8561444717204
            0.033203125   -0.001484356606386227   9.757452964904343e-05                       0       299.8593308646409
             0.03359375   -0.001453252726918045   9.628355387429079e-05                       0       299.8625172575611
    0.03398437500000001   -0.001421118983784835   9.479817848677039e-05                       0       299.8657358893627
               0.034375   -0.001388298664874955   9.318320335740583e-05                       0       299.8689760137548
    0.03476562500000001   -0.001355478345965075   9.156822822804122e-05                       0        299.872216138147
    0.03515625000000001   -0.001322658027055207   8.995325309867748e-05                       0       299.8754562625422
    0.03554687500000001   -0.001289837708145319   8.833827796931223e-05                       0       299.8786963869321
              0.0359375   -0.001257017389235435   8.672330283994784e-05                       0       299.8819365113233
            0.036328125   -0.001223966698323003   8.504704725054948e-05                       0       299.8851824751082
    0.03671874999999999   -0.001189994519400361   8.312566982101554e-05                       0       299.8884517964638
            0.037109375   -0.001156022340477717   8.120429239148183e-05                       0       299.8917211178195
    0.03750000000000001   -0.001122050161555074    7.92829149619481e-05                       0       299.8949904391752
            0.037890625   -0.001088077982632431   7.736153753241438e-05                       0       299.8982597605308
             0.03828125   -0.001054105803709788   7.544016010288064e-05                       0       299.9015290818865
            0.038671875   -0.001020133624787151   7.351878267334726e-05                       0       299.9047984032437
              0.0390625  -0.0009855797364209603   7.137361541640652e-05                       0       299.9080776702971
    0.03945312500000001  -0.0009508804206938887   6.917250070261444e-05                       0       299.9113594237771
             0.03984375  -0.0009161811049668186   6.697138598882243e-05                       0       299.9146411772571
    0.04023437500000001  -0.0008814817892397472   6.477027127503011e-05                       0       299.9179229307373
    0.04062500000000001  -0.0008467824735126754   6.256915656123822e-05                       0        299.921204684217
            0.041015625  -0.0008120831577856088   6.036804184744642e-05                       0       299.9244864376984
    0.04140625000000001  -0.0007772137109860664   5.807108420500731e-05                       0        299.927769156383
    0.04179687500000001  -0.0007420890675778307   5.563036216959857e-05                       0       299.9310533228798
              0.0421875  -0.0007069644241695876   5.318964013418953e-05                       0       299.9343374893731
    0.04257812499999999  -0.0006718397807613489   5.074891809878026e-05                       0       299.9376216558683
             0.04296875  -0.0006367151373531088   4.830819606337127e-05                       0       299.9409058223634
    0.04335937500000001  -0.0006015904939448687   4.586747402796229e-05                       0       299.9441899888585
    0.04375000000000001  -0.0005664658505366304   4.342675199255313e-05                       0       299.9474741553544
            0.044140625  -0.0005311154157251293   4.080131303177849e-05                       0       299.9507561301436
             0.04453125  -0.0004957649809136294   3.817587407100362e-05                       0       299.9540381049336
            0.044921875  -0.0004604145461021294   3.555043511022875e-05                       0       299.9573200797236
    0.04531250000000001  -0.0004250641112906285   3.292499614945383e-05                       0       299.9606020545136
            0.045703125  -0.0003897136764791282   3.029955718867894e-05                       0       299.9638840293036
             0.04609375  -0.0003543632416676278   2.767411822790405e-05                       0       299.9671660040935
            0.046484375  -0.0003189506857900383   2.497860986167286e-05                       0       299.9704462555299
               0.046875  -0.0002834967158683891    2.22363885584708e-05                       0       299.9737253580636
    0.04726562500000001  -0.0002480427459467394   1.949416725526868e-05                       0       299.9770044605973
             0.04765625  -0.0002125887760250903    1.67519459520666e-05                       0        299.980283563131
            0.048046875  -0.0001771348061034412   1.400972464886451e-05                       0       299.9835626656647
              0.0484375  -0.0001416808361817922   1.126750334566241e-05                       0       299.9868417681985
            0.048828125  -0.0001062209598684312    8.51728791713015e-06                       0       299.9901206335466
    0.04921875000000001  -7.073745798822179e-05   5.735095987277164e-06                       0       299.9933985501521
            0.049609375  -3.525395610801308e-05    2.95290405742423e-06                       0       299.9966764667576
    0.05000000000000001   2.295457721956508e-07   1.707121275712965e-07                       0       299.9999543833648
    0.05039062500000001   3.571304765240661e-05  -2.611479802282104e-06                       0       300.0032322999703
             0.05078125   7.119654953261501e-05  -5.393671732135306e-06                       0        300.006510216574
    0.05117187500000001   0.0001066800514128253  -8.175863661988655e-06                       0       300.0097881331796
              0.0515625   0.0001421410958742607  -1.092608052134669e-05                       0       300.0130670810995
    0.05195312500000001   0.0001775965259810051  -1.366830361308112e-05                       0       300.0163462868496
    0.05234375000000001    0.000213051956087747  -1.641052670481536e-05                       0       300.0196254925964
            0.052734375   0.0002485073861944892  -1.915274979654968e-05                       0       300.0229046983449
    0.05312500000000001   0.0002839628163012355  -2.189497288828436e-05                       0        300.026183904095
    0.05351562500000001   0.0003194182464079786  -2.463719598001879e-05                       0       300.0294631098434
             0.05390625   0.0003548328197131739  -2.733272207577307e-05                       0       300.0327435040793
    0.05429687500000001   0.0003901861078160498  -2.995820267755729e-05                       0       300.0360256810465
    0.05468750000000001   0.0004255393959189251  -3.258368327934146e-05                       0       300.0393078580136
    0.05507812500000001    0.000460892684021799  -3.520916388112552e-05                       0        300.042590034979
             0.05546875   0.0004962459721246735  -3.783464448290961e-05                       0       300.0458722119461
            0.055859375   0.0005315992602275487  -4.046012508469373e-05                       0       300.0491543889133
                0.05625   0.0005669525483304238  -4.308560568647786e-05                       0       300.0524365658804
            0.056640625   0.0006020813081534157  -4.552648179456342e-05                       0       300.0557210251155
    0.05703125000000001   0.0006372100679764083  -4.796735790264904e-05                       0       300.0590054843505
    0.05742187500000001   0.0006723388277994008  -5.040823401073465e-05                       0       300.0622899435856
    0.05781250000000002   0.0007074675876223985  -5.284911011882096e-05                       0       300.0655744028226
    0.05820312499999999   0.0007425963474453829  -5.528998622690588e-05                       0       300.0688588620556
             0.05859375   0.0007777251072683754  -5.773086233499161e-05                       0       300.0721433212906
    0.05898437500000001   0.0008125993168165788  -6.002810159490214e-05                       0       300.0754263796647
    0.05937500000000001   0.0008473038261815893   -6.22295829560292e-05                       0       300.0787085041316
            0.059765625   0.0008820083355465987  -6.443106431715618e-05                       0       300.0819906285984
    0.06015625000000001   0.0009167128449116101  -6.663254567828359e-05                       0       300.0852727530655
    0.06054687500000001   0.0009514173542766193  -6.883402703941038e-05                       0       300.0885548775321
    0.06093750000000001   0.0009861218636416295  -7.103550840053719e-05                       0        300.091837001999
            0.061328125    0.001020681114202763  -7.318110837476972e-05                       0       300.0951166525269
             0.06171875    0.001054659329548389  -7.510318280142264e-05                       0       300.0983864072996
    0.06210937499999999    0.001088637544894016  -7.702525722807551e-05                       0       300.1016561620723
                 0.0625     0.00112261576023965  -7.894733165472894e-05                       0       300.1049259168466
    0.06289062500000002    0.001156593975585272   -8.08694060813816e-05                       0       300.1081956716177
    0.06328125000000001    0.001190572190930902  -8.279148050803501e-05                       0       300.1114654263914
    0.06367187500000002    0.001224550406276525  -8.471355493468769e-05                       0       300.1147351811631
    0.06406250000000001    0.001257607585426045   -8.63908702642544e-05                       0       300.1179816133824
            0.064453125    0.001290434505526538  -8.800699581954955e-05                       0       300.1212222149633
    0.06484375000000001    0.001323261425627031  -8.962312137484474e-05                       0       300.1244628165442
            0.065234375    0.001356088345727524  -9.123924693013996e-05                       0       300.1277034181251
    0.06562500000000002    0.001388915265828019  -9.285537248543532e-05                       0       300.1309440197061
    0.06601562500000002     0.00142174218592852   -9.44714980407311e-05                       0       300.1341846212882
             0.06640625    0.001453882627603004  -9.595825102830829e-05                       0       300.1374037395688
    0.06679687500000001    0.001484993351638493   -9.72509451643097e-05                       0        300.140590632902
              0.0671875    0.001516104075673985  -9.854363930031143e-05                       0       300.1437775262358
    0.06757812500000002    0.001547214799709473  -9.983633343631282e-05                       0       300.1469644195685
    0.06796874999999999    0.001578325523744961  -0.0001011290275723139                       0       300.1501513129018
            0.068359375    0.001609436247780451  -0.0001024217217083154                       0       300.1533382062352
    0.06875000000000001    0.001640546971815951  -0.0001037144158443175                       0       300.1565250995703
    0.06914062499999998    0.001669222043515347  -0.0001046683000996687                       0       300.1596254492691
             0.06953125    0.001697897115214756  -0.0001056221843550207                       0       300.1627257989697
    0.06992187500000001    0.001726572186914163  -0.0001065760686103725                       0       300.1658261486702
              0.0703125     0.00175524725861358   -0.000107529952865725                       0       300.1689264983725
    0.07070312500000001    0.001783922330312977  -0.0001084838371210762                       0       300.1720268480714
             0.07109375    0.001812597402012383   -0.000109437721376428                       0        300.175127197772
    0.07148437500000002    0.001839278305778856  -0.0001101754684756281                       0       300.1781511051749
    0.07187500000000002    0.001864629764256705  -0.0001107691241373937                       0       300.1811240510459
            0.072265625    0.001889981222734552  -0.0001113627797991593                       0        300.184096996917
    0.07265625000000001    0.001915332681212401  -0.0001119564354609249                       0        300.187069942788
    0.07304687499999998    0.001940684139690247  -0.0001125500911226906                       0        300.190042888659
              0.0734375    0.001966035598168097  -0.0001131437467844561                       0       300.1930158345301
    0.07382812499999999     0.00199050822949819  -0.0001136584392362884                       0       300.1959537782544
             0.07421875    0.002011465552237262  -0.0001138572788483874                       0        300.198751713392
    0.07460937500000001    0.002032422874976335  -0.0001140561184604867                       0       300.2015496485296
    0.07500000000000001    0.002053380197715418  -0.0001142549580725863                       0       300.2043475836689
            0.075390625    0.002074337520454479  -0.0001144537976846848                       0        300.207145518805
    0.07578125000000001    0.002095294843193559  -0.0001146526372967844                       0       300.2099434539437
            0.076171875    0.002116252165932647  -0.0001148514769088843                       0       300.2127413890835
    0.07656249999999999    0.002132681235756251  -0.0001146937014294546                       0       300.2153578406986
            0.076953125    0.002147978242351016  -0.0001144467721771441                       0       300.2179289214371
    0.07734374999999999    0.002163275248945781  -0.0001141998429248337                       0       300.2205000021756
    0.07773437500000002    0.002178572255540549  -0.0001139529136725239                       0       300.2230710829143
               0.078125    0.002193869262135318  -0.0001137059844202137                       0       300.2256421636533
    0.07851562500000001    0.002209166268730078  -0.0001134590551679028                       0       300.2282132443911
    0.07890625000000001    0.002221611104088941  -0.0001130084661709392   -3.09245698061731e-27         300.23067268367
    0.07929687499999999    0.002229777682593947  -0.0001122523875569953   -1.08235994321603e-26       300.2329646607596
    0.07968749999999999    0.002237944261098955  -0.0001114963089430512  -1.855474188370385e-26       300.2352566378491
            0.080078125    0.002246110839603962  -0.0001107402303291075  -2.628588433524766e-26       300.2375486149388
    0.08046875000000001    0.002254277418108971  -0.0001099841517151636  -3.401702678679121e-26       300.2398405920284
    0.08085937500000002    0.002262443996613979  -0.0001092280731012196  -4.174816923833502e-26       300.2421325691179
    0.08124999999999999    0.002270610575119012  -0.0001084719944872769  -4.947931168987887e-26        300.244424546211
    0.08164062500000001    0.002269975993473213  -0.0001071447637250095  -4.826824110284616e-26       300.2463898236742
             0.08203125    0.002269341411827439  -0.0001058175329627433  -4.705717051581402e-26       300.2483551011406
    0.08242187500000001    0.002268706830181665   -0.000104490302200477  -4.584609992878183e-26       300.2503203786072
    0.08281250000000001    0.002268072248535891  -0.0001031630714382107  -4.463502934174962e-26       300.2522856560738
            0.083203125    0.002267437666890117  -0.0001018358406759446  -4.342395875471751e-26       300.2542509335403
    0.08359375000000001    0.002266803085244354  -0.0001005086099136788  -4.221288816768553e-26       300.2562162110082
            0.083984375     0.00225977893257151  -9.881730077619684e-05  -3.842584447303612e-26       300.2579632944223
    0.08437500000000001    0.002248495065880638  -9.688327272190524e-05  -3.292148537330859e-26       300.2595649151373
    0.08476562500000001    0.002237211199189766  -9.494924466761362e-05  -2.741712627358108e-26       300.2611665358523
             0.08515625    0.002225927332498893  -9.301521661332209e-05  -2.191276717385383e-26       300.2627681565672
    0.08554687500000001    0.002214643465808025  -9.108118855903079e-05  -1.640840807412614e-26       300.2643697772829
              0.0859375    0.002203359599117158  -8.914716050473944e-05  -1.090404897439892e-26       300.2659713979984
    0.08632812500000001    0.002189550755455253  -8.709691198226939e-05  -6.477611746201885e-27       300.2674963125309
    0.08671875000000001    0.002165642003909193  -8.458178158708427e-05   -6.36286200412758e-27       300.2687144023299
    0.08710937499999999    0.002141733252363145  -8.206665119189981e-05  -6.248112262053298e-27       300.2699324921305
    0.08749999999999999    0.002117824500817096  -7.955152079671516e-05  -6.133362519979007e-27        300.271150581931
    0.08789062499999999    0.002093915749271048  -7.703639040153067e-05  -6.018612777904628e-27       300.2723686717316
    0.08828124999999999    0.002070006997724999  -7.452126000634606e-05  -5.903863035830347e-27       300.2735867615322
    0.08867187500000001     0.00204609824617895  -7.200612961116135e-05  -5.789113293756064e-27       300.2748048513328
    0.08906249999999999    0.002010468953777188  -6.912743524143276e-05  -4.440937652386085e-27       300.2757189787503
    0.08945312499999999    0.001971909526161495  -6.615784987806794e-05  -2.784405536192052e-27       300.2765571155721
    0.08984374999999999    0.001933350098545803  -6.318826451470322e-05  -1.127873419998077e-27       300.2773952523938
    0.09023437500000001     0.00189479067093011  -6.021867915133836e-05   5.286586961963894e-28       300.2782333892158
    0.09062500000000001    0.001856231243314417  -5.724909378797357e-05   2.185190812390456e-27       300.2790715260376
            0.091015625    0.001817671815698726  -5.427950842460887e-05   3.841722928584464e-27       300.2799096628594
    0.09140625000000001    0.001772459684663762  -5.123296779105472e-05   4.771006269230942e-27       300.2806089516325
            0.091796875    0.001717268498499892  -4.807099425221661e-05   4.609416446555817e-27       300.2810999683325
    0.09218750000000001    0.001662077312336021  -4.490902071337839e-05   4.447826623880687e-27       300.2815909850327
    0.09257812500000001     0.00160688612617215  -4.174704717454019e-05   4.286236801205461e-27       300.2820820017327
    0.09296874999999999    0.001551694940008281  -3.858507363570214e-05   4.124646978530347e-27       300.2825730184328
    0.09335937500000001    0.001496503753844407  -3.542310009686377e-05   3.963057155855217e-27       300.2830640351329
    0.09374999999999999    0.001441312567680539  -3.226112655802573e-05   3.801467333180104e-27        300.283555051833
    0.09414062500000001    0.001367644089378277   -2.93896876120602e-05   3.207488062370699e-27       300.2837658266998
    0.09453125000000001    0.001293975611076018  -2.651824866609476e-05   2.613508791561315e-27       300.2839766015667
            0.094921875    0.001220307132773761  -2.364680972012942e-05   2.019529520751952e-27       300.2841873764335
    0.09531250000000001    0.001146638654471501  -2.077537077416399e-05   1.425550249942525e-27       300.2843981513003
            0.095703125    0.001072970176169248   -1.79039318281987e-05   8.315709791331488e-28        300.284608926168
    0.09609375000000002   0.0009993016978669873  -1.503249288223318e-05   2.375917083237296e-28       300.2848197010354
    0.09648437500000001   0.0009135514887377379  -1.271665922417721e-05                       0       300.2849247788189
               0.096875   0.0008197467923905019  -1.077122909139419e-05                       0       300.2849593918826
    0.09726562500000002   0.0007259420960432593  -8.825798958611031e-06                       0       300.2849940049463
             0.09765625   0.0006321373996960258  -6.880368825828066e-06                       0         300.28502861801
    0.09804687500000001   0.0005383327033487843  -4.934938693044927e-06                       0       300.2850632310737
    0.09843750000000001   0.0004445280070015441  -2.989508560261796e-06                       0       300.2850978441387
            0.098828125   0.0003463914843035161  -1.343591675658227e-06                       0       300.2851255345884
    0.09921875000000001   0.0002309276562023414  -8.957277837721408e-07                       0       300.2851255345884
            0.099609375   0.0001154638281011707  -4.478638918860705e-07                       0       300.2851255345884
                    0.1                       0                       0                       0       300.2851255345883
