/*--------------------------------*- C++ -*----------------------------------*\
  =========                 |
  \\      /  F ield         | OpenFOAM: The Open Source CFD Toolbox
   \\    /   O peration     | Website:  https://openfoam.org
    \\  /    A nd           | Version:  13
     \\/     M anipulation  |
\*---------------------------------------------------------------------------*/
FoamFile
{
    format      ascii;
    class       volScalarField;
    location    "4.707987914239";
    object      p;
}
// * * * * * * * * * * * * * * * * * * * * * * * * * * * * * * * * * * * * * //

dimensions      [1 -1 -2 0 0 0 0];

internalField   nonuniform List<scalar> 
2133
(
-3.2128355767147467
-3.2128381893721323
-3.2128410727621852
-3.2128442581197989
-3.2128477775917763
-3.2128516635356057
-3.2128559475511151
-3.212860659217363
-3.212865824526951
-3.2128714640413198
-3.2128775908334846
-3.2128842083368108
-3.2128913082736643
-3.2128988688859397
-3.2129068537185193
-3.2129152112027417
-3.212923875240246
-3.212932766895968
-3.2129417971808292
-3.2129508707592138
-3.2129598902807754
-3.2129687609389039
-3.2129773948205482
-3.2129857146424667
-3.3008132332195084
-3.3008146452953082
-3.300816221401643
-3.3008177951905657
-3.3008194731141938
-3.3008212943583355
-3.3008232467056975
-3.3008252956043047
-3.3008273956644905
-3.3008294993613245
-3.3008315643444246
-3.3008335578351766
-3.3008354581726209
-3.3008372543431679
-3.3008389443719697
-3.3008405332727779
-3.3008420310236275
-3.3008434508268829
-3.3008448077571648
-3.3008461178025366
-3.3008473972524133
-3.3008486623650541
-3.3008499292455737
-3.3008512138730248
-3.3008525322264974
-3.3008539004717887
-3.300855335180501
-3.3008568535614917
-3.3008584736902646
-3.300860214725406
-3.3008620971024754
-3.3008641426953607
-3.3008663749332059
-3.3008688188576381
-3.3008715011008869
-3.3008744497605398
-3.3008776941419442
-3.3008812643355032
-3.3008851905946202
-3.3008895024823843
-3.3008942277632647
-3.300899391031983
-3.3009050120968242
-3.3009111041691526
-3.3009176719533508
-3.3009247097771577
-3.3009321999440004
-3.3009401115169288
-3.3009483997472282
-3.300957006330862
-3.3009658606095065
-3.300974881733977
-3.3009839816899778
-3.3009930689688161
-3.3010020525723331
-3.3010108459908278
-3.3010193707957813
-3.3888458322273221
-3.3888472013740865
-3.3888487371208438
-3.3888502796187003
-3.3888519308262692
-3.3888537280036437
-3.3888556588675165
-3.3888576893852442
-3.3888597747819706
-3.3888618679835294
-3.3888639268036269
-3.3888659183554326
-3.3888678206945633
-3.3888696224660166
-3.3888713213920072
-3.3888729222808323
-3.3888744350242406
-3.3888758728506438
-3.3888772509485805
-3.3888785854753314
-3.388879892910805
-3.3888811896934294
-3.3888824920706657
-3.3888838161029646
-3.3888851777704088
-3.3888865931427112
-3.3888880785833253
-3.38888965096664
-3.3888913278932549
-3.3888931278920715
-3.3888950705997374
-3.3888971769081602
-3.3888994690694325
-3.3889019707450148
-3.388904706982665
-3.3889077041007272
-3.3889109894555882
-3.3889145910651139
-3.3889185370596091
-3.3889228549338237
-3.3889275705799364
-3.3889327070941118
-3.3889382833691548
-3.3889443125133241
-3.3889508001694169
-3.3889577428458137
-3.3889651264063296
-3.3889729248914913
-3.3889810998518324
-3.3889896003560551
-3.3889983637902543
-3.3890073174899995
-3.3890163811537191
-3.3890254698877813
-3.389034497648487
-3.3890433807905005
-3.3890520414160408
-3.4768784577691667
-3.4768797853314966
-3.4768812818007819
-3.476882793593949
-3.4768844183574248
-3.4768861915147502
-3.4768881007346661
-3.4768901125007372
-3.4768921826508836
-3.4768942645704435
-3.4768963162568141
-3.4768983047385027
-3.4769002078062288
-3.476902013769918
-3.4769037200395401
-3.4769053311929032
-3.4769068569971195
-3.4769083106584349
-3.4769097074248476
-3.4769110635652325
-3.4769123956915031
-3.4769137203644065
-3.4769150539173452
-3.4769164124374958
-3.476917811853049
-3.4769192680864234
-3.476920797243336
-3.4769224158159218
-3.476924140884269
-3.4769259903048781
-3.4769279828767115
-3.4769301384761508
-3.476932478151364
-3.4769350241648072
-3.4769377999699072
-3.4769408301049567
-3.4769441399842425
-3.4769477555639954
-3.4769517028598727
-3.4769560072941621
-3.4769606928560672
-3.4769657810684129
-3.4769712897698
-3.4769772317430609
-3.4769836132480205
-3.4769904325468013
-3.4769976785393735
-3.4770053296497392
-3.47701335311339
-3.4770217048075143
-3.4770303297335783
-3.4770391632074453
-3.4770481327399727
-3.4770571605113023
-3.4770661662677762
-3.4770750704150357
-3.4770837970549158
-3.5649110982982957
-3.5649123855920797
-3.5649138438154973
-3.5649153254117651
-3.5649169238932208
-3.5649186729411664
-3.564920560205842
-3.5649225526971842
-3.5649246068752229
-3.5649266766010181
-3.5649287200787341
-3.5649307042763367
-3.5649326067371985
-3.5649344154412144
-3.5649361274757889
-3.5649377471628751
-3.5649392841068508
-3.5649407514443898
-3.5649421644297261
-3.5649435393873046
-3.5649448930045589
-3.5649462419091669
-3.5649476024671696
-3.5649489907417089
-3.5649504225610844
-3.5649519136552921
-3.5649534798301961
-3.5649551371568484
-3.56495690215983
-3.5649587919928787
-3.5649608245926223
-3.5649630188022554
-3.5649653944567397
-3.5649679724198484
-3.5649707745613886
-3.5649738236605915
-3.5649771432193074
-3.5649807571667713
-3.5649846894370034
-3.5649889634011864
-3.5649936011414196
-3.5649986225600641
-3.5650040443313151
-3.5650098787186835
-3.5650161323035539
-3.5650228046941561
-3.5650298873084307
-3.565037362343813
-3.5650452020578274
-3.5650533684798855
-3.5650618136537866
-3.5650704804713662
-3.5650793041032216
-3.5650882139692386
-3.565097136129046
-3.5651059959213489
-3.5651147206500919
-3.6529437429012859
-3.6529449912208514
-3.6529464121930872
-3.6529478640429223
-3.6529494363231918
-3.6529511610701664
-3.6529530259531673
-3.6529549985288075
-3.6529570358976899
-3.652959092419144
-3.6529611265305126
-3.6529631051644191
-3.6529650056343446
-3.6529668155948349
-3.6529685318003948
-3.6529701582922254
-3.6529717044749352
-3.652973183369733
-3.6529746101857028
-3.6529760012490082
-3.6529773732685848
-3.6529787428865461
-3.6529801264516477
-3.6529815399563201
-3.6529829990858862
-3.6529845193387027
-3.6529861161857218
-3.6529878052464255
-3.6529896024645971
-3.6529915242719659
-3.6529935877307129
-3.6529958106471234
-3.652998211648907
-3.6530008102178995
-3.6530036266684833
-3.6530066820602225
-3.6530099980314841
-3.6530135965392962
-3.6530174994903364
-3.6530217282488273
-3.6530263030104804
-3.6530312420376649
-3.6530365607607975
-3.6530422707641104
-3.6530483786909604
-3.6530548851229114
-3.6530617835062684
-3.6530690592163251
-3.6530766888599566
-3.6530846399172243
-3.6530928708095542
-3.6531013314546827
-3.6531099643282268
-3.6531187060027879
-3.6531274890844081
-3.6531362444211113
-3.6531449034264978
-3.7409763813092103
-3.7409775919322619
-3.7409789766218804
-3.7409803991364776
-3.7409819452402164
-3.7409836454225589
-3.7409854874148496
-3.7409874393480949
-3.7409894589889681
-3.7409915012228061
-3.7409935247495598
-3.7409954964930727
-3.740997393554943
-3.7409992032694421
-3.7410009220485532
-3.7410025536290581
-3.7410041071804421
-3.7410055955646144
-3.7410070338965205
-3.7410084384527851
-3.7410098259127014
-3.7410112128834863
-3.7410126156502868
-3.7410140500922577
-3.7410155317134977
-3.7410170757471439
-3.7410186973007589
-3.7410204115193868
-3.7410222337494141
-3.7410241796911441
-3.7410262655311097
-3.7410285080469183
-3.7410309246778648
-3.7410335335543317
-3.7410363534779143
-3.7410394038430064
-3.7410427044891703
-3.7410462754726095
-3.7410501367446947
-3.741054307726408
-3.741058806770051
-3.7410636505045249
-3.7410688530678815
-3.7410744252413735
-3.7410803735121938
-3.7410866991072997
-3.7410933970561193
-3.7411004553536324
-3.7411078543047922
-3.7411155661332156
-3.7411235549292599
-3.7411317769939285
-3.7411401816057386
-3.7411487122005065
-3.741157307913431
-3.7411659053947059
-3.7411744407799352
-3.8290090039039995
-3.829010178094741
-3.8290115274526011
-3.8290129210190567
-3.8290144409364157
-3.8290161162450462
-3.8290179347843338
-3.829019865292421
-3.8290218662326914
-3.8290238930482658
-3.8290259047337232
-3.8290278682322016
-3.8290297604523547
-3.8290315684142504
-3.829033288179037
-3.829034923157185
-3.8290364822499035
-3.8290379781185124
-3.8290394257375873
-3.8290408412859334
-3.8290422413651917
-3.829043642501734
-3.8290450608744573
-3.8290465122108062
-3.8290480118000279
-3.8290495745817759
-3.8290512152777638
-3.8290529485425573
-3.8290547891162294
-3.8290567519667214
-3.8290588524130307
-3.8290611062223148
-3.8290635296749431
-3.8290661395914571
-3.8290689533148599
-3.8290719886407816
-3.8290752636870393
-3.8290787966934152
-3.829082605742212
-3.8290867083909692
-3.8290911212106478
-3.8290958592265221
-3.8291009352647714
-3.8291063592158463
-3.8291121372358998
-3.8291182709192304
-3.8291247564870039
-3.8291315840485747
-3.8291387369999996
-3.8291461916271627
-3.8291539169767601
-3.8291618750458039
-3.8291700213194049
-3.8291783056589339
-3.8291866735110145
-3.8291950673766353
-3.8292034284530567
-3.9170416017199541
-3.9170427407307917
-3.9170440556964414
-3.9170454206903225
-3.9170469143955038
-3.9170485644992237
-3.9170503589960894
-3.9170522672671102
-3.9170542485064748
-3.9170562587497977
-3.9170582573204293
-3.917060211210293
-3.9170620971552914
-3.9170639018687305
-3.9170656210543875
-3.9170672577767154
-3.9170688206381046
-3.9170703220608831
-3.9170717768361083
-3.9170732009997047
-3.9170746110309969
-3.9170760233330526
-3.9170774539395889
-3.9170789183919297
-3.9170804317352683
-3.9170820085923759
-3.9170836632821189
-3.917085409958565
-3.9170872627531836
-3.9170892359078491
-3.9170913438898367
-3.9170936014822781
-3.9170960238445933
-3.9170986265378192
-3.9171014255094225
-3.917104437031663
-3.9171076775868667
-3.9171111636924909
-3.9171149116587221
-3.9171189372720132
-3.9171232553995878
-3.9171278795129356
-3.917132821132824
-3.9171380892046685
-3.917143689420866
-3.9171496235158281
-3.9171558885690909
-3.9171624763606769
-3.9171693728299064
-3.9171765576919486
-3.9171840042644797
-3.9171916795484987
-3.9171995445927115
-3.9172075551506005
-3.9172156626150834
-3.9172238151908769
-3.9172319592420215
-4.005074166440652
-4.0050752715127587
-4.0050765530191272
-4.0050778898147561
-4.0050793572816792
-4.0050809818472661
-4.0050827517081409
-4.0050846369251625
-4.0050865974593766
-4.0050885899755189
-4.0050905741613869
-4.0050925170885217
-4.005094395341616
-4.0050961953362982
-4.0050979124145094
-4.005099549277519
-4.0051011142012314
-4.0051026193337274
-4.0051040792427166
-4.0051055097795603
-4.0051069272600719
-4.0051083479251002
-4.0051097876279398
-4.005111261693231
-4.0051127848970527
-4.0051143715263677
-4.0051160354850204
-4.0051177904218029
-4.0051196498629142
-4.0051216273364183
-4.0051237364799732
-4.0051259911255377
-4.0051284053561034
-4.0051309935300576
-4.0051337702688024
-4.0051367504029249
-4.0051399488718449
-4.0051433805714245
-4.0051470601441288
-4.005151001706813
-4.0051552185125132
-4.0051597225449829
-4.0051645240482774
-4.0051696309984193
-4.005175048530301
-4.0051807783399607
-4.0051868180898333
-4.0051931608515989
-4.0051997946270026
-4.0052067019900086
-4.0052138598930878
-4.0052212396750164
-4.0052288072975282
-4.0052365238233074
-4.0052443461297811
-4.0052522278336866
-4.0052601203827978
-4.0931066903914664
-4.0931077627544914
-4.0931090117311726
-4.0931103207098554
-4.0931117619252264
-4.0931133606345442
-4.0931151052816377
-4.0931169666440166
-4.0931189054862802
-4.0931208791398461
-4.0931228476936514
-4.0931247783307807
-4.0931266475076207
-4.0931284413530067
-4.0931301548448618
-4.0931317903068409
-4.0931333556637854
-4.093134862757589
-4.0931363258962232
-4.0931377607083181
-4.0931391833084882
-4.0931406097399838
-4.0931420556440195
-4.0931435361016781
-4.0931450655986907
-4.0931466580712952
-4.0931483270003888
-4.0931500855291665
-4.0931519465865618
-4.0931539230039187
-4.0931560276162786
-4.0931582733421896
-4.093160673237497
-4.0931632405193321
-4.0931659885567502
-4.0931689308243335
-4.0931720808149343
-4.0931754519074337
-4.093179057185492
-4.0931829092037777
-4.0931870196991387
-4.0931913992461011
-4.0931960568587478
-4.0932009995448109
-4.093206231822399
-4.0932117552151981
-4.0932175677477449
-4.0932236634678727
-4.0932300320280541
-4.0932366583600936
-4.0932435224777608
-4.0932505994385142
-4.0932578594886877
-4.0932652684056627
-4.0932727880374271
-4.0932803770247173
-4.0932879916760827
-4.1811391665280881
-4.1811402073991975
-4.1811414247745446
-4.1811427063310393
-4.181144121305028
-4.1811456938693965
-4.1811474127577446
-4.18114924949968
-4.1811511656995668
-4.1811531193931382
-4.1811550711075931
-4.1811569881703283
-4.1811588469336192
-4.1811606332522375
-4.1811623417403023
-4.1811639743322733
-4.1811655385805579
-4.1811670459923471
-4.181168510583003
-4.1811699477237871
-4.1811713732939442
-4.1811728031072306
-4.1811742525645741
-4.1811757364801059
-4.1811772690314708
-4.1811788637928666
-4.1811805338179484
-4.181182291747751
-4.1811841499257287
-4.181186120507375
-4.1811882155558013
-4.1811904471174026
-4.1811928272733727
-4.181195368163805
-4.1811980819814716
-4.1812009809325277
-4.1812040771611896
-4.181207382635459
-4.1812109089910239
-4.1812146673308446
-4.1812186679788574
-4.1812229201876292
-4.1812274318019327
-4.1812322088830527
-4.1812372553022783
-4.1812425723160267
-4.1812481581395877
-4.1812540075407165
-4.181260111477922
-4.1812664568107927
-4.1812730261099897
-4.1812797975926141
-4.1812867452038418
-4.1812938388582612
-4.181301044844429
-4.181308326384876
-4.1813156443311161
-4.2691715884213988
-4.2691725990038538
-4.2691737857061129
-4.2691750402535256
-4.2691764290283496
-4.2691779752003667
-4.2691796678321934
-4.2691814792386369
-4.2691833718985901
-4.2691853045890289
-4.2691872383124529
-4.2691891405738271
-4.2691909876466934
-4.2691927651263057
-4.2691944672656055
-4.2691960956011803
-4.2691976572948782
-4.2691991634941369
-4.2692006278923582
-4.2692020655723351
-4.2692034921472377
-4.2692049231728166
-4.2692063737848152
-4.2692078585102387
-4.2692093912041056
-4.2692109850703952
-4.2692126527343719
-4.2692144063414013
-4.2692162576642225
-4.2692182182061833
-4.2692202992917627
-4.2692225121387457
-4.2692248679080222
-4.2692273777281891
-4.2692300526925884
-4.2692329038266941
-4.2692359420237302
-4.2692391779464351
-4.2692426218930501
-4.269246283625904
-4.2692501721617164
-4.2692542955238419
-4.2692586604583509
-4.2692632721180548
-4.2692681337212663
-4.2692732461952554
-4.2692786078178218
-4.2692842138735374
-4.2692900563442722
-4.2692961236554741
-4.269302400500286
-4.2693088677623674
-4.269315502555096
-4.2693222783894313
-4.2693291654756935
-4.2693361311556872
-4.2693431404512063
-4.3572039502391338
-4.3572049317205295
-4.357206088678188
-4.3572073166515288
-4.3572086793081466
-4.3572101988912477
-4.357211864827824
-4.3572136502478749
-4.35721551853735
-4.3572174292499763
-4.3572193438999944
-4.3572212302033861
-4.3572230643813077
-4.3572248317857687
-4.3572265263135233
-4.3572281490975051
-4.3572297068941319
-4.3572312104694424
-4.3572326731690536
-4.357234109759645
-4.3572355355610011
-4.3572369658456074
-4.3572384154622519
-4.3572398986336545
-4.357241428880517
-4.3572430190311797
-4.35724468128398
-4.3572464272975608
-4.3572482682909959
-4.3572502151411809
-4.3572522784689358
-4.3572544687082075
-4.3572567961546369
-4.3572592709909763
-4.3572619032874087
-4.3572647029752618
-4.3572676797926002
-4.3572708432003608
-4.3572742022677611
-4.3572777655261001
-4.3572815407905638
-4.3572855349505968
-4.3572897537306368
-4.3572942014247777
-4.3572988806108945
-4.3573037918522726
-4.3573089333973201
-4.3573143008904349
-4.3573198871094032
-4.3573256817462607
-4.3573316712491206
-4.35733783874183
-4.3573441640360837
-4.3573506237469042
-4.3573571915172131
-4.3573638383505564
-4.3573705330434347
-4.4452362467247335
-4.4452372002750282
-4.44523832841654
-4.445239530275126
-4.4452408669382795
-4.4452423597942525
-4.4452439986654779
-4.4452457575234439
-4.4452476006907817
-4.4452494885314842
-4.4452513831068661
-4.445253252377241
-4.4452550725384725
-4.4452568287171834
-4.4452585144612318
-4.4452601304969246
-4.4452616831635376
-4.4452631828274631
-4.4452646424641067
-4.445266076499804
-4.4452674999368851
-4.445268927742446
-4.445270374459489
-4.4452718539920157
-4.4452733795173378
-4.4452749634850841
-4.4452766176702863
-4.4452783532557358
-4.4452801809255185
-4.4452821109570753
-4.4452841533033967
-4.4452863176597219
-4.4452886135112708
-4.4452910501596659
-4.4452936367265767
-4.4452963821333427
-4.4452992950557135
-4.4453023838528241
-4.4453056564697384
-4.4453091203131869
-4.4453127821005145
-4.4453166476826711
-4.4453207218429052
-4.4453250080743265
-4.4453295083409028
-4.4453342228284063
-4.4453391496937336
-4.4453442848229203
-4.4453496216099868
-4.4453551507698954
-4.4453608601995356
-4.445366734900186
-4.4453727569735113
-4.4453789057004087
-4.4453851577082677
-4.4453914872271314
-4.4453978664316445
-4.5332684731737771
-4.5332693999432161
-4.5332705001962248
-4.5332716764251177
-4.5332729872669422
-4.5332744533216154
-4.5332760648335508
-4.5332777966378712
-4.5332796140200857
-4.5332814781854038
-4.5332833517760749
-4.5332852030295516
-4.5332870081440255
-4.5332887520399838
-4.5332904279258317
-4.5332920361209936
-4.5332935825389695
-4.5332950771315037
-4.5332965324847212
-4.5332979626636103
-4.5332993823321512
-4.5333008061328659
-4.5333022482868817
-4.5333037223676085
-4.5333052412021333
-4.5333068168603443
-4.5333084606993488
-4.5333101834384184
-4.5333119952463958
-4.53331390582896
-4.5333159245072894
-4.5333180602826939
-4.5333203218837648
-4.5333227177940207
-4.5333252562587534
-4.5333279452702469
-4.5333307925308581
-4.5333338053934753
-4.5333369907792278
-4.5333403550723004
-4.5333439039923524
-4.5333476424453663
-4.5333515743546844
-4.5333557024748847
-4.5333600281923925
-4.5333645513181526
-4.5333692698790724
-4.5333741799164793
-4.5333792753011126
-4.533384547575201
-4.5333899858325255
-4.5333955766473135
-4.5334013040616314
-4.5334071496392108
-4.5334130925905933
-4.5334191099702164
-4.5334251769470573
-4.6213006254084403
-4.6213015265254143
-4.6213025998156096
-4.6213037509262289
-4.621305036168633
-4.6213064754159969
-4.6213080593565614
-4.6213097637067886
-4.6213115547373667
-4.6213133945227591
-4.6213152463180487
-4.6213170786698576
-4.6213188678065631
-4.6213205984630044
-4.6213222635195503
-4.6213238628910451
-4.621325402059524
-4.6213268905502334
-4.6213283405441201
-4.6213297657269807
-4.6213311804065134
-4.6213325988842833
-4.6213340350460266
-4.6213355021249587
-4.6213370125931439
-4.6213385781414225
-4.6213402097157541
-4.621341917585239
-4.6213437114238856
-4.6213456003934583
-4.6213475932190109
-4.621349698251727
-4.621351923515773
-4.62135427673722
-4.6213567653540188
-4.6213593965064446
-4.6213621770077742
-4.6213651132951004
-4.6213682113603456
-4.6213714766618379
-4.6213749140169309
-4.6213785274767982
-4.6213823201849467
-4.6213862942218888
-4.6213904504392298
-4.6213947882875503
-4.6213993056435179
-4.6214039986428341
-4.6214088615264819
-4.6214138865086625
-4.6214190636750692
-4.6214243809200148
-4.6214298239303151
-4.6214353762224656
-4.6214410192371966
-4.6214467324913162
-4.6214524937904518
-4.7093326997503011
-4.7093335763192199
-4.7093346235689193
-4.709335750099001
-4.7093370100149778
-4.7093384225199202
-4.7093399787630101
-4.7093416553550576
-4.7093434195700414
-4.7093452343763742
-4.7093470636716441
-4.7093488763425349
-4.7093506486754944
-4.7093523652411724
-4.7093540186051257
-4.7093556082823227
-4.7093571393204243
-4.7093586208093319
-4.7093600645119542
-4.7093614837200315
-4.7093628923698896
-4.7093643044083695
-4.7093657333746641
-4.7093671921542875
-4.7093686928612577
-4.7093702468095131
-4.7093718645417093
-4.7093735558908412
-4.70937533005673
-4.7093771956848407
-4.7093791609389895
-4.7093812335626684
-4.709383420925719
-4.7093857300546187
-4.7093881676454474
-4.709390740059189
-4.7093934532993336
-4.7093963129719674
-4.7093993242286132
-4.7094024916923853
-4.7094058193681789
-4.7094093105379429
-4.7094129676426846
-4.709416792153208
-4.7094207844324938
-4.7094249435932909
-4.7094292673553735
-4.7094337519077127
-4.7094383917815978
-4.7094431797412346
-4.7094481066987433
-4.7094531616602922
-4.7094583317096967
-4.7094636020348677
-4.7094689560006309
-4.709474375268897
-4.7094798399713538
-4.7973646929918461
-4.7973655460910827
-4.797366568217611
-4.7973676707305968
-4.7973689056446975
-4.7973702915445999
-4.7973718200527991
-4.7973734686826592
-4.7973752057251389
-4.7973769950636562
-4.7973788012654115
-4.797380593586662
-4.7973823483995437
-4.7973840501327478
-4.7973856910518498
-4.7973872702788514
-4.7973887924267631
-4.7973902661441015
-4.7973917027657853
-4.7973931151774396
-4.797394516931603
-4.7973959216090876
-4.797397342393567
-4.7973987918172423
-4.7974002816346255
-4.7974018227860995
-4.7974034254197022
-4.7974050989467623
-4.7974068521135242
-4.797408693076199
-4.7974106294711412
-4.7974126684748173
-4.7974148168504573
-4.7974170809796748
-4.797419466878269
-4.7974219801960354
-4.7974246262006792
-4.7974274097462084
-4.7974303352262471
-4.7974334065129876
-4.7974366268825719
-4.7974399989280334
-4.7974435244612943
-4.797447204406069
-4.7974510386841489
-4.7974550260980422
-4.7974591642136524
-4.7974634492472026
-4.7974678759612548
-4.7974724375749602
-4.7974771256940896
-4.7974819302661533
-4.7974868395656696
-4.7974918402139402
-4.797496917236268
-4.7975020541563298
-4.7975072331315118
-4.8853966023670248
-4.8853974330469354
-4.8853984309608727
-4.8853995100448993
-4.885400720332969
-4.8854020798383164
-4.8854035806644598
-4.8854052012306326
-4.8854069108538551
-4.8854086743497538
-4.8854104569794226
-4.8854122283965378
-4.8854139650860446
-4.8854156513574631
-4.8854172791925921
-4.8854188473294142
-4.8854203599484336
-4.8854218252534167
-4.8854232541440439
-4.885424659090444
-4.8854260532514528
-4.8854274498328287
-4.8854288616557833
-4.8854303008952957
-4.885431778946284
-4.8854333063799187
-4.8854348929588989
-4.8854365476875223
-4.8854382788787367
-4.8854400942257481
-4.8854420008698343
-4.8854440054591413
-4.8854461141953518
-4.8854483328666083
-4.8854506668659941
-4.8854531211954759
-4.8854557004555623
-4.8854584088211297
-4.8854612500040329
-4.8854642272032676
-4.8854673430435565
-4.8854705995035079
-4.8854739978347173
-4.885477538473503
-4.8854812209473986
-4.8854850437789548
-4.8854890043898083
-4.8854930990085172
-4.8854973225859917
-4.8855016687226831
-4.8855061296118558
-4.8855106960032186
-4.8855153571909415
-4.8855201010295577
-4.8855249139803272
-4.8855297811891196
-4.8855346865982865
-4.9734284255211021
-4.9734292348021434
-4.9734302094055076
-4.9734312656720672
-4.9734324517604263
-4.9734337851546444
-4.9734352584423913
-4.9734368509472109
-4.973438533016532
-4.9734402704113467
-4.9734420291078587
-4.9734437791831336
-4.9734454972613076
-4.9734471675558254
-4.9734487817821167
-4.9734503383049065
-4.973451840876602
-4.9734532972553218
-4.9734547179008182
-4.9734561148608387
-4.9734575008929509
-4.9734588888209608
-4.973460291098533
-4.9734617195410653
-4.9734631851849906
-4.9734646982374358
-4.9734662680854695
-4.9734679033409508
-4.973469611903349
-4.9734714010280916
-4.9734732773922303
-4.9734752471521428
-4.9734773159902614
-4.9734794891492324
-4.973481771452871
-4.9734841673139183
-4.9734866807288629
-4.9734893152604664
-4.9734920740085924
-4.9734949595702105
-4.9734979739894989
-4.9735011186991045
-4.9735043944538937
-4.9735078012587399
-4.973511338292119
-4.9735150038277629
-4.9735187951567452
-4.9735227085129576
-4.973526739004936
-4.9735308805575151
-4.9735351258666345
-4.9735394663707533
-4.9735438922420769
-4.9735483924003869
-4.9735529545516659
-4.9735575652527588
-4.9735622100028225
-5.0614601604800553
-5.061460949351023
-5.0614619015354325
-5.061462935617782
-5.0614640979819852
-5.0614654056206625
-5.0614668516043135
-5.0614684161543577
-5.0614700706482072
-5.0614717818011634
-5.0614735163225362
-5.0614752447366067
-5.0614769438321634
-5.061478597749768
-5.0614801979568673
-5.0614817424573255
-5.0614832345819059
-5.0614846816445107
-5.0614860936626593
-5.0614874822571547
-5.0614888597789287
-5.0614902386649261
-5.0614916309978835
-5.0614930482326566
-5.0614945010493591
-5.0614959992969188
-5.0614975519967516
-5.0614991673827188
-5.0615008529599761
-5.061502615570296
-5.0615044614556775
-5.0615063963150586
-5.0615084253510894
-5.0615105533054363
-5.0615127844820327
-5.0615151227582631
-5.0615175715845124
-5.0615201339726266
-5.0615228124740677
-5.0615256091485588
-5.061528525524186
-5.0615315625500195
-5.061534720542439
-5.061537999126565
-5.0615413971743974
-5.0615449127415024
-5.0615485430043394
-5.061552284200495
-5.0615561315744246
-5.0615600793313282
-5.0615641206019095
-5.0615682474207357
-5.0615724507207558
-5.0615767203461717
-5.0615810450855605
-5.0615854127261173
-5.0615898101292194
-5.1494918056197614
-5.1494925750361489
-5.1494935056809625
-5.1494945182324141
-5.1494956573956854
-5.149496939705327
-5.149498358709022
-5.149499895514845
-5.1495015225249032
-5.1495032074134608
-5.1495049176375094
-5.149506624190102
-5.1495083040489567
-5.1495099413048626
-5.1495115271964336
-5.149513059380519
-5.1495145407745886
-5.1495159782518778
-5.1495173813875823
-5.1495187613731916
-5.1495201301496882
-5.1495214997640719
-5.1495228819263543
-5.1495242877311584
-5.1495257275053588
-5.149527210746113
-5.1495287461192882
-5.1495303414949323
-5.1495320040023396
-5.1495337400925223
-5.1495355555998881
-5.1495374557979972
-5.1495394454463588
-5.1495415288267798
-5.1495437097686851
-5.1495459916634321
-5.1495483774680855
-5.1495508696992127
-5.1495534704174988
-5.1495561812040034
-5.1495590031290028
-5.1495619367144139
-5.149564981890923
-5.1495681379510971
-5.1495714034998477
-5.1495747764038411
-5.1495782537416215
-5.1495818317563273
-5.1495855058130928
-5.1495892703632586
-5.1495931189176414
-5.1495970440309673
-5.1496010372995107
-5.1496050893737531
-5.1496091899875118
-5.1496133280042855
-5.1496174914803801
-5.2375233596350981
-5.2375241105175627
-5.2375250204880928
-5.2375260121801892
-5.2375271287116725
-5.2375283861881456
-5.237529778624654
-5.2375312879999489
-5.2375328877307252
-5.2375345464504584
-5.2375362323748584
-5.2375379169848255
-5.2375395774699545
-5.2375411978940809
-5.237542769286728
-5.2375442889728197
-5.2375457594666042
-5.2375471872061539
-5.2375485813263225
-5.2375499525889664
-5.237551312523685
-5.2375526727861912
-5.2375540447134021
-5.2375554390411834
-5.2375568657470923
-5.2375583339833609
-5.2375598520705271
-5.2375614275286377
-5.2375630671287903
-5.2375647769528904
-5.2375665624534768
-5.2375684285085455
-5.2375703794683384
-5.2375724191926016
-5.2375745510777767
-5.2375767780741427
-5.2375791026933536
-5.2375815270070172
-5.237584052637021
-5.2375866807384819
-5.2375894119762165
-5.237592246495657
-5.2375951838892867
-5.2375982231597327
-5.237601362680695
-5.2376046001571472
-5.237607932586239
-5.2376113562204827
-5.2376148665349707
-5.2376184582003082
-5.2376221250630532
-5.2376258601354042
-5.2376296555957138
-5.2376335028012706
-5.2376373923145145
-5.2376413139433504
-5.2376452567953011
-5.3255548215091721
-5.325555554742107
-5.3255564448878747
-5.325557416408544
-5.3255585109214403
-5.3255597441282401
-5.3255611104974623
-5.3255625928578985
-5.3255641656258756
-5.3255657983898725
-5.325567460131694
-5.325569122836546
-5.3255707639273409
-5.3255723674632849
-5.325573924284992
-5.3255754314016217
-5.3255768909358068
-5.3255783088977813
-5.3255796939859588
-5.3255810565341193
-5.325582407660856
-5.3255837586308097
-5.3255851204088245
-5.3255865033745078
-5.3255879171607692
-5.325589370582148
-5.3255908716240619
-5.3255924274699904
-5.3255940445496766
-5.3255957285963156
-5.3255974847045753
-5.32559931738452
-5.3256012306082994
-5.3256032278482239
-5.3256053121056022
-5.3256074859304068
-5.3256097514322134
-5.3256121102829761
-5.3256145637124543
-5.3256171124970288
-5.3256197569428201
-5.3256224968639954
-5.3256253315572053
-5.3256282597732305
-5.3256312796868199
-5.3256343888660229
-5.3256375842421795
-5.3256408620819382
-5.3256442179626813
-5.3256476467527616
-5.3256511425980344
-5.3256546989159865
-5.3256583083988067
-5.3256619630264721
-5.3256656540908258
-5.3256693722312027
-5.3256731074817756
-5.4135861904827189
-5.4135869069129336
-5.4135877780659767
-5.4135887301177403
-5.4135898032674348
-5.4135910128338622
-5.4135923537211994
-5.41359380958305
-5.4135953558155681
-5.4135969629535232
-5.4135986007484318
-5.4136002417034996
-5.4136018634947307
-5.4136034501984129
-5.4136049924866345
-5.4136064870699023
-5.4136079356922089
-5.41360934394495
-5.413610720095777
-5.413612074053729
-5.4136134165284293
-5.4136147583951599
-5.4136161102489373
-5.4136174821166207
-5.4136188832917576
-5.4136203222588026
-5.4136218066781954
-5.4136233434098582
-5.4136249385582254
-5.4136265975269158
-5.4136283250750781
-5.4136301253703403
-5.4136320020353779
-5.4136339581866624
-5.4136359964647376
-5.4136381190561602
-5.4136403277074159
-5.4136426237314712
-5.4136450080076681
-5.4136474809757082
-5.4136500426245933
-5.4136526924773243
-5.4136554295722599
-5.4136582524420636
-5.413661159091177
-5.4136641469728639
-5.4136672129668897
-5.4136703533589339
-5.4136735638229112
-5.4136768394073487
-5.4136801745269798
-5.4136835629606583
-5.4136869978566011
-5.4136904717458725
-5.4136939765648435
-5.4136975036870929
-5.4137010439649664
-5.5016174660238155
-5.5016181664592807
-5.5016190194325816
-5.5016199527307776
-5.5016210052130363
-5.5016221918324373
-5.5016235079071736
-5.5016249378858886
-5.5016264581199295
-5.501628040077077
-5.5016296542783296
-5.5016312737557156
-5.5016328764562674
-5.5016344464942932
-5.5016359743938441
-5.5016374565846347
-5.5016388944462546
-5.5016402931617812
-5.5016416605754328
-5.5016430061765043
-5.5016443402692508
-5.5016456733426953
-5.5016470156254522
-5.5016483767960258
-5.5016497658145376
-5.5016511908431864
-5.5016526592275605
-5.5016541775166088
-5.5016557515046651
-5.5016573862837452
-5.5016590862982042
-5.5016608553967128
-5.5016626968786717
-5.5016646135334506
-5.5016666076719645
-5.5016686811505684
-5.5016708353876647
-5.5016730713735607
-5.5016753896743191
-5.5016777904302865
-5.5016802733501011
-5.5016828377009555
-5.5016854822959314
-5.5016882054792076
-5.5016910051100423
-5.5016938785463738
-5.5016968226289666
-5.5016998336670735
-5.5017029074265054
-5.5017060391211601
-5.5017092234088185
-5.5017124543922309
-5.5017157256262177
-5.5017190301315226
-5.5017223604159931
-5.5017257085034883
-5.5017290659707045
-5.5896486477979197
-5.589649333006574
-5.5896501685925202
-5.5896510838636981
-5.5896521164129735
-5.5896532808411079
-5.5896545728548999
-5.5896559776637815
-5.5896574725447898
-5.5896590298808535
-5.5896606209582567
-5.589662219345672
-5.5896638032771957
-5.5896653569251518
-5.589666870685984
-5.5896683407271217
-5.5896697680790899
-5.5896711575285867
-5.589672516505277
-5.5896738540852517
-5.5896751801724633
-5.5896765048741059
-5.5896778380568959
-5.5896791890562447
-5.5896805665053284
-5.5896819782522043
-5.589683431337634
-5.5896849320117692
-5.589686485773294
-5.5896880974194261
-5.5896897710989393
-5.5896915103631635
-5.5896933182121016
-5.5896951971341213
-5.5896971491385958
-5.5896991757815435
-5.589701278184573
-5.5897034570476913
-5.589705712656615
-5.5897080448853034
-5.5897104531943747
-5.5897129366262206
-5.5897154937974793
-5.5897181228896446
-5.5897208216385827
-5.5897235873237072
-5.5897264167576068
-5.5897293062769284
-5.5897322517352945
-5.5897352484990774
-5.5897382914467526
-5.589741374972574
-5.5897444929952238
-5.5897476389719811
-5.5897508059188752
-5.5897539864371328
-5.5897571727460864
-5.6776797356382769
-5.6776804063468891
-5.6776812253158511
-5.6776821232962558
-5.6776831366841973
-5.6776842797378215
-5.6776855485234474
-5.6776869289725065
-5.6776883992534151
-5.6776899326416572
-5.6776915011806226
-5.6776930789803393
-5.6776946445759293
-5.6776961822166614
-5.6776976821916643
-5.6776991404250747
-5.6777005576147195
-5.6777019381641285
-5.6777032890987424
-5.6777046190894742
-5.6777059376464241
-5.6777072545006089
-5.6777085791624158
-5.6777099206302237
-5.6777112872172717
-5.6777126864658358
-5.6777141251218177
-5.6777156091483389
-5.6777171437621536
-5.6777187334814334
-5.6777203821771556
-5.6777220931231174
-5.6777238690417233
-5.6777257121439577
-5.6777276241629488
-5.6777296063811207
-5.6777316596511973
-5.6777337844115907
-5.6777359806967818
-5.6777382481433305
-5.6777405859921686
-5.6777429930879091
-5.6777454678757682
-5.6777480083968053
-5.6777506122821855
-5.6777532767470689
-5.6777559985848765
-5.6777587741625668
-5.6777615994176216
-5.6777644698573271
-5.677767380561086
-5.6777703261862165
-5.6777733009778926
-5.6777762987835265
-5.6777793130720751
-5.6777823369584208
-5.6777853632330197
-5.765710729516683
-5.765711386409726
-5.7657121895086973
-5.7657130709429243
-5.76571406597715
-5.7657151885329236
-5.7657164350033234
-5.7657177919985267
-5.7657192385390532
-5.7657207487656574
-5.7657222954664746
-5.7657238532944302
-5.7657254010974341
-5.7657269232195105
-5.7657284098624197
-5.7657298567264403
-5.7657312641939518
-5.7657326362997452
-5.765733979676738
-5.7657353026000528
-5.7657366141937159
-5.7657379238194277
-5.7657392406378118
-5.7657405733170242
-5.7657419298579118
-5.7657433175055521
-5.7657447427209014
-5.7657462111914644
-5.7657477278651079
-5.7657492969957058
-5.7657509221929093
-5.7657526064711675
-5.7657543522951036
-5.7657561616196746
-5.7657580359244962
-5.7657599762422969
-5.7657619831817213
-5.7657640569449873
-5.7657661973409597
-5.7657684037941923
-5.765770675350617
-5.7657730106804959
-5.7657754080791568
-5.7657778654662648
-5.7657803803840864
-5.7657829499954252
-5.7657855710817971
-5.7657882400423857
-5.765790952894422
-5.7657937052754233
-5.7657964924478904
-5.7657993093069138
-5.7658021503910621
-5.7658050098969822
-5.7658078816979206
-5.765810759366385
-5.7658136362010355
-5.853741629514615
-5.8537422732331281
-5.8537430611844536
-5.8537439268242943
-5.8537449043474092
-5.8537460073411731
-5.8537472324889555
-5.8537485670318743
-5.8537499907982999
-5.8537514787620895
-5.8537530044395965
-5.8537545430248157
-5.8537560736879675
-5.8537575808843174
-5.8537590547478704
-5.8537604907747856
-5.853761889050026
-5.8537632532552477
-5.8537645896438013
-5.8537659061057594
-5.8537672113881287
-5.8537685144912786
-5.8537698242335958
-5.8537711489605888
-5.8537724963687507
-5.853773873414803
-5.8537752862846295
-5.8537767404012104
-5.8537782404559584
-5.8537797904522781
-5.8537813937537635
-5.8537830531321937
-5.8537847708124353
-5.8537865485126899
-5.8537883874794581
-5.8537902885170725
-5.8537922520120969
-5.853794277952959
-5.8537963659453558
-5.8537985152240042
-5.8538007246612418
-5.8538029927731268
-5.8538053177235483
-5.8538076973268591
-5.8538101290496325
-5.8538126100120094
-5.8538151369891676
-5.8538177064134027
-5.853820314377308
-5.8538229566384672
-5.853825628626149
-5.8538283254503227
-5.8538310419133603
-5.853833772524724
-5.8538365115188018
-5.8538392528761003
-5.8538419903477807
-5.9417724357946291
-5.9417730669350606
-5.9417738404352027
-5.9417746910386988
-5.9417756519276743
-5.9417767363541651
-5.9417779412516127
-5.9417792544396324
-5.9417806565050881
-5.9417821232178367
-5.9417836288015291
-5.9417851489860016
-5.941786663270892
-5.9417881562378616
-5.9417896179722751
-5.9417910437861252
-5.9417924334857908
-5.9417937904164004
-5.9417951204659758
-5.9417964311515536
-5.9417977308533914
-5.9417990282196378
-5.9418003317349042
-5.9418016494303707
-5.9418029887067272
-5.9418043562414322
-5.9418057579551657
-5.9418071990172034
-5.941808683874398
-5.9418102162926916
-5.9418117994037853
-5.941813435752092
-5.9418151273391171
-5.9418168756637035
-5.9418186817574874
-5.9418205462153715
-5.9418224692212966
-5.9418244505695812
-5.9418264896824082
-5.9418285856238713
-5.941830737111168
-5.9418329425234386
-5.9418351999087164
-5.9418375069895273
-5.9418398611675878
-5.9418422595280509
-5.9418446988437896
-5.941847175580051
-5.9418496859000189
-5.9418522256715161
-5.9418547904753289
-5.9418573756153785
-5.9418599761310356
-5.9418625868118422
-5.9418652022147374
-5.9418678166839465
-5.9418704243735361
-6.0298031485719816
-6.0298037676849869
-6.0298045274033694
-6.0298053637340496
-6.0298063088999836
-6.0298073758130348
-6.0298085616127128
-6.0298098546399101
-6.0298112361853589
-6.0298126827726852
-6.0298141693074578
-6.0298156720465528
-6.0298171708236419
-6.0298186503604638
-6.0298201007123113
-6.0298215170271519
-6.0298228988522586
-6.0298242492139202
-6.0298255736502258
-6.0298268793184358
-6.0298281742435549
-6.0298294667316972
-6.029830764943112
-6.0298320766036877
-6.0298334088273817
-6.0298347680217583
-6.0298361598522083
-6.0298375892449148
-6.0298390604135568
-6.029840576898911
-6.0298421416139627
-6.0298437568898215
-6.0298454245195527
-6.0298471457983274
-6.0298489215592541
-6.0298507522046689
-6.029852637733037
-6.0298545777618449
-6.0298565715468389
-6.0298586179981264
-6.0298607156935997
-6.0298628628901287
-6.029865057532998
-6.0298672972640253
-6.02986957942879
-6.0298719010833377
-6.0298742590008052
-6.0298766496782976
-6.0298790693443607
-6.0298815139674069
-6.0298839792653256
-6.0298864607165985
-6.0298889535730886
-6.0298914528747227
-6.0298939534661651
-6.0298964500155687
-6.0298989370354441
-6.1178337680864212
-6.1178343756755558
-6.1178351222534317
-6.1178359450798006
-6.1178368754680523
-6.1178379259813935
-6.1178390939174312
-6.1178403680761688
-6.1178417303921231
-6.117843158095182
-6.1178446267427695
-6.1178461131063093
-6.1178475973555217
-6.117849064364357
-6.1178505041759736
-6.1178519117945678
-6.1178532865284678
-6.1178546311037563
-6.1178559507251826
-6.1178572522047272
-6.1178585432248083
-6.1178598317607982
-6.1178611256589006
-6.1178624323495274
-6.1178637586694791
-6.1178651107661333
-6.1178664940595704
-6.1178679132433134
-6.1178693723088893
-6.1178708745835264
-6.1178724227738135
-6.1178740190105296
-6.1178756648918773
-6.1178773615235205
-6.1178791095546678
-6.1178809092100241
-6.1178827603177179
-6.1178846623334744
-6.1178866143614519
-6.1178886151720677
-6.1178906632173868
-6.1178927566443662
-6.1178948933064161
-6.1178970707736902
-6.1178992863424524
-6.1179015370438856
-6.1179038196526978
-6.1179061306958138
-6.11790846646152
-6.1179108230092023
-6.117913196180095
-6.1179155816090871
-6.1179179747378951
-6.1179203708296575
-6.1179227649850842
-6.1179251521602369
-6.1179275271859161
-6.2058642945739795
-6.2058648910943077
-6.2058656251436615
-6.205866435238895
-6.2058673518296805
-6.2058683871183087
-6.205869538508427
-6.2058707951917897
-6.2058721396809364
-6.2058735498589321
-6.2058750019001829
-6.2058764730743086
-6.2058779438863425
-6.2058793993729546
-6.2058808295824424
-6.2058822293955558
-6.2058835979024307
-6.2058849375485829
-6.2058862532231762
-6.2058875514086136
-6.20588883945861
-6.205890125030157
-6.2058914156666951
-6.2058927185137005
-6.2058940401410023
-6.205895386445806
-6.2058967626129906
-6.2058981731137663
-6.2058996217281823
-6.2059011115810199
-6.2059026451839978
-6.2059042244795508
-6.2059058508834504
-6.205907525324645
-6.2059092482815181
-6.2059110198144207
-6.2059128395944327
-6.2059147069286897
-6.20591662078255
-6.2059185797990075
-6.2059205823157093
-6.2059226263800049
-6.2059247097623418
-6.2059268299683943
-6.2059289842502761
-6.2059311696171076
-6.2059333828453029
-6.2059356204887948
-6.205937878889495
-6.2059401541882071
-6.2059424423362151
-6.2059447391076921
-6.2059470401130969
-6.2059493408136914
-6.205951636537212
-6.2059539224947651
-6.205956193798956
-6.2938947282386808
-6.2938953140952467
-6.2938960361976886
-6.293896834339602
-6.2938977381490266
-6.2938987594512721
-6.2938998956996244
-6.2939011364047754
-6.2939024645855168
-6.2939038587192346
-6.2939052955573116
-6.2939067528472039
-6.2939082114256708
-6.2939096565008725
-6.2939110781427798
-6.2939124711290608
-6.2939138343530479
-6.2939151700002824
-6.2939164826632616
-6.2939177785117746
-6.2939190645859036
-6.2939203482377248
-6.2939216367201762
-6.2939229369051288
-6.2939242551061927
-6.2939255969808237
-6.2939269674889919
-6.2939283708898932
-6.293929810762525
-6.2939312900398674
-6.2939328110496335
-6.2939343755570603
-6.2939359848068746
-6.2939376395628939
-6.2939393401444086
-6.2939410864591734
-6.2939428780329036
-6.2939447140356011
-6.2939465933048551
-6.2939485143666545
-6.293950475453828
-6.2939524745226194
-6.2939545092676914
-6.2939565771358055
-6.2939586753386072
-6.2939608008647081
-6.2939629504913279
-6.2939651207958223
-6.2939673081672698
-6.2939695088182805
-6.2939717187972928
-6.2939739340014365
-6.293976150190109
-6.2939783629993657
-6.2939805679571394
-6.2939827604993948
-6.2939849359871491
-6.3819250692240317
-6.3819256447701518
-6.3819263554758248
-6.3819271424470436
-6.3819280345286504
-6.3819290431489266
-6.3819301657498295
-6.3819313920823859
-6.3819327055934849
-6.3819340852898501
-6.3819355084545064
-6.3819369532881121
-6.3819384009525733
-6.3819398368344951
-6.3819412510412619
-6.381942638267871
-6.3819439972328267
-6.3819453298832984
-6.381946640535217
-6.3819479350639794
-6.3819492202123254
-6.3819505030420629
-6.3819517905288343
-6.3819530892830798
-6.3819544053735884
-6.3819557442289172
-6.3819571105946409
-6.3819585085282782
-6.3819599414180397
-6.3819614120153574
-6.3819629224742753
-6.3819644743932296
-6.3819660688563955
-6.3819677064729836
-6.3819693874137409
-6.3819711114442637
-6.3819728779551737
-6.3819746859892517
-6.3819765342658279
-6.3819784212026951
-6.3819803449358341
-6.3819823033373391
-6.3819842940317262
-6.3819863144110069
-6.3819883616487658
-6.3819904327135033
-6.3819925243814719
-6.3819946332492341
-6.381996755746175
-6.3819988881470699
-6.3820010265849225
-6.3820031670641839
-6.3820053054744417
-6.3820074376046696
-6.3820095591580666
-6.3820116657675205
-6.3820137530116821
-6.4699553175840805
-6.4699558831194715
-6.4699565829459287
-6.4699573595343356
-6.4699582409811587
-6.4699592382934981
-6.469960348836123
-6.4699615625155875
-6.4699628631219799
-6.4699642301198237
-6.4699656412727906
-6.469967075205644
-6.4699685133956697
-6.4699699414129794
-6.4699713494172642
-6.4699727320412741
-6.4699740878512895
-6.4699754185787128
-6.4699767282842515
-6.4699780225684265
-6.4699793078942243
-6.4699805910489676
-6.4699818787452807
-6.4699831773452159
-6.4699844926848069
-6.4699858299750579
-6.4699871937579623
-6.46998858789979
-6.4699900156081362
-6.4699914794628617
-6.4699929814542223
-6.4699945230236535
-6.4699961051044719
-6.4699977281609193
-6.4699993922246808
-6.4700010969285033
-6.470002841536922
-6.4700046249741439
-6.4700064458493207
-6.4700083024794814
-6.4700101929103679
-6.4700121149354581
-6.4700140661134684
-6.4700160437845717
-6.4700180450855767
-6.4700200669643291
-6.4700221061935315
-6.4700241593841659
-6.4700262229987651
-6.4700282933645559
-6.4700303666867685
-6.4700324390621127
-6.4700345064925182
-6.4700365648992477
-6.4700386101373919
-6.4700406380107376
-6.4700426442870231
)
;

boundaryField
{
    hotWall
    {
        type            calculated;
        value           nonuniform List<scalar> 
37
(
-3.3008132332195044
-3.3888458322273243
-3.4768784577691658
-3.5649110982982957
-3.6529437429012854
-3.7409763813092103
-3.8290090039039986
-3.9170416017199536
-4.0050741664406511
-4.0931066903914672
-4.1811391665280881
-4.2691715884213997
-4.3572039502391346
-4.4452362467247326
-4.5332684731737753
-4.6213006254084412
-4.7093326997503002
-4.7973646929918461
-4.8853966023670239
-4.9734284255211012
-5.0614601604800544
-5.1494918056197605
-5.2375233596350972
-5.3255548215091713
-5.4135861904827172
-5.5016174660238146
-5.5896486477979197
-5.6776797356382751
-5.7657107295166821
-5.8537416295146167
-5.9417724357946282
-6.0298031485719825
-6.1178337680864212
-6.2058642945739786
-6.2938947282386826
-6.3819250692240299
-6.4699553175840983
)
;
    }
    coldWall
    {
        type            calculated;
        value           nonuniform List<scalar> 0();
    }
    bottomWall
    {
        type            calculated;
        value           nonuniform List<scalar> 0();
    }
    topWall
    {
        type            calculated;
        value           nonuniform List<scalar> 0();
    }
    front
    {
        type            empty;
    }
    back
    {
        type            empty;
    }
    procBoundary8to6
    {
        type            processor;
        value           nonuniform List<scalar> 
58
(
-3.124802254141239
-3.1248047805158476
-3.1248075805051831
-3.1248106872248038
-3.1248141348317575
-3.12481795773884
-3.1248221895224835
-3.1248268614925356
-3.1248320009167503
-3.1248376289316897
-3.1248437582244706
-3.1248503906331133
-3.1248575148789484
-3.1248651046990696
-3.1248731176751336
-3.1248814950395429
-3.1248901626712327
-3.124899033370673
-3.124908010341493
-3.1249169916315283
-3.1249258751349305
-3.1249345636625816
-3.1249429695729494
-3.1249510185231211
-3.212780672909842
-3.2127821292979335
-3.2127837469132681
-3.2127853526830026
-3.2127870577370126
-3.2127889032680987
-3.2127908771278486
-3.2127929442250096
-3.212795058539299
-3.2127971720952306
-3.212799242394536
-3.2128012367906122
-3.2128031339265419
-3.2128049231390308
-3.2128066027489797
-3.2128081779519775
-3.2128096587746233
-3.2128110583450384
-3.2128123915689777
-3.2128136742067355
-3.212814922297361
-3.2128161518591387
-3.2128173787957266
-3.2128186189465175
-3.2128198882319547
-3.2128212028565786
-3.2128225795428778
-3.2128240357769107
-3.2128255900520828
-3.2128272621005065
-3.2128290731022808
-3.212831045861996
-3.2128332049391131
-3.2128332049391131
)
;
    }
    procBoundary8to7
    {
        type            processor;
        value           nonuniform List<scalar> 
57
(
-6.5579854732540541
-6.5579860290226506
-6.5579867184536651
-6.5579874854530775
-6.5579883574002453
-6.5579893448526132
-6.5579904450267055
-6.5579916478931182
-6.5579929374929655
-6.5579942936700899
-6.557995694611777
-6.5579971193330255
-6.5579985496134006
-6.5579999712095409
-6.5580013743474783
-6.5580027536181253
-6.5580041074588209
-6.5580054374088474
-6.5580067472963215
-6.5580080424677449
-6.5580093291252766
-6.558010613798789
-6.5580119029532469
-6.5580132027162774
-6.5580145187039607
-6.558015855921651
-6.5580172187189305
-6.558018610781418
-6.5580200351462299
-6.5580214942314798
-6.5580229898731579
-6.5580245233649528
-6.5580260954984118
-6.5580277066016492
-6.5580293565758776
-6.5580310449293098
-6.5580327708083388
-6.558034533026075
-6.5580363300884139
-6.5580381602178424
-6.5580400213752235
-6.5580419112798012
-6.5580438274276824
-6.5580457671090473
-6.5580477274242455
-6.5580497052990827
-6.5580516974994687
-6.5580537006455266
-6.5580557112254603
-6.5580577256092223
-6.558059740062137
-6.5580617507585659
-6.5580637537956932
-6.5580657452075055
-6.5580677209789302
-6.5580696770602387
-6.5580716093816012
)
;
    }
    procBoundary8to9
    {
        type            processor;
        value           nonuniform List<scalar> 4(-6.2059584454831782 -6.2939870897243324 -6.3820158164316272 -6.4700446247135854);
    }
    procBoundary8to10
    {
        type            processor;
        value           nonuniform List<scalar> 
34
(
-3.2129936565601662
-3.3010275595448761
-3.3890604102471769
-3.4770922767218249
-3.5651232421102335
-3.6531534003483195
-3.7411828516798975
-3.8292116983434865
-3.9172400407351242
-4.0052679742561876
-4.0932955869528165
-4.1813229579609521
-4.2693501567101846
-4.357377242709644
-4.4454042658727309
-4.5334312671925874
-4.6214582796109998
-4.7094853289902039
-4.7975124352381764
-4.8855396131227939
-4.9735668733684131
-5.061594223330304
-5.1496216677481064
-5.2376492093462277
-5.3256768493304589
-5.4137045877804733
-5.5017324239917809
-5.5897603567224374
-5.6777883843967505
-5.7658165052577663
-5.8538447174835859
-5.9418730192726619
-6.0299014089055882
-6.1179298847886407
)
;
    }
}


// ************************************************************************* //
