/*--------------------------------*- C++ -*----------------------------------*\
  =========                 |
  \\      /  F ield         | OpenFOAM: The Open Source CFD Toolbox
   \\    /   O peration     | Website:  https://openfoam.org
    \\  /    A nd           | Version:  13
     \\/     M anipulation  |
\*---------------------------------------------------------------------------*/
FoamFile
{
    format      ascii;
    class       volScalarField;
    location    "2.92057390164";
    object      p_rgh;
}
// * * * * * * * * * * * * * * * * * * * * * * * * * * * * * * * * * * * * * //

dimensions      [1 -1 -2 0 0 0 0];

internalField   nonuniform List<scalar> 
2154
(
-0.00057375476316377631
-0.00052758076100912793
-0.00048701806764806736
-0.00045140180958061417
-0.00042010625419022806
-0.00039254713047491726
-0.00036818387898932578
-0.00034652155473999892
-0.00032711217837251018
-0.00030955537400090114
-0.0002934982266674184
-0.00027863436538067037
-0.0002647023369162621
-0.00025148337435539129
-0.0002387986821676467
-0.00022650636023882864
-0.00021449807817500727
-0.00020269559390630204
-0.0050137678135235928
-0.0047125883153879477
-0.004412553249658926
-0.0041154417353523416
-0.0038230430524165146
-0.0035374553748398958
-0.0032608582050678036
-0.0029952899070092701
-0.0027424978671703099
-0.0025038465738064738
-0.0022802776081883806
-0.0020723149261318852
-0.0018801039133651122
-0.0017034708365803578
-0.0015419905312520307
-0.00139505282976676
-0.0012619216512780363
-0.0011417835706043311
-0.0010337850621169578
-0.00093705926108327313
-0.00085074389847666118
-0.00077399246937999108
-0.00070598067117351438
-0.00064590992197069343
-0.00059300939850197645
-0.00054653760778683913
-0.00050578417577774783
-0.00047007210335778602
-0.00043876048359477903
-0.00041124748825897915
-0.00038697334104284033
-0.00036542296406938217
-0.00034612805183610877
-0.00032866838156700066
-0.00031267227522315563
-0.00029781620809256131
-0.00028382362570658252
-0.00027046307404663994
-0.00025754576756305243
-0.00024492271977193857
-0.00023248154836227484
-0.00022014304732315503
-0.0050491834662877641
-0.0047477387249040479
-0.0044474894995753982
-0.0041502323593094123
-0.003857713917762923
-0.0035719876247887186
-0.0032951919545271676
-0.0030293303775786916
-0.0027761251088720246
-0.0025369273513819166
-0.0023126774847918737
-0.0021039090469028628
-0.0019107855732174968
-0.001733157474067131
-0.0015706272319935476
-0.0014226137337851499
-0.0012884096937045783
-0.0011672289940510775
-0.0010582430704584014
-0.0009606070064981585
-0.0008734769402302567
-0.000796020802549692
-0.00072742440269363262
-0.00066689470202610588
-0.00061366175182510244
-0.00056698026022244464
-0.00052613162452595547
-0.0004904265912909142
-0.00045920852490345399
-0.00043185706102011036
-0.00040779181853299921
-0.00038647581351945992
-0.00036741829431954063
-0.00035017677236094219
-0.00033435814833114049
-0.00031961891676512614
-0.00030566450725404533
-0.00029224786765531493
-0.00027916741524888457
-0.00026626448053603273
-0.00025342035277427043
-0.00024055301351459378
-0.00022761362145352711
-0.0050836537739973433
-0.0047820830268087075
-0.0044817584434859161
-0.004184494842805116
-0.0038919949921111777
-0.00360626676592499
-0.0033294069344450049
-0.003063383325259576
-0.0028098921037245064
-0.0025702702263869517
-0.0023454559315937524
-0.0021359915477041909
-0.0019420582365002551
-0.0017635303866918545
-0.0016000383672127184
-0.0014510307510550169
-0.0013158300619070973
-0.0011936788382384809
-0.0010837750284234439
-0.00098529740239364379
-0.00089742230725997575
-0.00081933386424827234
-0.00075022963364647301
-0.00068932356940672786
-0.00063584783616069584
-0.00058905420189946458
-0.0005482163224176113
-0.00051263277323605077
-0.00048163084152182692
-0.00045457082900510339
-0.00043085050344132377
-0.00040990928121157179
-0.00039123184942822293
-0.00037435094912302721
-0.00035884921438594363
-0.00034436003653011334
-0.000330567508704041
-0.00031720555726745916
-0.00030405638648632133
-0.00029094835928565241
-0.00027775341675959585
-0.0002643841113920335
-0.00025079030145236625
-0.005117118196831744
-0.0048155719975038688
-0.0045153217217995282
-0.0042182010436325286
-0.0039258677262184426
-0.0036402832812967982
-0.0033635022005664619
-0.0030974560453856759
-0.0028438141802753897
-0.0026038984611475866
-0.0023786441217342547
-0.0021686015329543647
-0.001973968970827369
-0.0017946446210459041
-0.0016302869472797899
-0.0014803748154654558
-0.0013442615355060887
-0.0012212196090847379
-0.0011104751057953227
-0.0010112321028587789
-0.00092268906410525222
-0.00084404812141004979
-0.00077452027955077457
-0.00071332805224531631
-0.00065970720889975182
-0.00061290763247604234
-0.0005721959616264066
-0.00053685895496071031
-0.00050620775423903305
-0.00047958279655882437
-0.00045635899681828197
-0.00043595065081737964
-0.00041781587668889247
-0.00040146015189799556
-0.00038643889776032226
-0.00037235905442938407
-0.00035887969978337756
-0.00034571182182355323
-0.00033261737227426486
-0.00031940772097245856
-0.00030594160453493996
-0.0002921226279266849
-0.00027789634328929778
-0.0051495162809171323
-0.0048481568696790911
-0.0045481417649347721
-0.0042513238717853596
-0.0039593148297263885
-0.003674029076521992
-0.0033974783652943037
-0.0031315575127358981
-0.0028779084799842956
-0.002637837296177547
-0.0024122754180710276
-0.0022017805599865285
-0.002006567610969848
-0.001826558351510623
-0.0016614395021987522
-0.0015107207698483698
-0.0013737871658762678
-0.0012499423842526794
-0.0011384421073031758
-0.0010385176144802337
-0.00094939088874041366
-0.00087028431728640465
-0.00080042395384838968
-0.00073904237121848529
-0.00068538103913588376
-0.00063868905026673566
-0.00059822700949626446
-0.00056327055795155957
-0.00053311498599580899
-0.0005070806980051588
-0.00048451909278082712
-0.00046481812682109609
-0.00044740756683936465
-0.00043176326785256038
-0.00041741051099392545
-0.00040392632008773055
-0.00039094080988769488
-0.00037813768229678544
-0.00036525400137070061
-0.00035207936398293281
-0.000338454548866071
-0.00032426968236653472
-0.00030946191512090421
-0.00029401256946375172
-0.0051807884048968239
-0.0048797900050624402
-0.0045801823985864602
-0.004283837831882558
-0.0039923207554551461
-0.0037074979090543705
-0.0034313379732169007
-0.0031656987034090786
-0.0029121942242510213
-0.0026721141603769788
-0.0024463855265105259
-0.0022355727392405294
-0.0020399068098196842
-0.0018593328805351064
-0.0016935660260468191
-0.0015421472521050688
-0.0014044940853932292
-0.0012799425455919844
-0.0011677793066437725
-0.00106726436620592
-0.00097764550921146192
-0.00089816664211141595
-0.00082807121878155753
-0.00076660136609056184
-0.00071300999943345604
-0.00066654471082113083
-0.00062646153073656909
-0.00059202619969577765
-0.000562518900949479
-0.00053724031287353472
-0.0005155180031517515
-0.00049671290084747231
-0.00048022497811323419
-0.00046549838382278205
-0.0004520255031928415
-0.00043935001053491596
-0.00042706897744570924
-0.0004148341564492837
-0.00040235257703488843
-0.00038938657097289074
-0.00037575329965581009
-0.0003613237995185959
-0.00034602150410966868
-0.00032982015432192989
-0.0052108766206123642
-0.0049104256452281213
-0.004611409513753671
-0.004315719620748352
-0.0040248722324072016
-0.0037406858618894609
-0.003465085917423962
-0.0031998929532069289
-0.0029466930131703969
-0.0027067589083119709
-0.0024810126707166488
-0.0022700248465926998
-0.0020740420893334524
-0.0018930326281948883
-0.0017267399025041722
-0.0015747365532275735
-0.0014364732892265617
-0.0013113194327025721
-0.0011985938988882726
-0.001097586864493489
-0.0010075734308509991
-0.00092782153369830431
-0.0008575955889740599
-0.00079613764938088461
-0.00074273236938007673
-0.00069661615925139348
-0.00065704405961649454
-0.00062327381887532847
-0.0005945717312698613
-0.0005702195404236498
-0.00054952141814560329
-0.00053181094650346238
-0.00051645741070905369
-0.00050287162994630758
-0.00049051069071059299
-0.00047888170499751112
-0.0004675446755135531
-0.00045611460069893171
-0.00044426296671042217
-0.00043171874843977071
-0.00041826898639499879
-0.00040375893455116805
-0.00038809169945896793
-0.00037122722616605736
-0.0052397255817638669
-0.0049400207332133527
-0.0046417917933965231
-0.0043469487718399702
-0.0040569588393595275
-0.0037735918547588364
-0.0034987298915498534
-0.0032341563500452863
-0.0029814291557043087
-0.0027418040850686761
-0.002516197788893644
-0.0023051864498633708
-0.0021090318954922358
-0.0019277251149039725
-0.0017610378138383466
-0.0016085744494757151
-0.0014698193888015491
-0.0013441760173234329
-0.0012309965136430364
-0.0011296024810436513
-0.0010392976487163443
-0.00095937449552330114
-0.00088911653784730274
-0.00082779601842403519
-0.00077468473552155565
-0.00072903815944647652
-0.00069010882107122841
-0.00065714719036266168
-0.00062940729777212826
-0.00060615333509240663
-0.00058666704399386999
-0.00057025518771705206
-0.00055625604613936802
-0.00054404611020407423
-0.00053304532504498149
-0.00052272146953182691
-0.00051259373801105222
-0.00050223566187239496
-0.00049127753482511739
-0.00047940847798260875
-0.00046637821373522948
-0.00045199852845088278
-0.00043614430812931825
-0.00041875394285923243
-0.00039982882947322396
-0.00037943166750562234
-0.0052672835500386997
-0.0049685357945666014
-0.0046713014836498867
-0.0043775083341973716
-0.0040885736076076463
-0.0038062181825953465
-0.0035322808694297123
-0.0032685081549104944
-0.0030164300284536397
-0.0027772852177442159
-0.0025519847528660431
-0.0023411100512863757
-0.0021449376613287361
-0.0019634809437219384
-0.0017965396423083786
-0.0016437500234969813
-0.0015046303560456201
-0.0013786185892825495
-0.0012651009175220285
-0.0011634313676206075
-0.0010729435693334496
-0.00099295648284450258
-0.00092277612869889067
-0.00086169512089016083
-0.00080899337729265614
-0.00076393616165673531
-0.00072577737150270917
-0.00069376312284122159
-0.00066713754424908812
-0.00064514920458414208
-0.00062705899251154116
-0.00061214880464697792
-0.00059972575605883756
-0.00058913193882444538
-0.00057974912900303998
-0.00057100368535474989
-0.00056237080630583977
-0.00055337822007555152
-0.00054360952983858373
-0.00053270738187873934
-0.00052037654023800561
-0.00050638684428485486
-0.00049057590536895021
-0.00047285128166745844
-0.00045319177330019122
-0.00043164741251359328
-0.0052935034633370933
-0.0049959358620387797
-0.0046999151931878527
-0.0044073855689168544
-0.0041197136374887117
-0.0038385710668295747
-0.0035657535999920409
-0.0033029712417668492
-0.0030517264564675533
-0.0028132411301543467
-0.0025884206090525889
-0.002377851248085545
-0.0021818238825164816
-0.0020003737888602022
-0.0018333283719050375
-0.0016803554811356521
-0.0015410072557307832
-0.0014147563957180769
-0.001301023529993787
-0.0011991957745812283
-0.0011086376057956708
-0.0010286957960554161
-0.00095870045008075277
-0.00089796408525542079
-0.00084578091241776935
-0.00080142603671247198
-0.00076415752900113132
-0.00073322009403580164
-0.0007078506099434189
-0.00068728471598580474
-0.0006707640475540962
-0.00065755071494550147
-0.00064691911992383847
-0.00063817856567142852
-0.00063067265201667403
-0.00062378513771172588
-0.00061694486969943424
-0.00060963013519087011
-0.00060137284961679876
-0.00059176280131097386
-0.00058045206631159388
-0.00056715958319077749
-0.00055167573191137543
-0.00053386661093667151
-0.00051367757007951423
-0.00049113544071978409
-0.00046634885119784035
-0.0053183440455646866
-0.0050221914234462161
-0.0047276147003969564
-0.0044365726438928971
-0.0041503807074118821
-0.0038706612004855666
-0.0035991671008559841
-0.0033375725428838278
-0.0030873531062246711
-0.0028497142748773086
-0.0026255558393852361
-0.0024154689130207472
-0.002219758210943164
-0.0020384803995065061
-0.0018714900041988537
-0.0017184859859003452
-0.0015790540098746741
-0.0014527013513872078
-0.0013388831013793955
-0.0012370197312656672
-0.0011465071074664528
-0.00106672067711419
-0.00099701584013161268
-0.00093672648593338883
-0.00088516354749628497
-0.0008416142504032735
-0.00080534364780586746
-0.00077559809711074074
-0.00075161065887746257
-0.00073260807959131828
-0.00071781896109480352
-0.00070647487799748441
-0.00069783367988981971
-0.00069117062679072236
-0.00068579140491566268
-0.00068103705177745472
-0.00067628881394600807
-0.00067097293244857044
-0.00066456552517859678
-0.00065659780290082002
-0.00064666178018196339
-0.00063441650689773207
-0.00061959467595125168
-0.00060200927793640634
-0.00058155978894181655
-0.0005582372038570924
-0.00053212712029707934
-0.0053417709320676202
-0.0050472793676538666
-0.004754387743389348
-0.0044650673013376359
-0.0041805818518192697
-0.0039025042640764645
-0.0036325451296191553
-0.0033723434818949036
-0.0031233488772251308
-0.0028867510737136527
-0.0026634446381667092
-0.0024540253956440296
-0.0022588115715825204
-0.0020778806288308731
-0.0019111135027688108
-0.0017582395301214205
-0.0016188772160739729
-0.0014925678349783521
-0.001378800529434891
-0.0012770289410029658
-0.0011866804292570627
-0.0011071595750148076
-0.0010378479601640918
-0.00097810219551769644
-0.00092725192487862716
-0.00088459888397482552
-0.00084941800128723269
-0.00082096059143625904
-0.00079845948765628065
-0.00078113564660096924
-0.00076820550362294824
-0.00075888751537951009
-0.00075241273391958336
-0.00074802838745053257
-0.00074500516251374083
-0.00074264275024380942
-0.00074027493976644269
-0.00073727468423021849
-0.00073305947569066805
-0.00072709734920404351
-0.00071891375143915239
-0.00070809936379899463
-0.00069431877960111161
-0.00067731971391048467
-0.00065694218938309307
-0.00063312690900140163
-0.00060592184703063957
-0.0053637577796771261
-0.0050711838994394716
-0.0047802287644656176
-0.0044928734699018948
-0.0042103298799631029
-0.003934121384873846
-0.0036659166072989858
-0.0034073203722403355
-0.0031597572742939665
-0.0029244022539645755
-0.0027021451979424328
-0.0024935867431265589
-0.0022990583070905406
-0.002118657497639028
-0.0019522907801097255
-0.0017997168600562637
-0.0016605860379716626
-0.0015344725854209078
-0.0014208988157133975
-0.0013193508639372769
-0.0012292871996941489
-0.0011501415413552303
-0.0010813221333555198
-0.001022209335234259
-0.00097215320261462084
-0.00093047224645400066
-0.00089645415533305564
-0.00086935864525466489
-0.00084842223934308131
-0.00083286448572119016
-0.00082189498315295042
-0.00081472056854543079
-0.00081055287567198737
-0.00080861425213426489
-0.00080814375140443671
-0.00080840240517418983
-0.00080867820457007351
-0.00080829117844894371
-0.00080659899062241857
-0.00080300346617018952
-0.00079695837679905979
-0.00078797866981742098
-0.00077565112222806743
-0.00075964615002417711
-0.00073973021715432997
-0.00071577799007428733
-0.00068778310911133138
-0.0053842873257554198
-0.005093897390709411
-0.0048051395781861768
-0.0045200017910405873
-0.0042396438047260258
-0.0039655395087223105
-0.003699315964373793
-0.0034425447542182569
-0.0031966267380858166
-0.002962723163570412
-0.0027417199937843995
-0.0025342229366893628
-0.0023405763525780219
-0.0021608973009552904
-0.0019951167400570173
-0.0018430214714001999
-0.0017042921862488365
-0.0015785347171569911
-0.0014653031808931477
-0.0013641150140160979
-0.0012744588927920564
-0.0011957971739752604
-0.001127564780607682
-0.0010691664479702818
-0.0010199739750214544
-0.00097932467552501196
-0.00094652174446172499
-0.00092083672563359809
-0.00090151387199419067
-0.00088777591303697983
-0.00087883062059075407
-0.00087387757566186237
-0.00087211489307314159
-0.00087274492836974735
-0.00087497971971722789
-0.00087804572274760096
-0.00088118838383251447
-0.00088367693654469446
-0.00088480990352680596
-0.00088392180811479055
-0.00088039153805567348
-0.00087365266939787517
-0.00086320585508609462
-0.00084863311188026818
-0.00082961350960528547
-0.00080593939695578474
-0.00077753192194907636
-0.0054033523570874093
-0.0051154211335962905
-0.0048291299313353254
-0.0045464700286145408
-0.0042685491501165303
-0.0039967916516585643
-0.0037327833768860102
-0.0034780636398219927
-0.0032340109067092175
-0.0030017740434685812
-0.0027822360510568033
-0.0025760081359324357
-0.0023834474399991577
-0.0022046897633855038
-0.0020396893867166087
-0.0018882596894006156
-0.0017501100051741934
-0.0016248758677553897
-0.0015121413481217548
-0.0014114534735328275
-0.0013223296894176847
-0.0012442599613936311
-0.0011767053987167232
-0.0011190952693204326
-0.0010708240123965013
-0.001031249420093692
-0.00099969266798166645
-0.00097544037865355561
-0.00095774850868709203
-0.00094584758139415958
-0.00093894865845292911
-0.00093624944972534843
-0.00093694037544238187
-0.00094020964541930579
-0.00094524801820221847
-0.00095125275268087995
-0.00095743154811473428
-0.00096300676990155177
-0.00096722051232642572
-0.00096934110822538588
-0.00096867165231861855
-0.00096456099370471166
-0.0009564174644520391
-0.00094372533722466049
-0.00092606364497631311
-0.00090312656076052067
-0.00087474405449674501
-0.0054209565473900484
-0.0051357659608789186
-0.004852217924524534
-0.0045723033326775867
-0.0042970781064024964
-0.0040279170004921998
-0.0037663648593681182
-0.0035139296321211847
-0.0032719687776256259
-0.003041620230994988
-0.0028237651768185006
-0.002619020918680558
-0.0024277573273898023
-0.0022501282453564297
-0.0020861100071725243
-0.0019355408435365641
-0.0017981566738809909
-0.0016736204817800052
-0.0015615439882805356
-0.0014615016018576959
-0.0013730375750533031
-0.0012956679182969024
-0.0012288789036120718
-0.001172123972792684
-0.0011248206091405818
-0.0010863483094335827
-0.001056048307566067
-0.0010332252278021882
-0.0010171504626608173
-0.0010070668087807865
-0.0010021937397540579
-0.0010017326783455576
-0.0010048724383582605
-0.0010107934604860187
-0.001018671814434853
-0.0010276820147949778
-0.0010370001666120535
-0.0010458073725275821
-0.0010532940117170301
-0.0010586656360663236
-0.0010611511823125485
-0.001060014115883626
-0.0010545669681605674
-0.0010441894732457345
-0.0010283501411478446
-0.0010066306210186689
-0.00097875162831581987
-0.0054371151224795475
-0.0051549527019326604
-0.0048744302698338609
-0.0045975343343085794
-0.0043252695089155977
-0.0040589608342442253
-0.0038001121832458872
-0.0035502008858900105
-0.0033105647369249124
-0.0030823322644521062
-0.0028663841304066382
-0.0026633444987718131
-0.0024735960428544212
-0.0022973099970880922
-0.0021344834300836011
-0.0019849775411078878
-0.0018485525247669862
-0.0017248962258871055
-0.0016136453075026695
-0.0015143988960351557
-0.0014267255994047595
-0.0013501653958136245
-0.0012842281689516074
-0.0012283906413229717
-0.0011820932098645074
-0.0011447377792638122
-0.0011156872175068907
-0.0010942666061759321
-0.0010797660928938615
-0.0010714448854277961
-0.0010685357260788923
-0.0010702493780559057
-0.001075778961365002
-0.0010843039667248735
-0.0010949926803583698
-0.0011070041008710036
-0.00111948994941677
-0.0011315970800258399
-0.0011424706680358331
-0.0011512590911948208
-0.0011571213455553403
-0.0011592377708234483
-0.0011568247614688941
-0.0011491539284114211
-0.0011355758251119579
-0.0011155478471226419
-0.0010886652560301432
-0.0054518553146351914
-0.0051730124478563642
-0.0048958023671255065
-0.0046222030586764466
-0.0043531686283525411
-0.0040899742470217786
-0.0038340825968154022
-0.0035869408808370351
-0.0033498684244730173
-0.0031239858575477925
-0.0029101747051271144
-0.0027090668992593627
-0.0025210581274671367
-0.0023463364509971859
-0.0021849183558482681
-0.0020366860374195221
-0.0019014214741671135
-0.0017788345216729526
-0.0016685837471606872
-0.0015702899473560806
-0.0014835432050488984
-0.0014079049241484929
-0.0013429065521685275
-0.0012880466743924305
-0.0012427879215843511
-0.0012065547416279564
-0.0011787326328490096
-0.00115866900660197
-0.0011456755019308817
-0.0011390313028622528
-0.0011379867747319397
-0.0011417673396498227
-0.001149576463454386
-0.0011605991268499474
-0.0011740026210908209
-0.0011889379622631439
-0.0012045403970278909
-0.001219930572780567
-0.0012342163965732441
-0.0012464965684894037
-0.0012558667496542558
-0.001261429294271097
-0.0012623074449411716
-0.0012576647458415241
-0.0012467301271713259
-0.0012288286238816869
-0.0012034169889393229
-0.0054652165732841937
-0.0051899866091195358
-0.004916378194823664
-0.0046463566584973252
-0.0043808267742198766
-0.0041210136723284583
-0.0038683383376503289
-0.0036242179894380479
-0.0033899544102368949
-0.0031666617153525362
-0.002955223692396443
-0.0027562810552097441
-0.0025702428561218582
-0.0023973135370499664
-0.0022375277473831003
-0.0020907866935278396
-0.0019568915538930669
-0.0018355711764220764
-0.0017265027601875997
-0.0016293254321643302
-0.0015436475257342192
-0.0014690489366315411
-0.0014050801894873388
-0.001351259827765963
-0.0013070715014981914
-0.0012719617562135547
-0.0012453390948618918
-0.001226574472353339
-0.0012150030459060861
-0.0012099268068233697
-0.0012106176890564753
-0.0012163202264760618
-0.0012262534513750496
-0.0012396140330944896
-0.0012555749718117482
-0.0012732863774974291
-0.0012918751173798934
-0.0013104441866329448
-0.0013280730520334578
-0.0013438196238670973
-0.0013567248005986541
-0.0013658206775813595
-0.001370143540274764
-0.0013687526969999584
-0.0013607559881597992
-0.0013453423753254619
-0.0013218213122308741
-0.0054772505083877585
-0.0052059267628117327
-0.0049362100294850731
-0.0046700489931810404
-0.0044083007400117658
-0.0041521402328287341
-0.0039029459516354494
-0.0036621048416319931
-0.0034309016723587521
-0.0032104451734466031
-0.0030016227049675403
-0.0028050848212129551
-0.0026212544131045271
-0.0024503520012391501
-0.0022924292652188216
-0.0021474045072040395
-0.0020150955278957906
-0.0018952470895694663
-0.001787551628207745
-0.0016916630792525181
-0.0016072045638954927
-0.0015337712391413911
-0.0014709298630765518
-0.0014182166102619123
-0.0013751344433763288
-0.0013411509955143274
-0.0013156975111378198
-0.0012981690062452288
-0.0012879254926578762
-0.0012842939098966727
-0.0012865703723305231
-0.0012940222198852352
-0.0013058889911154604
-0.0013213835220498944
-0.0013396906149763302
-0.0013599665865082534
-0.0013813374315944226
-0.0014028968200464659
-0.0014237048676811492
-0.0014427883473222757
-0.0014591433262612504
-0.0014717414184073445
-0.0014795409551756206
-0.0014815044189125251
-0.0014766233788870238
-0.0014639518381748954
-0.0014426482546409391
-0.0014120254754517569
-0.0054880205552300821
-0.0052208943048890413
-0.0049553580330755865
-0.0046933401094686215
-0.0044356521539396293
-0.0041834189774655126
-0.0039379754700518826
-0.0037006775223879891
-0.0034727928958735066
-0.0032554256636618453
-0.0030494678508694605
-0.0028555808681342376
-0.0026742020035437288
-0.0025055677081934754
-0.0023497457296368413
-0.0022066697015863355
-0.0020761715787024266
-0.00195800901645956
-0.0018518862931821141
-0.0017574685730954024
-0.001674390183702595
-0.0016022581284009178
-0.0015406522986350067
-0.0014891238364739077
-0.0014471928863739071
-0.001414346641117663
-0.0013900382090325542
-0.0013736864675622002
-0.0013646767759252097
-0.0013623622326065026
-0.0013660650874534805
-0.0013750779036646333
-0.0013886638114357992
-0.0014060560103839397
-0.0014264562158435147
-0.00144903264292805
-0.0014729170444921095
-0.0014972014372736807
-0.0015209352958611218
-0.0015431239603022852
-0.0015627292229598378
-0.0015786733250547017
-0.0015898478056690071
-0.0015951288014861818
-0.0015934004317491501
-0.0015835877163324615
-0.0015646999454464561
-0.001535884433454669
-0.005497601364918699
-0.0052349599450851403
-0.0049738897773246443
-0.004716295718653331
-0.0044629468456515494
-0.0042149181175067801
-0.00397349955283863
-0.0037400146907526745
-0.0035157136581497814
-0.0033016960499010969
-0.0030988592815905883
-0.0029078764772059586
-0.0027291998990944155
-0.002563081920966727
-0.0024096056010968194
-0.0022687183636955735
-0.0021402640577329046
-0.0020240103848430803
-0.0019196701984437355
-0.0018269163838341659
-0.0017453909023578181
-0.0016747091265137339
-0.0016144608365281747
-0.0015642092417280831
-0.0015234891970902829
-0.0014918054733460762
-0.0014686315895796047
-0.001453409383202883
-0.0014455492214645619
-0.0014444305831005822
-0.0014494026664634637
-0.0014597846322654125
-0.001474864993588597
-0.0014939002727245572
-0.0015161124905026177
-0.0015406860699453519
-0.0015667638540374684
-0.0015934426501910323
-0.0016197690025401982
-0.0016447358832926552
-0.0016672812259516058
-0.0016862895271144822
-0.001700598037780947
-0.0017090093422870562
-0.0017103123178218982
-0.0017033134631400802
-0.0016868802295222439
-0.0016599971141034074
-0.0055060779424180922
-0.0052482031065836003
-0.0049918798089994597
-0.0047389868125887729
-0.0044902544007887598
-0.0042467084509330956
-0.0040095927772200194
-0.0037801967861979743
-0.003559751641826966
-0.0033493519448748003
-0.003149900696147167
-0.0029620832881185285
-0.002786367455237501
-0.0026230215831046294
-0.0024721434979347633
-0.002333693150236061
-0.0022075243195347131
-0.0020934121901987563
-0.0019910751730700701
-0.0019001905666514757
-0.0018204045303119223
-0.0017513373887977359
-0.0016925855370519005
-0.0016437212186828055
-0.0016042912780093676
-0.0015738157021238759
-0.0015517864465805346
-0.0015376667348360987
-0.0015308907734906489
-0.0015308636597758652
-0.0015369611834320715
-0.0015485292126901379
-0.0015648822703271169
-0.0015853013076038349
-0.0016090304448572125
-0.0016352729570403022
-0.0016631863870807475
-0.0016918771318982591
-0.0017203950169370746
-0.0017477284676714016
-0.0017728011284037172
-0.0017944710967630565
-0.0018115343072154699
-0.0018227339933507391
-0.0018267785210733338
-0.0018223700902979297
-0.0018082466722526629
-0.0017832388642066866
-0.00174634188966512
-0.0055135445712592027
-0.0052607113142025012
-0.005009409392364955
-0.0047614896099423317
-0.0045176481433474554
-0.0042788632472321453
-0.0040463313596383931
-0.0038213056003587272
-0.0036049961281139293
-0.0033984912257956296
-0.0032026989811852298
-0.0030183171455115004
-0.00284582921479214
-0.0026855196952825775
-0.0025375008300010031
-0.0024017441346549412
-0.0022781117163923749
-0.0021663840548157409
-0.0020662824592777005
-0.0019774856503202314
-0.0018996408039898076
-0.001832369955004561
-0.0017752729166583912
-0.0017279278974217625
-0.0016898908438186294
-0.0016606942867497848
-0.0016398461750787227
-0.0016268289066945847
-0.0016210985439699078
-0.0016220840497471216
-0.0016291863037312989
-0.0016417766599917812
-0.0016591947453711924
-0.0016807454538179212
-0.0017056950374168547
-0.0017332663673337791
-0.0017626333880818958
-0.0017929149847283805
-0.0018231686373957148
-0.0018523843659095606
-0.0018794796955881902
-0.0019032967039720858
-0.0019226026312096803
-0.0019360960410311093
-0.0019424210483433479
-0.0019401925605042143
-0.0019280356135832849
-0.0019046414538906385
-0.0018688417235423762
-0.0055201035769383497
-0.0052725796638856204
-0.0050265665816037657
-0.0047838860607242331
-0.0045452058516619901
-0.0043114589632530535
-0.0040837937241539691
-0.0038634246389302337
-0.0036515381817065627
-0.0034492141277865443
-0.0032573643231288895
-0.003076698335051471
-0.002907715347867065
-0.0027507160037218469
-0.0026058267423049218
-0.0024730299770021149
-0.0023521949338009547
-0.0022431056408911514
-0.0021454840911505476
-0.0020590078483444093
-0.0019833222764959937
-0.0019180481468166171
-0.0018627856580917541
-0.001817115952491112
-0.0017806010868226358
-0.0017527831988544864
-0.001733183350163664
-0.001721300281400544
-0.0017166091189062156
-0.0017185599368614805
-0.0017265760094308125
-0.0017400516121656941
-0.0017583491102125047
-0.0017807951651140988
-0.0018066763767671547
-0.0018352340940302279
-0.0018656584360503142
-0.0018970817035207782
-0.0019285714434378622
-0.001959123524666265
-0.0019876557985795246
-0.0020130032578308792
-0.0020339160698336577
-0.0020490624570673553
-0.0020570390824378258
-0.00205639225810937
-0.0020456537193666627
-0.0020233945804915415
-0.0019883000404498953
-0.0055258639829588946
-0.0052839104453666855
-0.0050434467496401842
-0.0048062651275778022
-0.004573011540741829
-0.0043445772359794665
-0.0041220624512876653
-0.0039066408693696998
-0.003699472139586925
-0.0035016245137380691
-0.003314011355982683
-0.0031373527260991222
-0.0029721628966846913
-0.0028187584253073958
-0.0026772797594406044
-0.0025477197847773914
-0.0024299540241157608
-0.0023237687754721296
-0.0022288849941685821
-0.0021449769826845733
-0.0020716858814140409
-0.002008628553087856
-0.0019554027622149021
-0.0019115896278190723
-0.0018767542401498618
-0.0018504451473412809
-0.0018321931968290558
-0.0018215100018811332
-0.0018178861305510477
-0.0018207889961550593
-0.0018296603701922984
-0.0018439135210883857
-0.0018629297401687236
-0.0018860537217830612
-0.0019125889389503591
-0.0019417923510935708
-0.0019728682497080386
-0.0020049614681395813
-0.002037150199524823
-0.0020684385890544078
-0.0020977494813958085
-0.002123918065662516
-0.0021456876481958762
-0.0021617094495451857
-0.0021705491487631423
-0.0021707037788407722
-0.0021606332965596079
-0.0021388113639321149
-0.0021037991335424106
-0.0055309400947736419
-0.005294812913050586
-0.0050601535870473877
-0.0048287249460197117
-0.0046011585588703026
-0.00437830857430612
-0.0041612281998533261
-0.003951048573355753
-0.0037488992126163347
-0.003555833169319247
-0.0033727621924458931
-0.0032004146401032026
-0.0030393186010121021
-0.002889805937135522
-0.002752030813436617
-0.0026259963093792351
-0.0025115837535989692
-0.0024085808807916146
-0.0023167063824648814
-0.0022356296822273495
-0.0021649857162374252
-0.0021043851287895405
-0.0020534206363415886
-0.0020116704282251816
-0.001978699425238335
-0.0019540590736090006
-0.0019372861684871796
-0.0019279010213258325
-0.0019254051349605202
-0.0019292784529429665
-0.0019389761939986882
-0.0019539253348296341
-0.0019735207487865144
-0.0019971201728401847
-0.002024039158149131
-0.0020535459408525416
-0.0020848555397117077
-0.0021171230083991172
-0.0021494363116214403
-0.0021808087982045747
-0.0022101714208680708
-0.0022363652627278071
-0.0022581354330439038
-0.002274128111395492
-0.002282893465333381
-0.0022828982482012584
-0.0022725528895712645
-0.0022502584523335077
-0.0022144784261394876
-0.0055354499964266231
-0.0053054030354837047
-0.0050768003260528074
-0.0048513756508010951
-0.0046297539251270101
-0.0044127578965047461
-0.0042013960043814644
-0.0039967559571093582
-0.0037999340558067824
-0.0036119641225862663
-0.0034337524197225701
-0.0032660325554234935
-0.0031093444050454286
-0.0029640339957282625
-0.0028302686691976495
-0.0027080614326145977
-0.0025972991517945526
-0.0024977705272295485
-0.002409191190031237
-0.0023312244972185031
-0.0022634975716311232
-0.002205612793773952
-0.0021571553373298676
-0.0021176975003907843
-0.0020868005844686846
-0.0020640149754387084
-0.0020488789384954303
-0.0020409164936751761
-0.0020396346128920325
-0.0020445199019581322
-0.0020550348692153224
-0.002070613712432683
-0.0020906583790489702
-0.0021145333129892578
-0.002141560566633058
-0.0021710145602401288
-0.0022021166992776797
-0.0022340290770276952
-0.0022658476972406655
-0.0022965950985893665
-0.0023252123649360654
-0.0023505508964493703
-0.0023713648273164102
-0.0023863057346621029
-0.002393922324639784
-0.0023926690353279481
-0.0023809287615225738
-0.0023570558005835737
-0.002319445061108304
-0.0055395138522795996
-0.0053158027756779339
-0.0050935104831530426
-0.0048743420346393273
-0.0046589231073740607
-0.0044480513017573445
-0.0042426936409214692
-0.0040438945736201298
-0.0038527147199117744
-0.0036701647038004464
-0.0034971410042600498
-0.0033343787400563715
-0.0031824268088580499
-0.0030416436563368426
-0.002912208872766595
-0.0027941449793723885
-0.0026873441709469427
-0.0025915958496734782
-0.0025066120691824914
-0.0024320492109791395
-0.0023675251877390388
-0.0023126321621416385
-0.0022669452000977398
-0.0022300274894492675
-0.0022014328081646972
-0.0021807058783954651
-0.0021673811448102358
-0.0021609804053539811
-0.0021610096228018953
-0.0021669551565067285
-0.0021782795738784153
-0.0021944172622848182
-0.0022147693803460178
-0.0022387007568132455
-0.0022655336130015667
-0.0022945434094035246
-0.0023249535441010063
-0.0023559299000020404
-0.0023865746968909042
-0.002415919414528369
-0.0024429167995477078
-0.002466432169157257
-0.0024852347266619917
-0.0024979904062116661
-0.0025032588774618722
-0.0024994987300496546
-0.0024850863415554541
-0.0024583551205417586
-0.0024176620802467521
-0.0055432517702086676
-0.0053261380665858464
-0.0051104167346488778
-0.0048977642112548545
-0.0046888131502295536
-0.004484341950264331
-0.0042852801253029848
-0.0040926299822410875
-0.0039074148592440367
-0.0037306186842359095
-0.0035631238528022083
-0.0034056628729944769
-0.0032587903253609475
-0.0031228747377041967
-0.00299810654102308
-0.0028845170442899884
-0.0027820034146219621
-0.0026903554640398271
-0.0026092811793544898
-0.0025384290699353457
-0.002477406372847663
-0.002425792877087548
-0.0023831506063107522
-0.0023490298679784611
-0.0023229722872210833
-0.0023045114490613493
-0.0022931717189325824
-0.0022884657329847818
-0.0022898909719453638
-0.0022969257598528629
-0.0023090250173833011
-0.0023256161083171712
-0.0023460903085534409
-0.0023698081837177768
-0.0023960859538715634
-0.0024241951173143376
-0.0024533575263273395
-0.0024827405827824141
-0.0025114516548675587
-0.0025385313832334885
-0.0025629457988930121
-0.0025835773564070715
-0.0025992154883363017
-0.0026085481042348469
-0.0026101566138034141
-0.0026025185374025797
-0.0025840234157086732
-0.0025530091522001012
-0.0025078264518453484
-0.0055467808192890249
-0.0053365342167186495
-0.0051276557385807487
-0.0049217931654295249
-0.0047195902117413632
-0.0045218105175010579
-0.0043293495253679693
-0.0041431688568921337
-0.003964253684659174
-0.0037935584111321954
-0.0036319474150045493
-0.0034801464557847875
-0.003338712144944969
-0.0032080202808011681
-0.0030882702158948438
-0.0029795008542473677
-0.0028816135845983436
-0.0027943979982235122
-0.0027175571978154652
-0.0026507305517506118
-0.0025935126886132967
-0.0025454682690038114
-0.0025061425949143568
-0.0024750684427333287
-0.0024517696751675025
-0.0024357622455528066
-0.0024265531962974572
-0.0024236382016432768
-0.0024264981393813073
-0.0024345950791173853
-0.0024473679905289308
-0.0024642281323835041
-0.0024845591186407538
-0.0025077033251931268
-0.0025329684920071815
-0.0025596195151732079
-0.0025868749870719804
-0.0026139031820997969
-0.0026398169303026224
-0.0026636672395365349
-0.0026844355183777524
-0.0027010244695818077
-0.002712248223942526
-0.0027168230917170993
-0.0027133614769146649
-0.0027003730316289779
-0.0026762788777642786
-0.0026394463029972737
-0.0025882520521348295
-0.0055502106505744015
-0.005347107177532763
-0.0051453560756861321
-0.0049465768564551605
-0.004751425548027822
-0.0045606527095187529
-0.0043751212857611813
-0.0041957528370138684
-0.0040234934639129987
-0.0038592655932350871
-0.0037039120575953696
-0.0035581479154061057
-0.0034225280546109796
-0.0032974323776308635
-0.0031830667134174332
-0.0030794757471763702
-0.0029865636678291221
-0.0029041185068118544
-0.0028318369064210826
-0.002769346993208422
-0.0027162279316202561
-0.0026720254839402327
-0.0026362634651866
-0.0026084513610619858
-0.0025880886021000379
-0.0025746660945225562
-0.0025676656336237279
-0.0025665577951931042
-0.0025707988412940514
-0.0025798270792845371
-0.002593059128001696
-0.0026098862183640222
-0.0026296719623985485
-0.0026517456047895072
-0.0026754026835132489
-0.0026999006627068623
-0.0027244554971144995
-0.0027482377522350249
-0.0027703676786358039
-0.0027899089482323709
-0.0028058609096819746
-0.0028171494832161608
-0.0028226172953089708
-0.0028210144320260319
-0.0028109923360920262
-0.0027911049024073428
-0.0027598226098126083
-0.0027155671775384543
-0.0026567750348154345
-0.0055536371281154455
-0.0053579492027102113
-0.0051636165046626964
-0.0049722321581007201
-0.0047844628070627141
-0.0046010439709467483
-0.0044228044337747616
-0.0042506239574590073
-0.0040854072864495872
-0.0039280418125405463
-0.0037793450960438742
-0.0036400174332699062
-0.0035106080002761083
-0.0033914971907291883
-0.0032828941998892854
-0.0031848468308230929
-0.0030972596584428152
-0.0030199167122696717
-0.0029525054089246583
-0.0028946392803349038
-0.0028458778878872864
-0.0028057430595649509
-0.0027737311785192729
-0.0027493216760747386
-0.0027319821551833254
-0.0027211707193491837
-0.0027163361371032864
-0.0027169164578098198
-0.0027223366359727455
-0.0027320056001363664
-0.0027453132177063422
-0.002761627290162807
-0.0027802919014563634
-0.0028006220443370258
-0.0028219030938491717
-0.0028433877576714423
-0.0028642925606734084
-0.0028837937789119024
-0.0029010223701386624
-0.0029150576010229549
-0.0029249193309631087
-0.0029295591922563788
-0.002927851350626628
-0.0029185842555057655
-0.002900455875668249
-0.0028720763916893523
-0.0028319840642225358
-0.0027786816301534375
-0.0027107013589825844
-0.0055571335574356485
-0.0053691082646729373
-0.0051824730604859625
-0.0049987994552700239
-0.0048187607980566599
-0.0046430720383353052
-0.0044725221848787257
-0.0043079437620336773
-0.0041501948551553531
-0.0040001225363323206
-0.0038585137875275601
-0.0037260489032303269
-0.0036032663286869001
-0.0034905422897511199
-0.0033880850847836856
-0.0032959416867387025
-0.0032140132431475905
-0.0031420758664919596
-0.0030798034911874595
-0.0030267902610324974
-0.0029825706882510845
-0.0029466365542824609
-0.0029184501289698933
-0.0028974537417217369
-0.0028830760477946168
-0.0028747355134250596
-0.0028718417204687892
-0.0028737950904599058
-0.002879985577195549
-0.0028897907569939889
-0.0029025735081097152
-0.0029176785101961496
-0.0029344346980047665
-0.0029521463527702849
-0.0029700938676399339
-0.0029875305768084066
-0.003003678683345605
-0.0030177246544984696
-0.0030288137060752542
-0.0030360432457559473
-0.0030384554237279943
-0.0030350291880568972
-0.0030246726296612229
-0.0030062170435332545
-0.0029784151195717339
-0.0029399470514757538
-0.0028894400036270354
-0.0028255079103150053
-0.0027468192420527439
-0.0055607396277879998
-0.0053805624245106482
-0.0052018567014870277
-0.0050261812045768999
-0.0048542114855897834
-0.0046866342096744448
-0.0045241896418520009
-0.0043676535524490604
-0.0042178278427585716
-0.0040755100421138576
-0.0039414477861673134
-0.0038162931500234872
-0.0037005662348813958
-0.0035946321094371182
-0.0034986917514482178
-0.0034127853179411281
-0.0033368048017826005
-0.0032705127349707723
-0.0032135638031385609
-0.0031655267917678779
-0.0031259049837297753
-0.0030941538241557294
-0.0030696952746959508
-0.003051928753821181
-0.0030402388936569547
-0.0030340005468745004
-0.0030325815700892483
-0.0030353439215304741
-0.003041643567604261
-0.0030508297553869081
-0.0030622440602167652
-0.0030752116561699834
-0.0030890556154987495
-0.0031030763533278481
-0.0031165568549088008
-0.0031287577597946051
-0.0031389122893481897
-0.0031462209027726643
-0.0031498452896222312
-0.0031489019173242773
-0.0031424555205066917
-0.0031295130733744714
-0.0031090190882053234
-0.0030798536080770059
-0.0030408351163114331
-0.0029907318258454354
-0.0029282863237050758
-0.0028522599177984624
-0.0027615034918299169
-0.0055644491436391708
-0.0053921931477315076
-0.0052215482189934088
-0.0050540734388024389
-0.0048904436386090315
-0.0047313099562281621
-0.0045773538158614437
-0.0044292819072842809
-0.0042878263397887473
-0.0041537210817309926
-0.0040276606495240315
-0.0039102558241453506
-0.0038019962511284663
-0.0037032248105148386
-0.0036141251954415394
-0.0035347217519403982
-0.003464889151953037
-0.0034043688733326515
-0.0033527894807539268
-0.003309688115286479
-0.0032745312061639069
-0.0032467330650876106
-0.0032256716128152411
-0.0032107009663866208
-0.003201160963794916
-0.0031963839232592747
-0.0031956990429635032
-0.003198434878246365
-0.003203920210078961
-0.003211483630139947
-0.0032204516408050102
-0.0032301557144990053
-0.0032399069767769188
-0.0032490147393725325
-0.0032567729655942541
-0.0032624550826059191
-0.0032653085737213796
-0.0032645489644059084
-0.0032593537819416616
-0.003248857090410492
-0.0032321451663263716
-0.0032082539289366085
-0.0031761689123389124
-0.0031348289441546448
-0.0030831354029023168
-0.0030199700233388724
-0.0029442255726956478
-0.00285485489178501
-0.0027509439980453274
-0.0055681989629203345
-0.0054037647772266746
-0.0052411429346665697
-0.005081908612498705
-0.004926736677058851
-0.0047762392700639389
-0.0046310312620073107
-0.0044917381691553229
-0.0043590067285494052
-0.0042334895406021906
-0.0041158092215809227
-0.0040065165790381281
-0.0039060530386985171
-0.0038147229777633182
-0.0037326782418623098
-0.003659914675789105
-0.0035962788303360829
-0.0035414821948184551
-0.0034951201279223676
-0.0034566929117707578
-0.0034256268460245128
-0.0034012938767636761
-0.0033830288120664143
-0.0033701436484940201
-0.0033619388914416567
-0.0033577119918708027
-0.0033567631519504505
-0.0033583988368883519
-0.0033619332314712967
-0.0033666880809978678
-0.0033719902788478975
-0.0033771731505115436
-0.0033815625703678426
-0.0033844800001036042
-0.0033852335884034575
-0.003383110945421501
-0.0033773726204450456
-0.0033672460507082778
-0.0033519206825878296
-0.00333054504267554
-0.003302226396228217
-0.0032660335272770703
-0.0032210031813791344
-0.003166150936543747
-0.0031004878457507328
-0.0030230451698740907
-0.0029329107239427252
-0.002829281318422909
-0.0027115357048346331
-0.0055718630376647748
-0.0054149198716369282
-0.0052600420835393754
-0.0051088357542715939
-0.0049619816315411109
-0.0048200560988037608
-0.0046836059237358061
-0.0045531677384063893
-0.0044292893166008596
-0.004312523637064321
-0.0042034001343304143
-0.0041023870313623865
-0.0040098551122892895
-0.0039260492246952208
-0.0038510706111455342
-0.0037848707006118412
-0.003727255183771201
-0.0036778961656837787
-0.0036363498055100507
-0.0036020769237150216
-0.0035744644139887568
-0.0035528457879658469
-0.0035365196924706369
-0.0035247656983616654
-0.0035168570296774692
-0.0035120701698955112
-0.0035096914325254296
-0.0035090207365435938
-0.0035093726022217648
-0.0035100753978283038
-0.0035104690333655599
-0.0035098985955387052
-0.0035077076518725521
-0.0035032326621276719
-0.0034957943114517324
-0.0034846897015471667
-0.0034691859007145191
-0.0034485153485841347
-0.0034218740092309455
-0.0033884230590991667
-0.0033472946038759417
-0.003297601643221181
-0.0032384523476180205
-0.0031689688193177433
-0.0030883110132567779
-0.0029957073985528537
-0.0028904950235100323
-0.002772172403220188
-0.0026404683134003864
-0.005575256573941598
-0.005425200391089114
-0.0052774878024890092
-0.0051337646820605529
-0.0049947290791210568
-0.004860933164450308
-0.0047328629576091274
-0.0046109668246872848
-0.0044956867682316411
-0.0043874625889551684
-0.0042867117965963699
-0.0041937980953773834
-0.0041089985603154737
-0.0040324761638308153
-0.0039642614398263292
-0.0039042446589169087
-0.0038521780156903574
-0.0038076861114860932
-0.0037702824312335148
-0.0037393894016034936
-0.0037143598264012894
-0.0036944978883271407
-0.0036790783642892703
-0.0036673631441744626
-0.0036586145244118461
-0.0036521050518235781
-0.0036471238435965962
-0.0036429796855933145
-0.003639000417052726
-0.0036345306437434157
-0.003628929510296813
-0.0036215565690490433
-0.003611769812281593
-0.0035989147877613643
-0.00358231585890159
-0.003561269265871022
-0.0035350386620895441
-0.0035028541612540619
-0.0034639158286990058
-0.0034174021652520312
-0.003362483663732293
-0.0032983410868007226
-0.003224187856171571
-0.0031392960146586816
-0.0030430257388483388
-0.0029348592732451051
-0.0028144411542322494
-0.0026816271524681121
-0.0025365438083745865
-0.005578155612142725
-0.0054341016993970526
-0.0052926523528131642
-0.0051554915455831974
-0.0050233514352454808
-0.004896779656769927
-0.0047762184735924938
-0.0046620393183468035
-0.0045545824676412727
-0.004454171108531523
-0.0043611009016304931
-0.0042756163774521584
-0.0041978836343106157
-0.0041279660262524788
-0.0040658070673341351
-0.0040112225134709871
-0.0039639017268497268
-0.0039234170881483075
-0.003889239478761112
-0.003860757579893456
-0.0038372988095295886
-0.0038181500094354769
-0.0038025763993860284
-0.0037898377476348957
-0.0037792010996523834
-0.0037699497385735152
-0.0037613880407463595
-0.0037528429522882458
-0.0037436610727100924
-0.0037332056387549321
-0.003720847879795462
-0.0037059577709848191
-0.00368789562971303
-0.0036660024573329825
-0.0036395924793781987
-0.0036079488770059606
-0.0035703236800378726
-0.0035259428606893412
-0.0034740172764068352
-0.0034137594947657793
-0.003344405917008437
-0.0032652430980530055
-0.0031756369044680611
-0.0030750633061956338
-0.0029631401955584366
-0.0028396605551325878
-0.0027046282088569167
-0.0025582977739827162
-0.0024012197188367948
-0.0055803360588636726
-0.0054411596279364365
-0.0053047793325301535
-0.0051729027852433947
-0.0050463180321594489
-0.0049255941852233611
-0.0048111548988607044
-0.0047033167482561974
-0.0046023351072536365
-0.0045084269963656777
-0.0044217703809533567
-0.0043424894780084737
-0.0042706345556044944
-0.0042061626138852441
-0.0041489233162409645
-0.0040986524984301725
-0.0040549738172743592
-0.0040174077251682863
-0.0039853861167216363
-0.0039582706019256368
-0.0039353723236214598
-0.0039159714463479619
-0.0038993347992237934
-0.0038847305747905718
-0.0038714394087701388
-0.003858761587568055
-0.0038460196729606503
-0.0038325578018834012
-0.0038177346795292806
-0.0038009212159418626
-0.0037814895976701966
-0.0037588032309571937
-0.0037322076409415815
-0.0037010231983123031
-0.0036645411063490558
-0.0036220241060586559
-0.0035727129504668723
-0.0035158393433191576
-0.0034506453977789274
-0.0033764089222605223
-0.0032924731545365261
-0.0031982790893897339
-0.0030933984167854593
-0.0029775654032774181
-0.002850706774766953
-0.0027129696004017999
-0.0025647479796210479
-0.0024067095486063898
-0.0022398220391745935
-0.0055816325419757269
-0.0054460584703496361
-0.0053133513301506013
-0.0051852182209747369
-0.0050625293007800004
-0.0049459044706918216
-0.0048357788423228467
-0.0047324446474016424
-0.0046361010518360035
-0.004546883872525196
-0.0044648736685057849
-0.0043900898739757579
-0.004322478271456048
-0.0042618976534916867
-0.0042081099223724855
-0.0041607760957100932
-0.0041194590657445242
-0.0040836326256188547
-0.0040526954049338567
-0.0040259879064518962
-0.0040028107279806019
-0.0039824421861968957
-0.0039641538882034168
-0.003947223169852492
-0.0039309416703557564
-0.0039146199473799933
-0.0038975890545304265
-0.0038792078497563204
-0.0038588185624648971
-0.0038357837272005439
-0.003809459199455236
-0.0037791825825027039
-0.0037442684885937733
-0.0037040054258642824
-0.00365765705678339
-0.0036044696142596665
-0.0035436861445457238
-0.0034745676276552954
-0.0033964202830530279
-0.0033086275954391517
-0.0032106849798758949
-0.0031022346882566341
-0.0029830986389676761
-0.0028533073467814055
-0.0027131239364015054
-0.0025630631110332004
-0.002403905594624832
-0.0022367086360843081
-0.0020628124191035551
-0.0055820138652571197
-0.0054487302730492739
-0.0053182236194441405
-0.0051921801952112432
-0.0050715813235517864
-0.0049571258455977218
-0.0048492909255042479
-0.0047483794216590458
-0.0046545714936052718
-0.0045679586274872926
-0.0044885585478982486
-0.0044163168776834225
-0.0043511016234335544
-0.0042926956801608617
-0.0042407913107414385
-0.004194989027326553
-0.0041548018594146242
-0.0041196647466100285
-0.0040889479409343208
-0.0040619728484591628
-0.0040380286109964617
-0.0040163877536515541
-0.0039963195954623321
-0.0039771003726635197
-0.0039580189695892429
-0.0039383768810080585
-0.003917485846340091
-0.0038947416389540513
-0.0038694076105669616
-0.0038408310133733821
-0.0038083347777221493
-0.0037712178493229591
-0.0037287571920721751
-0.0036802097698720344
-0.0036248200222341238
-0.0035618342943285093
-0.0034905222498269337
-0.003410204631785901
-0.0033202859963474803
-0.0032202903612817296
-0.0031098972681504406
-0.0029889756557495125
-0.002857613218643547
-0.0027161395282877176
-0.0025651419813115888
-0.0024054743912380965
-0.0022382585078097842
-0.0020648787257764229
-0.0018869696488990585
-0.0055816736941051775
-0.0054494343776171931
-0.0053197128658221751
-0.0051941817238646826
-0.0050739565536970918
-0.0049598334364348165
-0.0048523558845677186
-0.0047518703118403409
-0.0046585772718004074
-0.0045725667001488635
-0.0044938366450671284
-0.0044222998882595078
-0.0043577834933815982
-0.0043000258525379273
-0.0042486748247619168
-0.0042032892334470332
-0.0041633447249214001
-0.0041282438426646275
-0.0040973293749394018
-0.0040698995651701955
-0.0040452236038846477
-0.0040225560120101022
-0.0040011486778896909
-0.0039802596516630082
-0.0039591582102149929
-0.0039371274395483226
-0.0039134761083505871
-0.0038874322997256251
-0.0038583603252552879
-0.0038255394504319198
-0.0037882416396075964
-0.0037457270518527078
-0.0036972416885583761
-0.0036420234432689644
-0.0035793151434947166
-0.0035083843868363471
-0.003428549775197993
-0.003339212431713535
-0.0032398909809956806
-0.0031302576477256787
-0.0030101728790387144
-0.0028797159715829765
-0.0027392095682156978
-0.0025892364947232606
-0.0024306480855292379
-0.0022645637214075264
-0.0020923616100458533
-0.0019156607897479023
-0.0017362939530922109
-0.0055811017516506408
-0.0054489518323481293
-0.0053190174228183356
-0.0051929775794788951
-0.0050720631094861449
-0.0049571537668826196
-0.0048488584974314278
-0.0047475778227929833
-0.0046535533024972403
-0.0045669016704449113
-0.0044876343580093634
-0.0044156660022623704
-0.0043508163488824216
-0.0042928096975047439
-0.0042412751958935558
-0.0041957500701642362
-0.0041556867450559766
-0.004120463723214709
-0.0040893993359684281
-0.0040617670444745551
-0.0040368108212035028
-0.0040137592401797819
-0.0039918370613447026
-0.0039702734399848652
-0.0039483076624437256
-0.0039251963964665113
-0.0039001932714848313
-0.0038725443616261868
-0.0038415318277343299
-0.0038064119477378869
-0.0037664300986247909
-0.0037208230498196166
-0.0036688216674867001
-0.0036096602899532938
-0.0035425927813168287
-0.0034669149662069332
-0.0033819927925169005
-0.0032872948709247647
-0.0031824274210443732
-0.0030671692492406006
-0.0029415042504916467
-0.0028056490821852412
-0.0026600740597386911
-0.0025055158734780536
-0.0023429812876070741
-0.0021737414160740765
-0.0019993163763205963
-0.0018214500778980748
-0.0016420746921644316
)
;

boundaryField
{
    hotWall
    {
        type            fixedFluxPressure;
        gradient        nonuniform List<scalar> 
45
(
-0.47971922352418556
-0.47992198958626481
-0.47988724982347436
-0.47959710173601144
-0.47903331041666936
-0.47817746611630774
-0.47701116749143435
-0.47551623063798626
-0.47367492324738836
-0.47147022215976514
-0.46888609120817948
-0.46590777486661439
-0.46252210132185828
-0.45871778658979373
-0.45448572898763989
-0.44981928046023723
-0.44471447826574478
-0.43917021654317184
-0.43318833281200375
-0.4267735783652522
-0.41993343448415044
-0.41267772782401352
-0.40501799075938721
-0.39696650996666144
-0.3885350194136345
-0.37973303884592202
-0.37056596143651688
-0.36103318184175642
-0.35112684697115798
-0.34083218748728078
-0.33013076098332289
-0.31900812194171263
-0.30746715140325676
-0.29554723134057143
-0.28334746957143986
-0.27104945120555385
-0.25893221684109857
-0.24737056965322157
-0.23680880622033834
-0.22770649857668354
-0.22046079865898838
-0.21531919877944097
-0.21230514016601085
-0.21118493197384344
-0.21151438277847748
)
;
        value           nonuniform List<scalar> 
45
(
-0.0051636800708749009
-0.0051991590880334712
-0.0052336185395671798
-0.005266992291124247
-0.0052992141904223411
-0.0053302188630581704
-0.0053599426104534373
-0.0053883244038382379
-0.0054153069635535086
-0.0054408379077620196
-0.0054648709490672425
-0.0054873671117134379
-0.0055082959363402066
-0.0055276366340647302
-0.0055453791473960463
-0.0055615250725338725
-0.0055760883969375929
-0.0055890960073049327
-0.0056005879272879441
-0.0056106172516268999
-0.0056192497535063795
-0.0056265631548637028
-0.0056326460645304008
-0.0056375966056237854
-0.0056415207705051099
-0.0056445305575982454
-0.0056467419577225534
-0.0056482728657521715
-0.0056492409919580867
-0.0056497618287984427
-0.0056499466820963129
-0.005649900688681187
-0.0056497206129289632
-0.0056494920672295768
-0.005649285712029075
-0.0056491520971409066
-0.0056491152806831778
-0.0056491663406814064
-0.0056492593258854543
-0.0056493138929479382
-0.0056492300584446067
-0.0056489197915943019
-0.0056483592215589981
-0.0056476689853470034
-0.0056471999962689149
)
;
    }
    coldWall
    {
        type            fixedFluxPressure;
        gradient        nonuniform List<scalar> 0();
        value           nonuniform List<scalar> 0();
    }
    bottomWall
    {
        type            fixedFluxPressure;
        gradient        nonuniform List<scalar> 0();
        value           nonuniform List<scalar> 0();
    }
    topWall
    {
        type            fixedFluxPressure;
        gradient        uniform 0;
        value           nonuniform List<scalar> 
49
(
-0.0055811017516506408
-0.0054489518323481293
-0.0053190174228183356
-0.0051929775794788951
-0.0050720631094861449
-0.0049571537668826196
-0.0048488584974314278
-0.0047475778227929833
-0.0046535533024972403
-0.0045669016704449113
-0.0044876343580093634
-0.0044156660022623704
-0.0043508163488824216
-0.0042928096975047439
-0.0042412751958935558
-0.0041957500701642362
-0.0041556867450559766
-0.004120463723214709
-0.0040893993359684281
-0.0040617670444745551
-0.0040368108212035028
-0.0040137592401797819
-0.0039918370613447026
-0.0039702734399848652
-0.0039483076624437256
-0.0039251963964665113
-0.0039001932714848313
-0.0038725443616261868
-0.0038415318277343299
-0.0038064119477378869
-0.0037664300986247909
-0.0037208230498196166
-0.0036688216674867001
-0.0036096602899532938
-0.0035425927813168287
-0.0034669149662069332
-0.0033819927925169005
-0.0032872948709247647
-0.0031824274210443732
-0.0030671692492406006
-0.0029415042504916467
-0.0028056490821852412
-0.0026600740597386911
-0.0025055158734780536
-0.0023429812876070741
-0.0021737414160740765
-0.0019993163763205963
-0.0018214500778980748
-0.0016420746921644316
)
;
    }
    front
    {
        type            empty;
    }
    back
    {
        type            empty;
    }
    procBoundary3to4
    {
        type            processor;
        value           nonuniform List<scalar> 
30
(
-0.00019104719220958176
-0.00020785759844877969
-0.00020785759844877969
-0.00021458279381186542
-0.00023695553311035199
-0.00026324690430441121
-0.00026324690430441121
-0.00027794369943183299
-0.00031274098053016243
-0.00035318044281903044
-0.00035318044281903044
-0.00033401836191865352
-0.00035768324970753164
-0.00040833770120316719
-0.00040833770120316719
-0.00043950606853781864
-0.00050341010832821178
-0.00057548600719280793
-0.00065586624612304497
-0.00074445427274061468
-0.00084090106609283413
-0.00094459857898965217
-0.0010546934995283109
-0.0011701225554446822
-0.0012896676066444812
-0.0012896676066444812
-0.0013716064128844814
-0.0014964890801574895
-0.0016218337492391842
-0.0016218337492391842
)
;
    }
    procBoundary3to5
    {
        type            processor;
        value           nonuniform List<scalar> 
23
(
-0.0016968006234180579
-0.0018196997234073788
-0.0019392650825363802
-0.0020543436556207271
-0.0021638383672639423
-0.0022666318661683942
-0.0023614872371860744
-0.0024469377690533919
-0.0025211812253659082
-0.0025819968293870634
-0.0026267057813416607
-0.0026521990971520057
-0.0026550601661417344
-0.0026318131720841852
-0.0025793304051305384
-0.0024954273583906389
-0.002379658145958953
-0.0022342892188912285
-0.0020653781560317427
-0.0018838406572535818
-0.0017063951191099952
-0.0015562701417597563
-0.0014632641603443167
)
;
    }
    procBoundary3to7
    {
        type            processor;
        value           nonuniform List<scalar> 
43
(
-0.00055576706558629636
-0.00050996909470872088
-0.00046968184250922819
-0.00043425227628124575
-0.00040306914550269582
-0.00037556465636733987
-0.00035121601599917118
-0.00032954664139283582
-0.00031012683341432603
-0.00029257379945173655
-0.0002765509722887799
-0.00026176663996963569
-0.00024797195490966619
-0.0002349584242161489
-0.00022255499865907451
-0.00021062487803246075
-0.00019906214046131355
-0.00018778828727686358
-0.0049774667914178139
-0.0046766808871964959
-0.004376988307562492
-0.0040801516832218625
-0.0037880017737028098
-0.0035026805754441647
-0.0032264078567038959
-0.0029612560177413399
-0.0027089966342659514
-0.0024710064297827228
-0.002248227181985734
-0.0020411724373718305
-0.0018499689019578027
-0.001674418550200902
-0.0015140688124176415
-0.0013682810849704144
-0.001236291555683473
-0.0011172608052808801
-0.0010103119029729523
-0.00091455773169871939
-0.00082911934938323319
-0.00075313749560814206
-0.00068577929334914052
-0.00062624193452000211
-0.00062624193452000211
)
;
    }
}


// ************************************************************************* //
